21.73439501	38.28600003	-5	Achaia
20.59420733	37.04840032	-4.9999996	Achaia
21.6179766	38.16989515	-13.7732493	Achaia
20.68574363	37.15219051	-5.4554751	Achaia
20.89410014	37.40445839	-15.1604617	Achaia
20.97030801	37.47491284	-13.5895584	Achaia
21.40952089	37.90048212	-7.443563	Achaia
21.53151512	38.08413862	-19.7721241	Achaia
21.1596667	37.65025333	-10.8543206	Achaia
21.73200487	38.28738275	-6.6003121	Achaia
20.78625147	37.29841115	-19.7720884	Achaia
20.82083787	37.33784043	-19.7721192	Achaia
21.08435809	37.57126286	-5.9413531	Achaia
21.64817898	38.20149651	-12.3738945	Achaia
20.65358938	37.13946042	-13.618465	Achaia
21.72886083	38.28920142	-8.7053387	Achaia
21.41549886	37.91418564	-9.7856517	Achaia
21.32208864	37.8161741	-13.5464776	Achaia
20.98720599	37.5067086	-19.7721246	Achaia
20.66820655	37.14817047	-11.1589194	Achaia
20.62724943	37.10297892	-10.3795185	Achaia
20.76393438	37.26021832	-14.9511026	Achaia
20.96181812	37.46457683	-12.7118902	Achaia
20.64065683	37.13859729	-18.815229	Achaia
21.06429714	37.57577652	-16.2483543	Achaia
21.40929701	37.89360373	-4.9999888	Achaia
21.72628676	38.2906904	-10.4287528	Achaia
20.86080976	37.36791126	-14.1170772	Achaia
20.79439716	37.2814461	-9.5550672	Achaia
21.4266498	37.91953711	-6.6557281	Achaia
20.85898312	37.34314948	-5	Achaia
20.59108795	37.04817849	-6.3373799	Achaia
20.80093949	37.31522203	-19.7720899	Achaia
20.60857414	37.06597427	-4.9999356	Achaia
21.48138707	38.00957038	-15.0651126	Achaia
20.63646951	37.12795976	-16.2789844	Achaia
20.64909651	37.13881895	-15.2541036	Achaia
20.8163556	37.29491067	-4.9998975	Achaia
21.72384134	38.29210486	-12.0659953	Achaia
20.57796712	37.06579309	-18.8646348	Achaia
21.33406754	37.84438226	-19.7721802	Achaia
21.47860843	38.01627416	-18.8154414	Achaia
21.37926866	37.8706531	-9.9686773	Achaia
20.99436273	37.48041968	-5.6512759	Achaia
21.05027209	37.56926584	-19.2179864	Achaia
21.15777563	37.66292864	-17.2377872	Achaia
21.7210281	38.29373201	-13.9494399	Achaia
21.5994091	38.16174457	-18.9658824	Achaia
21.38875575	37.89061426	-13.2602494	Achaia
21.25526902	37.73883347	-9.4678323	Achaia
20.64433809	37.14261751	-18.8857705	Achaia
21.18597392	37.67881587	-12.5277085	Achaia
21.19519608	37.6871634	-12.3114323	Achaia
21.54664946	38.10148378	-19.3133096	Achaia
20.98036	37.46692671	-5.9225625	Achaia
21.16135963	37.64076539	-5.9079102	Achaia
20.54570134	37.02875551	-19.7721163	Achaia
21.71655074	38.29632149	-16.9469483	Achaia
20.79720261	37.30893657	-18.9826289	Achaia
20.74360492	37.24652499	-18.7791172	Achaia
21.40414809	37.90888683	-13.0015534	Achaia
20.74791666	37.23143969	-11.0374263	Achaia
21.50248709	38.01423677	-7.1850464	Achaia
21.01790637	37.53809354	-19.7721143	Achaia
21.07494611	37.59375528	-19.7719107	Achaia
21.60441771	38.14678182	-10.939647	Achaia
21.20479807	37.71209829	-19.158294	Achaia
20.73403758	37.23800819	-19.7721797	Achaia
21.09560988	37.58381321	-6.8341895	Achaia
21.29861631	37.78842981	-12.1307243	Achaia
21.59595522	38.15981987	-19.7722012	Achaia
21.71367307	38.29798575	-18.873479	Achaia
21.68746911	38.22928628	-5.0000005	Achaia
20.99590982	37.50597009	-15.751388	Achaia
21.28712824	37.76548152	-7.3358311	Achaia
21.71233073	38.298762	-19.7721163	Achaia
21.7304475	38.28123182	-4.9999996	Achaia
20.84292922	37.33153363	-7.5066578	Achaia
21.54795135	38.06448262	-4.9998531	Achaia
20.69696047	37.17620601	-11.1489281	Achaia
21.59390886	38.15493889	-18.79094	Achaia
21.57680013	38.09949815	-5.0000088	Achaia
21.04263589	37.54398724	-11.7305602	Achaia
20.69400482	37.1783757	-13.3279599	Achaia
21.36021732	37.83616572	-5.0000254	Achaia
20.67031473	37.14110522	-7.2485176	Achaia
20.64616922	37.14026325	-17.1128863	Achaia
20.64682892	37.12257947	-9.585326	Achaia
21.02231307	37.53577703	-16.9161446	Achaia
21.46474216	38.00187061	-19.7721128	Achaia
20.85829872	37.36854021	-15.4688401	Achaia
21.09101196	37.5879568	-10.5887256	Achaia
21.25420012	37.7295486	-5.9479732	Achaia
21.42240221	37.92940766	-12.2263928	Achaia
20.70593337	37.20633956	-19.7721006	Achaia
20.64150668	37.10604852	-5.246146	Achaia
20.5894248	37.08027677	-19.0396358	Achaia
21.37831055	37.89034916	-17.8764893	Achaia
21.42224739	37.92524679	-10.7672813	Achaia
21.6865482	38.23026802	-5.7847691	Achaia
21.44907871	37.95082608	-7.9603863	Achaia
21.28227965	37.77254859	-12.3837439	Achaia
21.22718887	37.72838036	-16.7911416	Achaia
20.93978396	37.44179164	-12.1614695	Achaia
21.13287436	37.63640596	-15.657479	Achaia
20.91240204	37.40954521	-9.6316573	Achaia
20.61267779	37.11042287	-19.7720455	Achaia
21.45926458	37.99143977	-18.3868448	Achaia
21.60634636	38.13746769	-6.4502798	Achaia
20.90332715	37.4242319	-19.7719624	Achaia
21.25368634	37.7424732	-11.6924633	Achaia
21.12063177	37.61381147	-10.3564281	Achaia
20.92909973	37.43505865	-13.6995872	Achaia
21.28710195	37.79491535	-19.7722666	Achaia
21.60425701	38.15085746	-12.6047552	Achaia
21.06801184	37.58724196	-19.7721202	Achaia
21.00633386	37.49335491	-5.9928916	Achaia
21.41889998	37.93130336	-14.5245428	Achaia
21.49437332	37.99837515	-5.0001128	Achaia
21.43423478	37.93735485	-9.7415818	Achaia
21.59199935	38.1174067	-4.9999849	Achaia
21.10123743	37.61199328	-17.391585	Achaia
21.40626979	37.92845784	-19.2504766	Achaia
20.89364699	37.38851914	-8.5051499	Achaia
21.33669736	37.84465872	-18.7380918	Achaia
20.57795922	37.04893638	-12.5953308	Achaia
21.50878668	38.01608208	-4.9999981	Achaia
20.66114256	37.16134062	-19.7721109	Achaia
20.68439152	37.15402507	-6.8095391	Achaia
21.14829733	37.63336759	-7.959794	Achaia
21.45478235	37.97352255	-13.7693177	Achaia
20.87499262	37.37835829	-12.3137398	Achaia
21.60050269	38.15925808	-17.5225137	Achaia
20.86373294	37.37236122	-14.6679664	Achaia
21.55416492	38.11157744	-19.772125	Achaia
21.27010482	37.75147328	-8.6131094	Achaia
20.96841321	37.45886747	-7.4773975	Achaia
20.84299353	37.33978415	-10.7133937	Achaia
21.36834767	37.86182087	-11.4997998	Achaia
21.21517613	37.71621116	-16.5776421	Achaia
21.18281813	37.66766955	-8.9284685	Achaia
20.74128135	37.2214653	-10.1148433	Achaia
21.54489107	38.08218682	-12.959454	Achaia
21.33878926	37.84962199	-19.7722012	Achaia
20.82476844	37.30827895	-6.4699034	Achaia
21.51940355	38.05361135	-14.0269316	Achaia
20.59599047	37.08719745	-18.6379932	Achaia
20.61642929	37.10875641	-17.4453609	Achaia
20.90331433	37.42201912	-18.8194253	Achaia
21.34126727	37.8291863	-10.4734131	Achaia
21.70625085	38.28865126	-18.7353755	Achaia
21.70723526	38.29260692	-19.7721163	Achaia
21.14058549	37.62454942	-7.1752564	Achaia
21.2934923	37.77637708	-9.2300594	Achaia
21.31645705	37.81823428	-16.8303355	Achaia
21.55914963	38.10553773	-15.2343204	Achaia
21.02098704	37.53943013	-19.0052027	Achaia
21.47309994	38.00546969	-17.3109161	Achaia
21.36693835	37.87938529	-18.8342466	Achaia
20.66316753	37.13114975	-6.0215171	Achaia
21.58173245	38.13965821	-18.2352842	Achaia
20.68748463	37.15285469	-4.9999165	Achaia
20.94884143	37.44945554	-11.6649739	Achaia
20.69672453	37.16822737	-7.7759693	Achaia
20.56610517	37.04254426	-15.6128426	Achaia
21.51926361	38.03428693	-6.9766788	Achaia
21.33356763	37.83810806	-17.4424463	Achaia
20.83325805	37.31643389	-5.8723872	Achaia
20.65155554	37.12449842	-8.3260415	Achaia
21.25874872	37.73812088	-7.6924566	Achaia
20.64495673	37.13592693	-15.8620696	Achaia
21.48552543	38.0035102	-10.9327804	Achaia
21.02484105	37.5280493	-12.602998	Achaia
21.65928348	38.20918815	-10.2418077	Achaia
20.71266222	37.1775232	-4.9999751	Achaia
20.63367611	37.11389537	-11.8119266	Achaia
20.94248982	37.4358124	-8.4268518	Achaia
21.72337039	38.28551417	-9.8090166	Achaia
21.33902214	37.84298957	-17.0518291	Achaia
21.13144127	37.63169271	-14.1388497	Achaia
21.55631109	38.08643905	-9.3350274	Achaia
21.27706298	37.78478557	-19.7721202	Achaia
20.94161977	37.45679191	-17.8625064	Achaia
21.55877285	38.08036611	-5.9640191	Achaia
20.81192977	37.29738649	-7.932816	Achaia
20.66825049	37.1581991	-15.4207955	Achaia
21.5089502	38.03872562	-13.3194424	Achaia
21.52610723	38.05600884	-11.8482377	Achaia
21.03789848	37.54409014	-13.7840207	Achaia
20.88279087	37.40409794	-19.772126	Achaia
20.72644701	37.19381412	-5.760939	Achaia
20.81569713	37.31432711	-12.861339	Achaia
21.42447665	37.95247038	-19.7719488	Achaia
21.17768645	37.66020737	-7.7728462	Achaia
21.09567565	37.60425909	-16.1260125	Achaia
20.90218049	37.40636823	-12.5753381	Achaia
21.53798639	38.05392071	-5.653148	Achaia
21.32839784	37.81912104	-11.989829	Achaia
21.14936097	37.65852848	-18.7919898	Achaia
20.87584472	37.39589746	-19.218065	Achaia
20.82983797	37.31029482	-4.9999571	Achaia
20.68333212	37.17525921	-16.4376101	Achaia
21.19412056	37.69151571	-14.6561167	Achaia
20.85097838	37.34038407	-7.4095801	Achaia
21.34925159	37.8339845	-8.9501812	Achaia
21.40084968	37.88417962	-5.3663438	Achaia
20.69066041	37.17787432	-14.5158211	Achaia
21.11172414	37.62651238	-19.7721084	Achaia
21.03957632	37.5358165	-9.5585513	Achaia
20.83969224	37.35761551	-19.2520093	Achaia
21.63037804	38.19671173	-18.5045581	Achaia
21.22938715	37.71485295	-10.0232806	Achaia
20.73029811	37.22027361	-14.5457474	Achaia
20.77692469	37.28464348	-18.5841514	Achaia
21.15089485	37.63134613	-5.9878838	Achaia
20.81195143	37.3277838	-19.7720601	Achaia
21.28925474	37.78181464	-13.3312906	Achaia
21.00645041	37.52377925	-18.6926836	Achaia
20.59803861	37.08091779	-15.3584605	Achaia
20.86776146	37.35275388	-5.0000142	Achaia
20.66096641	37.1324301	-7.4987823	Achaia
20.78651142	37.26460077	-6.557419	Achaia
21.07423827	37.56137792	-5.7677779	Achaia
20.71874651	37.18960855	-7.4622549	Achaia
20.55944931	37.00901331	-6.16946	Achaia
21.55811733	38.08419015	-7.6797256	Achaia
21.03438594	37.53747829	-12.4659452	Achaia
21.46755756	37.98390246	-11.8140099	Achaia
21.09678831	37.58210303	-5.5783477	Achaia
20.76877435	37.24000397	-4.9999727	Achaia
21.72728953	38.27908403	-5.6247373	Achaia
20.60463504	37.09343217	-17.0523414	Achaia
21.47101521	37.9826452	-9.7747796	Achaia
20.58991789	37.06161383	-11.8698009	Achaia
21.06141359	37.56575493	-13.0135679	Achaia
20.61263948	37.08757619	-11.2273682	Achaia
21.36042365	37.86270063	-15.3497869	Achaia
21.38909153	37.90197898	-17.3085581	Achaia
21.65469564	38.18988512	-5.0000284	Achaia
20.67143819	37.13835225	-5.5970303	Achaia
21.23717349	37.73775575	-16.6488257	Achaia
20.71685381	37.21831902	-19.7724239	Achaia
21.38929066	37.87076767	-5.4977774	Achaia
21.2501112	37.75137447	-17.0100147	Achaia
21.01040469	37.50225466	-8.0037696	Achaia
21.26715678	37.75954248	-13.3109681	Achaia
20.55303597	37.01274623	-10.4779926	Achaia
21.41201264	37.89879448	-5.6828155	Achaia
21.38841666	37.87849495	-8.8254178	Achaia
21.16658696	37.67431852	-18.5934073	Achaia
21.30119643	37.78574284	-9.9049424	Achaia
20.71594513	37.19744251	-11.8217573	Achaia
21.31997514	37.80286662	-8.9438472	Achaia
20.95118504	37.45611669	-13.5451217	Achaia
21.20726089	37.68195323	-4.9999952	Achaia
20.58296074	37.04491309	-8.8215157	Achaia
21.4762376	38.01594287	-19.7721719	Achaia
20.69254962	37.16213713	-6.861709	Achaia
21.31728928	37.81591875	-15.5190467	Achaia
20.86547955	37.35341887	-6.2664048	Achaia
21.25604448	37.76203407	-19.0721524	Achaia
21.30547612	37.80696533	-16.8734248	Achaia
21.39570166	37.91676933	-19.7722735	Achaia
21.47663503	37.99254088	-10.8965359	Achaia
20.71174341	37.20978255	-18.598774	Achaia
21.07212023	37.58927469	-18.9673516	Achaia
20.9964497	37.48098705	-4.9999908	Achaia
21.68467254	38.24227041	-11.1296597	Achaia
21.117149	37.60424754	-7.3988619	Achaia
21.5010597	38.03014515	-13.73017	Achaia
21.45385997	37.96110166	-9.588576	Achaia
21.43329632	37.94029782	-11.2534389	Achaia
20.8580509	37.37877243	-19.7720733	Achaia
20.63205062	37.09966996	-6.9572383	Achaia
21.32741727	37.81091253	-9.0869519	Achaia
20.72508602	37.22098916	-17.1462715	Achaia
21.5677947	38.11830738	-16.2006324	Achaia
21.21818365	37.7078031	-11.684465	Achaia
20.83991284	37.33266181	-9.2862364	Achaia
21.00422974	37.50671019	-12.5108381	Achaia
20.67533919	37.1686844	-16.9161353	Achaia
21.36599017	37.86576065	-14.0912321	Achaia
20.56493054	37.02115403	-8.189854	Achaia
21.66237135	38.1989189	-5.0000669	Achaia
20.78312529	37.26793198	-9.35621	Achaia
20.69049199	37.1578747	-5.8738677	Achaia
20.97462098	37.47530526	-11.9214688	Achaia
20.60936192	37.08057978	-10.0932842	Achaia
20.68995764	37.18429311	-17.5424546	Achaia
20.65994993	37.13431108	-8.7298738	Achaia
21.673196	38.21202278	-4.9999927	Achaia
21.04111974	37.53403512	-8.1450889	Achaia
20.67854679	37.15354384	-9.0786919	Achaia
21.62112249	38.15335667	-6.0240674	Achaia
21.60787295	38.14414706	-8.3772007	Achaia
20.95677269	37.47176801	-17.9315528	Achaia
20.97004796	37.48781692	-19.1362544	Achaia
21.35212598	37.85167625	-14.679189	Achaia
20.80752176	37.30232703	-11.8177919	Achaia
20.8582205	37.35831819	-11.4120434	Achaia
21.68018297	38.25361965	-17.4139634	Achaia
21.03077304	37.51593656	-5	Achaia
21.22836246	37.70398537	-5.7633951	Achaia
20.87990203	37.39692253	-17.9053702	Achaia
21.54386247	38.09099368	-16.691897	Achaia
20.89520199	37.38168522	-5	Achaia
21.40494634	37.90184994	-10.0338533	Achaia
20.71622318	37.18951359	-8.5206902	Achaia
21.45712076	37.95487219	-5.7963164	Achaia
21.47948808	37.98016643	-4.9999913	Achaia
21.32187011	37.82655087	-17.8456304	Achaia
20.88635838	37.37251198	-5.0000088	Achaia
20.68700791	37.1708515	-12.9791964	Achaia
20.67381989	37.16509011	-16.0050208	Achaia
21.04039916	37.52580716	-4.999816	Achaia
20.75829601	37.23566203	-8.0210162	Achaia
21.57276947	38.12783395	-17.6055235	Achaia
21.18547394	37.68461747	-15.2666416	Achaia
20.97681456	37.46884956	-8.2438374	Achaia
21.35585368	37.86880778	-19.7721372	Achaia
20.92704912	37.41553576	-6.0616465	Achaia
20.65634573	37.13460229	-10.3854504	Achaia
21.05108842	37.5713633	-19.771918	Achaia
20.81410856	37.3051423	-9.9871133	Achaia
20.68395393	37.18351166	-19.7721163	Achaia
20.62761512	37.08908883	-5	Achaia
20.89071966	37.41037754	-19.1287442	Achaia
20.72007744	37.19576764	-9.337794	Achaia
20.87776863	37.37306682	-8.9253943	Achaia
21.70437578	38.26683994	-11.4112521	Achaia
21.09948102	37.61376581	-18.9134449	Achaia
21.10958788	37.60711029	-11.7743598	Achaia
21.0823836	37.59008022	-15.0694983	Achaia
20.98032243	37.4705769	-7.4990723	Achaia
21.53122958	38.04376203	-4.9999971	Achaia
20.77065278	37.25490978	-9.8993672	Achaia
20.97338974	37.47975741	-14.3179972	Achaia
21.13733306	37.63023789	-11.0690594	Achaia
21.16458262	37.6642065	-14.9742674	Achaia
21.02340968	37.51475926	-7.6605225	Achaia
20.77600916	37.2508764	-5.9485674	Achaia
21.05875277	37.5672674	-14.7862803	Achaia
20.85301964	37.33655368	-4.9998448	Achaia
20.92038918	37.411103	-6.9325948	Achaia
21.62829312	38.16972925	-9.0900293	Achaia
20.79291005	37.26954666	-5.6061582	Achaia
21.23534035	37.71531242	-7.7220621	Achaia
21.71552735	38.28650603	-13.7315607	Achaia
20.78934316	37.2983761	-18.3822461	Achaia
21.32706272	37.83517156	-19.0804165	Achaia
21.23623996	37.72492497	-11.498198	Achaia
20.76686901	37.24099898	-6.2363863	Achaia
21.13796504	37.6263593	-9.06247	Achaia
20.89968751	37.39460446	-8.5706834	Achaia
20.91637831	37.41655474	-10.9718102	Achaia
20.75967504	37.2650322	-18.7125928	Achaia
20.9947899	37.51441359	-19.7721739	Achaia
21.53104715	38.07794632	-17.6893926	Achaia
21.15450652	37.66337209	-18.7903999	Achaia
20.74196673	37.2472032	-19.7721578	Achaia
21.57440686	38.12476663	-15.6850718	Achaia
21.39503399	37.88727927	-9.1640118	Achaia
20.98300454	37.49213288	-15.4262591	Achaia
21.6902526	38.252655	-12.4924251	Achaia
21.55818071	38.0770361	-5.0000118	Achaia
20.65166319	37.11947682	-6.2200982	Achaia
21.35414887	37.83254382	-6.2342417	Achaia
21.56726049	38.08820091	-4.9995137	Achaia
20.69678096	37.19349888	-18.4988228	Achaia
21.32306059	37.79826938	-5.7093623	Achaia
20.56826292	37.01665744	-5.000001	Achaia
21.34390854	37.83833831	-13.0417477	Achaia
21.18410137	37.69102195	-18.6304122	Achaia
20.96182915	37.48099505	-19.7722588	Achaia
20.7735057	37.26919206	-14.1417896	Achaia
21.02754992	37.52641601	-10.7603291	Achaia
21.4199345	37.90670213	-5.0001363	Achaia
21.61360502	38.14759693	-7.178981	Achaia
20.70561593	37.1836006	-10.56495	Achaia
20.53920057	37.02079796	-19.7721163	Achaia
20.55615063	37.03491735	-17.3070191	Achaia
20.60194896	37.07155525	-10.0932576	Achaia
21.35816777	37.86450664	-17.0570059	Achaia
21.33444985	37.80837735	-5.0000664	Achaia
21.0864268	37.60253137	-19.0948428	Achaia
20.63426847	37.12953036	-17.8762364	Achaia
21.03118201	37.53816352	-14.1185408	Achaia
20.86427856	37.36780608	-12.5550659	Achaia
21.0110027	37.49572391	-5.0000459	Achaia
21.27411483	37.75121255	-6.8049634	Achaia
20.61890627	37.07854264	-4.9999956	Achaia
20.83775604	37.34851858	-16.4605821	Achaia
21.23647071	37.72970944	-13.4693727	Achaia
21.39341603	37.88954986	-10.7427946	Achaia
21.56614997	38.12453952	-19.3104864	Achaia
21.14895153	37.6403576	-10.8211287	Achaia
21.35130516	37.84561329	-12.6592478	Achaia
21.4468188	37.97828136	-19.1596407	Achaia
21.4225788	37.92097029	-9.042711	Achaia
21.14075916	37.65067618	-18.8073062	Achaia
21.22359202	37.69760859	-5.0002417	Achaia
20.75106176	37.25778375	-19.7720987	Achaia
21.27009639	37.74302877	-5.0000005	Achaia
20.84976471	37.34251167	-8.7842771	Achaia
21.50175188	38.04430242	-18.6620035	Achaia
21.4411655	37.9478387	-10.457977	Achaia
20.80471496	37.28155214	-5.0000025	Achaia
20.9405471	37.42797872	-5.8301499	Achaia
21.17568756	37.68404593	-19.1029165	Achaia
20.88431869	37.39013722	-13.1830237	Achaia
20.72593686	37.19135154	-5.0000279	Achaia
20.79393742	37.27531927	-7.3819458	Achaia
21.05317242	37.55793206	-13.178475	Achaia
20.7242274	37.21319352	-14.4881082	Achaia
21.1923181	37.69418457	-16.5718824	Achaia
20.6185179	37.09041403	-9.6239893	Achaia
20.86606362	37.36489878	-10.6071718	Achaia
21.23087066	37.7369925	-18.9710137	Achaia
20.81321897	37.29397644	-6.0332061	Achaia
20.65084387	37.11559607	-4.9998658	Achaia
21.46866088	37.99717527	-16.2456731	Achaia
20.87032242	37.39149782	-19.772126	Achaia
21.36484707	37.85604925	-10.7741965	Achaia
21.31397502	37.82124985	-19.1368262	Achaia
20.5616371	37.04825666	-19.7721167	Achaia
20.63871823	37.10224675	-5.0000147	Achaia
20.67156142	37.16946408	-18.8363706	Achaia
21.22187573	37.71819474	-14.6218916	Achaia
21.58618822	38.12077028	-8.8874698	Achaia
20.61746623	37.11590102	-19.7719366	Achaia
21.15408196	37.64859246	-12.4006515	Achaia
20.78816202	37.27791857	-10.9652928	Achaia
21.12393864	37.63634342	-19.3044893	Achaia
20.6118432	37.10634441	-18.6179747	Achaia
21.48652758	37.99418694	-7.0096197	Achaia
21.70325133	38.25000309	-5.6124278	Achaia
20.81123695	37.315605	-15.3421875	Achaia
20.85704653	37.34283876	-5.7183702	Achaia
21.61125469	38.15351572	-10.5073418	Achaia
20.97171955	37.47161543	-11.5783013	Achaia
20.65567697	37.13782754	-12.0381688	Achaia
21.03600694	37.53557138	-10.9703597	Achaia
21.31234126	37.81734136	-18.2396997	Achaia
20.84148755	37.32351897	-4.9999649	Achaia
21.17778606	37.66738271	-10.8909609	Achaia
21.38073132	37.88112291	-13.2824081	Achaia
21.54138285	38.09625824	-19.7721075	Achaia
21.66569546	38.24239748	-19.7721167	Achaia
20.95911464	37.46808186	-15.358844	Achaia
21.33016553	37.80391294	-5	Achaia
20.71468852	37.18149692	-5.8055308	Achaia
20.56495356	37.03649469	-13.8863514	Achaia
21.02304272	37.5184288	-9.3516194	Achaia
20.85757034	37.34885223	-7.9036333	Achaia
21.65361817	38.20000877	-9.3671736	Achaia
21.36566613	37.8803478	-19.7721148	Achaia
21.3959965	37.89639459	-12.0960266	Achaia
21.35200655	37.82844372	-5.498583	Achaia
20.96273628	37.45687844	-9.0107791	Achaia
20.86793464	37.35986876	-7.7743892	Achaia
20.73500939	37.20130813	-5	Achaia
20.6239371	37.09931729	-10.4987001	Achaia
21.18055661	37.67892409	-14.8250647	Achaia
20.65001251	37.1363494	-13.8448041	Achaia
20.75342736	37.22221842	-5.0000914	Achaia
21.11515317	37.62727408	-18.7303848	Achaia
20.96894312	37.482549	-17.3893614	Achaia
21.58916161	38.11996002	-7.2529805	Achaia
21.72301768	38.27820754	-7.2303394	Achaia
21.33766704	37.82985847	-12.3106317	Achaia
20.91436897	37.42110008	-13.7877862	Achaia
20.77080365	37.25868847	-11.2911969	Achaia
21.64591174	38.19370636	-10.3970068	Achaia
20.62529542	37.09489014	-8.2236363	Achaia
20.70834285	37.19795224	-15.3620623	Achaia
20.85480614	37.37421122	-19.2795772	Achaia
20.99915793	37.51203835	-16.9101695	Achaia
20.75432402	37.25550055	-17.4331822	Achaia
21.57336919	38.10234788	-7.6268809	Achaia
21.31599643	37.82500199	-19.7721197	Achaia
21.37516508	37.86006493	-7.7950591	Achaia
20.80243216	37.30132653	-13.6939483	Achaia
21.29038104	37.78918624	-15.9660401	Achaia
21.4509997	37.98505456	-19.7720747	Achaia
20.77255323	37.27760243	-17.8155708	Achaia
20.98548575	37.49033376	-13.6109111	Achaia
20.9312749	37.45110865	-19.7723013	Achaia
21.71813964	38.26636217	-4.9999996	Achaia
21.51043547	38.0557185	-18.899647	Achaia
21.05148009	37.53990623	-6.2440821	Achaia
20.56190002	37.04670061	-19.0735186	Achaia
21.3031045	37.77817934	-5.9052901	Achaia
21.26825282	37.76384229	-14.6789436	Achaia
21.50058027	38.04586299	-19.7722266	Achaia
21.34207898	37.8165674	-4.9999947	Achaia
21.60044967	38.12703142	-5.0000049	Achaia
20.83242669	37.33747553	-14.4926341	Achaia
21.12535826	37.63417317	-17.7441163	Achaia
21.53555672	38.06345066	-10.2717132	Achaia
20.82523275	37.34005124	-18.6919248	Achaia
21.40952298	37.91569187	-13.0693328	Achaia
21.09776884	37.60056981	-13.5947641	Achaia
21.07369894	37.55913653	-4.9996685	Achaia
21.29172413	37.76601968	-5.6078106	Achaia
20.66404338	37.12960887	-4.999608	Achaia
20.62233441	37.12020171	-19.3134082	Achaia
20.64047752	37.12340163	-12.6813844	Achaia
21.41996628	37.93801871	-16.5068321	Achaia
21.15995745	37.63745529	-4.9999869	Achaia
20.5747735	37.05645908	-16.8446221	Achaia
20.7345417	37.21151912	-9.2531595	Achaia
20.63252649	37.09629839	-5.4675513	Achaia
21.30377409	37.81075133	-19.1781558	Achaia
20.73891552	37.22298812	-11.7601562	Achaia
21.40054679	37.88915643	-7.3435401	Achaia
21.00413142	37.49873227	-9.1977979	Achaia
20.60704288	37.07255037	-8.144337	Achaia
20.69063212	37.18104566	-15.894678	Achaia
20.60385553	37.06356735	-6.2533106	Achaia
21.2599892	37.75389346	-13.9179154	Achaia
21.08492505	37.5893747	-13.7091866	Achaia
20.92737796	37.44473454	-18.6288081	Achaia
20.63560016	37.13556573	-19.7721182	Achaia
21.28841412	37.79353509	-18.6319468	Achaia
20.7519558	37.24916114	-16.0529136	Achaia
21.27947112	37.75225225	-5.0003462	Achaia
21.64901087	38.20543297	-13.4909342	Achaia
21.67124239	38.21647227	-7.5512676	Achaia
21.35762713	37.8340639	-5.3202061	Achaia
20.61742163	37.10617747	-16.0210706	Achaia
20.71389966	37.18454387	-7.4235494	Achaia
20.78017698	37.253243	-4.9999732	Achaia
21.38285968	37.8930053	-16.83023	Achaia
20.93009527	37.44195004	-16.2814478	Achaia
20.58076942	37.03196174	-5.0000005	Achaia
21.45610655	37.97931923	-15.318512	Achaia
21.16142032	37.65816332	-13.6263006	Achaia
21.4052273	37.92858068	-19.7721182	Achaia
21.27372175	37.76596125	-13.2447227	Achaia
20.74314409	37.21846659	-8.1192471	Achaia
21.05390077	37.57005154	-18.026918	Achaia
20.6869714	37.18504196	-19.1415884	Achaia
20.58098736	37.04848079	-11.047335	Achaia
21.43229692	37.94511785	-13.4884643	Achaia
21.61348608	38.1783535	-19.0273506	Achaia
20.91751407	37.43165576	-17.0660069	Achaia
21.39012979	37.90766598	-18.9388628	Achaia
20.74724643	37.21690766	-5.6886587	Achaia
20.97050131	37.45709936	-5.8370738	Achaia
20.7425282	37.23073374	-13.1639988	Achaia
20.88229634	37.39200531	-14.8279546	Achaia
20.57685553	37.03540108	-8.0613667	Achaia
21.11509732	37.62259224	-16.6114463	Achaia
21.05242187	37.56727759	-17.4638702	Achaia
21.08497385	37.58630001	-12.3244418	Achaia
21.3540408	37.8364015	-7.8284571	Achaia
21.14695198	37.6525458	-17.1008282	Achaia
20.89284965	37.41396508	-19.772126	Achaia
21.08620769	37.57946654	-8.7976746	Achaia
20.8742918	37.38186775	-14.0710196	Achaia
20.70595311	37.17071811	-5	Achaia
21.60223982	38.15431291	-14.8452593	Achaia
21.62173106	38.17752359	-15.0173416	Achaia
20.68700083	37.16009858	-8.3019888	Achaia
21.01240674	37.51850539	-13.9371195	Achaia
21.54689914	38.06995664	-7.5104634	Achaia
21.01300603	37.50880464	-9.6270977	Achaia
21.26575697	37.74093217	-5.9347798	Achaia
21.16957493	37.67237992	-16.4991441	Achaia
21.53174612	38.06502429	-12.5914057	Achaia
21.41166318	37.91368067	-11.3505757	Achaia
20.73195295	37.23336534	-18.896625	Achaia
21.19575405	37.67588706	-7.1698116	Achaia
20.93711472	37.44694509	-15.5190906	Achaia
21.08834749	37.58931113	-12.2874895	Achaia
20.83186523	37.34918507	-19.325545	Achaia
20.64983884	37.14813838	-18.9165718	Achaia
21.17458248	37.68452658	-19.7722422	Achaia
21.13637612	37.617535	-5.6747818	Achaia
21.64038419	38.18176789	-8.2929512	Achaia
21.39754101	37.91282942	-17.4732452	Achaia
21.68851856	38.26526637	-18.0021543	Achaia
20.97241219	37.49172581	-19.7721084	Achaia
20.95884168	37.44625796	-6.0786914	Achaia
20.79173414	37.2902828	-14.1740997	Achaia
20.63792498	37.11103643	-8.8004539	Achaia
21.50238054	38.00984585	-5.6062681	Achaia
21.28219148	37.78038768	-15.7320896	Achaia
20.94168017	37.46128654	-19.7721123	Achaia
21.24301003	37.74793157	-18.5364864	Achaia
21.04105942	37.52767782	-5.5046958	Achaia
20.54925195	37.01494861	-13.0200282	Achaia
21.63272544	38.16855581	-6.6553233	Achaia
21.38251812	37.89663885	-18.3303277	Achaia
21.24887799	37.7221559	-5.0001431	Achaia
20.62128222	37.1028534	-13.0292291	Achaia
20.66267453	37.15061827	-14.5449607	Achaia
21.50498152	38.02724747	-10.8695826	Achaia
20.84320301	37.3517383	-15.3557784	Achaia
21.37344573	37.876657	-14.8680726	Achaia
20.9325986	37.41842527	-4.9999976	Achaia
21.52163619	38.03186945	-5.000125	Achaia
20.94741365	37.43864663	-7.6037442	Achaia
20.6407737	37.12753774	-14.2361459	Achaia
20.75991504	37.24847705	-12.2275614	Achaia
21.44331063	37.96002337	-13.9948424	Achaia
21.5138261	38.04163123	-12.1676826	Achaia
20.97666435	37.46117965	-4.9999893	Achaia
21.10918401	37.59361674	-5.7874278	Achaia
21.61054604	38.14946439	-9.2672037	Achaia
21.65403216	38.21270803	-13.938689	Achaia
21.30913016	37.78213736	-5.0000767	Achaia
20.7153984	37.20243366	-14.0567729	Achaia
20.65675885	37.15088342	-17.1608409	Achaia
21.30886059	37.81742927	-19.7723321	Achaia
21.02337557	37.53305058	-15.3224056	Achaia
21.48686714	38.02191032	-17.1420093	Achaia
21.6858754	38.25644142	-15.8930882	Achaia
20.92126333	37.44148178	-19.7721187	Achaia
21.41431612	37.93987321	-19.7721158	Achaia
20.74094468	37.23375111	-15.0428577	Achaia
21.65415043	38.20799806	-12.1221958	Achaia
21.58699749	38.11157016	-4.9998697	Achaia
20.70333614	37.18602688	-12.558815	Achaia
21.07805335	37.59211289	-17.7576138	Achaia
21.05197153	37.56070534	-14.8657276	Achaia
21.13077026	37.6175965	-7.9756026	Achaia
20.54051999	37.02003014	-18.8857891	Achaia
20.62264271	37.12166965	-19.7720743	Achaia
20.6040377	37.09996651	-19.7721294	Achaia
20.55593946	37.02084583	-12.168707	Achaia
21.14387176	37.64343037	-14.2833256	Achaia
20.82311026	37.31071422	-8.1567774	Achaia
21.04540807	37.56257611	-18.4456831	Achaia
21.26235168	37.76514312	-17.7349082	Achaia
21.0578137	37.57054409	-16.6237745	Achaia
21.67532511	38.25174953	-18.9134869	Achaia
21.34062579	37.82495672	-9.035397	Achaia
21.67062716	38.22385435	-10.5941678	Achaia
20.74042523	37.23839142	-17.0717237	Achaia
20.95173289	37.43896893	-5.9325782	Achaia
21.4809685	37.99165679	-8.5976358	Achaia
20.90996883	37.41075756	-11.1781152	Achaia
21.58287879	38.13607228	-16.3281817	Achaia
21.20902926	37.70736143	-15.3302378	Achaia
21.64320853	38.20584039	-16.263888	Achaia
21.7009553	38.24559274	-4.9999991	Achaia
21.59020959	38.11702916	-5.6428174	Achaia
21.53026092	38.07245113	-16.0089302	Achaia
20.86898271	37.36623277	-9.8683643	Achaia
20.55616936	37.0109225	-8.3729666	Achaia
21.28368923	37.76806785	-9.8917222	Achaia
20.75471536	37.23666333	-10.0086983	Achaia
21.46105291	37.97236033	-10.484128	Achaia
21.34784686	37.85981101	-19.7721128	Achaia
20.70509476	37.19598492	-15.9929161	Achaia
20.76587216	37.25809206	-13.2638423	Achaia
21.43632165	37.96396198	-18.6368936	Achaia
21.454986	37.96766718	-11.5069941	Achaia
21.56777571	38.12260358	-17.8408926	Achaia
21.04711006	37.53393666	-5.5599703	Achaia
20.71996407	37.18733759	-6.009462	Achaia
21.14465072	37.62489935	-5.6710547	Achaia
21.67875959	38.22690574	-8.0532886	Achaia
21.63837425	38.20934336	-19.7725621	Achaia
21.48342176	37.98645751	-5.5493384	Achaia
20.54588932	37.01690557	-15.2789307	Achaia
21.55539289	38.09552314	-13.121419	Achaia
21.09217477	37.58128004	-7.1234292	Achaia
20.90786746	37.39691919	-6.1179082	Achaia
21.0634163	37.55063625	-5.7355313	Achaia
21.39714853	37.88407809	-7.0097593	Achaia
20.68058723	37.16314404	-12.3155055	Achaia
20.89063924	37.39566275	-12.8340382	Achaia
20.61460454	37.11059255	-18.9719463	Achaia
21.00684483	37.50478911	-10.5865905	Achaia
20.70621682	37.17624051	-7.2142842	Achaia
20.7817815	37.28364288	-16.0297674	Achaia
20.64318588	37.1220845	-10.9671277	Achaia
20.68982681	37.16839486	-10.7302902	Achaia
20.59346259	37.08070133	-17.3592496	Achaia
21.56309704	38.09375656	-8.9760154	Achaia
20.80383232	37.2820411	-5.5831944	Achaia
21.65166124	38.20178291	-10.9212745	Achaia
20.60476518	37.08362503	-13.3184997	Achaia
20.64714922	37.14265796	-17.7100596	Achaia
21.01368456	37.51458692	-11.7520811	Achaia
20.99227644	37.51043847	-19.1821377	Achaia
21.64421322	38.19983571	-13.5109539	Achaia
21.16103061	37.65421167	-12.0538461	Achaia
21.06320615	37.56111417	-10.2685567	Achaia
21.38706586	37.89212381	-14.5897593	Achaia
21.17674164	37.67256545	-13.6066864	Achaia
20.64929925	37.14108547	-16.1281934	Achaia
20.79256749	37.26758481	-4.9998316	Achaia
20.74656069	37.24020284	-15.0204283	Achaia
21.52236522	38.07288627	-19.7720152	Achaia
20.81734045	37.32868921	-17.7311519	Achaia
21.65847356	38.19638044	-5.8034122	Achaia
21.41539523	37.93881463	-18.8896387	Achaia
21.37984503	37.85824048	-5.0002388	Achaia
21.19087023	37.67597428	-9.2440923	Achaia
20.87982618	37.39311853	-16.3520906	Achaia
21.67731556	38.25644838	-19.7721163	Achaia
21.05882342	37.55892413	-11.2035171	Achaia
21.58500367	38.12346431	-10.4663554	Achaia
21.54705453	38.07861613	-10.6495372	Achaia
21.03876097	37.55288391	-17.1519996	Achaia
20.61981482	37.11458318	-18.2179346	Achaia
21.57311834	38.09686269	-5.6516104	Achaia
21.34465118	37.84886275	-16.8792622	Achaia
21.70066156	38.26849975	-13.7149718	Achaia
21.71520859	38.28000647	-11.4401037	Achaia
21.32385744	37.81087104	-10.6059207	Achaia
21.29760408	37.79597059	-15.6964104	Achaia
20.96872069	37.46532094	-10.1265657	Achaia
21.45241339	37.94693677	-4.9999761	Achaia
21.02650283	37.54199066	-17.7277774	Achaia
21.57808534	38.12315461	-13.4191275	Achaia
21.54423414	38.07074202	-9.0130044	Achaia
20.59037712	37.0577178	-10.211021	Achaia
20.76545006	37.26577537	-16.4190816	Achaia
21.05093108	37.54580214	-8.9811805	Achaia
21.60897864	38.15862927	-13.4847803	Achaia
20.91970107	37.42837071	-14.7226836	Achaia
21.34749492	37.82855065	-7.505125	Achaia
21.14492374	37.62364976	-5.0003711	Achaia
21.06316531	37.56383834	-11.450368	Achaia
21.35180111	37.86042946	-18.2664229	Achaia
20.90980949	37.42075655	-15.5458118	Achaia
21.43624464	37.9599032	-17.1685308	Achaia
20.84993478	37.35281145	-12.8382882	Achaia
20.58776397	37.06867683	-15.4789715	Achaia
21.24790008	37.75564947	-19.7720635	Achaia
20.90018082	37.41462219	-16.9642549	Achaia
20.73628467	37.20560128	-6.1619742	Achaia
21.06164052	37.55621013	-8.8561512	Achaia
20.6484311	37.14874751	-19.7721163	Achaia
21.37110191	37.85880888	-9.0962395	Achaia
21.44507364	37.94094222	-6.1208863	Achaia
21.71348517	38.29011404	-16.0083033	Achaia
21.53359572	38.07151434	-14.1440314	Achaia
20.64628806	37.12983382	-12.7922739	Achaia
20.93421238	37.43190998	-10.1906216	Achaia
21.67653027	38.21791719	-5.6970586	Achaia
21.49124071	38.01898766	-14.0667745	Achaia
21.4391344	37.93960194	-8.3324258	Achaia
21.24512062	37.73032398	-10.1049588	Achaia
21.03681013	37.54742386	-15.6617098	Achaia
20.9957087	37.50155426	-13.9763836	Achaia
21.40570744	37.91511076	-14.5958489	Achaia
21.35866614	37.86950942	-18.8076602	Achaia
21.4708943	38.00742122	-19.0381441	Achaia
20.63065039	37.12385573	-17.1561934	Achaia
21.51112937	38.05055387	-16.6807364	Achaia
21.13243837	37.61256595	-5.0000093	Achaia
20.65057811	37.1299689	-10.9888737	Achaia
21.37018942	37.8695936	-13.6555433	Achaia
20.55319619	37.02202305	-13.8555763	Achaia
21.35897406	37.87239995	-19.772148	Achaia
21.07828216	37.56948906	-7.6759165	Achaia
21.33345193	37.81516773	-8.1867754	Achaia
20.75075748	37.22893296	-8.7977315	Achaia
21.16890423	37.64871069	-6.3604444	Achaia
21.33129654	37.80756861	-6.0341084	Achaia
21.07864151	37.58949011	-16.3575372	Achaia
20.72847689	37.21367381	-12.7923594	Achaia
20.73134237	37.2118947	-10.8274881	Achaia
21.49082403	38.00267855	-8.2129795	Achaia
21.64153302	38.17452302	-5.0000005	Achaia
20.67893724	37.16878181	-15.4511524	Achaia
21.7044957	38.25579108	-7.217356	Achaia
20.59302171	37.07041557	-13.7324546	Achaia
21.69088809	38.23911483	-7.1327251	Achaia
21.13374635	37.62930463	-12.1183959	Achaia
20.73975939	37.20654872	-5.0001739	Achaia
21.13036332	37.64118496	-18.8280762	Achaia
20.69276761	37.16775925	-9.2254378	Achaia
21.24685344	37.7436498	-15.0823829	Achaia
21.57040774	38.1284859	-18.9056045	Achaia
21.03304901	37.52088352	-6.094462	Achaia
20.87351856	37.36088945	-5.7339297	Achaia
21.51696901	38.04093732	-10.4777763	Achaia
20.94072672	37.44632732	-13.7356631	Achaia
20.72135065	37.22226972	-19.3058594	Achaia
21.34764091	37.83831236	-11.4012502	Achaia
21.38919044	37.89745855	-15.5928912	Achaia
20.73545534	37.20895457	-7.8514844	Achaia
21.56577203	38.08778055	-5.5230523	Achaia
20.78478467	37.28993584	-17.1362144	Achaia
21.28030872	37.75474152	-5.7012237	Achaia
21.21408362	37.72254281	-19.7721192	Achaia
20.84773942	37.34444286	-10.4471344	Achaia
21.08845976	37.5852044	-10.3963016	Achaia
21.05792364	37.57598028	-18.9776597	Achaia
20.65999907	37.13766786	-10.1456282	Achaia
21.63928211	38.2073425	-18.5989693	Achaia
20.84459576	37.36427899	-19.7721158	Achaia
21.68943979	38.27110425	-19.7721163	Achaia
21.23531856	37.73237085	-15.1067351	Achaia
21.3970756	37.88019944	-5.5724571	Achaia
20.84192402	37.34674174	-13.9185033	Achaia
21.53865694	38.08006722	-15.0111797	Achaia
20.82997637	37.32445835	-10.4694423	Achaia
21.31689958	37.80946864	-13.0061784	Achaia
21.14706457	37.65860956	-19.7721851	Achaia
21.03948917	37.53007209	-7.1732842	Achaia
21.62351893	38.19201	-19.7721089	Achaia
20.76379685	37.24917947	-10.759548	Achaia
21.06975113	37.56001506	-7.0310098	Achaia
20.98311853	37.50154657	-19.3412613	Achaia
21.12345776	37.62402844	-13.8794305	Achaia
20.79803102	37.29114201	-11.7020918	Achaia
20.56119	37.00800001	-5	Achaia
20.72182667	37.21439598	-16.0238685	Achaia
21.07266696	37.57658841	-13.1385312	Achaia
21.37674033	37.86402603	-8.5961954	Achaia
21.16926336	37.64598221	-5.0001236	Achaia
21.30586003	37.79844189	-13.1711931	Achaia
21.28709977	37.75992072	-5.0000044	Achaia
21.15389762	37.65805458	-16.707107	Achaia
21.6252493	38.17292152	-11.6770707	Achaia
21.02844583	37.5392531	-15.7434788	Achaia
21.04207837	37.56236834	-19.7721495	Achaia
21.19878859	37.6751057	-5.563419	Achaia
20.88717389	37.40339517	-17.6224664	Achaia
21.61512978	38.14563849	-5.7386988	Achaia
21.19585184	37.6710267	-5.0001739	Achaia
20.6232528	37.11277751	-15.9843948	Achaia
21.24399719	37.71947513	-5.8871285	Achaia
21.35263047	37.84334905	-11.1812319	Achaia
21.51062844	38.02695216	-8.1898565	Achaia
21.08083849	37.57905754	-10.841914	Achaia
20.69833862	37.16503423	-5.7093843	Achaia
20.9177486	37.40400824	-5.0000118	Achaia
21.65572656	38.2303397	-19.7721163	Achaia
20.67730874	37.16496214	-14.4786189	Achaia
21.69435354	38.27449644	-18.8180845	Achaia
21.59844411	38.13325523	-8.3173882	Achaia
20.87125242	37.37132745	-11.0037804	Achaia
21.12707328	37.63128712	-15.7345596	Achaia
20.67297025	37.13847251	-4.9999869	Achaia
20.72580343	37.20992187	-12.4892707	Achaia
21.49422837	38.01746934	-12.1433109	Achaia
21.38919918	37.88798056	-12.0723019	Achaia
20.61423364	37.09369686	-12.7976916	Achaia
21.13143656	37.62314663	-10.2410232	Achaia
20.69163619	37.19129825	-19.7721875	Achaia
20.92143114	37.42377053	-11.9975253	Achaia
21.24216653	37.73665953	-14.072663	Achaia
21.26673449	37.76607416	-16.2668829	Achaia
21.26000106	37.73306467	-5	Achaia
21.20747335	37.68693852	-7.0819336	Achaia
20.77674573	37.26788117	-12.1875535	Achaia
20.5510983	37.02513927	-15.969836	Achaia
20.7653131	37.24660474	-9.090794	Achaia
21.27756052	37.75644848	-7.5913706	Achaia
20.62977854	37.10150761	-8.68072	Achaia
20.68295553	37.16090491	-10.3547767	Achaia
21.18841751	37.66695351	-6.2879224	Achaia
21.09186794	37.58483104	-8.8221138	Achaia
20.97599993	37.47173584	-9.8255633	Achaia
20.8899113	37.38226123	-7.5143247	Achaia
20.88844717	37.39051073	-11.5609794	Achaia
20.83144245	37.3418605	-16.6492134	Achaia
21.54941852	38.09175791	-14.444887	Achaia
21.29594031	37.80407463	-19.772108	Achaia
21.41082914	37.93003575	-17.747106	Achaia
21.6198555	38.15682681	-7.9213443	Achaia
21.54724242	38.06632911	-6.0089834	Achaia
21.2643691	37.7532335	-11.785167	Achaia
21.60901998	38.16967086	-17.697855	Achaia
21.52442414	38.07280028	-18.7992789	Achaia
21.12383319	37.60703362	-5.9601455	Achaia
20.88396026	37.39703609	-16.2437015	Achaia
20.94444568	37.42981801	-5.0000059	Achaia
21.47105413	37.97190492	-5.7651094	Achaia
21.54982659	38.09999711	-17.3183399	Achaia
21.007229	37.52715964	-19.7721138	Achaia
21.33522508	37.83296008	-14.6326604	Achaia
20.59280246	37.05590335	-8.4318279	Achaia
20.9781566	37.49291905	-17.8248086	Achaia
20.92542559	37.41152383	-4.9999405	Achaia
21.57962938	38.12045924	-11.6966214	Achaia
21.61072548	38.16662155	-15.7651756	Achaia
21.34331157	37.82145998	-6.447961	Achaia
21.30911344	37.78537279	-6.351107	Achaia
21.54011455	38.05478095	-5.000003	Achaia
21.07364402	37.56957936	-9.6378299	Achaia
21.66426371	38.21105169	-8.6834251	Achaia
21.53120715	38.056244	-9.6050874	Achaia
20.73119216	37.20727278	-9.0655418	Achaia
21.12760751	37.64076214	-19.7721431	Achaia
21.37194185	37.85183814	-5.980191	Achaia
21.20796267	37.71117817	-17.4332671	Achaia
21.07690173	37.59390366	-19.0333785	Achaia
21.65324577	38.22134699	-17.528398	Achaia
21.53100065	38.04905883	-7.0550181	Achaia
21.64413604	38.18018186	-6.0040196	Achaia
21.61225883	38.15795828	-11.7566919	Achaia
20.8773039	37.36505609	-5.8000679	Achaia
20.63359077	37.10486666	-8.2998406	Achaia
21.43790798	37.93427056	-6.9280035	Achaia
20.75165264	37.23837149	-12.0367804	Achaia
20.58536764	37.0772832	-19.7720953	Achaia
21.62668387	38.15718314	-5.0000035	Achaia
21.54673047	38.10278475	-19.7720586	Achaia
20.8534507	37.37396694	-19.7721163	Achaia
21.62309405	38.18379156	-16.810771	Achaia
21.38806174	37.87315181	-6.9561504	Achaia
20.81546717	37.33012635	-19.1257896	Achaia
21.36909385	37.86534282	-12.5370166	Achaia
21.27758705	37.76006739	-9.1132505	Achaia
20.98273372	37.47674644	-9.0646419	Achaia
21.55946379	38.0946411	-10.9471908	Achaia
21.57080596	38.11722198	-14.4341453	Achaia
20.71659351	37.20888675	-16.1129329	Achaia
20.97817561	37.47575404	-10.5918951	Achaia
21.10219908	37.59462225	-9.083867	Achaia
21.06568833	37.55117188	-5.0000367	Achaia
21.46575469	37.96334376	-4.9999244	Achaia
20.86746891	37.37918169	-15.8921421	Achaia
21.20074762	37.68423886	-8.7180486	Achaia
20.85525042	37.37171273	-18.0782745	Achaia
20.56533451	37.01499052	-5.7132154	Achaia
20.8713174	37.36448956	-8.1450381	Achaia
21.12046337	37.61744244	-12.0840795	Achaia
20.58544047	37.07085509	-17.3470249	Achaia
20.92672294	37.42277174	-9.3493221	Achaia
21.47583145	37.98147515	-7.1496524	Achaia
20.85069293	37.33603526	-5.8309205	Achaia
20.57090656	37.0347179	-10.5153083	Achaia
20.62518539	37.11044227	-14.2140917	Achaia
21.58433918	38.10957833	-5.4416099	Achaia
21.40074469	37.91999369	-18.6627564	Achaia
20.7264472	37.20520636	-10.3164112	Achaia
20.89936149	37.38597166	-4.9998038	Achaia
20.82351206	37.31542281	-9.813241	Achaia
21.10114159	37.59787666	-10.9975342	Achaia
20.89572694	37.38478176	-6.0554859	Achaia
20.93495368	37.4531874	-19.1229424	Achaia
20.60403284	37.09864687	-19.2797173	Achaia
20.83466145	37.34838205	-17.7777832	Achaia
21.49453463	38.00137097	-6.0395113	Achaia
21.48442797	38.00776446	-13.0108309	Achaia
20.75716578	37.25038169	-14.1910158	Achaia
21.51675376	38.03610987	-8.7947151	Achaia
21.16400899	37.64725158	-7.7268081	Achaia
20.62846496	37.11518409	-14.6140811	Achaia
20.82209561	37.3289351	-15.7189336	Achaia
21.65279369	38.19435578	-7.5659004	Achaia
21.64320924	38.20904641	-17.4733443	Achaia
21.47282729	37.99476028	-13.4528	Achaia
21.14529442	37.64769924	-15.6113016	Achaia
21.58547227	38.12775407	-11.9320918	Achaia
21.23379186	37.74171089	-19.7722847	Achaia
21.43107539	37.92826579	-7.8436416	Achaia
20.8326702	37.35121542	-19.7718062	Achaia
20.98889618	37.50259167	-17.316604	Achaia
21.3792709	37.89514982	-19.2584053	Achaia
21.29504547	37.78281399	-11.2897448	Achaia
21.69749954	38.25656484	-10.6753389	Achaia
20.899261	37.38898431	-6.3332173	Achaia
21.06800188	37.56753488	-11.071897	Achaia
21.65171994	38.2142023	-15.5459341	Achaia
21.07178632	37.57991489	-14.9723462	Achaia
20.94684731	37.45730023	-15.880972	Achaia
21.37906006	37.87525787	-11.8090189	Achaia
21.26168757	37.7610592	-16.2676165	Achaia
21.50633728	38.04195141	-15.7029822	Achaia
21.63462943	38.18767841	-13.1365928	Achaia
21.0828699	37.59292348	-16.1590118	Achaia
20.84811533	37.36195222	-17.2978096	Achaia
21.66330767	38.22741231	-15.2420003	Achaia
20.8770194	37.39843604	-19.7719478	Achaia
21.31067155	37.79051244	-7.8140503	Achaia
21.60624428	38.17183905	-19.772105	Achaia
21.42047741	37.91020781	-6.0464722	Achaia
20.84047158	37.32527253	-6.1396548	Achaia
20.66095583	37.14543267	-13.0569647	Achaia
21.5734599	38.13417845	-19.7720997	Achaia
21.66781889	38.23861845	-17.3951153	Achaia
20.7017754	37.16670681	-4.9999996	Achaia
21.64561567	38.21810696	-19.7721163	Achaia
20.92984073	37.42150371	-7.4908047	Achaia
20.98862062	37.47950731	-7.7159078	Achaia
21.08679648	37.59909136	-17.3770132	Achaia
21.09413689	37.61088987	-19.7720494	Achaia
21.51037991	38.05801968	-19.7721192	Achaia
21.67365564	38.24009251	-15.3035513	Achaia
20.8928373	37.3917587	-10.234835	Achaia
20.90603569	37.42111432	-17.2854141	Achaia
21.43563893	37.95490987	-15.5951536	Achaia
21.51220493	38.02387686	-6.3325777	Achaia
21.60301318	38.15836685	-16.0544703	Achaia
20.8234279	37.32415837	-13.2569095	Achaia
20.71107174	37.19250936	-11.9798299	Achaia
21.50056227	38.03899189	-17.2354737	Achaia
20.70305912	37.17150003	-6.5542627	Achaia
21.1754326	37.65178098	-5.0000372	Achaia
20.86602297	37.38549475	-19.132	Achaia
20.62951343	37.11903158	-15.7003228	Achaia
20.98485163	37.47129679	-5.867877	Achaia
21.394247	37.89888993	-13.8155594	Achaia
21.10780165	37.61234572	-14.8887869	Achaia
21.26622717	37.7511586	-10.1133226	Achaia
20.64084232	37.13542173	-17.4408985	Achaia
21.58315069	38.11297923	-7.2696719	Achaia
20.94405699	37.46241651	-19.25817	Achaia
21.56640121	38.12606341	-19.7718785	Achaia
20.67676811	37.17661259	-19.772104	Achaia
21.25906734	37.7666624	-19.7722173	Achaia
20.62934797	37.12655067	-18.8086802	Achaia
20.65283274	37.13477428	-11.976712	Achaia
21.16565488	37.65504705	-10.4964645	Achaia
20.63415009	37.09702868	-4.9994659	Achaia
21.35964857	37.84719311	-9.5885762	Achaia
21.4275085	37.94538547	-15.7712881	Achaia
21.29626519	37.79001866	-13.8018604	Achaia
21.32242454	37.82019211	-15.0242837	Achaia
20.85944711	37.37552757	-17.8247354	Achaia
21.38752043	37.86735437	-4.9999869	Achaia
20.95792852	37.44983811	-8.0044541	Achaia
21.11611748	37.59806645	-4.9999786	Achaia
21.37167171	37.86246603	-10.2812002	Achaia
21.34004167	37.84104746	-15.8206761	Achaia
21.57076487	38.10647432	-10.367231	Achaia
20.8510731	37.3597743	-15.1281392	Achaia
21.58313898	38.11624488	-8.5144175	Achaia
20.64624724	37.11793134	-7.9496841	Achaia
21.40028926	37.88251381	-5.0002154	Achaia
21.39912686	37.91008007	-15.732897	Achaia
20.72589267	37.22867808	-19.7720957	Achaia
20.62521949	37.09041409	-6.5818018	Achaia
20.57744508	37.05407005	-14.7395957	Achaia
21.43817894	37.96931011	-19.7721192	Achaia
20.96176089	37.47916826	-19.0212857	Achaia
21.22535091	37.73349278	-19.7721143	Achaia
21.32580808	37.83552906	-19.7721119	Achaia
20.70701492	37.20179413	-17.4801275	Achaia
21.07122365	37.55813063	-5.6031167	Achaia
20.95489651	37.47420807	-19.7721114	Achaia
21.55619003	38.11168899	-18.9042784	Achaia
20.91125244	37.43185411	-19.7721163	Achaia
21.56519121	38.09186967	-7.3156582	Achaia
21.44557835	37.96860124	-16.139094	Achaia
20.63268512	37.10895459	-10.2930708	Achaia
21.372502	37.86606618	-11.2782319	Achaia
21.1948765	37.70398817	-19.7721216	Achaia
21.33599936	37.81261189	-6.0417544	Achaia
21.31437496	37.81078818	-14.6388084	Achaia
20.91939463	37.41374867	-8.4913116	Achaia
20.80111807	37.2840221	-7.5620489	Achaia
20.68107409	37.17762682	-18.4137842	Achaia
21.70268422	38.27992679	-17.0808223	Achaia
21.12115991	37.63487905	-19.7721875	Achaia
20.99346318	37.49106123	-10.5157048	Achaia
21.36395631	37.86154443	-13.3316651	Achaia
21.4300146	37.91921924	-4.9999903	Achaia
21.66137393	38.23524777	-19.0519756	Achaia
21.31845104	37.79178926	-4.9999986	Achaia
20.63464725	37.11806061	-13.0707452	Achaia
20.62402857	37.1064001	-13.1429868	Achaia
21.63537007	38.19536125	-15.7509234	Achaia
20.67150061	37.16595455	-17.3592876	Achaia
21.34326762	37.84232798	-14.922083	Achaia
21.61879826	38.16060069	-9.8417183	Achaia
20.8991386	37.39928597	-10.8142218	Achaia
20.68478379	37.17385154	-15.2173687	Achaia
21.26507046	37.77270068	-19.772148	Achaia
20.60255674	37.07779733	-12.1397452	Achaia
21.079633	37.59796004	-19.7721163	Achaia
21.18614407	37.66188402	-5	Achaia
21.02467868	37.54498057	-19.7720279	Achaia
20.64204889	37.14240192	-19.7718863	Achaia
21.58564821	38.148061	-19.7721128	Achaia
21.16462379	37.67514447	-19.7720997	Achaia
21.21696078	37.72279834	-18.674208	Achaia
20.93611389	37.44971427	-17.1363501	Achaia
21.2263647	37.71706492	-12.2479405	Achaia
20.87233381	37.38847227	-17.6517002	Achaia
21.17741952	37.65584836	-5.9656006	Achaia
20.87389478	37.3639583	-6.810835	Achaia
21.52099084	38.0634442	-16.9238789	Achaia
21.64554622	38.20410303	-14.5528453	Achaia
20.61571795	37.08136975	-7.5058775	Achaia
20.69946612	37.19925756	-19.7721163	Achaia
21.48936591	38.03208177	-19.772106	Achaia
20.84054359	37.34170747	-12.5537461	Achaia
21.2118886	37.69997394	-10.9158152	Achaia
21.07010307	37.5832974	-17.1639336	Achaia
21.0330422	37.52819495	-9.1515157	Achaia
21.05375685	37.56568254	-16.2190132	Achaia
20.80588225	37.29419764	-9.3885174	Achaia
21.38320771	37.88851055	-14.9736192	Achaia
20.64045252	37.10895715	-6.8606358	Achaia
21.1700799	37.65510489	-8.6851604	Achaia
21.05175086	37.53724565	-5.0000142	Achaia
20.91433652	37.4333605	-19.1365933	Achaia
21.08275764	37.56762949	-5.0000122	Achaia
20.94468535	37.44344888	-10.8289461	Achaia
21.4295062	37.95153011	-17.1346084	Achaia
20.87663376	37.36243153	-4.9996714	Achaia
21.56331542	38.10530648	-13.2723827	Achaia
21.00077721	37.50789376	-14.4823045	Achaia
20.95362109	37.4386442	-5.0001622	Achaia
21.55353958	38.09813575	-14.9402808	Achaia
20.59367099	37.08741763	-19.7720391	Achaia
21.58312342	38.13236381	-14.7726539	Achaia
21.18882445	37.6785431	-11.2213269	Achaia
20.71361987	37.19102757	-10.2687232	Achaia
21.06735646	37.56249778	-9.1120415	Achaia
21.4593013	37.96076055	-6.9826465	Achaia
21.36578809	37.86873793	-15.31595	Achaia
20.87860659	37.37041624	-7.4650904	Achaia
21.27618768	37.77244386	-14.9315435	Achaia
20.72843451	37.20084374	-7.6997652	Achaia
20.91078527	37.40396503	-7.916358	Achaia
21.30680338	37.79100104	-9.6778394	Achaia
20.83968194	37.35362283	-17.6555015	Achaia
21.45170868	37.98055141	-17.7762945	Achaia
21.61069437	38.13869977	-4.9999986	Achaia
21.14340856	37.63900548	-12.4929987	Achaia
21.4232853	37.94811362	-18.7040503	Achaia
21.19870361	37.6859475	-10.3156463	Achaia
20.75529095	37.22790187	-6.3766026	Achaia
21.0520084	37.55012188	-10.3579815	Achaia
20.96303448	37.44785387	-4.9999961	Achaia
21.38977017	37.88462067	-10.5395812	Achaia
20.73516873	37.23125372	-16.6422955	Achaia
21.22144714	37.70505743	-9.1270247	Achaia
21.59781428	38.13807195	-10.4749168	Achaia
21.00124192	37.49257027	-7.8336319	Achaia
21.524794	38.0456298	-8.6268572	Achaia
21.4077156	37.92303855	-16.5992779	Achaia
20.54292069	37.01863323	-17.2731665	Achaia
20.65337988	37.14282991	-15.1480398	Achaia
21.36252833	37.86828244	-16.6085415	Achaia
21.38230106	37.90026415	-19.7722037	Achaia
21.69783467	38.28124923	-19.7721167	Achaia
21.44008403	37.93174101	-4.999834	Achaia
20.70207507	37.17336035	-7.7699483	Achaia
20.69674015	37.18387556	-14.4720039	Achaia
20.75960484	37.22933673	-5.000024	Achaia
21.46642895	37.97272755	-8.1740215	Achaia
21.53781671	38.07080197	-11.9578244	Achaia
21.34074745	37.85025598	-19.1535557	Achaia
21.71265391	38.26219496	-5.9224878	Achaia
20.69933875	37.19056056	-16.1702503	Achaia
20.57450265	37.0639947	-19.7721158	Achaia
21.37226206	37.84970602	-5.0000098	Achaia
21.50085939	38.01703303	-8.962313	Achaia
21.69307225	38.24585006	-8.6663892	Achaia
20.77440591	37.25313901	-7.5380977	Achaia
20.55653636	37.01732071	-10.5857063	Achaia
20.70254644	37.19746662	-17.7040225	Achaia
20.70041666	37.17525875	-9.2825862	Achaia
21.61668364	38.14550944	-5.0002305	Achaia
21.70839694	38.26331956	-8.2714087	Achaia
21.37609136	37.88358401	-16.3052969	Achaia
21.36439019	37.84879836	-8.1228946	Achaia
21.30985869	37.79730486	-10.9808559	Achaia
21.22604894	37.70476608	-7.0681133	Achaia
20.94815865	37.44316497	-9.2475899	Achaia
20.90768881	37.39414129	-5.0000093	Achaia
21.30195126	37.78196795	-7.9960772	Achaia
20.62912145	37.1126081	-13.3091779	Achaia
21.71327771	38.27242069	-9.4716426	Achaia
20.66959046	37.16970803	-19.7719869	Achaia
20.76336808	37.27204473	-19.7720904	Achaia
21.2657215	37.77180808	-19.119771	Achaia
21.27589592	37.77775343	-17.2977662	Achaia
20.61111436	37.09485416	-14.6461202	Achaia
20.84850146	37.36720134	-19.230461	Achaia
21.21954703	37.69884778	-7.2259063	Achaia
20.63640766	37.10289648	-6.2770669	Achaia
20.65759821	37.12277046	-5.0000298	Achaia
21.59382074	38.14636098	-15.4793233	Achaia
20.67307586	37.15804738	-13.317018	Achaia
21.32172995	37.81184759	-11.9246107	Achaia
21.36643411	37.87387239	-16.9700381	Achaia
20.97190773	37.48203512	-15.9090867	Achaia
20.88762224	37.37595192	-5.8832681	Achaia
21.68851185	38.25433121	-13.9086628	Achaia
21.59656961	38.1248458	-5.870941	Achaia
21.03422439	37.55251593	-18.9204082	Achaia
21.15349114	37.66464384	-19.7721407	Achaia
21.41614378	37.90970264	-7.8375415	Achaia
21.6653775	38.22312873	-12.7003484	Achaia
21.13481786	37.64141571	-17.1023863	Achaia
21.24457585	37.73434531	-12.0645915	Achaia
21.69995842	38.27282509	-15.6540037	Achaia
20.72146613	37.18646432	-5	Achaia
21.24869128	37.72890305	-7.9914664	Achaia
20.70886269	37.18282919	-8.853042	Achaia
20.78507667	37.28007483	-13.177667	Achaia
21.54048972	38.06197254	-7.4758233	Achaia
21.15591107	37.65392475	-14.0418892	Achaia
20.64571335	37.11167144	-5.6569556	Achaia
20.66642365	37.14052364	-8.646878	Achaia
20.54616386	37.025946	-18.5164873	Achaia
21.10070184	37.59035825	-7.7488023	Achaia
20.62503142	37.1042692	-11.8690362	Achaia
20.93203802	37.43347861	-11.782862	Achaia
20.64355354	37.10769757	-4.9999205	Achaia
21.21604001	37.71005953	-13.5602243	Achaia
21.59491828	38.14040687	-12.6715042	Achaia
21.49437507	38.02753596	-15.8067181	Achaia
21.32818051	37.80774851	-7.4515025	Achaia
21.53675716	38.08789109	-18.7753521	Achaia
21.0938381	37.57803303	-4.9999336	Achaia
20.98162723	37.48335556	-12.3183419	Achaia
20.64024036	37.11595324	-9.778615	Achaia
21.20724976	37.70159322	-13.5588106	Achaia
21.35416191	37.82951162	-5.0002388	Achaia
21.24147877	37.72420775	-8.988471	Achaia
20.68704357	37.18107141	-17.4209971	Achaia
21.02130038	37.50623457	-5.0000005	Achaia
21.11698459	37.60767242	-9.0285755	Achaia
20.79856659	37.30541107	-17.0038355	Achaia
20.71962707	37.21538424	-17.384042	Achaia
20.6248284	37.11828325	-17.4479727	Achaia
20.88638463	37.39512096	-14.3987094	Achaia
20.82302195	37.31856163	-11.2526741	Achaia
21.59602097	38.15240573	-16.8631817	Achaia
20.62884782	37.12839041	-19.7719986	Achaia
21.35161716	37.83893304	-9.8973216	Achaia
20.90660966	37.4146002	-14.2448584	Achaia
21.65792426	38.2002102	-7.4990948	Achaia
21.27282715	37.76065787	-11.3875981	Achaia
20.88764251	37.38597881	-10.0295503	Achaia
21.21391458	37.6972113	-8.8661914	Achaia
20.83120911	37.31992653	-8.1474551	Achaia
20.57738588	37.03140869	-6.3344913	Achaia
20.85775121	37.3532257	-9.5762622	Achaia
20.8380757	37.34585013	-15.2727354	Achaia
20.65893259	37.12740141	-6.3140415	Achaia
21.33107028	37.81662969	-9.8163287	Achaia
20.85893104	37.37181477	-16.5097554	Achaia
21.29338023	37.7989479	-18.7442198	Achaia
21.49101811	38.03145765	-18.7888477	Achaia
21.37958085	37.85972625	-5.6897422	Achaia
20.70614742	37.17215051	-5.5295669	Achaia
21.36171822	37.84041865	-6.0108511	Achaia
21.0578598	37.57771392	-19.772126	Achaia
21.08798212	37.59406764	-14.6064903	Achaia
20.96697344	37.47646323	-15.662138	Achaia
21.55816225	38.1091509	-17.0523789	Achaia
20.6563975	37.13123255	-8.9807019	Achaia
21.18243959	37.69205057	-19.7721509	Achaia
21.15710763	37.64367504	-8.9561492	Achaia
21.32784206	37.82927382	-16.3491204	Achaia
21.43655887	37.92877808	-5.5262681	Achaia
21.06049186	37.55122782	-7.227354	Achaia
21.21371392	37.68925258	-5.4820157	Achaia
21.16311101	37.65045227	-9.5271038	Achaia
20.7014231	37.19982693	-19.1538228	Achaia
20.84468572	37.34552389	-12.2197739	Achaia
20.92072616	37.40857266	-5.7062754	Achaia
20.80668699	37.31872658	-18.5830337	Achaia
21.49215	38.00847312	-9.757896	Achaia
21.18562055	37.68139857	-13.8048759	Achaia
21.1791888	37.68201448	-16.7539932	Achaia
20.98432793	37.46870165	-5.0000938	Achaia
21.64655584	38.21692565	-18.9034698	Achaia
20.62950298	37.10928723	-11.8451781	Achaia
20.6200467	37.10539575	-14.5367798	Achaia
21.28262518	37.78771853	-18.6449986	Achaia
21.52345747	38.03602746	-5.7048628	Achaia
21.44269202	37.95336617	-11.8105661	Achaia
21.20414144	37.71288099	-19.77221	Achaia
21.55511237	38.09065772	-11.445858	Achaia
21.58141624	38.1180444	-9.9747837	Achaia
21.13917624	37.6513781	-19.7721153	Achaia
20.66169468	37.15971409	-18.8438555	Achaia
20.9643311	37.47851241	-17.6547803	Achaia
20.74528135	37.21288824	-4.9999996	Achaia
21.14490976	37.63393747	-9.6082449	Achaia
20.70817447	37.19419411	-13.9248133	Achaia
20.77621941	37.27600777	-15.5620667	Achaia
21.10086546	37.58447963	-4.9999341	Achaia
20.87915248	37.39938645	-19.2796646	Achaia
21.19896251	37.70297125	-17.6213052	Achaia
21.57360775	38.11463679	-12.1914049	Achaia
21.01642144	37.50307627	-5.7733921	Achaia
21.67622298	38.23865924	-13.6039881	Achaia
20.77435547	37.28475	-19.7720801	Achaia
21.16784733	37.66137226	-12.3706702	Achaia
20.69425503	37.15948625	-4.9999864	Achaia
21.01173265	37.52237107	-15.842118	Achaia
21.374838	37.89122886	-19.7721812	Achaia
20.79645368	37.29941557	-15.6150664	Achaia
21.66443046	38.20466209	-6.2156353	Achaia
21.30006603	37.77298529	-4.9999864	Achaia
21.23627719	37.70992211	-4.9999991	Achaia
20.8322468	37.33160634	-12.2690967	Achaia
20.61305366	37.07448796	-6.1354756	Achaia
20.99519915	37.49739796	-12.4429893	Achaia
20.71828773	37.21761446	-18.8613936	Achaia
20.91294743	37.41742154	-12.7861049	Achaia
