15.70655799	40.76	-1.9999999	Andretta-Filano
15.70797647	40.76219349	-2.5223216	Andretta-Filano
15.54732459	40.8705151	-11.8334479	Andretta-Filano
15.39012217	40.92017313	-10.1298137	Andretta-Filano
15.25016322	40.93529359	-3.0229925	Andretta-Filano
15.2966074	40.91754555	-2.936056	Andretta-Filano
15.28791055	40.93235322	-5.1582867	Andretta-Filano
15.52001205	40.88691817	-13.0309984	Andretta-Filano
15.59013561	40.83800222	-8.6508044	Andretta-Filano
15.41605644	40.92256914	-12.445078	Andretta-Filano
15.72550936	40.80590741	-12.1656493	Andretta-Filano
15.69750015	40.81009263	-10.9670843	Andretta-Filano
15.47589808	40.89289247	-11.0242716	Andretta-Filano
15.47957729	40.8877981	-10.3087788	Andretta-Filano
15.55171343	40.88348994	-14.6392347	Andretta-Filano
15.39311202	40.88841575	-4.2435472	Andretta-Filano
15.56680121	40.85297184	-9.8571504	Andretta-Filano
15.62723482	40.79115779	-2.3098744	Andretta-Filano
15.71068854	40.76638711	-3.5209569	Andretta-Filano
15.63670177	40.78779602	-2.3413363	Andretta-Filano
15.4451809	40.88534009	-7.376631	Andretta-Filano
15.43355944	40.88912569	-7.2726063	Andretta-Filano
15.59569191	40.85090849	-11.5262792	Andretta-Filano
15.71246726	40.7691373	-4.175889	Andretta-Filano
15.67914264	40.79521099	-6.7983205	Andretta-Filano
15.40550737	40.93775161	-14.6074354	Andretta-Filano
15.35750349	40.91108607	-6.0513817	Andretta-Filano
15.47396747	40.86223466	-4.9979366	Andretta-Filano
15.2996908	40.95970839	-11.2569996	Andretta-Filano
15.71393734	40.77141014	-4.7171542	Andretta-Filano
15.64945019	40.80332611	-6.233629	Andretta-Filano
15.68530609	40.78984465	-6.2086803	Andretta-Filano
15.6743545	40.81122368	-9.5302069	Andretta-Filano
15.55366615	40.83588959	-5.637983	Andretta-Filano
15.35981356	40.91935107	-7.8042296	Andretta-Filano
15.71574555	40.77420563	-5.3829117	Andretta-Filano
15.44812664	40.86714555	-4.0931747	Andretta-Filano
15.66022123	40.78564998	-3.6109584	Andretta-Filano
15.25152377	40.93162485	-2.4154217	Andretta-Filano
15.64484815	40.8251584	-10.0959842	Andretta-Filano
15.67780927	40.78046978	-3.8734564	Andretta-Filano
15.46925845	40.91520986	-14.83612	Andretta-Filano
15.39292897	40.88507729	-3.5892923	Andretta-Filano
15.71755389	40.77700104	-6.0486688	Andretta-Filano
15.68674942	40.79770828	-7.8213142	Andretta-Filano
15.31314369	40.93732375	-7.9187588	Andretta-Filano
15.34705777	40.91151102	-5.385618	Andretta-Filano
15.53835266	40.88541889	-14.0546722	Andretta-Filano
15.7031732	40.79598501	-8.6643363	Andretta-Filano
15.44893529	40.90036861	-10.5317033	Andretta-Filano
15.53565847	40.8236475	-1.9999999	Andretta-Filano
15.6666183	40.8008242	-6.9808391	Andretta-Filano
15.34368989	40.93082254	-8.8544559	Andretta-Filano
15.71968569	40.78029634	-6.8335044	Andretta-Filano
15.45258196	40.90642873	-11.9565858	Andretta-Filano
15.56391505	40.85714383	-10.4518666	Andretta-Filano
15.59859548	40.83231049	-8.1627349	Andretta-Filano
15.68421169	40.83599402	-14.9903817	Andretta-Filano
15.39959028	40.90718073	-8.3111602	Andretta-Filano
15.56280447	40.84284084	-7.6261272	Andretta-Filano
15.67691039	40.83241569	-13.7813275	Andretta-Filano
15.72164112	40.78331883	-7.5533875	Andretta-Filano
15.7257303	40.81551372	-14.0255746	Andretta-Filano
15.33879183	40.90062329	-2.7029686	Andretta-Filano
15.68200044	40.8226789	-12.2759452	Andretta-Filano
15.39658757	40.91349751	-9.3097956	Andretta-Filano
15.39055006	40.89384556	-5.1031449	Andretta-Filano
15.27990721	40.97747921	-13.2569769	Andretta-Filano
15.69587012	40.76995056	-3.145454	Andretta-Filano
15.72344963	40.78611397	-8.2191447	Andretta-Filano
15.29770043	40.97014829	-13.1208153	Andretta-Filano
15.51052289	40.83300762	-2.0000018	Andretta-Filano
15.53273125	40.85284338	-7.3964208	Andretta-Filano
15.59838577	40.84636824	-10.8469906	Andretta-Filano
15.26125791	40.93539971	-3.8369212	Andretta-Filano
15.53433766	40.84398276	-5.8098353	Andretta-Filano
15.67536724	40.78916541	-5.3680262	Andretta-Filano
15.59672206	40.86099834	-13.5375902	Andretta-Filano
15.29121399	40.94935928	-8.661968	Andretta-Filano
15.62381792	40.79540507	-2.8809105	Andretta-Filano
15.38880298	40.92423874	-10.8165448	Andretta-Filano
15.44454633	40.91075847	-12.2136869	Andretta-Filano
15.4910146	40.88522124	-10.6314989	Andretta-Filano
15.46386465	40.85160705	-2.2347743	Andretta-Filano
15.72587577	40.78986342	-9.1122337	Andretta-Filano
15.53419846	40.8711542	-11.0178277	Andretta-Filano
15.32838954	40.94623023	-10.7204701	Andretta-Filano
15.72775789	40.79277198	-9.8050533	Andretta-Filano
15.42406205	40.90398155	-9.447148	Andretta-Filano
15.49932678	40.86098855	-6.5720052	Andretta-Filano
15.62844117	40.8370777	-11.2120223	Andretta-Filano
15.63458341	40.82418879	-9.1761698	Andretta-Filano
15.41159751	40.90740443	-9.2130434	Andretta-Filano
15.30502622	40.92332235	-4.6481544	Andretta-Filano
15.26981272	40.95918793	-9.0197109	Andretta-Filano
15.61230443	40.82342163	-7.4363384	Andretta-Filano
15.60856162	40.84228021	-10.7894813	Andretta-Filano
15.59599412	40.8151047	-4.673515	Andretta-Filano
15.72940486	40.7953169	-10.4112718	Andretta-Filano
15.57864529	40.83023579	-6.3382459	Andretta-Filano
15.55875956	40.8292945	-4.7361053	Andretta-Filano
15.73102243	40.79781631	-11.0066639	Andretta-Filano
15.34258818	40.90892165	-4.5684757	Andretta-Filano
15.52451254	40.8703152	-10.1643279	Andretta-Filano
15.37365387	40.94549564	-13.8171869	Andretta-Filano
15.46884289	40.88440199	-8.8889732	Andretta-Filano
15.4091335	40.92380856	-12.1879769	Andretta-Filano
15.31068536	40.96427108	-12.9203773	Andretta-Filano
15.58335521	40.87353826	-14.9903812	Andretta-Filano
15.62625246	40.85563971	-14.6196141	Andretta-Filano
15.28457639	40.92630822	-3.7584378	Andretta-Filano
15.46175594	40.88886299	-9.238754	Andretta-Filano
15.44202705	40.90899314	-11.6944098	Andretta-Filano
15.48800088	40.86332657	-6.2110487	Andretta-Filano
15.73287537	40.80067917	-11.6886593	Andretta-Filano
15.3159385	40.95396816	-11.3165382	Andretta-Filano
15.39513977	40.90618219	-7.8010172	Andretta-Filano
15.41653474	40.90404016	-8.9200984	Andretta-Filano
15.34688418	40.90121953	-3.3964662	Andretta-Filano
15.56226474	40.82604401	-4.3626283	Andretta-Filano
15.28598446	40.94297146	-7.0604977	Andretta-Filano
15.73478718	40.80363285	-12.3923045	Andretta-Filano
15.50177749	40.87036905	-8.5486404	Andretta-Filano
15.58458065	40.85777088	-12.0499552	Andretta-Filano
15.43819923	40.8798119	-5.8155863	Andretta-Filano
15.47126336	40.90121981	-12.2921705	Andretta-Filano
15.27635733	40.93191004	-4.2465917	Andretta-Filano
15.70236998	40.76156032	-1.9999999	Andretta-Filano
15.37936709	40.94134835	-13.4291805	Andretta-Filano
15.42270536	40.87004686	-2.8321961	Andretta-Filano
15.39203936	40.90980393	-8.2749629	Andretta-Filano
15.73636081	40.80606386	-12.9714598	Andretta-Filano
15.32332588	40.91450208	-4.2624916	Andretta-Filano
15.56109609	40.84635092	-8.1778725	Andretta-Filano
15.7384345	40.80926728	-13.7346444	Andretta-Filano
15.64282222	40.79706243	-4.5574811	Andretta-Filano
15.60599897	40.81989952	-6.3093216	Andretta-Filano
15.50146624	40.88151078	-10.6661742	Andretta-Filano
15.25658448	40.9317587	-2.8031029	Andretta-Filano
15.27437302	40.92361196	-2.5104813	Andretta-Filano
15.49440089	40.90665258	-14.9903807	Andretta-Filano
15.27943128	40.97414657	-12.5824244	Andretta-Filano
15.44497528	40.87780812	-5.9153822	Andretta-Filano
15.66638926	40.82978582	-12.5242384	Andretta-Filano
15.67029734	40.82599068	-12.0749876	Andretta-Filano
15.70583866	40.78277319	-6.3189632	Andretta-Filano
15.63315203	40.81642443	-7.5831575	Andretta-Filano
15.74080247	40.81292493	-14.6060824	Andretta-Filano
15.69951002	40.82394263	-13.7698265	Andretta-Filano
15.65846767	40.82074136	-10.2214905	Andretta-Filano
15.74184676	40.81453789	-14.9903807	Andretta-Filano
15.51884646	40.87899432	-11.4258063	Andretta-Filano
15.50790285	40.8357185	-2.3332176	Andretta-Filano
15.28805193	40.92912915	-4.5490238	Andretta-Filano
15.47212901	40.90408169	-12.9038016	Andretta-Filano
15.52529078	40.89515402	-14.9903807	Andretta-Filano
15.49075942	40.84880791	-3.6204149	Andretta-Filano
15.60247978	40.8096385	-4.0879334	Andretta-Filano
15.59109994	40.81916357	-5.1028065	Andretta-Filano
15.36151027	40.89910858	-4.0371957	Andretta-Filano
15.3850019	40.90451161	-6.7550209	Andretta-Filano
15.6414128	40.84130843	-12.9515082	Andretta-Filano
15.65568341	40.79719122	-5.5016512	Andretta-Filano
15.6913634	40.82616932	-13.6152284	Andretta-Filano
15.39683555	40.92632681	-11.7921764	Andretta-Filano
15.36663965	40.91491487	-7.4404155	Andretta-Filano
15.41369454	40.87105397	-2.3812523	Andretta-Filano
15.48832419	40.86878331	-7.2820785	Andretta-Filano
15.27636871	40.95767106	-9.1971447	Andretta-Filano
15.59999383	40.82755177	-7.3490603	Andretta-Filano
15.60123597	40.8149939	-5.0270289	Andretta-Filano
15.59646532	40.82085186	-5.8105121	Andretta-Filano
15.32127023	40.9636482	-13.558057	Andretta-Filano
15.61928413	40.82892231	-8.9914681	Andretta-Filano
15.25434237	40.93810971	-3.8629696	Andretta-Filano
15.33895516	40.95100521	-12.3936578	Andretta-Filano
15.31442978	40.97364879	-14.9903807	Andretta-Filano
15.33277938	40.96207722	-14.0797191	Andretta-Filano
15.29918845	40.92159629	-3.898828	Andretta-Filano
15.68794304	40.77380903	-3.3193353	Andretta-Filano
15.63167197	40.79582545	-3.5229872	Andretta-Filano
15.30626628	40.93066608	-6.1476317	Andretta-Filano
15.45674341	40.85920471	-3.1847093	Andretta-Filano
15.71081258	40.77180212	-4.568984	Andretta-Filano
15.42321192	40.91510195	-11.5225702	Andretta-Filano
15.54923786	40.84036159	-6.1799259	Andretta-Filano
15.54648683	40.8603601	-9.8233216	Andretta-Filano
15.62972033	40.84388423	-12.6103373	Andretta-Filano
15.36047822	40.93918249	-11.6615956	Andretta-Filano
15.2776539	40.96678096	-11.0397323	Andretta-Filano
15.44064186	40.87629352	-5.314577	Andretta-Filano
15.67240836	40.80308877	-7.8294465	Andretta-Filano
15.36993044	40.93876864	-12.2583421	Andretta-Filano
15.26098819	40.92593891	-1.9999999	Andretta-Filano
15.43636332	40.87579068	-4.9120106	Andretta-Filano
15.57698423	40.84652917	-9.3482066	Andretta-Filano
15.55864144	40.85557721	-9.7739313	Andretta-Filano
15.7342112	40.81247724	-14.0489164	Andretta-Filano
15.34197061	40.96080009	-14.4915726	Andretta-Filano
15.61851046	40.83923364	-10.9158324	Andretta-Filano
15.71711089	40.806758	-11.7285775	Andretta-Filano
15.58963207	40.82490478	-6.1000892	Andretta-Filano
15.65091165	40.78072437	-1.9999994	Andretta-Filano
15.59892268	40.83605914	-8.905876	Andretta-Filano
15.40190438	40.89593116	-6.3159186	Andretta-Filano
15.61223674	40.81613898	-6.0334459	Andretta-Filano
15.48409713	40.84800163	-2.9891634	Andretta-Filano
15.47115117	40.88033165	-8.2722694	Andretta-Filano
15.55464037	40.86301433	-10.9160021	Andretta-Filano
15.43849573	40.86121352	-2.2652201	Andretta-Filano
15.71662188	40.78175845	-6.8950736	Andretta-Filano
15.4275894	40.93152371	-14.9903807	Andretta-Filano
15.34470044	40.92238128	-7.3050823	Andretta-Filano
15.53729486	40.86343679	-9.7570165	Andretta-Filano
15.63483232	40.85437565	-14.9903851	Andretta-Filano
15.52177685	40.85279734	-6.6044804	Andretta-Filano
15.59565064	40.80130496	-2.0000008	Andretta-Filano
15.68824299	40.8228431	-12.7536058	Andretta-Filano
15.31959858	40.94993215	-10.8030243	Andretta-Filano
15.56429699	40.87308132	-13.5397884	Andretta-Filano
15.3723124	40.88823918	-2.7219134	Andretta-Filano
15.51332879	40.89218944	-13.5654984	Andretta-Filano
15.43425891	40.91390949	-12.0834474	Andretta-Filano
15.37895798	40.89401452	-4.3064696	Andretta-Filano
15.66721967	40.78298131	-3.5987625	Andretta-Filano
15.54756261	40.82098598	-2.3403216	Andretta-Filano
15.41614502	40.91291389	-10.5966554	Andretta-Filano
15.64717451	40.81192082	-7.7208419	Andretta-Filano
15.27911193	40.96283074	-10.3848851	Andretta-Filano
15.65962688	40.80874276	-8.000947	Andretta-Filano
15.32096413	40.91002964	-3.2344247	Andretta-Filano
15.32304582	40.94578942	-10.2536407	Andretta-Filano
15.4844067	40.87399728	-8.0033152	Andretta-Filano
15.66939033	40.77883154	-2.9573631	Andretta-Filano
15.39023583	40.92710372	-11.4694466	Andretta-Filano
15.43293566	40.87065516	-3.6806307	Andretta-Filano
15.60899929	40.85227898	-12.7407445	Andretta-Filano
15.54790887	40.85237178	-8.3909969	Andretta-Filano
15.38563711	40.9312945	-11.9457611	Andretta-Filano
15.51192284	40.86665594	-8.5611581	Andretta-Filano
15.5003704	40.87448296	-9.2380779	Andretta-Filano
15.57531207	40.81274286	-2.7415345	Andretta-Filano
15.30428066	40.97742696	-14.9903807	Andretta-Filano
15.5380613	40.82561071	-2.5487084	Andretta-Filano
15.27512209	40.97397242	-12.2407506	Andretta-Filano
15.45413792	40.89273211	-9.4369931	Andretta-Filano
15.45896837	40.88022724	-7.3808641	Andretta-Filano
15.27605665	40.94715194	-7.1535278	Andretta-Filano
15.51932067	40.82973193	-1.9999999	Andretta-Filano
15.34001799	40.9350985	-9.4133128	Andretta-Filano
15.63036742	40.82175675	-8.4079116	Andretta-Filano
15.65391839	40.78376756	-2.7990501	Andretta-Filano
15.45367168	40.87338887	-5.6887264	Andretta-Filano
15.29038619	40.91718448	-2.4215101	Andretta-Filano
15.33998916	40.94650422	-11.602733	Andretta-Filano
15.5634366	40.86936787	-12.7651019	Andretta-Filano
15.43886824	40.89367108	-8.5252984	Andretta-Filano
15.31682205	40.94059196	-8.8098137	Andretta-Filano
15.37250667	40.88440806	-1.9999999	Andretta-Filano
15.33315768	40.92434261	-6.8561695	Andretta-Filano
15.67721229	40.82250983	-11.9011063	Andretta-Filano
15.37084862	40.94267285	-13.0741292	Andretta-Filano
15.45534248	40.85355728	-2.0000003	Andretta-Filano
15.58298568	40.83983584	-8.4918076	Andretta-Filano
15.73112808	40.80265527	-11.9430541	Andretta-Filano
15.3377837	40.95571733	-13.215368	Andretta-Filano
15.70457904	40.82619463	-14.564472	Andretta-Filano
15.40685183	40.87588673	-2.8202015	Andretta-Filano
15.65793682	40.84577607	-14.9903807	Andretta-Filano
15.66537059	40.80560782	-7.8098116	Andretta-Filano
15.37684539	40.90544916	-6.3517779	Andretta-Filano
15.52778648	40.842879	-5.1295318	Andretta-Filano
15.58151819	40.82238172	-5.0356559	Andretta-Filano
15.46735886	40.91286002	-14.2488465	Andretta-Filano
15.60889939	40.84907467	-12.1182889	Andretta-Filano
15.69987077	40.7994387	-9.0912595	Andretta-Filano
15.39084945	40.94314194	-14.5949193	Andretta-Filano
15.45377225	40.87025743	-5.0946092	Andretta-Filano
15.3089248	40.95741101	-11.476212	Andretta-Filano
15.56000106	40.83942276	-6.7694126	Andretta-Filano
15.5379016	40.88183553	-13.3341073	Andretta-Filano
15.60117238	40.86383812	-14.4010775	Andretta-Filano
15.36615405	40.91923735	-8.2360707	Andretta-Filano
15.53313223	40.89223398	-14.9903905	Andretta-Filano
15.73428924	40.80941053	-13.4657875	Andretta-Filano
15.65321616	40.81064204	-7.9072405	Andretta-Filano
15.31801558	40.914514	-3.8849584	Andretta-Filano
15.41523376	40.93031168	-13.873682	Andretta-Filano
15.59100427	40.84261888	-9.5993728	Andretta-Filano
15.34849269	40.93669376	-10.3260223	Andretta-Filano
15.6269917	40.85729524	-14.9903807	Andretta-Filano
15.36720379	40.89233946	-3.1441009	Andretta-Filano
15.36830243	40.90293422	-5.257744	Andretta-Filano
15.71802799	40.82340672	-14.9903807	Andretta-Filano
15.69202044	40.79037421	-6.7902029	Andretta-Filano
15.32384358	40.93887288	-8.9816528	Andretta-Filano
15.39661328	40.92298648	-11.1345384	Andretta-Filano
15.682868	40.80909874	-9.7306307	Andretta-Filano
15.56259544	40.84872774	-8.7414666	Andretta-Filano
15.71226179	40.7860017	-7.3977737	Andretta-Filano
15.55506375	40.81889994	-2.4763334	Andretta-Filano
15.73933334	40.81547392	-14.9903807	Andretta-Filano
15.60581896	40.80104178	-2.6765951	Andretta-Filano
15.63996511	40.83602139	-11.8327704	Andretta-Filano
15.48604026	40.86649816	-6.6799201	Andretta-Filano
15.48092721	40.85966094	-5.0013194	Andretta-Filano
15.39867943	40.94089164	-14.7224544	Andretta-Filano
15.3493756	40.89730741	-2.8234208	Andretta-Filano
15.40053762	40.93588648	-13.893641	Andretta-Filano
15.3104842	40.93513764	-7.3084792	Andretta-Filano
15.68696487	40.80071022	-8.4129855	Andretta-Filano
15.51098572	40.87497962	-10.0926017	Andretta-Filano
15.42061437	40.88080847	-4.7494598	Andretta-Filano
15.36514421	40.88714963	-1.9999999	Andretta-Filano
15.62444673	40.79903395	-3.6224447	Andretta-Filano
15.55625078	40.85182175	-8.8818572	Andretta-Filano
15.58213912	40.85199281	-10.7658011	Andretta-Filano
15.59340858	40.84541115	-10.3074164	Andretta-Filano
15.31221274	40.97255193	-14.6209667	Andretta-Filano
15.25400231	40.94124522	-4.4411095	Andretta-Filano
15.51275365	40.83762482	-3.0459964	Andretta-Filano
15.36727848	40.92401179	-9.2336966	Andretta-Filano
15.65875009	40.77780487	-2.0000106	Andretta-Filano
15.64883755	40.79267537	-4.1454427	Andretta-Filano
15.58398683	40.86840756	-14.0502835	Andretta-Filano
15.58939678	40.86443512	-13.6740985	Andretta-Filano
15.30657863	40.97517746	-14.7224544	Andretta-Filano
15.40081827	40.88625692	-4.3802176	Andretta-Filano
15.5739743	40.85062078	-9.9187286	Andretta-Filano
15.69274433	40.83176706	-14.7887611	Andretta-Filano
15.34772049	40.96125579	-14.9903802	Andretta-Filano
15.34471268	40.95215077	-13.0255858	Andretta-Filano
15.69103606	40.7695935	-2.7313851	Andretta-Filano
15.53171207	40.86317212	-9.3070899	Andretta-Filano
15.5427188	40.86450385	-10.3497027	Andretta-Filano
15.27875768	40.9796037	-13.5830897	Andretta-Filano
15.73224494	40.81651352	-14.6832127	Andretta-Filano
15.52530641	40.89148829	-14.2874125	Andretta-Filano
15.6947324	40.79904322	-8.648098	Andretta-Filano
15.59446322	40.81126795	-3.8275335	Andretta-Filano
15.47565797	40.87559843	-7.685321	Andretta-Filano
15.38794911	40.87865664	-1.9999984	Andretta-Filano
15.27411928	40.95185203	-7.918066	Andretta-Filano
15.68615574	40.83232752	-14.4254408	Andretta-Filano
15.31306409	40.93159212	-6.8118607	Andretta-Filano
15.53205523	40.88461731	-13.4504916	Andretta-Filano
15.43747688	40.89849514	-9.3524204	Andretta-Filano
15.56743541	40.81181307	-1.9999999	Andretta-Filano
15.58663052	40.82234329	-5.3937372	Andretta-Filano
15.44659962	40.89096328	-8.5581127	Andretta-Filano
15.71396611	40.7772729	-5.8443414	Andretta-Filano
15.40403169	40.91980548	-11.0540248	Andretta-Filano
15.29576739	40.91298523	-2.0000125	Andretta-Filano
15.65133775	40.78864731	-3.5510643	Andretta-Filano
15.33887948	40.9251687	-7.4241605	Andretta-Filano
15.63591292	40.79840888	-4.3220306	Andretta-Filano
15.43199577	40.86798142	-3.099954	Andretta-Filano
15.40111796	40.89290215	-5.6779017	Andretta-Filano
15.32763262	40.93302378	-8.1288213	Andretta-Filano
15.35478584	40.95862601	-14.9903807	Andretta-Filano
15.61448945	40.83802561	-10.3963869	Andretta-Filano
15.55327216	40.84817592	-7.9688095	Andretta-Filano
15.59045816	40.85001425	-10.9804461	Andretta-Filano
15.57066151	40.82053253	-3.904578	Andretta-Filano
15.46100089	40.88508674	-8.4595024	Andretta-Filano
15.27304052	40.97074791	-11.4721529	Andretta-Filano
15.2964037	40.93021134	-5.354495	Andretta-Filano
15.38712314	40.88128774	-2.4462064	Andretta-Filano
15.3790137	40.93269595	-11.741441	Andretta-Filano
15.51736498	40.86627957	-8.8781415	Andretta-Filano
15.54280539	40.86782547	-10.9938089	Andretta-Filano
15.52024182	40.83947586	-3.9367171	Andretta-Filano
15.40733352	40.89722376	-6.9525875	Andretta-Filano
15.4994319	40.88697704	-11.5705956	Andretta-Filano
15.63688536	40.85208184	-14.6967635	Andretta-Filano
15.39614455	40.89062588	-4.8849471	Andretta-Filano
15.56139563	40.86172514	-11.1514525	Andretta-Filano
15.69924538	40.82881219	-14.6859188	Andretta-Filano
15.32033768	40.9204133	-5.1843351	Andretta-Filano
15.51251717	40.85708307	-6.7655295	Andretta-Filano
15.3874799	40.90640147	-7.2952718	Andretta-Filano
15.5035327	40.87691999	-9.9322514	Andretta-Filano
15.50721947	40.89434235	-13.5421566	Andretta-Filano
15.63763861	40.84531837	-13.4518543	Andretta-Filano
15.53345284	40.85864174	-8.5614957	Andretta-Filano
15.42028564	40.93424318	-14.9903807	Andretta-Filano
15.51076509	40.880724	-11.1800384	Andretta-Filano
15.28253228	40.95373414	-8.8815187	Andretta-Filano
15.38784349	40.89777194	-5.6636935	Andretta-Filano
15.654262	40.79226579	-4.4546395	Andretta-Filano
15.6085589	40.83015746	-8.4616994	Andretta-Filano
15.71278872	40.80337847	-10.7708749	Andretta-Filano
15.59147505	40.83167526	-7.5317373	Andretta-Filano
15.40527231	40.87366279	-2.2801117	Andretta-Filano
15.7058781	40.80703004	-10.9779095	Andretta-Filano
15.61121799	40.80640823	-4.0926864	Andretta-Filano
15.33186353	40.89954394	-1.9999994	Andretta-Filano
15.40271628	40.88917502	-5.0764198	Andretta-Filano
15.65396592	40.82492489	-10.7028788	Andretta-Filano
15.56056777	40.86712787	-12.1297909	Andretta-Filano
15.47589332	40.90520891	-13.3895892	Andretta-Filano
15.34316255	40.92733165	-8.1460741	Andretta-Filano
15.40447046	40.92850287	-12.756306	Andretta-Filano
15.26928805	40.96493442	-10.0865124	Andretta-Filano
15.55653872	40.8835221	-14.9903807	Andretta-Filano
15.27910745	40.94880143	-7.6887042	Andretta-Filano
15.72818667	40.7990752	-11.0455677	Andretta-Filano
15.57450075	40.87543673	-14.7217777	Andretta-Filano
15.67780496	40.79246107	-6.17485	Andretta-Filano
15.49536746	40.87980513	-9.9024818	Andretta-Filano
15.46105288	40.91728036	-14.6470155	Andretta-Filano
15.26797813	40.92479065	-2.2794291	Andretta-Filano
15.27673462	40.97647021	-12.8361429	Andretta-Filano
15.41842345	40.91965203	-12.0540133	Andretta-Filano
15.60835335	40.80510653	-3.6380169	Andretta-Filano
15.5845774	40.81844884	-4.4992953	Andretta-Filano
15.50252145	40.86771388	-8.0919475	Andretta-Filano
15.36746575	40.95250072	-14.7204247	Andretta-Filano
15.6187807	40.82275735	-7.7719331	Andretta-Filano
15.53178484	40.88065983	-12.6710682	Andretta-Filano
15.47816685	40.89595054	-11.7739264	Andretta-Filano
15.64118525	40.82245891	-9.315885	Andretta-Filano
15.56189905	40.83419182	-5.9008529	Andretta-Filano
15.48405353	40.89189473	-11.4156583	Andretta-Filano
15.61108438	40.83657849	-9.8750804	Andretta-Filano
15.50242796	40.89795933	-13.8943177	Andretta-Filano
15.69588063	40.76556083	-2.3037855	Andretta-Filano
15.67943602	40.78449234	-4.7618089	Andretta-Filano
15.46955712	40.91590167	-14.9903807	Andretta-Filano
15.56881901	40.85821031	-11.0073404	Andretta-Filano
15.45861902	40.91057024	-13.1839061	Andretta-Filano
15.42695293	40.89247022	-7.4425978	Andretta-Filano
15.33327729	40.95372756	-12.5107064	Andretta-Filano
15.50672337	40.87240618	-9.2935577	Andretta-Filano
15.51134628	40.86391811	-7.9941826	Andretta-Filano
15.50655039	40.85797573	-6.510098	Andretta-Filano
15.42292185	40.90108121	-8.8084484	Andretta-Filano
15.50644141	40.90106536	-14.7779339	Andretta-Filano
15.55235664	40.82936788	-4.2922606	Andretta-Filano
15.47817747	40.91269198	-14.9903807	Andretta-Filano
15.385605	40.94142624	-13.8902699	Andretta-Filano
15.36066485	40.94717525	-13.2106312	Andretta-Filano
15.24800936	40.93195415	-2.2273314	Andretta-Filano
15.66832849	40.81138969	-9.1311766	Andretta-Filano
15.61606593	40.81761849	-6.5912988	Andretta-Filano
15.44697285	40.87356484	-5.2433666	Andretta-Filano
15.57490781	40.82527191	-5.1180299	Andretta-Filano
15.36297402	40.94212679	-12.4058365	Andretta-Filano
15.70316992	40.77443578	-4.5280494	Andretta-Filano
15.44842621	40.86030141	-2.8003968	Andretta-Filano
15.66384781	40.81035342	-8.6119001	Andretta-Filano
15.4573636	40.8974946	-10.5824471	Andretta-Filano
15.60473222	40.857824	-13.5005467	Andretta-Filano
15.69825431	40.80681802	-10.3923274	Andretta-Filano
15.32751867	40.9102957	-3.7543783	Andretta-Filano
15.65337129	40.83190503	-12.0005633	Andretta-Filano
15.25839853	40.94805961	-6.0649068	Andretta-Filano
15.49390365	40.87720251	-9.2979554	Andretta-Filano
15.47393597	40.87248767	-6.9647619	Andretta-Filano
15.52309045	40.86699851	-9.4256806	Andretta-Filano
15.48764827	40.8590705	-5.3685345	Andretta-Filano
15.69388703	40.79483634	-7.7801276	Andretta-Filano
15.44539425	40.85863846	-2.2642054	Andretta-Filano
15.6402327	40.81487202	-7.7912065	Andretta-Filano
15.25643483	40.94501591	-5.3396102	Andretta-Filano
15.26670694	40.95133311	-7.2881678	Andretta-Filano
15.51504303	40.83341083	-2.4005365	Andretta-Filano
15.42989152	40.8767492	-4.6332586	Andretta-Filano
15.5013455	40.90406803	-14.9903807	Andretta-Filano
15.61861786	40.83237395	-9.6064767	Andretta-Filano
15.39433808	40.89660384	-5.9038802	Andretta-Filano
15.63323109	40.85003551	-14.0424925	Andretta-Filano
15.29063254	40.96953585	-12.4975135	Andretta-Filano
15.47880828	40.90665933	-13.8767367	Andretta-Filano
15.50630589	40.83952477	-2.9499247	Andretta-Filano
15.37352591	40.95164927	-14.9903812	Andretta-Filano
15.49301326	40.84498024	-3.0466727	Andretta-Filano
15.68121953	40.8182297	-11.3659508	Andretta-Filano
15.36580038	40.90665675	-5.7939454	Andretta-Filano
15.3036696	40.94917747	-9.5181828	Andretta-Filano
15.56274016	40.82230598	-3.6789544	Andretta-Filano
15.55076344	40.82632776	-3.5947084	Andretta-Filano
15.62656061	40.82873068	-9.4748844	Andretta-Filano
15.5311357	40.88811274	-14.0560243	Andretta-Filano
15.58834556	40.86052765	-12.8484945	Andretta-Filano
15.49325617	40.90213911	-14.041474	Andretta-Filano
15.39086789	40.91716698	-9.6056314	Andretta-Filano
15.64930977	40.81723156	-8.8930211	Andretta-Filano
15.36303572	40.91229438	-6.6792595	Andretta-Filano
15.37467071	40.89154238	-3.5250169	Andretta-Filano
15.27793601	40.9389456	-5.7112237	Andretta-Filano
15.60687023	40.79712568	-2.0000155	Andretta-Filano
15.33335844	40.94686671	-11.1981363	Andretta-Filano
15.34880749	40.91814683	-6.7854668	Andretta-Filano
15.58712362	40.8044812	-1.9999999	Andretta-Filano
15.57976318	40.80722251	-1.9999999	Andretta-Filano
15.33423394	40.92033019	-6.1623343	Andretta-Filano
15.47429109	40.91200823	-14.5810487	Andretta-Filano
15.68127433	40.83547919	-14.6815213	Andretta-Filano
15.57667994	40.85856642	-11.6379247	Andretta-Filano
15.71043583	40.78924095	-7.8889729	Andretta-Filano
15.41938204	40.87320789	-3.2016097	Andretta-Filano
15.65071045	40.80617915	-6.8713929	Andretta-Filano
15.54265961	40.84267748	-6.1542157	Andretta-Filano
15.49629271	40.88556718	-11.0753373	Andretta-Filano
15.29352416	40.96112045	-11.0871776	Andretta-Filano
15.64906683	40.79604441	-4.8084933	Andretta-Filano
15.66623015	40.77502017	-1.9999999	Andretta-Filano
15.40324636	40.90153069	-7.4874205	Andretta-Filano
15.4544138	40.91549038	-13.8283509	Andretta-Filano
15.38251427	40.90257072	-6.2042826	Andretta-Filano
15.69294665	40.76507072	-1.9999994	Andretta-Filano
15.41408796	40.93442182	-14.5813871	Andretta-Filano
15.44335056	40.86544082	-3.4242059	Andretta-Filano
15.31311094	40.94910704	-10.1802212	Andretta-Filano
15.58008084	40.86613989	-13.3354715	Andretta-Filano
15.49993462	40.85750475	-5.9465047	Andretta-Filano
15.33212617	40.93476505	-8.7847678	Andretta-Filano
15.41395044	40.90979685	-9.840912	Andretta-Filano
15.66153331	40.82866547	-11.9619986	Andretta-Filano
15.26911826	40.94675951	-6.5818158	Andretta-Filano
15.50657069	40.8619215	-7.269224	Andretta-Filano
15.49827912	40.84912379	-4.2188509	Andretta-Filano
15.37308592	40.92366876	-9.5831437	Andretta-Filano
15.35710779	40.93613417	-10.8348119	Andretta-Filano
15.42347753	40.92207551	-12.8811395	Andretta-Filano
15.44620052	40.92106817	-14.3126146	Andretta-Filano
15.33051438	40.90165273	-2.3085218	Andretta-Filano
15.28294447	40.97037831	-12.1094935	Andretta-Filano
15.61205882	40.81289555	-5.3981573	Andretta-Filano
15.72213635	40.82024473	-14.6769544	Andretta-Filano
15.27589665	40.93577051	-4.9553119	Andretta-Filano
15.27473032	40.94220535	-6.1082076	Andretta-Filano
15.71227382	40.7947215	-9.0723152	Andretta-Filano
15.41790648	40.87785086	-3.9877987	Andretta-Filano
15.48778619	40.90200698	-13.6250394	Andretta-Filano
15.49378831	40.83997297	-2.1407289	Andretta-Filano
15.61589963	40.84760817	-12.3371632	Andretta-Filano
15.29461719	40.93824428	-6.7699057	Andretta-Filano
15.54325119	40.85130492	-7.8531139	Andretta-Filano
15.37496921	40.90296008	-5.7394708	Andretta-Filano
15.61021217	40.80189436	-3.1542586	Andretta-Filano
15.31157114	40.90710089	-1.9999999	Andretta-Filano
15.66138802	40.78185647	-2.9661639	Andretta-Filano
15.43889788	40.88589454	-7.0337726	Andretta-Filano
15.70227587	40.81837617	-12.8987264	Andretta-Filano
15.72373797	40.79443498	-9.8368535	Andretta-Filano
15.57590965	40.82180309	-4.5236522	Andretta-Filano
15.28933463	40.96457424	-11.4511783	Andretta-Filano
15.6537371	40.80774476	-7.3883019	Andretta-Filano
15.46143053	40.85586403	-2.8782015	Andretta-Filano
15.35694346	40.89020295	-1.9999994	Andretta-Filano
15.51098378	40.90048047	-14.9903807	Andretta-Filano
15.49307378	40.87401505	-8.6264475	Andretta-Filano
15.71036714	40.82625844	-14.9903807	Andretta-Filano
15.72029731	40.81084933	-12.7417591	Andretta-Filano
15.58232345	40.80908777	-2.5410965	Andretta-Filano
15.28529229	40.91688759	-1.9999999	Andretta-Filano
15.48836393	40.87686064	-8.836188	Andretta-Filano
15.40733828	40.90628198	-8.6927513	Andretta-Filano
15.32568801	40.95057165	-11.3615514	Andretta-Filano
15.36991876	40.89635869	-4.1102601	Andretta-Filano
15.312035	40.9234002	-5.164381	Andretta-Filano
15.68115949	40.76946093	-2.0000003	Andretta-Filano
15.31166171	40.92688819	-5.8078119	Andretta-Filano
15.32436411	40.92499814	-6.3531307	Andretta-Filano
15.62740573	40.84911384	-13.4489564	Andretta-Filano
15.53273936	40.87723991	-12.0824437	Andretta-Filano
15.56381319	40.87645313	-14.1527718	Andretta-Filano
15.53148501	40.89163925	-14.7583143	Andretta-Filano
15.7004795	40.78710795	-6.7678757	Andretta-Filano
15.48289806	40.84496677	-2.3207	Andretta-Filano
15.57087874	40.83425971	-6.5557716	Andretta-Filano
15.30457092	40.96851746	-13.2989256	Andretta-Filano
15.54778002	40.82370692	-2.878203	Andretta-Filano
15.34533838	40.94206214	-11.1318319	Andretta-Filano
15.47931732	40.88228551	-9.231312	Andretta-Filano
15.42010729	40.90896722	-10.1220399	Andretta-Filano
15.60638919	40.83441011	-9.1230591	Andretta-Filano
15.61667924	40.8591352	-14.6064203	Andretta-Filano
15.3975492	40.87716424	-2.4002074	Andretta-Filano
15.56103188	40.81419721	-1.9999999	Andretta-Filano
15.52733847	40.82784925	-2.2117704	Andretta-Filano
15.62286904	40.84505355	-12.3449442	Andretta-Filano
15.46672851	40.85727037	-3.5270453	Andretta-Filano
15.48746153	40.88291212	-9.9339428	Andretta-Filano
15.36743833	40.94829428	-13.9102171	Andretta-Filano
15.66183657	40.79256903	-5.0544381	Andretta-Filano
15.54685538	40.83334647	-4.6626896	Andretta-Filano
15.41760601	40.91615966	-11.3246576	Andretta-Filano
15.58450649	40.82866331	-6.4552949	Andretta-Filano
15.55803096	40.82110074	-3.1109662	Andretta-Filano
15.63191029	40.83180654	-10.4478088	Andretta-Filano
15.6270819	40.80645519	-5.2354171	Andretta-Filano
15.35853517	40.95224285	-14.0320023	Andretta-Filano
15.3859667	40.89023589	-4.082013	Andretta-Filano
15.62003412	40.8426155	-11.6741124	Andretta-Filano
15.71692619	40.79907092	-10.2397584	Andretta-Filano
15.58567395	40.84176846	-9.0550624	Andretta-Filano
15.37751694	40.93891545	-12.8293924	Andretta-Filano
15.52366104	40.84861757	-5.9365238	Andretta-Filano
15.51294361	40.88893713	-12.9132728	Andretta-Filano
15.64548738	40.84378934	-13.7190819	Andretta-Filano
15.41205191	40.89860848	-7.5560987	Andretta-Filano
15.48469097	40.90582134	-14.1365438	Andretta-Filano
15.64135721	40.79116808	-3.3213646	Andretta-Filano
15.56821325	40.82393193	-4.382245	Andretta-Filano
15.27789054	40.95318665	-8.4442782	Andretta-Filano
15.55272874	40.86963417	-12.0506307	Andretta-Filano
15.43050662	40.91856871	-12.7103055	Andretta-Filano
15.3965838	40.90315769	-7.32335	Andretta-Filano
15.43086083	40.87950778	-5.2323722	Andretta-Filano
15.540007	40.84816314	-7.017873	Andretta-Filano
15.37375633	40.91535649	-8.0340997	Andretta-Filano
15.46116782	40.892647	-9.9234554	Andretta-Filano
15.58499603	40.85481015	-11.5110619	Andretta-Filano
15.26252857	40.94853287	-6.4512351	Andretta-Filano
15.31911305	40.93603834	-8.0987141	Andretta-Filano
15.45127264	40.88008541	-6.8031418	Andretta-Filano
15.54491679	40.88576412	-14.590181	Andretta-Filano
15.6874487	40.77689088	-3.8754867	Andretta-Filano
15.43333186	40.86367248	-2.3680609	Andretta-Filano
15.66470035	40.84325845	-14.9903807	Andretta-Filano
15.59217102	40.82839437	-6.951568	Andretta-Filano
15.45127921	40.91373583	-13.2671253	Andretta-Filano
15.45425729	40.9084466	-12.4640226	Andretta-Filano
15.32281221	40.97052781	-14.9903802	Andretta-Filano
15.35968443	40.92861013	-9.5736618	Andretta-Filano
15.32583728	40.91719993	-4.9603858	Andretta-Filano
15.40716015	40.93213418	-13.64635	Andretta-Filano
15.63997716	40.84757684	-14.0526424	Andretta-Filano
15.61790282	40.81416459	-6.0595013	Andretta-Filano
15.32184439	40.95518941	-11.9738543	Andretta-Filano
15.57322984	40.86557685	-12.7373607	Andretta-Filano
15.52070517	40.86208357	-8.3112584	Andretta-Filano
15.53491185	40.84640812	-6.3165956	Andretta-Filano
15.55191704	40.8436417	-7.0012965	Andretta-Filano
15.39966849	40.93291045	-13.259683	Andretta-Filano
15.53800049	40.87861441	-12.7224769	Andretta-Filano
15.52714434	40.86184962	-8.7265813	Andretta-Filano
15.33099765	40.92871786	-7.5422245	Andretta-Filano
15.35220458	40.9203465	-7.4510549	Andretta-Filano
15.66119405	40.79923972	-6.2888595	Andretta-Filano
15.35106823	40.95560168	-14.1433001	Andretta-Filano
15.42616178	40.90655655	-10.0919266	Andretta-Filano
15.29747191	40.9656679	-12.2434566	Andretta-Filano
15.6572482	40.78017585	-2.3477801	Andretta-Filano
15.65488342	40.8184866	-9.5323913	Andretta-Filano
15.61020277	40.85487859	-13.3259886	Andretta-Filano
15.51868835	40.87190316	-10.052682	Andretta-Filano
15.56870092	40.87752214	-14.7075697	Andretta-Filano
15.65453755	40.8458099	-14.7539154	Andretta-Filano
15.61744321	40.80640464	-4.5368453	Andretta-Filano
15.54773153	40.84727232	-7.3991271	Andretta-Filano
15.71487237	40.79701598	-9.6984922	Andretta-Filano
15.28170027	40.93289804	-4.8186424	Andretta-Filano
15.59194324	40.86932628	-14.7955438	Andretta-Filano
15.26684356	40.95532781	-8.0655609	Andretta-Filano
15.3809295	40.89859231	-5.3267557	Andretta-Filano
15.57395844	40.80938418	-1.9999999	Andretta-Filano
15.66839393	40.83248224	-13.1852591	Andretta-Filano
15.33022144	40.91209289	-4.2929378	Andretta-Filano
15.3637669	40.95528274	-14.9903812	Andretta-Filano
15.46766803	40.87650634	-7.2885154	Andretta-Filano
15.59882449	40.80171059	-2.3048016	Andretta-Filano
15.30409309	40.92716912	-5.3203363	Andretta-Filano
15.61773531	40.79427913	-2.2300384	Andretta-Filano
15.58179428	40.8722805	-14.6372064	Andretta-Filano
15.71048687	40.81301122	-12.4555655	Andretta-Filano
15.61786339	40.85209701	-13.3395199	Andretta-Filano
15.69763196	40.81319416	-11.5719488	Andretta-Filano
15.6728236	40.81641544	-10.4173641	Andretta-Filano
15.53394447	40.83357103	-3.7826253	Andretta-Filano
15.28121759	40.95960707	-9.9160135	Andretta-Filano
15.56832543	40.8466358	-8.7495887	Andretta-Filano
15.2877836	40.98356685	-14.9903807	Andretta-Filano
15.6233432	40.84812575	-12.9687533	Andretta-Filano
15.3279614	40.94065016	-9.6176394	Andretta-Filano
15.40566665	40.91633689	-10.50464	Andretta-Filano
15.33165557	40.95150382	-11.9674132	Andretta-Filano
15.47347765	40.84680488	-1.9999999	Andretta-Filano
15.34869408	40.933268	-9.6822542	Andretta-Filano
15.48601642	40.88003665	-9.2783346	Andretta-Filano
15.32534438	40.96027508	-13.2015189	Andretta-Filano
15.52173685	40.85634061	-7.2820827	Andretta-Filano
15.61556891	40.82659692	-8.2793627	Andretta-Filano
15.64773978	40.79915232	-5.3101791	Andretta-Filano
15.59957715	40.86750019	-14.9903807	Andretta-Filano
15.60558393	40.82730783	-7.7018976	Andretta-Filano
15.29120998	40.9766523	-13.9064959	Andretta-Filano
15.53710214	40.86728865	-10.4829895	Andretta-Filano
15.34925917	40.90317382	-3.9418055	Andretta-Filano
15.50448414	40.89128874	-12.7600267	Andretta-Filano
15.41831671	40.90651146	-9.5222523	Andretta-Filano
15.3786446	40.91655864	-8.6146072	Andretta-Filano
15.49250752	40.89772106	-13.1392518	Andretta-Filano
15.26966853	40.92270661	-1.9999999	Andretta-Filano
15.62219002	40.79142199	-1.9999999	Andretta-Filano
15.63265538	40.80206974	-4.7919168	Andretta-Filano
15.7117444	40.82075596	-14.0323402	Andretta-Filano
15.45190601	40.8963319	-9.9687868	Andretta-Filano
15.49424136	40.86908849	-7.763805	Andretta-Filano
15.26900092	40.93577433	-4.4627599	Andretta-Filano
15.64127826	40.83838843	-12.3811402	Andretta-Filano
15.69379835	40.82822816	-14.1845814	Andretta-Filano
15.42071113	40.86759047	-2.2178597	Andretta-Filano
15.63583526	40.81218413	-6.9608708	Andretta-Filano
15.65117132	40.84410849	-14.1866009	Andretta-Filano
15.36504435	40.93294269	-10.7894808	Andretta-Filano
15.65849426	40.84166994	-14.2417425	Andretta-Filano
15.52579575	40.88703308	-13.4667181	Andretta-Filano
15.67640337	40.82534851	-12.3882452	Andretta-Filano
15.61540013	40.7985921	-2.8910584	Andretta-Filano
15.67498008	40.79991836	-7.4045403	Andretta-Filano
15.62494951	40.8045494	-4.7171551	Andretta-Filano
15.44955291	40.91105023	-12.6277552	Andretta-Filano
15.7125748	40.82393201	-14.7014803	Andretta-Filano
15.28971851	40.96713878	-11.9714708	Andretta-Filano
15.72421743	40.80346664	-11.6047628	Andretta-Filano
15.68567993	40.7943043	-7.0914509	Andretta-Filano
15.68599253	40.81893498	-11.8424212	Andretta-Filano
15.66421566	40.78813879	-4.3741459	Andretta-Filano
15.26261223	40.93205361	-3.2909193	Andretta-Filano
15.40935937	40.89169397	-6.0354906	Andretta-Filano
15.29180101	40.94601906	-8.062178	Andretta-Filano
15.57057888	40.86276949	-12.0086825	Andretta-Filano
15.3042878	40.96540487	-12.6805287	Andretta-Filano
15.60547317	40.84718973	-11.5113946	Andretta-Filano
15.64159149	40.80259104	-5.530745	Andretta-Filano
15.42290386	40.86563946	-1.9999999	Andretta-Filano
15.70092969	40.80255486	-9.7651352	Andretta-Filano
15.48412267	40.90099991	-13.1697103	Andretta-Filano
15.64452888	40.8507661	-14.9903807	Andretta-Filano
15.29204916	40.95796204	-10.3747369	Andretta-Filano
15.46397987	40.90744547	-12.9670619	Andretta-Filano
15.6481214	40.82093384	-9.5188595	Andretta-Filano
15.52055484	40.89559028	-14.7354789	Andretta-Filano
15.30426784	40.90982003	-1.9999999	Andretta-Filano
15.59143587	40.87052969	-14.9903924	Andretta-Filano
15.67997865	40.77682782	-3.3294847	Andretta-Filano
15.35542158	40.925746	-8.7184626	Andretta-Filano
15.67858121	40.80709262	-9.039162	Andretta-Filano
15.66909283	40.79002252	-5.0842025	Andretta-Filano
15.55656662	40.87254738	-12.8845184	Andretta-Filano
15.44515013	40.91803519	-13.6548075	Andretta-Filano
15.47425807	40.88590149	-9.5641999	Andretta-Filano
15.48967193	40.88928399	-11.3158622	Andretta-Filano
15.47778407	40.86773612	-6.3273363	Andretta-Filano
15.5380278	40.85545179	-8.2759779	Andretta-Filano
15.40602467	40.87192427	-2.0000033	Andretta-Filano
15.41849177	40.88750339	-5.8835836	Andretta-Filano
15.4676209	40.87044196	-6.1203863	Andretta-Filano
15.38436324	40.91146434	-8.044925	Andretta-Filano
15.73884315	40.81442999	-14.75493	Andretta-Filano
15.41150671	40.92725276	-13.019412	Andretta-Filano
15.45692531	40.92060414	-14.9903807	Andretta-Filano
15.63602676	40.81888184	-8.2604164	Andretta-Filano
15.36233798	40.89050178	-2.443162	Andretta-Filano
15.69406068	40.77391197	-3.7763675	Andretta-Filano
15.64473623	40.83190231	-11.3828438	Andretta-Filano
15.45604912	40.86624917	-4.4878036	Andretta-Filano
15.70460005	40.78831234	-7.2935803	Andretta-Filano
15.42067124	40.89761123	-7.980996	Andretta-Filano
15.3195667	40.93105398	-7.1734863	Andretta-Filano
15.39561872	40.94342511	-14.9903807	Andretta-Filano
15.63957561	40.82910502	-10.4769	Andretta-Filano
15.63774802	40.78562793	-1.9999999	Andretta-Filano
15.57182121	40.83827366	-7.393891	Andretta-Filano
15.27198858	40.96301225	-9.9102628	Andretta-Filano
15.68478723	40.82912283	-13.7123236	Andretta-Filano
15.57328097	40.85380523	-10.4806399	Andretta-Filano
15.28152853	40.98389505	-14.6060824	Andretta-Filano
15.60307918	40.83852508	-9.6765033	Andretta-Filano
15.51704941	40.88366021	-12.1933897	Andretta-Filano
15.63392102	40.80488862	-5.4235067	Andretta-Filano
15.6124163	40.83203526	-9.0980251	Andretta-Filano
15.5744367	40.87685916	-14.9903807	Andretta-Filano
15.31615486	40.92838518	-6.4167296	Andretta-Filano
15.65207513	40.81397983	-8.4664358	Andretta-Filano
15.45074042	40.9035358	-11.2691781	Andretta-Filano
15.37565907	40.92812017	-10.62237	Andretta-Filano
15.3503126	40.91406583	-6.109222	Andretta-Filano
15.67372496	40.82899955	-12.8977118	Andretta-Filano
15.65519818	40.7945749	-4.964784	Andretta-Filano
15.68725774	40.80421192	-9.1061441	Andretta-Filano
15.62971354	40.79965114	-4.1173646	Andretta-Filano
15.33761378	40.94296231	-10.7522689	Andretta-Filano
15.35042843	40.95872166	-14.6970824	Andretta-Filano
15.47090318	40.89092337	-10.2888192	Andretta-Filano
15.46602086	40.90087897	-11.8517154	Andretta-Filano
15.3359175	40.95899431	-13.7116415	Andretta-Filano
15.68320728	40.82627259	-13.0521512	Andretta-Filano
15.62615178	40.83154318	-9.9857178	Andretta-Filano
15.60354107	40.81790648	-5.7509723	Andretta-Filano
15.62394414	40.8347176	-10.4373272	Andretta-Filano
15.29547725	40.9506505	-9.2150739	Andretta-Filano
15.31578395	40.91850931	-4.492868	Andretta-Filano
15.60684051	40.86087145	-14.2364994	Andretta-Filano
15.51233267	40.89659343	-14.3401854	Andretta-Filano
15.33625257	40.92974073	-8.114613	Andretta-Filano
15.46402764	40.91128264	-13.7075809	Andretta-Filano
15.68337051	40.77296664	-2.8308436	Andretta-Filano
15.33351235	40.9156892	-5.2191791	Andretta-Filano
15.35331118	40.94954503	-13.1399286	Andretta-Filano
15.50756458	40.88664052	-12.0875045	Andretta-Filano
15.29606089	40.9257534	-4.4735846	Andretta-Filano
15.60065284	40.8417206	-10.1166202	Andretta-Filano
15.68643497	40.76882878	-2.2557484	Andretta-Filano
15.66327557	40.81698096	-9.8432807	Andretta-Filano
15.5880583	40.81475562	-4.0391346	Andretta-Filano
15.64492827	40.78295336	-1.9999999	Andretta-Filano
15.43891543	40.88926269	-7.6819386	Andretta-Filano
15.64407968	40.80977616	-7.0878993	Andretta-Filano
15.44107528	40.92471596	-14.6470238	Andretta-Filano
15.31169119	40.91594586	-3.7076932	Andretta-Filano
15.39771917	40.91755615	-10.1704085	Andretta-Filano
15.30283651	40.93835264	-7.3788298	Andretta-Filano
15.49811034	40.89443985	-12.9095521	Andretta-Filano
15.69507969	40.8024208	-9.3212976	Andretta-Filano
15.47011486	40.86683482	-5.6059317	Andretta-Filano
15.38726601	40.94653327	-14.9903988	Andretta-Filano
15.71881895	40.78631379	-7.9264383	Andretta-Filano
15.62871254	40.78899308	-2.0000003	Andretta-Filano
15.35289894	40.89868996	-3.3409999	Andretta-Filano
15.64197849	40.81803431	-8.5230997	Andretta-Filano
15.28256947	40.9855071	-14.9903807	Andretta-Filano
15.37890134	40.90777089	-6.9448022	Andretta-Filano
15.34532959	40.95581529	-13.7738861	Andretta-Filano
15.44923754	40.85583047	-2.0000111	Andretta-Filano
15.29616739	40.91387867	-2.2002894	Andretta-Filano
15.43104644	40.90285248	-9.729615	Andretta-Filano
15.32495891	40.93135509	-7.6169868	Andretta-Filano
15.43398035	40.87342281	-4.286848	Andretta-Filano
15.49158606	40.8920516	-11.9843255	Andretta-Filano
15.42877181	40.88610689	-6.3504247	Andretta-Filano
15.70141378	40.81512195	-12.2123341	Andretta-Filano
15.46612085	40.89449767	-10.6331903	Andretta-Filano
15.69429369	40.78190677	-5.3274327	Andretta-Filano
15.66190109	40.80416492	-7.2847844	Andretta-Filano
15.37598357	40.89813375	-4.8849471	Andretta-Filano
15.72442239	40.81256102	-13.3652303	Andretta-Filano
15.35079249	40.95270269	-13.566513	Andretta-Filano
15.54553239	40.81996948	-2.0000003	Andretta-Filano
15.56730553	40.85015529	-9.3524259	Andretta-Filano
15.3455386	40.89566154	-2.2327523	Andretta-Filano
15.66395939	40.77732145	-2.2794281	Andretta-Filano
15.52451236	40.88379887	-12.7537684	Andretta-Filano
15.67081615	40.82158432	-11.2661363	Andretta-Filano
15.57899827	40.82684745	-5.7129151	Andretta-Filano
15.43917976	40.88255877	-6.4132621	Andretta-Filano
15.45297829	40.87647536	-6.2318531	Andretta-Filano
15.30274772	40.96117928	-11.758347	Andretta-Filano
15.29956203	40.97676922	-14.5264149	Andretta-Filano
15.58461324	40.83587816	-7.8482085	Andretta-Filano
15.44337265	40.8580156	-1.9999989	Andretta-Filano
15.67242746	40.78027047	-3.4505926	Andretta-Filano
15.43333635	40.92938346	-14.9903949	Andretta-Filano
15.57717467	40.84147203	-8.3906627	Andretta-Filano
15.63150048	40.80781639	-5.8125414	Andretta-Filano
15.36996935	40.90889472	-6.521937	Andretta-Filano
15.54211149	40.88889137	-14.9903875	Andretta-Filano
15.30288807	40.93488032	-6.7154426	Andretta-Filano
15.56719363	40.86151097	-11.5249259	Andretta-Filano
15.66443338	40.84230079	-14.7874066	Andretta-Filano
15.34897091	40.90655212	-4.5699986	Andretta-Filano
15.60789763	40.86440344	-14.9903807	Andretta-Filano
15.51486827	40.85236523	-6.0277167	Andretta-Filano
15.33392274	40.94134323	-10.1771737	Andretta-Filano
15.3079581	40.94123634	-8.2993196	Andretta-Filano
15.4423614	40.87214411	-4.640701	Andretta-Filano
15.33659854	40.90918964	-4.19145	Andretta-Filano
15.47916492	40.86311103	-5.537849	Andretta-Filano
15.56466329	40.81803633	-2.9966053	Andretta-Filano
15.56438048	40.88060307	-14.9903807	Andretta-Filano
15.53510658	40.83745239	-4.6109315	Andretta-Filano
15.2858904	40.94603662	-7.6426967	Andretta-Filano
15.26840341	40.93251397	-3.7936205	Andretta-Filano
15.47040176	40.84988825	-2.3721205	Andretta-Filano
15.43594568	40.908927	-11.2468504	Andretta-Filano
15.3587875	40.89479305	-3.0135194	Andretta-Filano
15.48628383	40.89537058	-12.2427782	Andretta-Filano
15.67432181	40.77445903	-2.4705628	Andretta-Filano
15.48239358	40.8517439	-3.585909	Andretta-Filano
15.36150005	40.92413373	-8.8436306	Andretta-Filano
15.25734294	40.94047357	-4.5317713	Andretta-Filano
15.3569272	40.9322501	-10.0756869	Andretta-Filano
15.54340032	40.85850041	-9.2455203	Andretta-Filano
15.26027437	40.95096692	-6.7577273	Andretta-Filano
15.45770795	40.90101559	-11.2833863	Andretta-Filano
15.28086232	40.93591472	-5.3382574	Andretta-Filano
15.47841496	40.85749587	-4.4059266	Andretta-Filano
15.59363082	40.86617277	-14.3104149	Andretta-Filano
15.29029727	40.9260265	-4.1136434	Andretta-Filano
15.66307265	40.83649661	-13.5756473	Andretta-Filano
15.44201768	40.92615251	-14.9903812	Andretta-Filano
15.55477771	40.86583982	-11.4684315	Andretta-Filano
15.27757035	40.9197638	-1.9999999	Andretta-Filano
15.68925716	40.81334243	-11.0019276	Andretta-Filano
15.46333636	40.88148211	-7.9343088	Andretta-Filano
15.50873448	40.84522376	-4.2178485	Andretta-Filano
15.32537548	40.96853117	-14.7901131	Andretta-Filano
15.55636314	40.83237935	-5.1569334	Andretta-Filano
15.27761439	40.92780217	-3.5473441	Andretta-Filano
15.50693831	40.85532245	-6.0283714	Andretta-Filano
15.65750095	40.81499207	-9.048635	Andretta-Filano
15.57072477	40.81194869	-2.261161	Andretta-Filano
15.43904879	40.86985292	-3.9637806	Andretta-Filano
15.3912542	40.93378165	-12.8253177	Andretta-Filano
15.53814604	40.88878906	-14.687285	Andretta-Filano
15.67173527	40.77297039	-1.9999999	Andretta-Filano
15.55869729	40.87566275	-13.6351869	Andretta-Filano
15.42947757	40.89836546	-8.755505	Andretta-Filano
15.56469471	40.8292763	-5.1569486	Andretta-Filano
15.27600355	40.97199335	-11.9234337	Andretta-Filano
15.6496012	40.83503859	-12.3327655	Andretta-Filano
15.31183929	40.94512422	-9.3240057	Andretta-Filano
15.27867228	40.94379776	-6.6961578	Andretta-Filano
15.70515521	40.76629787	-3.1082416	Andretta-Filano
15.50419516	40.8526928	-5.327266	Andretta-Filano
15.28806187	40.97383096	-13.1390824	Andretta-Filano
15.47942368	40.89946072	-12.5380436	Andretta-Filano
15.29246199	40.92262089	-3.6143255	Andretta-Filano
15.534171	40.82974152	-3.0635873	Andretta-Filano
15.61572714	40.79382843	-1.9999999	Andretta-Filano
15.25105029	40.92963889	-1.9999999	Andretta-Filano
15.51396954	40.84687667	-4.9094823	Andretta-Filano
15.34261061	40.93905627	-10.3591748	Andretta-Filano
15.56005732	40.88011995	-14.5884911	Andretta-Filano
15.4528103	40.92003339	-14.5864613	Andretta-Filano
15.64791283	40.82836067	-10.9298722	Andretta-Filano
15.46133173	40.8620557	-4.0601947	Andretta-Filano
15.30270527	40.9547313	-10.5163111	Andretta-Filano
15.4114324	40.91974414	-11.5716105	Andretta-Filano
15.35882241	40.90361107	-4.7098973	Andretta-Filano
15.462127	40.87317495	-6.2525038	Andretta-Filano
15.39450174	40.92086007	-10.5750047	Andretta-Filano
15.47089043	40.90918174	-13.7948602	Andretta-Filano
15.33378431	40.90597217	-3.3721087	Andretta-Filano
15.46652995	40.89707004	-11.156527	Andretta-Filano
15.51858636	40.89765021	-14.9903807	Andretta-Filano
15.65226248	40.83915186	-13.3127948	Andretta-Filano
15.38061119	40.92472065	-10.323315	Andretta-Filano
15.71070315	40.77501936	-5.1785838	Andretta-Filano
15.63031256	40.83971964	-11.8530909	Andretta-Filano
15.25477989	40.93520544	-3.3362503	Andretta-Filano
15.25945711	40.9426286	-5.0970558	Andretta-Filano
15.31920616	40.94396863	-9.6291539	Andretta-Filano
15.65195123	40.84800387	-14.9903807	Andretta-Filano
15.37954086	40.91930481	-9.206278	Andretta-Filano
15.49724341	40.84658658	-3.6576263	Andretta-Filano
15.39503413	40.9008693	-6.7729498	Andretta-Filano
15.2812622	40.91999132	-2.3078451	Andretta-Filano
15.51595785	40.84315935	-4.3377601	Andretta-Filano
15.35112565	40.93933353	-11.0215492	Andretta-Filano
15.53620223	40.84085009	-5.3416402	Andretta-Filano
15.52749654	40.87574988	-11.4214273	Andretta-Filano
15.32227935	40.96686384	-14.2481703	Andretta-Filano
15.37830772	40.94579439	-14.207579	Andretta-Filano
15.37066755	40.93227806	-11.0641891	Andretta-Filano
15.52142446	40.84580255	-5.2360936	Andretta-Filano
15.41584594	40.90127798	-8.3402592	Andretta-Filano
15.68023759	40.80032623	-7.8585259	Andretta-Filano
15.35100759	40.92940428	-9.1054676	Andretta-Filano
15.37629637	40.93642231	-12.2630946	Andretta-Filano
15.53019101	40.86827927	-10.1792037	Andretta-Filano
15.43924874	40.86390331	-2.8355794	Andretta-Filano
15.61691891	40.80189655	-3.6339466	Andretta-Filano
15.57137589	40.81578208	-3.0436283	Andretta-Filano
15.54135657	40.87092589	-11.4856844	Andretta-Filano
15.68709231	40.78294137	-5.0112989	Andretta-Filano
15.31087302	40.90876617	-2.2699564	Andretta-Filano
15.65162643	40.82298729	-10.1636428	Andretta-Filano
15.42598056	40.87286997	-3.6085746	Andretta-Filano
15.57808356	40.86181357	-12.3618773	Andretta-Filano
15.3900841	40.88319703	-3.0246844	Andretta-Filano
15.49946311	40.86440297	-7.237424	Andretta-Filano
15.6909239	40.80743229	-9.9863784	Andretta-Filano
15.42360969	40.93096828	-14.5989779	Andretta-Filano
15.61711566	40.86097211	-14.9903807	Andretta-Filano
15.66800456	40.83738958	-14.09966	Andretta-Filano
15.57702727	40.8553998	-11.0547237	Andretta-Filano
15.65747921	40.83469585	-12.8300541	Andretta-Filano
15.47550211	40.85460262	-3.6420658	Andretta-Filano
15.65538106	40.82810608	-11.4148126	Andretta-Filano
15.72185634	40.79095344	-9.0340884	Andretta-Filano
15.47094296	40.89760704	-11.5753309	Andretta-Filano
15.4938959	40.85301329	-4.6522027	Andretta-Filano
15.38316221	40.8879258	-3.4377376	Andretta-Filano
15.63184668	40.79233427	-2.865349	Andretta-Filano
15.42140708	40.9269205	-13.6637723	Andretta-Filano
15.40639374	40.90339313	-8.0702956	Andretta-Filano
15.63753848	40.83324596	-11.1264198	Andretta-Filano
15.54303989	40.82826382	-3.414057	Andretta-Filano
15.42656202	40.8664686	-2.4208343	Andretta-Filano
15.35507528	40.89293085	-2.3903915	Andretta-Filano
15.51226095	40.84086318	-3.6325946	Andretta-Filano
15.42635574	40.91735998	-12.1812235	Andretta-Filano
15.37678858	40.9110035	-7.4146872	Andretta-Filano
15.64505096	40.84827298	-14.548912	Andretta-Filano
15.48742219	40.84161138	-1.9999999	Andretta-Filano
15.46352858	40.90434839	-12.3398695	Andretta-Filano
15.44361521	40.90441852	-10.9291957	Andretta-Filano
15.72373363	40.7975984	-10.4437478	Andretta-Filano
15.53960091	40.8332115	-4.1180409	Andretta-Filano
15.25205344	40.93822402	-3.7212259	Andretta-Filano
15.26727998	40.96182313	-9.3449778	Andretta-Filano
15.39886228	40.88033048	-3.1021551	Andretta-Filano
15.42980463	40.92680614	-14.2426053	Andretta-Filano
15.66721771	40.79553325	-6.0080929	Andretta-Filano
15.28646523	40.95558504	-9.518521	Andretta-Filano
15.62409763	40.81513616	-6.6887163	Andretta-Filano
15.29598738	40.98051379	-14.9903807	Andretta-Filano
15.28454771	40.98327145	-14.7021576	Andretta-Filano
15.40757285	40.8810178	-3.8572328	Andretta-Filano
15.61368019	40.8434628	-11.3825057	Andretta-Filano
15.5438778	40.83723057	-5.1954984	Andretta-Filano
15.51609324	40.87633988	-10.7191166	Andretta-Filano
15.68145235	40.78811243	-5.6007706	Andretta-Filano
15.28506374	40.94895895	-8.1450593	Andretta-Filano
15.35082824	40.92454047	-8.1582527	Andretta-Filano
15.24739399	40.931	-1.9999999	Andretta-Filano
15.59889658	40.85256941	-12.0743111	Andretta-Filano
15.38174286	40.9214927	-9.784079	Andretta-Filano
15.31137698	40.96839704	-13.762722	Andretta-Filano
15.62532314	40.82050161	-7.80643	Andretta-Filano
15.34137447	40.91619013	-5.8778319	Andretta-Filano
15.32061016	40.90373505	-1.9999999	Andretta-Filano
15.73074849	40.80642526	-12.639596	Andretta-Filano
15.70447918	40.82111345	-13.5817367	Andretta-Filano
15.28262703	40.96771524	-11.5749938	Andretta-Filano
15.46854931	40.8599818	-4.1779183	Andretta-Filano
15.52410709	40.87977604	-11.9521878	Andretta-Filano
15.34257764	40.89555287	-2.0000018	Andretta-Filano
15.61406878	40.85620509	-13.8571058	Andretta-Filano
15.44279271	40.91438014	-12.7840458	Andretta-Filano
15.41666531	40.89342789	-6.8910315	Andretta-Filano
15.4785417	40.87836648	-8.4231344	Andretta-Filano
15.43660977	40.8605348	-1.9999999	Andretta-Filano
15.46303177	40.91833101	-14.9903807	Andretta-Filano
15.46822089	40.88796465	-9.52867	Andretta-Filano
15.34891812	40.94824117	-12.5751512	Andretta-Filano
15.39176923	40.92944876	-12.0296566	Andretta-Filano
15.63213856	40.81068728	-6.4092872	Andretta-Filano
15.33053563	40.96765162	-14.9903939	Andretta-Filano
15.70670327	40.80279658	-10.224197	Andretta-Filano
15.50025577	40.83833345	-2.2885741	Andretta-Filano
15.30946902	40.91938431	-4.2093963	Andretta-Filano
15.54947146	40.8741441	-12.683912	Andretta-Filano
15.63426025	40.82771131	-9.8294109	Andretta-Filano
15.43095725	40.88271108	-5.8544896	Andretta-Filano
15.26191908	40.92784974	-2.4336893	Andretta-Filano
15.47721616	40.85039506	-2.9566878	Andretta-Filano
15.35396658	40.94371812	-12.0672069	Andretta-Filano
15.64005617	40.80632427	-6.1376395	Andretta-Filano
15.67824107	40.81320299	-10.1880143	Andretta-Filano
15.31277698	40.91135575	-2.9035741	Andretta-Filano
15.73310952	40.81779159	-14.9903807	Andretta-Filano
15.52825774	40.83754661	-4.1393534	Andretta-Filano
15.62287028	40.81856003	-7.2584145	Andretta-Filano
15.33999625	40.96413044	-14.9903812	Andretta-Filano
15.34109355	40.90411806	-3.5388866	Andretta-Filano
15.26331956	40.93784023	-4.4532875	Andretta-Filano
15.42126397	40.88415003	-5.4377149	Andretta-Filano
15.54571246	40.83047536	-4.0297469	Andretta-Filano
15.48215928	40.90971041	-14.7025038	Andretta-Filano
15.70470077	40.76331517	-2.5033773	Andretta-Filano
15.38777434	40.91376395	-8.730641	Andretta-Filano
15.72664613	40.8201982	-14.9903807	Andretta-Filano
15.69539492	40.81779931	-12.2962301	Andretta-Filano
15.32457063	40.92779141	-6.9045454	Andretta-Filano
15.63448316	40.84135932	-12.466065	Andretta-Filano
15.6233783	40.82392466	-8.3247039	Andretta-Filano
15.56957949	40.84317693	-8.1751832	Andretta-Filano
15.44128793	40.89957366	-9.8321174	Andretta-Filano
15.39930502	40.88338832	-3.7210575	Andretta-Filano
15.3214924	40.90506642	-2.3188392	Andretta-Filano
15.29488997	40.94228406	-7.5655661	Andretta-Filano
15.68316239	40.81402663	-10.6978155	Andretta-Filano
15.43768741	40.91733327	-12.9863441	Andretta-Filano
15.61008347	40.80988652	-4.6792789	Andretta-Filano
15.52665428	40.8339838	-3.3406478	Andretta-Filano
15.56195645	40.81492436	-2.2056805	Andretta-Filano
15.33121398	40.96529532	-14.5861419	Andretta-Filano
15.5546281	40.81658101	-2.0000209	Andretta-Filano
15.5002886	40.83681811	-2.0000174	Andretta-Filano
15.40687288	40.91188838	-9.7363811	Andretta-Filano
15.26948344	40.93981296	-5.273221	Andretta-Filano
15.37217003	40.91900909	-8.6223876	Andretta-Filano
15.32777539	40.905703	-2.8905516	Andretta-Filano
15.5957093	40.83955211	-9.3468385	Andretta-Filano
15.41102577	40.8876305	-5.3742096	Andretta-Filano
15.48361854	40.88911023	-10.8496969	Andretta-Filano
15.35035868	40.89265425	-2.0000082	Andretta-Filano
15.43645812	40.92154547	-13.7077635	Andretta-Filano
15.4282593	40.88899598	-6.8686866	Andretta-Filano
15.28927485	40.93525506	-5.8133871	Andretta-Filano
15.28590018	40.96176333	-10.6653285	Andretta-Filano
15.55563944	40.85903897	-10.2240276	Andretta-Filano
15.58200795	40.8486532	-10.1150992	Andretta-Filano
15.55649156	40.82608644	-3.9580355	Andretta-Filano
15.54951918	40.87692953	-13.2223026	Andretta-Filano
15.49586018	40.85520628	-5.2137662	Andretta-Filano
15.36854593	40.89947985	-4.6116073	Andretta-Filano
15.50032902	40.90245994	-14.6087884	Andretta-Filano
15.4136337	40.87639708	-3.4030609	Andretta-Filano
15.62480894	40.82615129	-8.8544631	Andretta-Filano
15.59895974	40.80545507	-3.0332298	Andretta-Filano
15.70786512	40.81007186	-11.7038822	Andretta-Filano
15.49356401	40.86045869	-6.058141	Andretta-Filano
15.35796196	40.9561269	-14.7373392	Andretta-Filano
15.7036637	40.82875346	-14.9903807	Andretta-Filano
15.57690698	40.81754817	-3.7780589	Andretta-Filano
15.47642954	40.84693535	-2.2361273	Andretta-Filano
15.32804243	40.95661304	-12.6908602	Andretta-Filano
15.36119814	40.89657963	-3.5290765	Andretta-Filano
15.67156355	40.80656129	-8.4356628	Andretta-Filano
15.45417509	40.88981562	-8.8794893	Andretta-Filano
15.5508858	40.85590011	-9.2813792	Andretta-Filano
15.41661922	40.86797972	-1.9999999	Andretta-Filano
15.62280777	40.85389925	-14.0391063	Andretta-Filano
15.48988746	40.90637758	-14.6148778	Andretta-Filano
15.29507764	40.96374962	-11.7035438	Andretta-Filano
15.67469563	40.83953733	-14.9903807	Andretta-Filano
15.57120198	40.86915929	-13.2803192	Andretta-Filano
15.49266753	40.86539216	-6.9414192	Andretta-Filano
15.27117889	40.96786391	-10.7847455	Andretta-Filano
15.32776511	40.92046016	-5.7245855	Andretta-Filano
15.6734997	40.78418928	-4.2794056	Andretta-Filano
15.39743835	40.92972435	-12.4880411	Andretta-Filano
15.32397813	40.93607618	-8.4539188	Andretta-Filano
15.58665489	40.8113384	-3.2828001	Andretta-Filano
15.69856755	40.79055175	-7.2922271	Andretta-Filano
15.43541122	40.90572195	-10.5929337	Andretta-Filano
15.31791971	40.9707581	-14.6845653	Andretta-Filano
15.69644216	40.82127523	-13.0384403	Andretta-Filano
15.70712112	40.79795504	-9.3246803	Andretta-Filano
15.67209729	40.79736988	-6.7093669	Andretta-Filano
15.40968878	40.9381882	-14.9903807	Andretta-Filano
15.26478833	40.95796228	-8.4248259	Andretta-Filano
15.44190162	40.90224047	-10.3882678	Andretta-Filano
15.30831548	40.96111847	-12.1450138	Andretta-Filano
15.42393914	40.8768448	-4.2259559	Andretta-Filano
15.60920004	40.79775096	-2.2865462	Andretta-Filano
15.25966759	40.94574572	-5.7110545	Andretta-Filano
15.26721015	40.94322324	-5.7658578	Andretta-Filano
15.54923546	40.88624032	-14.9903807	Andretta-Filano
15.34078555	40.92029957	-6.625117	Andretta-Filano
15.37501429	40.94975699	-14.7332792	Andretta-Filano
15.31809074	40.95986752	-12.604075	Andretta-Filano
15.53752935	40.85950583	-9.0188652	Andretta-Filano
15.58986456	40.80698498	-2.6765824	Andretta-Filano
15.28548022	40.93911568	-6.2836124	Andretta-Filano
15.42008655	40.88950579	-6.3822235	Andretta-Filano
15.52824236	40.85721677	-7.9153584	Andretta-Filano
15.35523539	40.90841366	-5.3758241	Andretta-Filano
15.52810361	40.85223197	-6.9481845	Andretta-Filano
15.49874853	40.84161787	-2.8113089	Andretta-Filano
15.37897107	40.88200062	-1.9999999	Andretta-Filano
15.31042387	40.95357193	-10.8458058	Andretta-Filano
15.40256406	40.9408402	-14.9903807	Andretta-Filano
15.57095734	40.87301561	-14.0034164	Andretta-Filano
15.58525012	40.83173763	-7.0987246	Andretta-Filano
15.48059965	40.84415252	-1.9999999	Andretta-Filano
15.36735624	40.92866009	-10.1321871	Andretta-Filano
15.46759101	40.86286641	-4.6633658	Andretta-Filano
15.45525191	40.85510574	-2.2909505	Andretta-Filano
15.70999826	40.79247413	-8.4782757	Andretta-Filano
15.67898045	40.80404358	-8.4823362	Andretta-Filano
15.52042366	40.83497354	-3.0852381	Andretta-Filano
15.45415345	40.88448756	-7.8546358	Andretta-Filano
15.66571699	40.81988681	-10.575681	Andretta-Filano
15.54501687	40.88155457	-13.7887709	Andretta-Filano
15.48148071	40.87089085	-7.1975056	Andretta-Filano
15.70053977	40.7802777	-5.4612267	Andretta-Filano
15.49879769	40.89047671	-12.1974491	Andretta-Filano
15.42401172	40.91009678	-10.6183192	Andretta-Filano
15.42686977	40.92429021	-13.5492611	Andretta-Filano
15.54328759	40.8555617	-8.6731317	Andretta-Filano
15.72089471	40.80198302	-11.0824413	Andretta-Filano
15.29769259	40.93333768	-6.0473155	Andretta-Filano
15.44974104	40.92327818	-14.9903807	Andretta-Filano
15.64085981	40.79471257	-3.9661483	Andretta-Filano
15.36930483	40.93534958	-11.5567308	Andretta-Filano
15.50579651	40.84872831	-4.6806314	Andretta-Filano
15.57135066	40.8301147	-5.7935965	Andretta-Filano
15.42900878	40.86336588	-1.9999999	Andretta-Filano
15.69554637	40.77714922	-4.5038624	Andretta-Filano
15.30419438	40.91714645	-3.4022284	Andretta-Filano
15.57636741	40.80960789	-2.2151532	Andretta-Filano
15.6232222	40.81118026	-5.8666668	Andretta-Filano
15.65767674	40.8027423	-6.7096898	Andretta-Filano
15.71268263	40.8165831	-13.2982484	Andretta-Filano
15.29158117	40.97995878	-14.5685316	Andretta-Filano
15.28360384	40.98062353	-14.1257093	Andretta-Filano
15.41028262	40.88426961	-4.6755626	Andretta-Filano
15.6932087	40.78579706	-5.9965716	Andretta-Filano
15.46249177	40.86705625	-5.1034906	Andretta-Filano
15.59695993	40.82455309	-6.5564439	Andretta-Filano
15.61971431	40.80919271	-5.2344022	Andretta-Filano
15.29756526	40.97388552	-13.8293656	Andretta-Filano
15.30465912	40.9719032	-13.9558866	Andretta-Filano
15.38017015	40.88414955	-2.498472	Andretta-Filano
15.59165978	40.85543218	-12.106787	Andretta-Filano
15.58417426	40.84507673	-9.5831341	Andretta-Filano
15.54887112	40.86218877	-10.3449667	Andretta-Filano
15.51467563	40.85908752	-7.3047514	Andretta-Filano
15.40338163	40.92371374	-11.7583473	Andretta-Filano
15.57863643	40.83450456	-7.1572491	Andretta-Filano
15.66297914	40.82440756	-11.2478658	Andretta-Filano
15.35623779	40.91584691	-6.8752846	Andretta-Filano
15.4004187	40.91011622	-8.9342925	Andretta-Filano
15.30377089	40.91284014	-2.5446546	Andretta-Filano
15.64705565	40.78359919	-2.2760462	Andretta-Filano
15.70294858	40.79201517	-7.8862659	Andretta-Filano
15.60524338	40.82326028	-6.9004859	Andretta-Filano
15.52606848	40.8732536	-10.8399049	Andretta-Filano
15.38272914	40.92817225	-11.1379205	Andretta-Filano
15.30049738	40.94280706	-8.0672517	Andretta-Filano
15.48655044	40.85457296	-4.4263937	Andretta-Filano
15.50386248	40.84433736	-3.6992518	Andretta-Filano
15.64546801	40.78698256	-2.8118988	Andretta-Filano
15.45359298	40.86300649	-3.6894344	Andretta-Filano
15.38908344	40.90088549	-6.3504244	Andretta-Filano
15.42949107	40.91107043	-11.1971249	Andretta-Filano
15.62121538	40.80295091	-4.1434134	Andretta-Filano
15.28501919	40.92261424	-3.0805013	Andretta-Filano
15.68404215	40.7803274	-4.2915843	Andretta-Filano
15.30169724	40.94668636	-8.8984336	Andretta-Filano
15.57958496	40.81368223	-3.2273202	Andretta-Filano
15.5222961	40.83073924	-2.4061185	Andretta-Filano
15.49400515	40.83915919	-1.9999999	Andretta-Filano
15.59915347	40.85619603	-12.7891205	Andretta-Filano
15.69492477	40.83200529	-14.9904081	Andretta-Filano
15.46902824	40.85293481	-2.8589212	Andretta-Filano
15.29812167	40.95251101	-9.7617527	Andretta-Filano
15.26945524	40.92862	-3.1207591	Andretta-Filano
15.38533504	40.93635966	-12.8973714	Andretta-Filano
15.67321244	40.83908178	-14.7968783	Andretta-Filano
15.48847379	40.90885808	-14.9903968	Andretta-Filano
15.71847403	40.81820132	-14.0228685	Andretta-Filano
15.70371166	40.76990646	-3.6975448	Andretta-Filano
15.2623701	40.95421484	-7.5317378	Andretta-Filano
15.55231888	40.87923656	-13.8655628	Andretta-Filano
15.3143238	40.95804493	-11.984326	Andretta-Filano
15.39210409	40.93724545	-13.5516278	Andretta-Filano
15.52114949	40.88996973	-13.6984471	Andretta-Filano
15.41197766	40.91675872	-11.0371107	Andretta-Filano
15.39740552	40.87513377	-2.0000082	Andretta-Filano
15.5273401	40.8267456	-1.9999999	Andretta-Filano
15.70648779	40.778317	-5.5101092	Andretta-Filano
15.38217792	40.94707862	-14.731264	Andretta-Filano
15.53617424	40.87367909	-11.6440042	Andretta-Filano
15.48995842	40.84323207	-2.4925521	Andretta-Filano
15.54308456	40.87487283	-12.3672711	Andretta-Filano
15.32036773	40.92396528	-5.8688661	Andretta-Filano
15.44685213	40.89469473	-9.2928811	Andretta-Filano
15.51329314	40.86987496	-9.2773194	Andretta-Filano
15.46354241	40.85050443	-1.9999979	Andretta-Filano
