13.830912	43.595	-1.4999996	Colosseo
13.96197638	43.52487673	-11.682335	Colosseo
13.83588525	43.59680666	-2.0126519	Colosseo
13.98048795	43.44753551	-6.489527	Colosseo
13.86640877	43.53112064	-2.5982271	Colosseo
13.88171069	43.55509779	-4.8791971	Colosseo
13.99059801	43.43564769	-5.6542523	Colosseo
13.87473461	43.47079675	-1.5000958	Colosseo
13.95811295	43.47183827	-7.6551483	Colosseo
13.92461162	43.58245508	-9.6228885	Colosseo
13.92461721	43.49357831	-6.9462261	Colosseo
13.89608469	43.47724926	-3.6124483	Colosseo
13.88145125	43.47971247	-2.6132345	Colosseo
13.90201902	43.55804213	-6.8519401	Colosseo
13.88542729	43.55011538	-5.0650997	Colosseo
13.85089847	43.53744955	-1.5002579	Colosseo
13.97238606	43.46278894	-7.700419	Colosseo
13.93001948	43.50189606	-7.9081552	Colosseo
14.01273101	43.44760271	-8.4087927	Colosseo
13.93596224	43.58307627	-10.6973595	Colosseo
13.93073524	43.54288046	-9.0409149	Colosseo
13.95552405	43.51028614	-10.4890955	Colosseo
14.00575076	43.45900226	-9.3527486	Colosseo
13.864929	43.50684514	-2.0274283	Colosseo
13.84431003	43.59986681	-2.8810679	Colosseo
13.85596158	43.52647793	-1.4999996	Colosseo
14.02968243	43.46541352	-11.5630162	Colosseo
13.95514613	43.49271662	-9.2238275	Colosseo
13.84753951	43.55912328	-1.8403306	Colosseo
13.9780889	43.45899535	-7.6291054	Colosseo
13.9403769	43.57561874	-10.9053502	Colosseo
13.96295631	43.43850404	-4.3606058	Colosseo
13.98666268	43.48773449	-11.1520074	Colosseo
13.950327	43.421	-1.4999996	Colosseo
13.99488519	43.45276926	-7.9744522	Colosseo
13.9377564	43.49891068	-8.3374091	Colosseo
13.92485711	43.51139159	-7.8551232	Colosseo
13.85252074	43.60284878	-3.7273866	Colosseo
13.95508084	43.43829621	-3.8688057	Colosseo
13.9039463	43.48010922	-4.4234791	Colosseo
13.94176409	43.49385836	-8.3235804	Colosseo
13.90159426	43.52876462	-5.9732362	Colosseo
13.96853306	43.51006556	-11.5089747	Colosseo
13.88324146	43.53639465	-4.3129591	Colosseo
13.86019578	43.60563582	-4.5184622	Colosseo
13.90737636	43.53377433	-6.622357	Colosseo
13.85947138	43.5824999	-3.7233978	Colosseo
13.89766468	43.49013345	-4.5714952	Colosseo
13.92634664	43.50960944	-7.9107801	Colosseo
13.9135468	43.54740569	-7.4374907	Colosseo
13.90414976	43.57044757	-7.3888744	Colosseo
13.94806095	43.5929098	-12.1064537	Colosseo
13.94174977	43.44291181	-3.5583387	Colosseo
14.00254571	43.45136196	-8.2586687	Colosseo
13.86624166	43.607831	-5.1415999	Colosseo
13.95785485	43.5453711	-11.699901	Colosseo
13.94483442	43.45277121	-4.8587609	Colosseo
13.99556933	43.47121462	-10.0913507	Colosseo
13.92774557	43.53362899	-8.5805267	Colosseo
13.87237348	43.61005714	-5.7735764	Colosseo
13.93395253	43.46857604	-5.7161242	Colosseo
13.92092411	43.51326227	-7.5173668	Colosseo
13.89968813	43.57574402	-7.1346434	Colosseo
13.96477905	43.50222145	-10.6968077	Colosseo
13.955821	43.51127148	-10.5686446	Colosseo
13.93216018	43.57937891	-10.2422987	Colosseo
13.96557712	43.48007267	-8.9776544	Colosseo
13.87854835	43.61229868	-6.4099727	Colosseo
13.88676903	43.46955672	-2.3077867	Colosseo
13.91368696	43.53661108	-7.2812023	Colosseo
13.88538143	43.50857995	-4.0201634	Colosseo
13.90356016	43.49139952	-5.1305484	Colosseo
13.92016529	43.5630642	-8.6601984	Colosseo
13.96155024	43.44064921	-4.5361309	Colosseo
14.02078264	43.46410397	-10.8624757	Colosseo
13.89284561	43.55471001	-5.9061294	Colosseo
13.93376445	43.56051151	-9.7482511	Colosseo
13.97510955	43.50794517	-11.8947618	Colosseo
13.89587617	43.54183027	-5.6365745	Colosseo
13.94699261	43.49575858	-8.8627493	Colosseo
13.86402851	43.57046495	-3.729597	Colosseo
13.88596699	43.6149914	-7.174532	Colosseo
13.96475262	43.50407322	-10.8196905	Colosseo
13.92501361	43.57635489	-9.4939649	Colosseo
13.91674915	43.43844805	-1.4999967	Colosseo
13.88684479	43.59053357	-6.4847709	Colosseo
14.02608393	43.45191674	-9.7209451	Colosseo
13.87853642	43.58455442	-5.5354227	Colosseo
13.95836896	43.45090678	-5.4918606	Colosseo
14.02646251	43.44868397	-9.3533045	Colosseo
13.93428627	43.53299375	-9.1973126	Colosseo
13.88614465	43.58123831	-6.1061505	Colosseo
13.87758837	43.51208413	-3.3452828	Colosseo
13.97845201	43.5071883	-12.1066012	Colosseo
14.03112132	43.4694434	-12.1067262	Colosseo
13.94735243	43.47428995	-7.1745321	Colosseo
14.0080582	43.44199526	-7.4551652	Colosseo
13.87241802	43.58518233	-4.9942002	Colosseo
13.96813667	43.43272654	-3.9704537	Colosseo
13.93680948	43.4316494	-1.9838887	Colosseo
13.87961541	43.5878835	-5.7388885	Colosseo
13.88599786	43.49975496	-3.8990855	Colosseo
13.89662369	43.61885882	-8.2727574	Colosseo
13.93323624	43.51443643	-8.7191197	Colosseo
13.90569408	43.62214998	-9.2074639	Colosseo
13.94735451	43.54776633	-10.7354049	Colosseo
13.90601429	43.59017759	-8.215041	Colosseo
13.96252903	43.51370827	-11.2602828	Colosseo
14.00832037	43.45396158	-8.9146773	Colosseo
13.9689395	43.52043681	-12.1066012	Colosseo
13.98288597	43.43284339	-4.8587572	Colosseo
13.97946091	43.4489271	-6.5829442	Colosseo
13.90143376	43.53215726	-6.0182207	Colosseo
13.99196869	43.45575452	-8.1293193	Colosseo
13.87131709	43.52146523	-2.9164937	Colosseo
13.94211547	43.49486054	-8.4208076	Colosseo
14.01906258	43.47259963	-11.7101129	Colosseo
13.95632633	43.44182453	-4.3439813	Colosseo
13.84288782	43.56770275	-1.7237354	Colosseo
13.96630409	43.5142021	-11.6005762	Colosseo
13.95258323	43.53420378	-10.9740553	Colosseo
13.88568065	43.4743396	-2.6004498	Colosseo
13.98182369	43.46939814	-8.9938377	Colosseo
13.9128563	43.62474841	-9.9455067	Colosseo
13.9168369	43.44258648	-1.9706422	Colosseo
13.88560059	43.55207772	-5.1593095	Colosseo
14.00656862	43.4442516	-7.639123	Colosseo
13.92141447	43.54770127	-8.2082729	Colosseo
13.9588412	43.56385195	-12.1066012	Colosseo
13.92014743	43.62739326	-10.6968077	Colosseo
13.8739192	43.53300638	-3.3517364	Colosseo
13.89775584	43.54762984	-6.0443794	Colosseo
13.94020826	43.53303049	-9.7663255	Colosseo
13.9462233	43.59029826	-11.8502686	Colosseo
13.9125239	43.50271109	-6.4063822	Colosseo
13.93852427	43.48470522	-7.3523418	Colosseo
13.94006231	43.44880489	-4.1157423	Colosseo
13.92688203	43.56184615	-9.1991375	Colosseo
13.92951902	43.63079232	-11.6624503	Colosseo
13.92846777	43.52357721	-8.4495202	Colosseo
13.91854523	43.58049433	-9.0048123	Colosseo
13.87476099	43.57634965	-4.9061911	Colosseo
13.95299686	43.57655026	-12.1066012	Colosseo
13.98922684	43.46890987	-9.4372755	Colosseo
13.88051998	43.46524052	-1.4999996	Colosseo
13.89856509	43.541963	-5.8929008	Colosseo
13.86851522	43.54419477	-3.3309517	Colosseo
14.01965421	43.46177038	-10.5288614	Colosseo
13.93566828	43.62700413	-12.1066012	Colosseo
13.9096404	43.48411104	-5.1406312	Colosseo
13.93382966	43.6323556	-12.1066012	Colosseo
13.83219457	43.59127209	-1.5000001	Colosseo
13.8919655	43.48340813	-3.6893983	Colosseo
13.88105239	43.54135944	-4.3137169	Colosseo
13.94711277	43.58028672	-11.6602345	Colosseo
13.99644777	43.47316227	-10.3466798	Colosseo
13.90128655	43.59502414	-7.9496737	Colosseo
13.92085969	43.48713388	-6.2287766	Colosseo
13.8866986	43.4852674	-3.3915096	Colosseo
13.90445588	43.46091757	-2.928024	Colosseo
13.8990429	43.55609208	-6.511631	Colosseo
13.96684931	43.45151443	-6.0882454	Colosseo
13.97480951	43.50586491	-11.73088	Colosseo
13.90766421	43.54611298	-6.8519152	Colosseo
13.86477059	43.564058	-3.570221	Colosseo
13.9295386	43.52916937	-8.6661005	Colosseo
13.89060069	43.47525462	-3.0467117	Colosseo
13.95996987	43.49735294	-9.9515831	Colosseo
13.88010259	43.53609821	-4.0102291	Colosseo
13.87380418	43.52833125	-3.2667862	Colosseo
14.00693583	43.4837531	-12.1065562	Colosseo
13.93650136	43.49281999	-7.8418652	Colosseo
13.90019794	43.50785172	-5.4233636	Colosseo
13.93571324	43.56781171	-10.2253714	Colosseo
13.95890722	43.50008809	-10.0913472	Colosseo
13.92818184	43.48990555	-6.9912181	Colosseo
13.96796283	43.46225667	-7.3535776	Colosseo
13.99279159	43.489961	-11.783984	Colosseo
13.98590323	43.46313977	-8.5816336	Colosseo
13.90603258	43.4817423	-4.6997369	Colosseo
13.95287471	43.54805205	-11.2726309	Colosseo
13.87783537	43.47278004	-1.8759434	Colosseo
13.92621786	43.46257172	-4.5988407	Colosseo
13.88811789	43.53901116	-4.8366528	Colosseo
13.9067536	43.52372321	-6.3729879	Colosseo
13.98872941	43.48932692	-11.4414791	Colosseo
13.94586181	43.5362215	-10.3719437	Colosseo
13.91673073	43.54940634	-7.7866204	Colosseo
13.9521196	43.48149061	-8.1028858	Colosseo
13.87560407	43.46979874	-1.4999996	Colosseo
13.95212655	43.57471122	-11.9565753	Colosseo
13.95595342	43.43616247	-3.6630291	Colosseo
13.86607597	43.53015524	-2.5429815	Colosseo
13.96509086	43.53104736	-12.1067042	Colosseo
13.84732745	43.54867615	-1.4999967	Colosseo
13.92208837	43.61267354	-10.4111822	Colosseo
13.92595066	43.48811025	-6.6928207	Colosseo
13.86557207	43.60321682	-4.934854	Colosseo
13.94112778	43.55290852	-10.2096661	Colosseo
13.92891106	43.50337945	-7.8733523	Colosseo
13.88482436	43.56800802	-5.5216637	Colosseo
13.93630918	43.51968564	-9.1207179	Colosseo
13.88035709	43.48296069	-2.7374366	Colosseo
13.99717799	43.44368772	-7.0144315	Colosseo
13.92233342	43.59254141	-9.7715548	Colosseo
13.96885622	43.47063855	-8.2520026	Colosseo
13.86136825	43.53541851	-2.3349698	Colosseo
13.94744744	43.5655233	-11.1605396	Colosseo
13.90257037	43.49322973	-5.1327611	Colosseo
13.93629238	43.4770786	-6.5777726	Colosseo
13.93476064	43.60326191	-11.2714849	Colosseo
13.98539013	43.44519772	-6.4979474	Colosseo
13.94503138	43.52338941	-10.0308968	Colosseo
14.00952458	43.4782218	-11.7261295	Colosseo
13.93567985	43.50307563	-8.442911	Colosseo
13.85420637	43.53050946	-1.4999742	Colosseo
13.90971936	43.61767015	-9.4352022	Colosseo
13.9035214	43.44674685	-1.4999898	Colosseo
13.86794006	43.57624674	-4.2867215	Colosseo
13.9832616	43.50272718	-12.1066012	Colosseo
13.91599531	43.56311806	-8.2926234	Colosseo
13.90776491	43.54196057	-6.7886144	Colosseo
13.89923585	43.45328693	-1.8687447	Colosseo
13.89458362	43.59258592	-7.2585833	Colosseo
13.91455568	43.51090673	-6.859838	Colosseo
13.90945277	43.49033625	-5.5299711	Colosseo
13.99619417	43.46195402	-9.0891773	Colosseo
13.93601104	43.52676909	-9.236701	Colosseo
13.88512507	43.51888632	-4.2001866	Colosseo
13.91574967	43.5080816	-6.9160004	Colosseo
13.93816335	43.61974092	-12.1066012	Colosseo
13.99387372	43.44940139	-7.5080606	Colosseo
13.94988844	43.46195985	-6.117309	Colosseo
13.91948015	43.49718756	-6.772365	Colosseo
13.95953323	43.54086007	-11.7748414	Colosseo
13.93044311	43.58457168	-10.223932	Colosseo
13.85780445	43.5151186	-1.5002008	Colosseo
13.89057572	43.51231602	-4.5936241	Colosseo
13.88692977	43.59961145	-6.7783043	Colosseo
13.89196917	43.46048584	-1.9683892	Colosseo
13.92656058	43.43301299	-1.5000675	Colosseo
13.89250684	43.58898075	-6.9535644	Colosseo
13.89289074	43.61348991	-7.7616241	Colosseo
13.93218538	43.55501894	-9.3798214	Colosseo
13.84917812	43.54236105	-1.4999996	Colosseo
13.91347326	43.44431056	-1.9204835	Colosseo
13.86407079	43.5472143	-3.0202784	Colosseo
14.04853257	43.45670212	-11.6293053	Colosseo
13.92960057	43.60211997	-10.7654583	Colosseo
13.95822766	43.56062407	-11.9961187	Colosseo
13.91400738	43.46132204	-3.6588853	Colosseo
13.87639896	43.58221218	-5.2610571	Colosseo
13.8850813	43.53526198	-4.4742672	Colosseo
13.90041066	43.5623216	-6.8187625	Colosseo
13.91078163	43.52134391	-6.7117106	Colosseo
13.92358391	43.53719789	-8.2484724	Colosseo
13.87163673	43.53801729	-3.3463262	Colosseo
13.95793169	43.55387144	-11.8615045	Colosseo
13.94080763	43.56132771	-10.4015357	Colosseo
14.00992684	43.47643094	-11.5718057	Colosseo
13.9474111	43.52997151	-10.3926844	Colosseo
13.9496129	43.58811657	-12.1066012	Colosseo
13.84289316	43.56135034	-1.5000128	Colosseo
13.95384509	43.56783772	-11.8195269	Colosseo
13.91514767	43.4859832	-5.7003404	Colosseo
13.92379393	43.5564422	-8.7016784	Colosseo
13.90562798	43.47669876	-4.2755343	Colosseo
13.93455601	43.50896746	-8.6044902	Colosseo
14.00444105	43.45624233	-8.9599801	Colosseo
13.90772328	43.50741256	-6.1346149	Colosseo
13.95290663	43.49790788	-9.4726546	Colosseo
13.92652989	43.49975012	-7.49936	Colosseo
13.91867227	43.62350538	-10.4392384	Colosseo
13.95075439	43.53960901	-10.907338	Colosseo
13.91046554	43.44211641	-1.5000611	Colosseo
13.87912103	43.60639389	-6.2764232	Colosseo
13.88038845	43.52550493	-3.8636485	Colosseo
13.89284121	43.57091979	-6.3481015	Colosseo
13.89952942	43.57334871	-7.0375215	Colosseo
13.90433343	43.55102654	-6.7645727	Colosseo
13.91359061	43.60336029	-9.3393407	Colosseo
13.92848177	43.48606039	-6.7165695	Colosseo
13.95447097	43.50488313	-10.0543421	Colosseo
13.93767953	43.45016893	-4.1206969	Colosseo
13.97446225	43.45343226	-6.7778663	Colosseo
13.84535677	43.59457159	-2.8100806	Colosseo
13.90662798	43.52973025	-6.475617	Colosseo
13.88370136	43.58583717	-6.0478735	Colosseo
13.97130265	43.50546568	-11.4304307	Colosseo
14.01266877	43.45923223	-9.8085125	Colosseo
13.95288433	43.55664296	-11.413234	Colosseo
13.92921886	43.51679489	-8.3832243	Colosseo
13.9317689	43.58762429	-10.4495767	Colosseo
13.91720965	43.51942175	-7.2874493	Colosseo
13.93330008	43.4907819	-7.4507536	Colosseo
13.96026787	43.55499214	-12.1069263	Colosseo
13.94475801	43.5024068	-9.1210977	Colosseo
13.95096505	43.42417193	-1.9205357	Colosseo
13.85503426	43.53918559	-1.9363336	Colosseo
13.86836017	43.47859614	-1.4999996	Colosseo
13.88774438	43.52863242	-4.6293182	Colosseo
13.96326707	43.48588296	-9.2796944	Colosseo
13.83814629	43.57396879	-1.4999957	Colosseo
13.93765524	43.6142598	-11.8875904	Colosseo
13.85824434	43.5281524	-1.7563258	Colosseo
13.96140929	43.52834153	-11.6991143	Colosseo
13.93448166	43.53800503	-9.3120011	Colosseo
13.91885347	43.53720426	-7.7934735	Colosseo
14.01511225	43.47831464	-12.1066012	Colosseo
13.84082007	43.57949104	-1.9189644	Colosseo
13.93957594	43.57167904	-10.7233475	Colosseo
13.96302182	43.45682812	-6.4472616	Colosseo
13.92084123	43.46380778	-4.3637823	Colosseo
13.90601696	43.45841524	-2.8346641	Colosseo
13.97348738	43.44708594	-6.0040096	Colosseo
13.91294897	43.57822106	-8.4208392	Colosseo
13.92866811	43.43957825	-2.3690948	Colosseo
13.96325514	43.53966984	-12.1066861	Colosseo
13.8899088	43.48731281	-3.7715804	Colosseo
13.95285844	43.51686768	-10.5443355	Colosseo
13.93055788	43.49775453	-7.689825	Colosseo
13.95580435	43.55065819	-11.603294	Colosseo
13.98061364	43.46577955	-8.5489417	Colosseo
13.97590193	43.50286275	-11.5721236	Colosseo
13.99833751	43.45578264	-8.5291535	Colosseo
13.96104498	43.46120337	-6.7866056	Colosseo
13.91116691	43.48273489	-5.1681165	Colosseo
13.92941043	43.4341563	-1.8061812	Colosseo
13.90118061	43.47123122	-3.5092481	Colosseo
13.86080738	43.54219844	-2.5695167	Colosseo
13.8454082	43.58733173	-2.5866295	Colosseo
13.91464398	43.5249904	-7.1554218	Colosseo
13.89519322	43.54002774	-5.5334753	Colosseo
13.84581567	43.55383396	-1.4999996	Colosseo
13.92837171	43.53922563	-8.7481014	Colosseo
13.94574106	43.59308263	-11.9031929	Colosseo
13.89465	43.60251807	-7.5772346	Colosseo
13.97758623	43.4852784	-10.292431	Colosseo
13.86246737	43.57796322	-3.853389	Colosseo
13.89367616	43.53469307	-5.3022966	Colosseo
13.87082101	43.56965095	-4.3140846	Colosseo
13.915774	43.60941509	-9.7300611	Colosseo
13.96023524	43.50896797	-10.7780142	Colosseo
13.86248971	43.55989375	-3.2191778	Colosseo
13.85575863	43.52724861	-1.4999996	Colosseo
13.89959307	43.5022083	-5.2498762	Colosseo
14.03495396	43.46732837	-12.1066012	Colosseo
13.93446294	43.45274672	-4.1658673	Colosseo
13.93211835	43.42994238	-1.4999996	Colosseo
13.90242879	43.58396484	-7.6723034	Colosseo
13.94101761	43.54696603	-10.1058704	Colosseo
13.96754843	43.44283058	-5.1548535	Colosseo
13.94911852	43.43091022	-2.6241929	Colosseo
13.89751274	43.45532108	-1.9574093	Colosseo
13.9711479	43.45847948	-7.1389001	Colosseo
13.93043505	43.60432714	-10.9136514	Colosseo
13.91105972	43.57372899	-8.1222204	Colosseo
13.8975942	43.52566831	-5.5288461	Colosseo
13.88009501	43.58005612	-5.5183803	Colosseo
13.98996675	43.49281334	-11.8116055	Colosseo
13.94696686	43.49127027	-8.5022908	Colosseo
13.99022634	43.48607038	-11.2232706	Colosseo
13.92605484	43.55279272	-8.7478446	Colosseo
13.92399153	43.58417839	-9.625931	Colosseo
13.85395924	43.57250955	-2.8930711	Colosseo
13.87593878	43.49360647	-2.810356	Colosseo
13.87046952	43.54657962	-3.5992269	Colosseo
13.89318406	43.57675523	-6.5834518	Colosseo
13.91316188	43.5674548	-8.1469449	Colosseo
13.89276913	43.55297393	-5.8301222	Colosseo
13.91758835	43.57825282	-8.8539107	Colosseo
13.89966329	43.60521796	-8.1216678	Colosseo
13.90422332	43.54401874	-6.4762637	Colosseo
13.90780404	43.4599074	-3.0954097	Colosseo
13.97328754	43.4799414	-9.4791185	Colosseo
13.86828681	43.59206445	-4.8322417	Colosseo
13.90492978	43.5939221	-8.2488073	Colosseo
13.98205253	43.47582211	-9.6517279	Colosseo
13.91318778	43.56021982	-7.9279754	Colosseo
13.96541703	43.4774638	-8.7057905	Colosseo
13.9004512	43.61457333	-8.4884801	Colosseo
13.99162546	43.49496803	-12.1066012	Colosseo
14.03514027	43.45183701	-10.2482366	Colosseo
13.87418779	43.53394839	-3.4003494	Colosseo
13.87723615	43.56525151	-4.7394571	Colosseo
13.83556514	43.58147366	-1.5000001	Colosseo
13.90897312	43.56308086	-7.6373279	Colosseo
14.00158064	43.47523632	-10.896877	Colosseo
13.92354368	43.53940121	-8.2852265	Colosseo
13.95151861	43.455202	-5.5481709	Colosseo
13.90533291	43.49851634	-5.598182	Colosseo
13.90571039	43.55785893	-7.1719683	Colosseo
13.86446895	43.54439867	-2.9804896	Colosseo
13.97737278	43.50843878	-12.1069688	Colosseo
13.94695299	43.57253313	-11.4107828	Colosseo
13.87643965	43.48774919	-2.6073409	Colosseo
13.93974382	43.46743828	-5.9887153	Colosseo
13.9402643	43.6136241	-12.1066007	Colosseo
13.97476234	43.49536125	-10.8884998	Colosseo
13.94143901	43.47214005	-6.5646523	Colosseo
13.99375013	43.43859508	-6.1967358	Colosseo
13.87123913	43.55135454	-3.8012769	Colosseo
13.86788531	43.47930129	-1.4999996	Colosseo
13.94424781	43.42398584	-1.5000006	Colosseo
14.00977949	43.47234822	-11.1037398	Colosseo
13.92678758	43.62524753	-11.2376334	Colosseo
13.90020468	43.52107297	-5.6922501	Colosseo
13.90884923	43.57813186	-8.0458945	Colosseo
13.85948359	43.57522887	-3.4878053	Colosseo
13.91780932	43.48514994	-5.853091	Colosseo
13.93155899	43.56876912	-9.8968079	Colosseo
13.91533906	43.47257992	-4.66596	Colosseo
13.95286002	43.56168093	-11.4900919	Colosseo
13.92233945	43.56907587	-9.0462987	Colosseo
13.8706731	43.49568967	-2.3494088	Colosseo
13.89357216	43.58327238	-6.8483058	Colosseo
13.9867761	43.45361802	-7.5658973	Colosseo
13.89657631	43.45137634	-1.4999996	Colosseo
13.95979428	43.55087154	-11.9919898	Colosseo
13.89479712	43.48821285	-4.2267791	Colosseo
13.96097963	43.47924346	-8.5799066	Colosseo
13.89307867	43.45370762	-1.4999996	Colosseo
13.90178541	43.5379611	-6.1434099	Colosseo
13.95925215	43.56130682	-12.1066021	Colosseo
13.95129106	43.52401478	-10.6427359	Colosseo
13.95863869	43.5646224	-12.1066012	Colosseo
13.91944849	43.43927255	-1.7607452	Colosseo
13.94329228	43.45375572	-4.8560944	Colosseo
13.87232834	43.56476471	-4.2774993	Colosseo
13.869832	43.51466022	-2.6484644	Colosseo
13.94337732	43.54428283	-10.2873228	Colosseo
13.93334646	43.62502687	-11.8316304	Colosseo
13.94158348	43.60058326	-11.7925269	Colosseo
13.9124586	43.59647958	-9.0187984	Colosseo
13.89916315	43.48026623	-4.0579664	Colosseo
13.94177102	43.54007016	-10.0521566	Colosseo
14.01870638	43.44586541	-8.5533901	Colosseo
13.99895302	43.43868535	-6.5160385	Colosseo
13.9109489	43.55274841	-7.418101	Colosseo
14.01423871	43.46367447	-10.4065631	Colosseo
13.8641154	43.52646021	-2.293731	Colosseo
13.91143447	43.45450761	-2.8049285	Colosseo
13.92977949	43.61687785	-11.2482408	Colosseo
13.93370747	43.60764509	-11.3183927	Colosseo
13.85011048	43.53917924	-1.4999996	Colosseo
13.93154914	43.44974172	-3.670627	Colosseo
13.97355604	43.47338721	-8.8409299	Colosseo
13.84830148	43.55473749	-1.7563531	Colosseo
14.04614973	43.45966981	-11.8461324	Colosseo
13.85879014	43.52750638	-1.7916817	Colosseo
13.94499253	43.55882491	-10.67913	Colosseo
13.91566413	43.58346333	-8.8491516	Colosseo
13.88792278	43.57276682	-5.9674621	Colosseo
13.96639169	43.42684441	-3.1572818	Colosseo
13.85603868	43.57649023	-3.219451	Colosseo
13.85761491	43.54480114	-2.3528082	Colosseo
14.00432778	43.48303082	-11.8601846	Colosseo
13.95624613	43.56965213	-12.1065894	Colosseo
13.84527564	43.55525899	-1.4999381	Colosseo
13.85381358	43.5897028	-3.431554	Colosseo
13.85986742	43.59962874	-4.2990787	Colosseo
13.92272488	43.44629034	-2.736181	Colosseo
13.93331901	43.46918756	-5.7271727	Colosseo
13.91227424	43.44092622	-1.4999996	Colosseo
13.86186228	43.58785949	-4.1110526	Colosseo
13.89801443	43.4563457	-2.0855723	Colosseo
13.87992369	43.46844687	-1.7119942	Colosseo
13.95377227	43.56285607	-11.6049942	Colosseo
13.91892484	43.48083224	-5.5908606	Colosseo
13.97468638	43.43829315	-5.0303566	Colosseo
13.91701565	43.46325827	-4.0455846	Colosseo
13.88697835	43.60977856	-7.1029926	Colosseo
13.92775492	43.56604174	-9.4518262	Colosseo
13.85621367	43.55955888	-2.6389512	Colosseo
13.94919196	43.43970956	-3.6620203	Colosseo
13.90886997	43.59899468	-8.7694206	Colosseo
13.86246041	43.49259059	-1.5000289	Colosseo
13.89959534	43.59126678	-7.6740983	Colosseo
13.85250421	43.5990493	-3.6061283	Colosseo
13.92450229	43.45479057	-3.7053236	Colosseo
13.93303849	43.45815033	-4.6114022	Colosseo
13.89838412	43.46591984	-2.877753	Colosseo
13.96902294	43.516067	-11.9298248	Colosseo
13.97325518	43.51348439	-12.1066012	Colosseo
13.96933634	43.48228056	-9.4416932	Colosseo
13.93990858	43.47074175	-6.3304231	Colosseo
13.87247225	43.50214636	-2.6533087	Colosseo
13.87197706	43.48078998	-1.9220543	Colosseo
13.86564925	43.48395707	-1.5000001	Colosseo
13.9361616	43.42795696	-1.4999996	Colosseo
13.97005097	43.50413667	-11.2403956	Colosseo
14.03705491	43.4648109	-11.9273399	Colosseo
13.88342248	43.49100854	-3.3578819	Colosseo
13.97121205	43.51598471	-12.1066012	Colosseo
13.84285187	43.57195457	-1.8683067	Colosseo
13.86500597	43.53899138	-2.804262	Colosseo
13.9824926	43.48248784	-10.3484346	Colosseo
13.85227118	43.55154076	-2.0388907	Colosseo
13.87966409	43.56898235	-5.0883999	Colosseo
13.91909101	43.5993039	-9.7161825	Colosseo
13.95358635	43.57524033	-12.1066602	Colosseo
13.87995794	43.53171026	-3.9193487	Colosseo
13.85662284	43.56467508	-2.8567706	Colosseo
13.94590694	43.45695298	-5.3506602	Colosseo
14.02017954	43.47550736	-12.1066051	Colosseo
13.94257056	43.43672037	-2.9137222	Colosseo
13.90687644	43.44953483	-2.0029747	Colosseo
14.04123923	43.4564601	-11.1676822	Colosseo
13.88218119	43.52325145	-4.0008184	Colosseo
13.94016532	43.58955797	-11.2756373	Colosseo
13.9037496	43.49234612	-5.1990523	Colosseo
13.9660915	43.5263713	-12.1066012	Colosseo
13.86717479	43.51810921	-2.459004	Colosseo
13.89342215	43.47768377	-3.4337481	Colosseo
13.87858779	43.49644153	-3.1222379	Colosseo
13.96556908	43.44472595	-5.245687	Colosseo
13.89635821	43.51635802	-5.2300428	Colosseo
13.94592972	43.4779614	-7.3623573	Colosseo
13.93939132	43.60595558	-11.7842281	Colosseo
13.92340585	43.46902319	-4.9795318	Colosseo
13.86367882	43.49952738	-1.7582452	Colosseo
13.84527326	43.57128381	-2.0658907	Colosseo
13.88365623	43.56261427	-5.2656176	Colosseo
13.86332856	43.55586354	-3.1872491	Colosseo
13.91034207	43.5331722	-6.8984341	Colosseo
13.83978493	43.56928974	-1.5008287	Colosseo
13.97397514	43.464963	-8.0259672	Colosseo
13.89142947	43.49924004	-4.4079769	Colosseo
13.93149566	43.54934339	-9.2157564	Colosseo
13.8398217	43.57467168	-1.675649	Colosseo
13.8918514	43.55879016	-5.9248697	Colosseo
13.99592039	43.49109756	-12.1066012	Colosseo
13.9619589	43.54600779	-12.1065846	Colosseo
13.89233795	43.45428017	-1.4999996	Colosseo
13.86973813	43.48596934	-1.9438756	Colosseo
13.95943016	43.50115247	-10.206252	Colosseo
13.87303033	43.48029528	-1.9817164	Colosseo
13.94020418	43.42810164	-1.7570206	Colosseo
13.87280039	43.55994359	-4.1812032	Colosseo
13.8658398	43.49200819	-1.8116158	Colosseo
13.94567659	43.49718367	-8.8551527	Colosseo
13.91723931	43.49186333	-6.2482616	Colosseo
13.90526573	43.51707992	-6.0965988	Colosseo
13.95089209	43.44726556	-4.616995	Colosseo
13.95356599	43.47654873	-7.8153474	Colosseo
13.94101636	43.57097862	-10.8236739	Colosseo
13.95341133	43.42212222	-1.8181983	Colosseo
13.86166609	43.52056486	-1.9624962	Colosseo
13.8930758	43.49406424	-4.3342962	Colosseo
13.95164127	43.4992344	-9.4630023	Colosseo
13.92735394	43.46617643	-5.0355339	Colosseo
13.91616415	43.54214836	-7.6095673	Colosseo
13.92468515	43.46604776	-4.8366601	Colosseo
13.88532966	43.47333725	-2.5032144	Colosseo
13.89170683	43.53947101	-5.185794	Colosseo
13.86038011	43.50233663	-1.5000357	Colosseo
13.93606242	43.50409224	-8.531293	Colosseo
13.8518831	43.58019671	-2.9550653	Colosseo
14.01370277	43.47923792	-12.1067476	Colosseo
14.0505636	43.45965963	-12.1066012	Colosseo
13.95963802	43.51845916	-11.2066275	Colosseo
13.94521606	43.50654101	-9.4262196	Colosseo
13.98006251	43.4853365	-10.4714173	Colosseo
13.95035392	43.54409248	-10.954274	Colosseo
13.90857136	43.50547222	-6.175734	Colosseo
13.95727235	43.48403842	-8.6881825	Colosseo
13.94120121	43.5117511	-9.3052432	Colosseo
13.90561737	43.57555936	-7.6650931	Colosseo
13.87127063	43.47503594	-1.4999976	Colosseo
13.86009305	43.51610675	-1.7390133	Colosseo
13.96591093	43.52046081	-11.841713	Colosseo
13.93756553	43.59590955	-11.2651182	Colosseo
13.94569612	43.55633077	-10.7084095	Colosseo
13.88408092	43.51313432	-3.988983	Colosseo
13.91211591	43.46684537	-3.9690733	Colosseo
13.871946	43.50933197	-2.7497772	Colosseo
13.95953728	43.42435094	-2.4501744	Colosseo
13.9230991	43.52812121	-8.0283895	Colosseo
13.91702111	43.53448261	-7.5657946	Colosseo
13.88827964	43.52544208	-4.6290467	Colosseo
13.92328322	43.56576432	-9.0439762	Colosseo
13.89286452	43.5230306	-5.0237157	Colosseo
13.88138194	43.48421134	-2.8921165	Colosseo
13.92239354	43.60278686	-10.1281971	Colosseo
13.84920134	43.57438278	-2.5268936	Colosseo
13.98644394	43.44970084	-7.1038139	Colosseo
13.97294827	43.48275143	-9.737794	Colosseo
14.04210417	43.45436697	-10.9663917	Colosseo
13.85006082	43.5654314	-2.2912169	Colosseo
13.85679447	43.52133691	-1.5000015	Colosseo
13.97401811	43.44518315	-5.8221884	Colosseo
13.90321166	43.48728685	-4.835523	Colosseo
13.93901936	43.5876842	-11.1077887	Colosseo
13.93305619	43.57158186	-10.1131654	Colosseo
14.01708981	43.45470547	-9.5242811	Colosseo
13.96728949	43.49938477	-10.6562042	Colosseo
13.91703351	43.55544998	-8.0659901	Colosseo
13.87495834	43.52097189	-3.2626666	Colosseo
14.01944958	43.44888585	-8.9619105	Colosseo
14.00176264	43.46712597	-10.0173858	Colosseo
13.93738117	43.54412896	-9.7071449	Colosseo
13.93094363	43.47397945	-5.9339185	Colosseo
13.87727297	43.54758251	-4.2424166	Colosseo
13.87600731	43.51632354	-3.2742303	Colosseo
13.96484448	43.46004725	-6.9226018	Colosseo
13.94825913	43.57483102	-11.6182066	Colosseo
13.95453833	43.45799964	-6.0315258	Colosseo
13.97825571	43.44185677	-5.6719311	Colosseo
13.83714723	43.59291929	-2.0057467	Colosseo
13.9247646	43.60060742	-10.2751387	Colosseo
13.95054658	43.5517346	-11.1088468	Colosseo
13.89137135	43.54396319	-5.3298435	Colosseo
13.98582145	43.43661151	-5.4874198	Colosseo
13.91249864	43.59148463	-8.8464824	Colosseo
13.94727338	43.5195365	-10.1664928	Colosseo
13.8688154	43.58112495	-4.5367105	Colosseo
13.93244579	43.4449027	-3.2028541	Colosseo
13.94216679	43.60807986	-12.1072457	Colosseo
13.94609758	43.59793318	-12.1066012	Colosseo
13.97073753	43.51668974	-12.1066012	Colosseo
13.86323418	43.48898506	-1.4999996	Colosseo
13.98225563	43.49777468	-11.6364859	Colosseo
13.92488565	43.55152399	-8.6064226	Colosseo
13.96024406	43.42792573	-2.923398	Colosseo
13.94733505	43.5139028	-9.9344554	Colosseo
13.92164106	43.49885071	-7.0441592	Colosseo
13.92564659	43.54291888	-8.5453969	Colosseo
13.8886816	43.58682158	-6.5325523	Colosseo
13.92788969	43.44660775	-3.1108783	Colosseo
13.8670905	43.49038792	-1.8977457	Colosseo
13.93549615	43.55537706	-9.7002325	Colosseo
13.97590253	43.43030371	-4.1383919	Colosseo
13.89689014	43.5685152	-6.65974	Colosseo
13.91476692	43.52930265	-7.2496434	Colosseo
13.96993174	43.49008027	-10.1087664	Colosseo
14.04031643	43.46469413	-12.1066016	Colosseo
13.91817915	43.45925448	-3.7302843	Colosseo
13.86366465	43.51218972	-2.0083077	Colosseo
13.91210591	43.49538438	-6.0608386	Colosseo
13.93514236	43.46292827	-5.2301278	Colosseo
13.95434611	43.52210557	-10.8956878	Colosseo
13.99517987	43.49167013	-12.1066012	Colosseo
13.89157722	43.47310863	-2.9477782	Colosseo
13.95781728	43.4574923	-6.1978167	Colosseo
13.95924339	43.46574154	-7.1202375	Colosseo
13.94206267	43.50627268	-9.1500113	Colosseo
14.02843774	43.4672697	-11.6951153	Colosseo
13.99039129	43.4735458	-9.9808746	Colosseo
13.94383966	43.60371472	-12.106588	Colosseo
13.94122997	43.51734081	-9.543338	Colosseo
13.97930667	43.43293745	-4.6579498	Colosseo
13.91305202	43.49485067	-6.1094513	Colosseo
13.94140292	43.55836571	-10.3299998	Colosseo
13.99727508	43.48636535	-11.7232862	Colosseo
13.98300941	43.4901138	-11.0804683	Colosseo
14.0014403	43.47334791	-10.6968363	Colosseo
13.9586776	43.47756499	-8.266128	Colosseo
13.9011057	43.54373032	-6.1757435	Colosseo
13.88928426	43.45711257	-1.4999996	Colosseo
13.8712617	43.60611918	-5.5476336	Colosseo
13.83868486	43.58585533	-1.9239893	Colosseo
13.9296337	43.59745648	-10.6037496	Colosseo
14.02592564	43.45804679	-10.4512899	Colosseo
13.99638614	43.48022289	-11.0490338	Colosseo
13.94887743	43.50874883	-9.8526988	Colosseo
13.9487867	43.46963162	-6.8117961	Colosseo
13.96088163	43.55142255	-12.1067506	Colosseo
13.8781854	43.54938352	-4.3946856	Colosseo
13.85214589	43.54229803	-1.7748331	Colosseo
13.85903796	43.50887147	-1.5002847	Colosseo
13.96152844	43.53657938	-11.878317	Colosseo
14.05316112	43.45838331	-12.1066012	Colosseo
13.87924578	43.4711238	-1.87565	Colosseo
13.94871043	43.59120068	-12.1066012	Colosseo
13.94959285	43.47426263	-7.3292119	Colosseo
13.88465882	43.49677795	-3.7097105	Colosseo
13.9087497	43.56048666	-7.5457817	Colosseo
13.85638955	43.54146199	-2.1474303	Colosseo
13.95178431	43.58069501	-12.1066031	Colosseo
14.02968174	43.46174383	-11.1201051	Colosseo
13.89068633	43.51701624	-4.6993404	Colosseo
13.92118045	43.50425333	-7.2314314	Colosseo
13.8928886	43.50375788	-4.6403219	Colosseo
13.90621554	43.6086071	-8.8287745	Colosseo
13.87853813	43.5050006	-3.2922462	Colosseo
13.85641473	43.53172561	-1.7449596	Colosseo
13.86969152	43.56251053	-3.9616209	Colosseo
13.99886784	43.48913239	-12.1066012	Colosseo
13.94754065	43.43555342	-3.0909906	Colosseo
13.87546392	43.59720248	-5.6517618	Colosseo
13.85419558	43.55687967	-2.3639893	Colosseo
13.89503966	43.52860347	-5.3391447	Colosseo
13.87305239	43.47782882	-1.8231695	Colosseo
