14.206745	43.522	-3.1999999	Daniel
14.28389536	43.43935922	-11.6957624	Daniel
14.22811788	43.50387969	-5.6492516	Daniel
14.29592179	43.41255765	-11.4514575	Daniel
14.20895387	43.52284991	-3.5114946	Daniel
14.31493494	43.43801845	-15.2578525	Daniel
14.30216541	43.49343038	-15.257852	Daniel
14.3223178	43.34486537	-9.1730404	Daniel
14.21376356	43.52470044	-4.1897485	Daniel
14.23478571	43.51766835	-6.8300732	Daniel
14.37489203	43.32996638	-13.0271503	Daniel
14.26481506	43.39521248	-6.7300729	Daniel
14.44688932	43.27091883	-11.0080093	Daniel
14.282577	43.32595789	-3.2000146	Daniel
14.43817842	43.28106651	-12.1347436	Daniel
14.29876106	43.43576581	-13.2225405	Daniel
14.30853571	43.30288125	-3.4765009	Daniel
14.28479192	43.35894568	-6.7620908	Daniel
14.29919094	43.51189452	-15.2578525	Daniel
14.28511108	43.44985936	-12.0763383	Daniel
14.21764705	43.52619448	-4.7373764	Daniel
14.25558191	43.42481643	-7.482893	Daniel
14.30789302	43.36696354	-9.9423493	Daniel
14.34161288	43.38083907	-14.7805624	Daniel
14.30161298	43.36834417	-9.3212446	Daniel
14.42192444	43.28372672	-11.3978124	Daniel
14.35023835	43.3703783	-14.6095859	Daniel
14.33639884	43.28395744	-3.6831655	Daniel
14.31248561	43.34382328	-8.0639625	Daniel
14.42107418	43.29739648	-13.1492985	Daniel
14.24407615	43.37762076	-3.2000058	Daniel
14.27021531	43.36250784	-5.2881437	Daniel
14.3625109	43.32433438	-11.1757668	Daniel
14.40037145	43.26004074	-5.6718598	Daniel
14.33616509	43.37874095	-14.0118749	Daniel
14.22366836	43.52851079	-5.5864501	Daniel
14.23275989	43.39888454	-3.2000004	Daniel
14.22940479	43.53071728	-6.3953308	Daniel
14.2582842	43.45433937	-8.6009124	Daniel
14.2588255	43.49361217	-9.5067436	Daniel
14.30677518	43.3896251	-11.2753078	Daniel
14.29548278	43.35085288	-7.0418703	Daniel
14.39580069	43.27234802	-7.4818886	Daniel
14.26607	43.52963803	-11.2399821	Daniel
14.40371017	43.2757468	-8.6594004	Daniel
14.4332572	43.26897931	-9.6619412	Daniel
14.23544425	43.5330401	-7.2469164	Daniel
14.46445696	43.26318338	-10.9572187	Daniel
14.34511971	43.28613414	-4.7643056	Daniel
14.30111613	43.49994467	-15.2578525	Daniel
14.2720305	43.35038159	-4.6010971	Daniel
14.43549882	43.30351412	-15.257852	Daniel
14.21976524	43.47414099	-3.9024321	Daniel
14.30358014	43.47166083	-14.9874931	Daniel
14.38029027	43.31308125	-11.4109582	Daniel
14.26370159	43.35081399	-3.785308	Daniel
14.29877813	43.44421303	-13.7481093	Daniel
14.32120249	43.30688217	-5.1536655	Daniel
14.3785865	43.27642545	-6.5561025	Daniel
14.24244597	43.53573271	-8.2341533	Daniel
14.31264676	43.31998964	-5.6629108	Daniel
14.27472719	43.36308114	-5.8508437	Daniel
14.34649796	43.28192843	-4.3442841	Daniel
14.30037507	43.45346331	-14.1820663	Daniel
14.27212971	43.52412667	-11.9265571	Daniel
14.45868678	43.28277837	-13.9493876	Daniel
14.28556448	43.47784415	-12.7199606	Daniel
14.41485106	43.25364425	-5.6260151	Daniel
14.24088887	43.48714057	-6.9862914	Daniel
14.46710872	43.2798427	-14.0597607	Daniel
14.32690953	43.36015266	-11.1919385	Daniel
14.29215247	43.3747236	-8.6230508	Daniel
14.24900251	43.53825382	-9.1585889	Daniel
14.24620525	43.3805586	-3.6352949	Daniel
14.41942481	43.29321277	-12.4564433	Daniel
14.36761583	43.32331096	-11.5205341	Daniel
14.24653275	43.51193907	-8.2670463	Daniel
14.23632248	43.47187935	-6.0527497	Daniel
14.26750118	43.41573658	-8.3170513	Daniel
14.35090248	43.28855054	-5.6043068	Daniel
14.43477808	43.26481197	-9.0472735	Daniel
14.3080123	43.45633389	-15.2578525	Daniel
14.28050803	43.35463879	-5.8979445	Daniel
14.26278406	43.52425202	-10.688429	Daniel
14.25434765	43.5403089	-9.9122046	Daniel
14.29101135	43.41356643	-10.9383793	Daniel
14.30163167	43.36012728	-8.6100195	Daniel
14.3933771	43.29909514	-10.8441741	Daniel
14.38340811	43.2692685	-6.0285949	Daniel
14.21171258	43.49124511	-3.2000009	Daniel
14.42687197	43.30958066	-15.257852	Daniel
14.39069838	43.33605572	-15.2578525	Daniel
14.29211719	43.4186901	-11.3855241	Daniel
14.44768254	43.29494453	-15.2578525	Daniel
14.36784321	43.26244495	-3.6880214	Daniel
14.3056271	43.36235827	-9.2439986	Daniel
14.44152145	43.28645726	-13.322455	Daniel
14.3095175	43.41767849	-13.3625092	Daniel
14.25994241	43.54245977	-10.7009894	Daniel
14.38220463	43.26277836	-4.8070805	Daniel
14.30928424	43.38228566	-11.1016618	Daniel
14.40244921	43.30722039	-12.7251166	Daniel
14.35267833	43.33241978	-11.0088725	Daniel
14.34499557	43.38214175	-15.2578525	Daniel
14.26858423	43.54578163	-11.9193347	Daniel
14.39297037	43.30438342	-11.4931696	Daniel
14.38670898	43.2984318	-10.1502233	Daniel
14.24069581	43.51544804	-7.5672038	Daniel
14.32446055	43.38447474	-13.0108217	Daniel
14.26309339	43.45482966	-9.2509062	Daniel
14.29857157	43.40238199	-11.1294072	Daniel
14.34043536	43.31668609	-8.1638322	Daniel
14.29234756	43.4661733	-13.3789946	Daniel
14.4242696	43.27981654	-10.8885969	Daniel
14.38972304	43.28470129	-8.64456	Daniel
14.39808453	43.31319476	-13.075499	Daniel
14.23793582	43.51124944	-7.1107951	Daniel
14.24178801	43.38908746	-3.6508994	Daniel
14.30985798	43.39412745	-11.9209059	Daniel
14.27576993	43.3786848	-6.963997	Daniel
14.36747806	43.35469401	-14.7783759	Daniel
14.27473176	43.54814441	-12.7859933	Daniel
14.31661718	43.4159482	-14.0875458	Daniel
14.21529849	43.47858405	-3.4045751	Daniel
14.33300585	43.33114715	-8.8722152	Daniel
14.27858072	43.54962359	-13.3285966	Daniel
14.26235072	43.53439078	-10.8479444	Daniel
14.35033056	43.3205011	-9.5604987	Daniel
14.43950323	43.25564	-7.7964289	Daniel
14.35064213	43.3405692	-11.6276232	Daniel
14.45104881	43.28330935	-13.4774374	Daniel
14.28332521	43.43449595	-11.3346547	Daniel
14.25672808	43.40080119	-6.1284243	Daniel
14.22416594	43.51347703	-5.3302209	Daniel
14.2791755	43.35072924	-5.3653893	Daniel
14.35167608	43.30133578	-7.2820855	Daniel
14.2531073	43.50740285	-9.0428775	Daniel
14.26105661	43.47141756	-9.3274641	Daniel
14.34791482	43.30780262	-7.7455475	Daniel
14.28324947	43.55141773	-13.9867543	Daniel
14.24696591	43.42513743	-6.4857651	Daniel
14.32384474	43.42116405	-15.257809	Daniel
14.28980388	43.38182456	-8.8003066	Daniel
14.32426818	43.39696608	-13.7818647	Daniel
14.31256732	43.33326419	-7.0013715	Daniel
14.45172604	43.27703707	-12.43305	Daniel
14.28916574	43.55369104	-14.8207553	Daniel
14.22256161	43.51945854	-5.2454389	Daniel
14.47154284	43.27555848	-13.6400908	Daniel
14.29564178	43.39938007	-10.5967463	Daniel
14.29226651	43.55488241	-15.2578525	Daniel
14.20749659	43.51734823	-3.2000004	Daniel
14.34754905	43.37947582	-15.2578525	Daniel
14.38124231	43.34557263	-15.2578525	Daniel
14.41094065	43.3076871	-13.5596987	Daniel
14.36121358	43.34949584	-13.6118315	Daniel
14.41896928	43.26375411	-7.6942193	Daniel
14.22065088	43.50729861	-4.7310566	Daniel
14.2503737	43.37661827	-3.8707172	Daniel
14.27977276	43.35701074	-6.0536918	Daniel
14.22011352	43.48101673	-4.0961738	Daniel
14.35967569	43.27234959	-4.3034194	Daniel
14.22976106	43.46515916	-5.0372343	Daniel
14.25040341	43.36601171	-3.1999999	Daniel
14.24905833	43.37213578	-3.4323574	Daniel
14.29287047	43.49374878	-14.0304013	Daniel
14.24304345	43.39471111	-4.1467309	Daniel
14.38978384	43.27052096	-6.718342	Daniel
14.30633399	43.44799605	-14.8609487	Daniel
14.36810261	43.26870998	-4.5998398	Daniel
14.24918301	43.47171603	-7.7571838	Daniel
14.2677136	43.34091179	-3.1999999	Daniel
14.37556282	43.31060428	-10.6614249	Daniel
14.24560911	43.52606823	-8.4470499	Daniel
14.37758599	43.28868999	-8.05517	Daniel
14.30230468	43.48234143	-15.0401406	Daniel
14.29758436	43.47420627	-14.2429838	Daniel
14.2939965	43.3950273	-10.1282412	Daniel
14.31182085	43.30565177	-4.1244404	Daniel
14.25654601	43.44275729	-8.1280194	Daniel
14.3209233	43.42669032	-15.2578525	Daniel
14.38311797	43.32047819	-12.6023029	Daniel
14.47605573	43.27828223	-14.4489721	Daniel
14.3306844	43.36245544	-11.8106887	Daniel
14.37824312	43.30173782	-9.7967617	Daniel
14.38839216	43.30184265	-10.7463104	Daniel
14.35329496	43.27609494	-4.2073339	Daniel
14.31915529	43.39439347	-13.0221259	Daniel
14.29207891	43.33865533	-5.4573937	Daniel
14.25333018	43.49502019	-8.8072152	Daniel
14.21224092	43.50194396	-3.4995624	Daniel
14.35337955	43.325582	-10.3869821	Daniel
14.26292505	43.49942679	-10.1756566	Daniel
14.26719744	43.42225768	-8.685695	Daniel
14.2485147	43.5298393	-8.9135855	Daniel
14.32378309	43.40514956	-14.2451806	Daniel
14.27237887	43.43730349	-10.1207051	Daniel
14.41091405	43.28077611	-10.067957	Daniel
14.22367913	43.41616485	-3.1999999	Daniel
14.31601702	43.32645727	-6.6628642	Daniel
14.30509614	43.47495902	-15.2578525	Daniel
14.28515559	43.42650607	-11.0539327	Daniel
14.25212855	43.48819161	-8.5013339	Daniel
14.26653254	43.40094228	-7.2864715	Daniel
14.28279137	43.52054446	-13.2654809	Daniel
14.25303271	43.4265991	-7.2946461	Daniel
14.29549601	43.52737422	-15.0983378	Daniel
14.23846037	43.53182107	-7.6212128	Daniel
14.45081273	43.26136816	-9.6317968	Daniel
14.26650475	43.43870174	-9.3683456	Daniel
14.363477	43.28641213	-6.4735329	Daniel
14.23221703	43.4052181	-3.529079	Daniel
14.3378873	43.35543054	-11.8332961	Daniel
14.22804451	43.45603174	-4.6135541	Daniel
14.43433409	43.28980169	-13.3738227	Daniel
14.2431959	43.53347483	-8.2853363	Daniel
14.24999928	43.47924627	-8.0269091	Daniel
14.22731997	43.43485697	-4.0748222	Daniel
14.39211026	43.31567121	-12.8324655	Daniel
14.24933725	43.53551952	-9.1444587	Daniel
14.33520136	43.40012832	-15.2578525	Daniel
14.409511	43.24199999	-3.1999999	Daniel
14.21755713	43.49636262	-4.0858129	Daniel
14.24183023	43.48095714	-6.9787553	Daniel
14.40479259	43.27841644	-9.2038046	Daniel
14.30372778	43.32123096	-4.8786791	Daniel
14.25597783	43.51699003	-9.6292852	Daniel
14.27795089	43.45069616	-11.1412269	Daniel
14.25831911	43.38018961	-5.0243788	Daniel
14.38898937	43.33539706	-15.0167216	Daniel
14.33499575	43.31320626	-7.2270167	Daniel
14.34079248	43.28969131	-4.8102109	Daniel
14.22903231	43.40593122	-3.1999999	Daniel
14.353072	43.3739192	-15.2578525	Daniel
14.28986001	43.49061593	-13.5636371	Daniel
14.21876805	43.4616043	-3.5011518	Daniel
14.38720373	43.28934004	-9.0163439	Daniel
14.30182117	43.3408596	-6.6751105	Daniel
14.24453482	43.46862261	-7.0735883	Daniel
14.30132235	43.47718358	-14.8022304	Daniel
14.39212276	43.32361691	-13.8316357	Daniel
14.36588581	43.32649601	-11.7560505	Daniel
14.31619597	43.41119403	-13.7439477	Daniel
14.34381925	43.31602703	-8.3995281	Daniel
14.29827315	43.50525771	-14.9940082	Daniel
14.38154297	43.26634669	-5.3811872	Daniel
14.40822418	43.27593215	-9.0251807	Daniel
14.27601475	43.47413071	-11.3722138	Daniel
14.3224601	43.3896507	-13.1062797	Daniel
14.44526192	43.29401198	-14.9162192	Daniel
14.48748184	43.27536563	-14.7849584	Daniel
14.42942477	43.25858713	-7.5655554	Daniel
14.23833102	43.42375093	-5.3079262	Daniel
14.30875593	43.34875894	-8.1839125	Daniel
14.27719063	43.43958178	-10.8083796	Daniel
14.28851351	43.47207403	-12.9919853	Daniel
14.23083291	43.52305818	-6.4207661	Daniel
14.26721365	43.54310377	-11.6800617	Daniel
14.35806884	43.32194037	-10.4638547	Daniel
14.29622185	43.36818907	-8.6825549	Daniel
14.24006811	43.45933254	-6.2816618	Daniel
14.29728181	43.52374498	-15.2578554	Daniel
14.30600962	43.30254863	-3.1999999	Daniel
14.380869	43.3168264	-11.9350353	Daniel
14.23279446	43.46939093	-5.5308715	Daniel
14.33909348	43.36995189	-13.4290781	Daniel
14.34431504	43.31818236	-8.7114369	Daniel
14.43383905	43.27925965	-11.4987241	Daniel
14.40756011	43.24282662	-3.1999999	Daniel
14.36113083	43.3598579	-14.6543378	Daniel
14.24972781	43.45339056	-7.4428571	Daniel
14.34857766	43.29502374	-6.2018745	Daniel
14.30580448	43.30501835	-3.4461806	Daniel
14.45030795	43.29233466	-14.9977372	Daniel
14.25447488	43.50151101	-9.0983051	Daniel
14.48499422	43.27109596	-13.8561274	Daniel
14.2521914	43.38926793	-4.8818715	Daniel
14.4699234	43.26809334	-12.2179553	Daniel
14.3512082	43.3107409	-8.4200357	Daniel
14.45939796	43.26983917	-11.7443547	Daniel
14.38436931	43.3087717	-11.2479892	Daniel
14.30510777	43.33529824	-6.4465302	Daniel
14.20870695	43.50985595	-3.1999999	Daniel
14.36788923	43.26418562	-3.993809	Daniel
14.42661592	43.2660013	-8.6514684	Daniel
14.30762199	43.3040326	-3.5315385	Daniel
14.40193313	43.28868015	-10.2737834	Daniel
14.37688928	43.2986242	-9.279543	Daniel
14.42986353	43.30537511	-14.9852944	Daniel
14.35218989	43.36226049	-13.9854985	Daniel
14.25919294	43.46102058	-8.8612331	Daniel
14.36035226	43.26604211	-3.5472924	Daniel
14.2873717	43.3452225	-5.6431284	Daniel
14.37130177	43.3331339	-12.9819352	Daniel
14.32229593	43.32914427	-7.576153	Daniel
14.23962907	43.45242582	-6.0792836	Daniel
14.39708199	43.25347817	-4.2837929	Daniel
14.25996577	43.38759083	-5.6869643	Daniel
14.30283774	43.36501542	-9.2289264	Daniel
14.41572535	43.28110663	-10.4824899	Daniel
14.4174094	43.31410548	-14.981789	Daniel
14.43138581	43.2934742	-13.5810595	Daniel
14.25764292	43.37513658	-4.6243339	Daniel
14.31759121	43.33365253	-7.5533908	Daniel
14.32625713	43.33696722	-8.7739452	Daniel
14.45586232	43.26793078	-11.150019	Daniel
14.33689797	43.33284094	-9.4411937	Daniel
14.27453753	43.35410642	-5.2347626	Daniel
14.28165947	43.36111855	-6.5347499	Daniel
14.264878	43.4477008	-9.3396138	Daniel
14.33325314	43.34922834	-10.7314583	Daniel
14.41146934	43.29467357	-11.920434	Daniel
14.27818831	43.54425139	-13.1615449	Daniel
14.27573486	43.50956326	-12.0936135	Daniel
14.23346075	43.45621642	-5.3376491	Daniel
14.28472895	43.37240055	-7.6095947	Daniel
14.44363771	43.29778978	-15.2578515	Daniel
14.22119262	43.44595054	-3.4914008	Daniel
14.24573732	43.41323512	-5.6109428	Daniel
14.25098971	43.42668748	-7.0534885	Daniel
14.28278621	43.44456737	-11.656747	Daniel
14.27521906	43.38698068	-7.4270134	Daniel
14.25396012	43.48060805	-8.5820727	Daniel
14.25425431	43.37012029	-3.9102831	Daniel
14.29645769	43.4053081	-11.065314	Daniel
14.45072103	43.29365059	-15.2578769	Daniel
14.34282204	43.38613399	-15.2578525	Daniel
14.2999185	43.44734946	-13.9939765	Daniel
14.37466728	43.32901857	-12.8915217	Daniel
14.33192198	43.3229623	-7.9314515	Daniel
14.36067967	43.32782166	-11.3591479	Daniel
14.30130262	43.37981781	-10.0139428	Daniel
14.27294231	43.45305223	-10.5240467	Daniel
14.39881026	43.33003382	-15.2578505	Daniel
14.24492173	43.45973963	-6.9360493	Daniel
14.3868279	43.30441807	-10.9297519	Daniel
14.28351335	43.34128405	-4.8499472	Daniel
14.23138382	43.43737786	-4.6681376	Daniel
14.31125097	43.40866615	-13.007235	Daniel
14.26952124	43.35305814	-4.6067495	Daniel
14.24721422	43.50500496	-8.2090338	Daniel
14.33719056	43.28113771	-3.3935761	Daniel
14.29249187	43.31995355	-3.6025546	Daniel
14.42421297	43.28885333	-12.3278574	Daniel
14.45227217	43.27301016	-11.77081	Daniel
14.30501482	43.401332	-11.8138178	Daniel
14.30494934	43.41832385	-12.8670068	Daniel
14.2180506	43.45200387	-3.19981	Daniel
14.22986315	43.42839838	-4.2782988	Daniel
14.3224279	43.2904298	-3.1999999	Daniel
14.35156695	43.34718928	-12.3934865	Daniel
14.22598666	43.41168789	-3.1999999	Daniel
14.37279985	43.34964647	-14.8094511	Daniel
14.25577017	43.39523218	-5.670905	Daniel
14.2189831	43.44607254	-3.1999995	Daniel
14.38530734	43.32835355	-13.794582	Daniel
14.33135163	43.28671159	-3.5604653	Daniel
14.27611026	43.493728	-11.8044084	Daniel
14.33118867	43.32756389	-8.3233312	Daniel
14.27726225	43.45890796	-11.2208273	Daniel
14.31139101	43.37328392	-10.7755659	Daniel
14.26685118	43.51380325	-11.0047907	Daniel
14.38954062	43.3197936	-13.1119321	Daniel
14.22557901	43.42052412	-3.5438369	Daniel
14.37478166	43.34279764	-14.3170893	Daniel
14.33722958	43.32560641	-8.7412741	Daniel
14.28888776	43.54806912	-14.6635956	Daniel
14.35820906	43.3036073	-8.173237	Daniel
14.29674375	43.379182	-9.4418229	Daniel
14.33720045	43.30219804	-6.0480412	Daniel
14.36503647	43.3304597	-12.0713139	Daniel
14.41833555	43.24540349	-4.4459775	Daniel
14.4256481	43.24822346	-5.4784321	Daniel
14.42892519	43.28464914	-12.0762492	Daniel
14.3119882	43.30485488	-4.0440522	Daniel
14.27852461	43.46791542	-11.576612	Daniel
14.22905156	43.49156731	-5.5093654	Daniel
14.38405184	43.32553102	-13.3235605	Daniel
14.26790873	43.50098951	-10.8708669	Daniel
14.37668973	43.25590315	-3.2000019	Daniel
14.28002608	43.53201195	-13.1436467	Daniel
14.25480615	43.53697559	-9.9016852	Daniel
14.33196362	43.37712269	-13.4190302	Daniel
14.28456895	43.32777716	-3.5878154	Daniel
14.32794605	43.34222707	-9.4798206	Daniel
14.34035977	43.30918523	-7.2186362	Daniel
14.23981724	43.49879583	-7.093843	Daniel
14.29852118	43.49482637	-14.8037983	Daniel
14.32657229	43.37785294	-12.8365483	Daniel
14.22894932	43.45003484	-4.608643	Daniel
14.38244334	43.26979907	-6.0486743	Daniel
14.27433339	43.53064574	-12.3586303	Daniel
14.21294675	43.48360385	-3.2000058	Daniel
14.28945923	43.49896635	-13.6890761	Daniel
14.3705102	43.31663211	-10.9499987	Daniel
14.41109204	43.26724375	-7.7209101	Daniel
14.44490795	43.25800755	-8.608999	Daniel
14.28927506	43.31922098	-3.2000004	Daniel
14.41724929	43.2832182	-10.9622387	Daniel
14.29919727	43.44023899	-13.550913	Daniel
14.35180227	43.29050057	-5.9332011	Daniel
14.33206751	43.37627713	-13.3537172	Daniel
14.35677311	43.32298401	-10.4698863	Daniel
14.21047088	43.49893477	-3.1999999	Daniel
14.38184971	43.28245677	-7.6356573	Daniel
14.30221735	43.35427231	-8.0758942	Daniel
14.2107352	43.50972949	-3.4665917	Daniel
14.29252977	43.5424132	-15.0261162	Daniel
14.28129007	43.39596786	-8.7066165	Daniel
14.42844565	43.29804153	-13.9051118	Daniel
14.32090111	43.32180358	-6.6892409	Daniel
14.27728957	43.5015061	-12.1275209	Daniel
14.27410729	43.46582074	-10.9452844	Daniel
14.43059748	43.26182721	-8.2175114	Daniel
14.326016	43.31400977	-6.4207658	Daniel
14.29625089	43.31220357	-3.1999999	Daniel
14.32139699	43.40999572	-14.2748759	Daniel
14.27249612	43.54492622	-12.4203325	Daniel
14.32387498	43.35561577	-10.4221512	Daniel
14.29738825	43.46392942	-14.0027685	Daniel
14.43249829	43.25086477	-6.4455717	Daniel
14.46629739	43.27255968	-12.7290795	Daniel
14.25003671	43.42270112	-6.7018019	Daniel
14.29288551	43.40239725	-10.4663743	Daniel
14.32800411	43.41334056	-15.2578603	Daniel
14.30069013	43.32756457	-5.2112133	Daniel
14.36071196	43.31742888	-10.14141	Daniel
14.27262416	43.43125536	-9.8795482	Daniel
14.26121363	43.35299937	-3.633957	Daniel
14.33375387	43.28991816	-4.1859633	Daniel
14.33322357	43.38874127	-14.3039008	Daniel
14.28949081	43.36075701	-7.4252726	Daniel
14.31883381	43.30103408	-4.1987768	Daniel
14.34075045	43.29609981	-5.611258	Daniel
14.34617438	43.3304299	-10.1433134	Daniel
14.2603276	43.4467281	-8.7139558	Daniel
14.40392049	43.28223776	-9.619707	Daniel
14.30943663	43.30001996	-3.1999643	Daniel
14.22326137	43.465787	-4.1875522	Daniel
14.29497251	43.44607608	-13.3094421	Daniel
14.34285731	43.35002616	-11.7924885	Daniel
14.30527286	43.30312593	-3.1999999	Daniel
14.30130872	43.40744314	-11.7661191	Daniel
14.23641363	43.40763596	-4.1709081	Daniel
14.30181253	43.45974954	-14.5042368	Daniel
14.27064849	43.47128939	-10.5991105	Daniel
14.30429028	43.33024221	-5.8502238	Daniel
14.37812409	43.33625396	-13.9946044	Daniel
14.29372702	43.36238985	-8.0231411	Daniel
14.31568979	43.36996779	-11.0426286	Daniel
14.3024436	43.41310128	-12.249666	Daniel
14.26306944	43.41110074	-7.5102114	Daniel
14.30179345	43.39794394	-11.222862	Daniel
14.28365913	43.43839312	-11.6153764	Daniel
14.38555634	43.25214803	-3.1999999	Daniel
14.26025412	43.51166257	-10.0830247	Daniel
14.25375418	43.53057198	-9.6248881	Daniel
14.27194358	43.41608962	-8.8596547	Daniel
14.38299099	43.30190917	-10.2593375	Daniel
14.29016369	43.4417723	-12.5800048	Daniel
14.27036211	43.43414853	-9.7866022	Daniel
14.2634559	43.4945235	-10.1411158	Daniel
14.44031015	43.29025199	-13.8954501	Daniel
14.39670163	43.31015567	-12.5655488	Daniel
14.36100908	43.32461638	-11.0677578	Daniel
14.25688632	43.52377814	-9.8952484	Daniel
14.28641481	43.51170679	-13.5575078	Daniel
14.32299329	43.29677206	-4.0490732	Daniel
14.36753415	43.34352662	-13.651395	Daniel
14.37281514	43.30143733	-9.2553224	Daniel
14.33687084	43.27987357	-3.1999716	Daniel
14.42903189	43.27528086	-10.4491564	Daniel
14.27804174	43.39665122	-8.369819	Daniel
14.34674476	43.36615455	-13.8247265	Daniel
14.37651386	43.35033062	-15.2578525	Daniel
14.28924221	43.48074114	-13.2701083	Daniel
14.3384247	43.39420968	-15.2578525	Daniel
14.33951588	43.31498905	-7.8701031	Daniel
14.39945415	43.27635841	-8.4501907	Daniel
14.23682419	43.47785305	-6.2474335	Daniel
14.22173472	43.52523824	-5.2595693	Daniel
14.29247706	43.39014684	-9.6409034	Daniel
14.31181199	43.36935934	-10.5753867	Daniel
14.2983308	43.51723229	-15.2578544	Daniel
14.23625923	43.43060012	-5.1752582	Daniel
14.24209614	43.52040078	-7.8592299	Daniel
14.37480628	43.31972632	-11.7370507	Daniel
14.27973373	43.53752458	-13.2227766	Daniel
14.26114174	43.41785328	-7.7028542	Daniel
14.22833151	43.52830075	-6.2010395	Daniel
14.29834884	43.41932462	-12.155312	Daniel
14.27758618	43.48044727	-11.7159721	Daniel
14.25343594	43.45946366	-8.0628482	Daniel
14.24185007	43.38170422	-3.2001425	Daniel
14.36764391	43.28802064	-7.0619714	Daniel
14.22854163	43.51693132	-5.9852382	Daniel
14.23461007	43.52890373	-7.0475226	Daniel
14.27365163	43.43453999	-10.2036029	Daniel
14.22447029	43.48046798	-4.6629565	Daniel
14.30620446	43.44707117	-14.7956352	Daniel
14.30241331	43.3657376	-9.2490227	Daniel
14.38343275	43.33175431	-14.0484863	Daniel
14.20957708	43.50446898	-3.1999999	Daniel
14.40786799	43.31116225	-13.7283593	Daniel
14.3337802	43.37346453	-13.2431865	Daniel
14.30952749	43.42250446	-13.6626996	Daniel
14.40036392	43.32683684	-15.0003671	Daniel
14.31671849	43.34583853	-8.700298	Daniel
14.26930688	43.43286695	-9.590662	Daniel
14.38510908	43.33390258	-14.4690712	Daniel
14.37956454	43.271618	-6.0219775	Daniel
14.30704544	43.46250999	-15.2578525	Daniel
14.32378872	43.33394363	-8.2153131	Daniel
14.3147682	43.29852657	-3.5067724	Daniel
14.25486719	43.51183671	-9.3714854	Daniel
14.44608111	43.26625204	-10.1340501	Daniel
14.23612163	43.46490552	-5.8765956	Daniel
14.29668567	43.32365916	-4.4064145	Daniel
14.39211092	43.2493717	-3.1999999	Daniel
14.3905393	43.32864359	-14.316121	Daniel
14.38051592	43.30578438	-10.5154062	Daniel
14.25325746	43.36509225	-3.4744418	Daniel
14.25058702	43.43879567	-7.2525688	Daniel
14.27750568	43.39240016	-8.0382809	Daniel
14.25652786	43.3855756	-5.1583605	Daniel
14.3660076	43.26042542	-3.2000766	Daniel
14.34728473	43.32479519	-9.6851805	Daniel
14.40654454	43.3009034	-12.2791769	Daniel
14.21979155	43.44092516	-3.1999995	Daniel
14.34114685	43.31270388	-7.7335925	Daniel
14.44252643	43.29604531	-14.9303447	Daniel
14.30326126	43.48662168	-15.2578163	Daniel
14.26348257	43.39007041	-6.2548532	Daniel
14.49157021	43.27634338	-15.2578525	Daniel
14.29838777	43.36330043	-8.6009131	Daniel
14.27150893	43.44853141	-10.2390859	Daniel
14.33685748	43.35088679	-11.2674678	Daniel
14.34152947	43.34537789	-11.1855064	Daniel
14.45827141	43.29045286	-15.2578505	Daniel
14.23362255	43.49649659	-6.2220087	Daniel
14.26307615	43.34968683	-3.6170009	Daniel
14.303008	43.43205957	-13.490624	Daniel
14.34137767	43.2855971	-4.350894	Daniel
14.28445979	43.41382873	-10.1866438	Daniel
14.25941752	43.43524067	-8.3532405	Daniel
14.29447381	43.33107166	-4.9326967	Daniel
14.41599872	43.26915613	-8.417221	Daniel
14.23286535	43.4197048	-4.4962192	Daniel
14.2777369	43.42791025	-10.2714283	Daniel
14.46144733	43.27785028	-13.2935847	Daniel
14.47716275	43.2714121	-13.3322079	Daniel
14.35841658	43.26472473	-3.1999999	Daniel
14.33263279	43.31713066	-7.4125556	Daniel
14.2718104	43.37377182	-6.1899709	Daniel
14.26263656	43.48371114	-9.8007326	Daniel
14.26485226	43.47635308	-9.9372909	Daniel
14.38403958	43.25448759	-3.4961088	Daniel
14.37126135	43.3267045	-12.2852927	Daniel
14.39001095	43.33492987	-15.0568886	Daniel
14.36999683	43.35688732	-15.2578583	Daniel
14.35408735	43.32028594	-9.8866589	Daniel
14.29560552	43.5146757	-14.8413281	Daniel
14.29096127	43.40726914	-10.5422488	Daniel
14.43685427	43.28524617	-12.7662055	Daniel
14.29200465	43.47596414	-13.5374008	Daniel
14.26103327	43.42520998	-8.1462316	Daniel
14.36703475	43.29627389	-8.0709515	Daniel
14.43755158	43.25281303	-7.1589948	Daniel
14.25904778	43.36603203	-4.2095312	Daniel
14.34616536	43.35288691	-12.4201845	Daniel
14.36404665	43.28168475	-5.9123881	Daniel
14.25452617	43.45224925	-8.057368	Daniel
14.36797247	43.313136	-10.2755106	Daniel
14.30793845	43.44468389	-14.8509003	Daniel
14.31520145	43.42185518	-14.2875737	Daniel
14.23742299	43.42146091	-5.1393044	Daniel
14.38455176	43.33700907	-14.7271801	Daniel
14.49275407	43.27408492	-14.9513823	Daniel
14.40869813	43.28377591	-10.2547845	Daniel
14.41289322	43.319635	-15.2578525	Daniel
14.31145057	43.42814283	-14.2374882	Daniel
14.2787695	43.33370247	-3.5969033	Daniel
14.43672788	43.27144672	-10.348988	Daniel
14.25752979	43.35293246	-3.1999999	Daniel
14.31597977	43.31241949	-5.2352316	Daniel
14.34713624	43.37708159	-14.972892	Daniel
14.26652331	43.40582804	-7.5882419	Daniel
14.28917474	43.35686706	-7.0082719	Daniel
14.39818403	43.30402488	-11.9219074	Daniel
14.28751835	43.39679229	-9.4853004	Daniel
14.23005634	43.48492878	-5.5004116	Daniel
14.27294549	43.42286751	-9.397234	Daniel
14.27203081	43.4092223	-8.4442242	Daniel
14.26083039	43.39363015	-6.16485	Daniel
14.46693316	43.28678344	-15.2578525	Daniel
14.23324732	43.4140009	-4.1944589	Daniel
14.25678668	43.38969438	-5.4471215	Daniel
14.37073353	43.33827608	-13.4454072	Daniel
14.46260701	43.26488358	-11.1170482	Daniel
14.30343185	43.40493393	-11.8586633	Daniel
14.25955497	43.34921485	-3.1999999	Daniel
14.42328576	43.30973754	-14.9512358	Daniel
14.27500289	43.35517175	-5.3804619	Daniel
14.33958311	43.3367273	-10.1094006	Daniel
14.23429531	43.45072916	-5.3343046	Daniel
14.25072924	43.44674407	-7.4373614	Daniel
14.30540912	43.37087928	-9.9250789	Daniel
14.35988897	43.27644241	-4.853559	Daniel
14.25852855	43.4078518	-6.7765351	Daniel
14.28968277	43.44384832	-12.5592802	Daniel
14.21499915	43.52190503	-4.2938417	Daniel
14.4423146	43.26308831	-9.3036594	Daniel
14.22885176	43.4119362	-3.5512167	Daniel
14.33856119	43.31834034	-8.1402647	Daniel
14.2920237	43.42535741	-11.7877661	Daniel
14.24038495	43.41785311	-5.2699311	Daniel
14.24135513	43.44636849	-6.1824348	Daniel
14.43783099	43.27504931	-11.0591135	Daniel
14.26366703	43.43157029	-8.8420702	Daniel
14.41221526	43.24304304	-3.5818315	Daniel
14.31730472	43.42549836	-14.7598378	Daniel
14.27040029	43.45790719	-10.2871286	Daniel
14.32578248	43.41387967	-15.033456	Daniel
14.41118409	43.26333997	-7.0465803	Daniel
14.4337324	43.30130845	-14.8107866	Daniel
14.34556228	43.3814745	-15.2578525	Daniel
14.32356409	43.37022868	-11.872548	Daniel
14.4166136	43.2579808	-6.5128478	Daniel
14.25357917	43.36018365	-3.2000004	Daniel
14.30948139	43.44833223	-15.2578525	Daniel
14.38909915	43.27684044	-7.5684597	Daniel
14.2365015	43.39795631	-3.5810483	Daniel
14.28906762	43.53495114	-14.406895	Daniel
14.44424757	43.27700197	-11.8741179	Daniel
14.35586112	43.29110275	-6.385612	Daniel
14.40551891	43.32508053	-15.257853	Daniel
14.27447011	43.3448725	-4.2911723	Daniel
14.29846171	43.3642147	-8.6913471	Daniel
14.45623223	43.26371058	-10.4411092	Daniel
14.27844153	43.40522893	-8.9482013	Daniel
14.33548814	43.31477887	-7.4654667	Daniel
14.29507969	43.35872508	-7.7992543	Daniel
14.33653445	43.36068708	-12.2283173	Daniel
14.37771053	43.26797386	-5.3804599	Daniel
14.41435234	43.31081145	-14.2764301	Daniel
14.41732489	43.27502981	-9.5401	Daniel
14.27533533	43.53707846	-12.6293039	Daniel
14.33293223	43.34494711	-10.2645372	Daniel
14.29433195	43.34425088	-6.2548124	Daniel
14.39059272	43.27294191	-7.1991802	Daniel
14.24003186	43.46667439	-6.4337929	Daniel
14.4104853	43.2443575	-3.6832568	Daniel
14.42566178	43.30279155	-14.2671621	Daniel
14.23220217	43.41857382	-4.3555444	Daniel
14.37216635	43.30717474	-9.9156458	Daniel
14.35962753	43.36732267	-15.257852	Daniel
14.29332038	43.53402505	-14.9516962	Daniel
14.24148222	43.50679173	-7.4861896	Daniel
14.30610919	43.46848965	-15.2578525	Daniel
14.31107815	43.35174151	-8.7233759	Daniel
14.34315924	43.27545252	-3.2000038	Daniel
14.26625087	43.42896033	-8.9902816	Daniel
14.25814191	43.48194907	-9.1661252	Daniel
14.28598592	43.48519982	-12.9332568	Daniel
14.28004778	43.33820889	-4.1844101	Daniel
14.30145427	43.44611809	-14.1726464	Daniel
14.40710618	43.28992452	-10.9068214	Daniel
14.4280304	43.29081843	-12.9307507	Daniel
14.29876836	43.42682842	-12.6694965	Daniel
14.31569858	43.3806417	-11.7453752	Daniel
14.37315572	43.26621677	-4.7373852	Daniel
14.47124128	43.2830767	-14.9295595	Daniel
14.24124418	43.41036725	-4.9064687	Daniel
14.28764457	43.40021212	-9.7164525	Daniel
14.34858885	43.28656934	-5.1368842	Daniel
14.28270286	43.47451472	-12.2696747	Daniel
14.31584109	43.40105074	-13.0585478	Daniel
14.43822899	43.25977623	-8.4238137	Daniel
14.23470196	43.44331221	-5.2335073	Daniel
14.38891645	43.26711913	-6.0604367	Daniel
14.24870894	43.49207807	-8.1305317	Daniel
14.22888445	43.49819915	-5.6293124	Daniel
14.29464036	43.54014726	-15.2578525	Daniel
14.4140327	43.31695312	-15.0267529	Daniel
14.27812581	43.43713793	-10.8818571	Daniel
14.23985692	43.40106552	-4.1671406	Daniel
14.47559738	43.2674759	-12.5297636	Daniel
14.30375547	43.44247139	-14.2235151	Daniel
14.3445789	43.3378076	-10.7287778	Daniel
14.31588024	43.40686218	-13.4323818	Daniel
14.26709145	43.3870164	-6.4813674	Daniel
14.44753392	43.25666117	-8.5682567	Daniel
14.47530191	43.28323764	-15.2578525	Daniel
14.38124864	43.29963976	-9.8092877	Daniel
14.24548555	43.50053305	-7.8837267	Daniel
14.37923522	43.33164007	-13.6400673	Daniel
14.41420398	43.28465771	-10.8711805	Daniel
14.29372981	43.43288682	-12.4544018	Daniel
14.33769241	43.39191569	-15.0267436	Daniel
14.40338303	43.2521328	-4.5147451	Daniel
14.31770363	43.36657996	-10.9044656	Daniel
14.34016729	43.37618724	-14.1710756	Daniel
14.31119879	43.31043901	-4.5464599	Daniel
14.31125334	43.33968792	-7.5188524	Daniel
14.28158822	43.51159799	-12.9143496	Daniel
14.21358292	43.49383796	-3.5039589	Daniel
14.22700377	43.4165706	-3.6220244	Daniel
14.49492544	43.27492123	-15.2578525	Daniel
14.32041467	43.38154242	-12.352664	Daniel
14.41254883	43.24745494	-4.3761122	Daniel
14.24194123	43.4734862	-6.833371	Daniel
14.29639658	43.44417147	-13.4592231	Daniel
14.41747443	43.30295128	-13.5413383	Daniel
14.25038249	43.49940826	-8.509855	Daniel
14.22307874	43.41998963	-3.1999999	Daniel
14.35226638	43.27141552	-3.5067841	Daniel
14.38472078	43.27566133	-7.0163591	Daniel
14.28364947	43.49752516	-12.8867892	Daniel
14.28257135	43.45513191	-11.8483696	Daniel
14.28041368	43.37611613	-7.3423749	Daniel
14.31458239	43.3758225	-11.3090632	Daniel
14.26890266	43.35798175	-4.8474355	Daniel
14.44993207	43.28709974	-14.0563095	Daniel
14.31875234	43.36096793	-10.4422479	Daniel
14.29819185	43.34582715	-6.8085634	Daniel
14.23727308	43.43584789	-5.4197128	Daniel
14.22154693	43.48651792	-4.4045292	Daniel
14.28430187	43.50392339	-13.1103618	Daniel
14.34206847	43.35909406	-12.6315019	Daniel
14.24240804	43.42338154	-5.8426796	Daniel
14.27568263	43.35781828	-5.6278991	Daniel
14.30597098	43.45936175	-15.0493525	Daniel
14.342826	43.32228148	-8.975211	Daniel
14.35429411	43.28875614	-5.9408181	Daniel
14.33071478	43.35467813	-11.0250441	Daniel
14.40609241	43.26194496	-6.4268891	Daniel
14.3335654	43.33980312	-9.807327	Daniel
14.28868086	43.44032636	-12.3237753	Daniel
14.23704464	43.42043971	-5.0388227	Daniel
14.32520944	43.32412497	-7.3643554	Daniel
14.26522938	43.35554062	-4.2638539	Daniel
14.21602327	43.50262591	-4.0164169	Daniel
14.44584027	43.29119268	-14.4685756	Daniel
14.33320427	43.3970474	-14.8292343	Daniel
14.40000978	43.27423148	-8.1214958	Daniel
14.27094469	43.53972392	-12.1030287	Daniel
14.25862346	43.42875253	-8.0834305	Daniel
14.37196342	43.29833425	-8.7869213	Daniel
14.25893562	43.35839647	-3.7112026	Daniel
14.45847769	43.26087917	-10.1131693	Daniel
14.29121552	43.55200949	-15.0568886	Daniel
14.35522814	43.3140118	-9.2036177	Daniel
14.40387708	43.24831828	-3.88579	Daniel
14.40088902	43.24565306	-3.1999995	Daniel
14.39891402	43.29342949	-10.6143233	Daniel
14.32701164	43.3743296	-12.6402939	Daniel
14.29851813	43.37410565	-9.3262687	Daniel
14.29362594	43.45987351	-13.4177739	Daniel
14.28806924	43.4308599	-11.6653037	Daniel
14.27014818	43.53166579	-11.8248188	Daniel
14.43738172	43.29549579	-14.3899418	Daniel
14.27892327	43.4128119	-9.4746341	Daniel
14.28055324	43.35642577	-6.0838364	Daniel
14.2470532	43.48435906	-7.7452452	Daniel
14.39320396	43.2511284	-3.5872495	Daniel
14.30764333	43.30825167	-3.9617851	Daniel
14.32320909	43.31004369	-5.7321813	Daniel
14.3396105	43.3844081	-14.7736542	Daniel
14.43505013	43.25393066	-7.1690439	Daniel
14.41354131	43.29963031	-12.7520805	Daniel
14.41754534	43.24986579	-5.1659943	Daniel
14.21722177	43.46929135	-3.4606249	Daniel
14.3165827	43.37119748	-11.2486169	Daniel
14.3971367	43.27778011	-8.4231855	Daniel
14.28629877	43.39146497	-9.0040824	Daniel
14.29777	43.38462241	-9.9071807	Daniel
14.30982361	43.35710892	-9.1397486	Daniel
14.39702829	43.31805733	-13.5882807	Daniel
14.27937825	43.37084144	-6.8864374	Daniel
14.37344271	43.26468638	-4.492812	Daniel
14.289319	43.45011135	-12.641393	Daniel
14.34993514	43.27068869	-3.1999999	Daniel
14.35620607	43.35659259	-13.8206586	Daniel
14.32560049	43.30994448	-5.9457394	Daniel
14.30351633	43.4643352	-14.8264077	Daniel
14.32375852	43.34885602	-9.724747	Daniel
14.247842	43.51796688	-8.5699834	Daniel
14.38632177	43.25696933	-4.0977446	Daniel
14.31167264	43.44418845	-15.2578525	Daniel
14.36459344	43.36232488	-15.2578554	Daniel
14.23658458	43.39165305	-3.1999999	Daniel
14.26159224	43.43971641	-8.7359361	Daniel
14.40607083	43.30936483	-13.3341391	Daniel
14.30029174	43.46795342	-14.4728369	Daniel
14.36236971	43.29784491	-7.8353724	Daniel
14.30432861	43.47985976	-15.2578525	Daniel
14.2374165	43.492639	-6.6430842	Daniel
14.33662501	43.37803254	-13.9968022	Daniel
14.45787404	43.27416407	-12.3862626	Daniel
14.40801344	43.25811576	-5.9007704	Daniel
14.29642328	43.48872199	-14.3946513	Daniel
14.30934705	43.40530385	-12.5715634	Daniel
14.2144032	43.47459038	-3.1999995	Daniel
14.39262336	43.33460038	-15.2579052	Daniel
14.24312714	43.49425943	-7.4361058	Daniel
14.32814407	43.39058389	-13.8284951	Daniel
14.2686288	43.35182808	-4.4007612	Daniel
14.21665021	43.48720187	-3.7689858	Daniel
14.24252194	43.43252442	-6.0486682	Daniel
14.31808509	43.35407571	-9.6751298	Daniel
14.39720639	43.30682799	-12.1945519	Daniel
14.43551134	43.28878473	-13.2847001	Daniel
14.22595583	43.47030295	-4.6422324	Daniel
14.26791	43.45274337	-9.8481475	Daniel
14.3614504	43.35409302	-14.1023124	Daniel
14.22311392	43.4370905	-3.5618925	Daniel
14.3312927	43.31155152	-6.6755444	Daniel
14.24698516	43.4302435	-6.5948825	Daniel
14.35731441	43.34645937	-12.9059433	Daniel
14.27774716	43.43611696	-10.7813749	Daniel
14.28586342	43.40426786	-9.7587592	Daniel
14.27855789	43.52428824	-12.7834811	Daniel
14.29531035	43.45148496	-13.4670732	Daniel
14.30887168	43.45084368	-15.2578525	Daniel
14.25828406	43.46587107	-8.8414011	Daniel
14.32975473	43.29478044	-4.4258818	Daniel
14.34166644	43.28234671	-3.9585219	Daniel
14.25595554	43.41592813	-6.9756154	Daniel
14.48106278	43.27955109	-15.0405605	Daniel
14.29208495	43.50929245	-14.258684	Daniel
14.31846481	43.33882828	-8.167596	Daniel
14.30522767	43.45237957	-14.8050551	Daniel
14.26687672	43.53700821	-11.5048464	Daniel
14.24884309	43.40657832	-5.5622714	Daniel
14.36167625	43.32077123	-10.6507447	Daniel
14.40565652	43.32209641	-14.8958017	Daniel
14.40395424	43.31231527	-13.509457	Daniel
14.28741443	43.4183584	-10.8137177	Daniel
14.28765701	43.33537045	-4.6730053	Daniel
14.26822003	43.39209029	-6.9355139	Daniel
14.25118672	43.4659046	-7.8985118	Daniel
14.39433845	43.33092062	-14.9545092	Daniel
14.31567049	43.2954181	-3.2000034	Daniel
14.26472714	43.50793671	-10.5972155	Daniel
14.29303155	43.55013412	-15.2578525	Daniel
14.24881659	43.45963907	-7.4519144	Daniel
14.22350506	43.4919996	-4.7821308	Daniel
14.33274799	43.30708234	-6.2486706	Daniel
14.25900217	43.53844909	-10.4902907	Daniel
14.39944629	43.28148642	-9.1143145	Daniel
14.41272298	43.31302035	-14.4113593	Daniel
14.30943269	43.41220333	-13.0133303	Daniel
14.41788857	43.3070516	-14.1107822	Daniel
14.23557369	43.45983829	-5.6949667	Daniel
14.42735768	43.28711368	-12.3890859	Daniel
14.26316333	43.54005854	-11.0771694	Daniel
14.3155135	43.4329462	-15.0113574	Daniel
14.30020881	43.50557695	-15.2578525	Daniel
14.30627325	43.40873137	-12.4281154	Daniel
14.36305852	43.31145912	-9.6091901	Daniel
14.40444622	43.2954506	-11.3808139	Daniel
14.2917833	43.36666063	-8.06773	Daniel
14.26872946	43.52039551	-11.3952578	Daniel
14.24324767	43.38385175	-3.4977997	Daniel
14.32073391	43.37589883	-12.0314352	Daniel
14.22179322	43.42817808	-3.1999995	Daniel
14.30272932	43.30568539	-3.2000004	Daniel
14.3107591	43.32803189	-6.2860568	Daniel
14.22419176	43.44939803	-3.9624086	Daniel
14.23535534	43.50445879	-6.6226713	Daniel
14.26282472	43.37645741	-5.3126362	Daniel
14.26298379	43.34566922	-3.1999999	Daniel
14.26753349	43.37337946	-5.6662079	Daniel
14.28825124	43.43708869	-12.072727	Daniel
14.23283744	43.51229487	-6.4562485	Daniel
14.25507532	43.4724163	-8.5545566	Daniel
14.29291916	43.44195786	-12.921644	Daniel
14.26978179	43.50823923	-11.2748411	Daniel
14.30654298	43.36732902	-9.8318192	Daniel
14.39119763	43.25845333	-4.7169662	Daniel
14.25909886	43.53023843	-10.3273211	Daniel
14.22833823	43.47538304	-5.0675541	Daniel
14.37468141	43.29672986	-8.8334313	Daniel
14.38903196	43.28055926	-8.0444936	Daniel
14.38062738	43.3435596	-14.9909467	Daniel
14.45303242	43.25878053	-9.3444808	Daniel
14.36385518	43.29362513	-7.4430908	Daniel
14.35722832	43.36568688	-14.8471313	Daniel
14.32078386	43.37281605	-11.8414614	Daniel
14.31590294	43.3063648	-4.5967011	Daniel
14.28424232	43.46974525	-12.3752675	Daniel
14.27819585	43.42065957	-9.8757802	Daniel
14.28663954	43.35308681	-6.3661288	Daniel
14.25078947	43.52333643	-9.0763193	Daniel
14.28229201	43.42221974	-10.4526102	Daniel
14.30378178	43.34647861	-7.4450555	Daniel
14.26485737	43.38201577	-5.9029621	Daniel
14.42058295	43.31400089	-15.2579575	Daniel
14.35282403	43.35155083	-12.9642053	Daniel
14.27303458	43.39497324	-7.6792989	Daniel
14.27307513	43.5147601	-11.8516677	Daniel
14.40804465	43.30492672	-12.9376328	Daniel
14.3873214	43.3394548	-15.2578471	Daniel
14.29364771	43.44021559	-12.8990353	Daniel
14.40662435	43.27145666	-8.1258106	Daniel
14.34313773	43.3026158	-6.6510956	Daniel
14.27950095	43.48646857	-12.0992612	Daniel
14.25159432	43.38210855	-4.3621694	Daniel
14.32390684	43.29174915	-3.5028598	Daniel
14.2092536	43.51873297	-3.4629804	Daniel
14.29075154	43.52801382	-14.4820996	Daniel
14.35899736	43.33461121	-11.8760021	Daniel
14.28557238	43.35836071	-6.7922353	Daniel
14.3266941	43.37509288	-12.6754628	Daniel
14.37250273	43.29334325	-8.1952435	Daniel
14.21373069	43.51632407	-4.0057412	Daniel
14.24825204	43.39939918	-5.0479291	Daniel
14.30426737	43.38297248	-10.5601577	Daniel
14.36517601	43.30512345	-9.0097433	Daniel
14.28674658	43.5172786	-13.7207954	Daniel
14.33178554	43.40231659	-14.9984833	Daniel
14.28995641	43.32627355	-3.9850283	Daniel
14.38823715	43.31270845	-12.1011445	Daniel
14.28514762	43.53342981	-13.8539291	Daniel
14.24144337	43.42689821	-5.7877285	Daniel
14.36696909	43.34782894	-14.0300864	Daniel
14.40204772	43.24612516	-3.3679936	Daniel
14.25457291	43.4311214	-7.6227436	Daniel
14.22025934	43.5007612	-4.5389243	Daniel
14.29504715	43.49836508	-14.4181992	Daniel
14.31382404	43.38625845	-11.883538	Daniel
14.31757557	43.3500432	-9.2141675	Daniel
14.24740647	43.42443179	-6.5008371	Daniel
14.24741224	43.41834145	-6.1238723	Daniel
14.27196258	43.50212293	-11.4334096	Daniel
14.28078442	43.4002687	-8.9155902	Daniel
14.4194014	43.27736608	-10.1012294	Daniel
14.33255769	43.36821941	-12.5864418	Daniel
14.33447149	43.29661304	-5.0934614	Daniel
14.31068541	43.40043201	-12.4179789	Daniel
14.31748918	43.38901978	-12.4864306	Daniel
14.2985607	43.31530034	-3.7498256	Daniel
14.37256072	43.27020059	-5.1995939	Daniel
14.48407994	43.27951789	-15.2578525	Daniel
14.38660698	43.27140485	-6.636485	Daniel
14.27101321	43.48079495	-10.850701	Daniel
14.29488857	43.52162908	-14.8948637	Daniel
14.29442002	43.48317506	-14.0097382	Daniel
14.27780165	43.44476508	-10.9977255	Daniel
14.39187884	43.3070803	-11.7322531	Daniel
14.3586127	43.3402864	-12.4123251	Daniel
14.34609596	43.2756583	-3.494371	Daniel
14.41732695	43.28876978	-11.6890893	Daniel
14.32136807	43.31374552	-5.9196061	Daniel
14.28405788	43.52631005	-13.5569575	Daniel
14.40125612	43.26830656	-7.1794855	Daniel
14.32568037	43.30088042	-4.8143076	Daniel
14.25665169	43.42886838	-7.852322	Daniel
14.33076908	43.38102729	-13.5276767	Daniel
14.32871961	43.30509263	-5.6252189	Daniel
14.28305285	43.37962817	-7.87336	Daniel
14.30914789	43.4490789	-15.2578525	Daniel
14.32656699	43.41600463	-15.2580815	Daniel
14.29757829	43.45659683	-13.8752817	Daniel
14.28943993	43.52168596	-14.1726484	Daniel
14.35918802	43.29076952	-6.6479091	Daniel
14.29169776	43.39977608	-10.1623327	Daniel
14.25900839	43.50480162	-9.7707518	Daniel
14.3811728	43.29560056	-9.2782927	Daniel
14.30590232	43.42725402	-13.5320722	Daniel
14.48209286	43.27360718	-14.0797001	Daniel
14.24695641	43.44386973	-6.8754475	Daniel
14.28230065	43.38753137	-8.2878406	Daniel
14.28930738	43.45842763	-12.8131547	Daniel
14.21953829	43.51444008	-4.736434	Daniel
14.35803592	43.29419768	-6.9757309	Daniel
14.27356919	43.33916026	-3.6198266	Daniel
14.31407841	43.3954494	-12.4971069	Daniel
14.24551668	43.46415441	-7.108069	Daniel
14.30678559	43.31561004	-4.6205659	Daniel
14.34717629	43.28956197	-5.3863808	Daniel
14.26718699	43.34538822	-3.6003583	Daniel
14.23879978	43.44114421	-5.7334055	Daniel
14.32828081	43.28610862	-3.199997	Daniel
14.31814831	43.43194012	-15.2578525	Daniel
14.2494576	43.38572562	-4.341954	Daniel
14.21549539	43.4678297	-3.2000004	Daniel
14.26012192	43.34854752	-3.1999999	Daniel
14.22170994	43.45448463	-3.7388315	Daniel
14.22806836	43.4436505	-4.3580546	Daniel
14.23600657	43.52328498	-7.1125219	Daniel
14.37989106	43.33014974	-13.5184374	Daniel
14.27141398	43.38210341	-6.673227	Daniel
14.33322926	43.28245424	-3.2004106	Daniel
14.29230036	43.36095416	-7.7417912	Daniel
14.3274851	43.40729985	-14.8135356	Daniel
14.22470845	43.42915186	-3.6082079	Daniel
14.22882261	43.5089785	-5.8520993	Daniel
14.36541509	43.26670795	-4.0952324	Daniel
14.28701078	43.36426761	-7.3590173	Daniel
14.27009606	43.4921557	-10.9721339	Daniel
14.36404644	43.34130517	-13.0701689	Daniel
14.34247134	43.36434257	-13.2048776	Daniel
14.27845043	43.43330833	-10.689685	Daniel
14.37547659	43.25891041	-3.6350483	Daniel
14.37094063	43.32844386	-12.4694738	Daniel
14.22658985	43.52239945	-5.8433076	Daniel
14.27383281	43.36825622	-6.0753583	Daniel
14.40636134	43.25428637	-5.1105732	Daniel
14.27366153	43.40099479	-8.1254107	Daniel
14.2531878	43.41088933	-6.3388098	Daniel
14.41089555	43.27846942	-9.6654754	Daniel
14.29808551	43.33502933	-5.7026413	Daniel
14.2914816	43.5151192	-14.3032763	Daniel
14.31787087	43.30798531	-4.9785371	Daniel
14.28221381	43.49250929	-12.5887968	Daniel
14.39183254	43.26288422	-5.5369948	Daniel
14.37689113	43.32626033	-12.7511191	Daniel
14.36226714	43.26201679	-3.1999999	Daniel
14.30027914	43.48609768	-14.8503579	Daniel
14.42769009	43.25303318	-6.4684164	Daniel
14.32869024	43.31215766	-6.505862	Daniel
14.29905048	43.39200526	-10.5256129	Daniel
14.44196439	43.25451424	-7.7819842	Daniel
14.34849149	43.35867621	-13.2445971	Daniel
14.342144	43.3801581	-14.7755385	Daniel
14.45439415	43.27947355	-13.0554108	Daniel
14.31010717	43.36378757	-9.8461065	Daniel
14.43125528	43.28690225	-12.6416076	Daniel
14.21652011	43.461485	-3.2000063	Daniel
14.40067427	43.32115272	-14.315207	Daniel
14.36411743	43.26273084	-3.4612431	Daniel
14.28897121	43.33071955	-4.3354579	Daniel
14.21487264	43.5098978	-4.0195571	Daniel
14.24526684	43.44965857	-6.7715107	Daniel
14.22069234	43.43518919	-3.1999999	Daniel
14.39698435	43.25809368	-5.0818417	Daniel
14.29608339	43.53118757	-15.2578525	Daniel
14.39567094	43.28725956	-9.5185973	Daniel
14.28245394	43.54839908	-13.8165624	Daniel
14.26498206	43.46916624	-9.8011337	Daniel
14.47032963	43.26544628	-11.786196	Daniel
14.24757755	43.37119698	-3.2000004	Daniel
14.36931664	43.2760565	-5.6630676	Daniel
14.32162327	43.42052372	-14.9577997	Daniel
14.29566858	43.46904581	-13.8806201	Daniel
14.48008218	43.26920371	-13.1628007	Daniel
14.24347315	43.43905649	-6.3115695	Daniel
14.39550383	43.27483528	-7.8925184	Daniel
14.41912184	43.27139295	-9.0383246	Daniel
14.26292443	43.368809	-4.8381723	Daniel
14.33572956	43.38125165	-14.1205209	Daniel
14.30697883	43.32495643	-5.5883344	Daniel
14.2478017	43.39244524	-4.5640341	Daniel
14.32054436	43.412882	-14.3580463	Daniel
14.35095857	43.28268721	-4.8491484	Daniel
14.42491402	43.27246855	-9.6540918	Daniel
14.32796213	43.35103243	-10.3744216	Daniel
14.37018936	43.29622748	-8.3575276	Daniel
14.30216196	43.31051627	-3.6320732	Daniel
14.38750607	43.33327672	-14.617477	Daniel
14.31005857	43.43913414	-14.7554423	Daniel
14.4889453	43.2726179	-14.4138037	Daniel
14.24061992	43.52591421	-7.7813561	Daniel
14.22584743	43.45982392	-4.4031108	Daniel
14.41845864	43.31552361	-15.257916	Daniel
14.29112459	43.50417246	-14.0216088	Daniel
14.28856297	43.54095375	-14.4682831	Daniel
14.32174227	43.37229966	-11.8967265	Daniel
14.28502204	43.46442305	-12.3680488	Daniel
14.36779715	43.32637137	-11.9218469	Daniel
14.27548339	43.33309534	-3.1999999	Daniel
14.26339533	43.43059037	-8.7566608	Daniel
14.46030709	43.2868287	-14.7759355	Daniel
14.42424611	43.257955	-7.0724863	Daniel
14.37192992	43.27957696	-6.3578071	Daniel
14.40862646	43.31534164	-14.322893	Daniel
14.27050795	43.44253207	-9.9808152	Daniel
14.23980008	43.38557265	-3.1999926	Daniel
14.44526806	43.28127736	-12.695558	Daniel
14.42187629	43.2850013	-11.6153786	Daniel
14.26580795	43.48703675	-10.2930944	Daniel
14.39880336	43.26500345	-6.4218596	Daniel
14.29706376	43.47991972	-14.2927348	Daniel
14.43945978	43.29177721	-14.0972661	Daniel
14.36523157	43.30104735	-8.5029308	Daniel
14.30892023	43.43419336	-14.3158329	Daniel
14.28198554	43.48019318	-12.2948823	Daniel
14.22401296	43.41541801	-3.1999999	Daniel
14.35619758	43.28350377	-5.4326516	Daniel
14.22716841	43.41750953	-3.6923622	Daniel
14.39007868	43.29367517	-9.840611	Daniel
14.27351937	43.48715214	-11.3195825	Daniel
14.24466033	43.45489928	-6.8002482	Daniel
14.33171542	43.40652827	-15.257851	Daniel
14.39930972	43.29888789	-11.3582062	Daniel
14.30573655	43.37616528	-10.299061	Daniel
14.23545826	43.48536911	-6.2271801	Daniel
14.2836872	43.54120168	-13.8262968	Daniel
14.36845919	43.29303107	-7.7865552	Daniel
14.37713997	43.28153298	-7.0864594	Daniel
14.40160332	43.30890929	-12.86405	Daniel
14.35722693	43.3098035	-8.86044	Daniel
14.42380958	43.25147032	-5.9089345	Daniel
14.26569652	43.46349053	-9.7777805	Daniel
14.27830506	43.51753493	-12.6054394	Daniel
14.34881244	43.31798549	-9.1085552	Daniel
14.23236923	43.47904379	-5.6813586	Daniel
14.26288256	43.51857288	-10.5799394	Daniel
14.252127	43.39333256	-5.1261191	Daniel
14.31995784	43.40292394	-13.6576752	Daniel
14.22464578	43.49864544	-5.0760322	Daniel
14.27175056	43.47556578	-10.8366393	Daniel
14.24249255	43.42253871	-5.8075107	Daniel
14.23289368	43.42308103	-4.5704819	Daniel
