14.74747001	42.708	-2.6000001	Edmond
14.43595738	43.07481631	-8.497576	Edmond
14.51869651	43.06788868	-4.7211964	Edmond
14.74004708	42.70550185	-3.2347525	Edmond
14.67712151	42.87097773	-2.6000006	Edmond
14.63033149	42.70858852	-10.3142076	Edmond
14.65684065	42.79891053	-5.1038515	Edmond
14.59263969	42.90918942	-8.7417	Edmond
14.60709068	42.91239148	-7.5786118	Edmond
14.56619428	43.02498488	-5.3559516	Edmond
14.72473216	42.70034668	-4.5444321	Edmond
14.57930958	42.97643353	-6.7253945	Edmond
14.59512593	42.82727531	-9.7901737	Edmond
14.59573065	42.95644273	-6.521045	Edmond
14.64159555	42.80579887	-6.2608759	Edmond
14.6139195	42.79653459	-8.6261387	Edmond
14.60189475	42.74025337	-10.3134512	Edmond
14.71340098	42.74692557	-2.600106	Edmond
14.66334636	42.70351509	-8.4219993	Edmond
14.6694119	42.92534609	-2.6000001	Edmond
14.5913231	43.03341412	-3.2106478	Edmond
14.59597334	42.84391773	-9.5317911	Edmond
14.41468853	43.06767372	-10.3134512	Edmond
14.64133106	42.71653531	-9.1246917	Edmond
14.42118193	43.06985464	-9.7590469	Edmond
14.47318347	43.03127827	-10.3134464	Edmond
14.54702643	43.07373573	-2.6002779	Edmond
14.56458196	42.97925368	-7.6180026	Edmond
14.61375777	42.94386527	-5.7591995	Edmond
14.63689078	42.9424046	-4.1685018	Edmond
14.66160397	42.9227252	-3.2668912	Edmond
14.57489877	43.01966042	-5.00041	Edmond
14.59039423	42.81524253	-10.3130733	Edmond
14.70782109	42.6946526	-5.9907052	Edmond
14.42398346	43.06241954	-10.3134512	Edmond
14.69210626	42.77062476	-2.6000001	Edmond
14.64164387	42.97185318	-2.6000001	Edmond
14.5067057	43.04118599	-7.5586031	Edmond
14.50842482	43.08791485	-3.3745474	Edmond
14.67289678	42.75289393	-4.9070118	Edmond
14.6330219	42.88999286	-5.9841761	Edmond
14.61318389	42.99898429	-3.3070306	Edmond
14.69100515	42.6889889	-7.4289424	Edmond
14.54352099	42.96434639	-9.7851605	Edmond
14.505047	43.09799999	-2.6000001	Edmond
14.58121567	42.92294257	-8.9563709	Edmond
14.67635087	42.68405191	-8.6823778	Edmond
14.60007922	42.75050538	-10.313451	Edmond
14.45350778	43.07591912	-7.4530467	Edmond
14.7218758	42.7312328	-2.9555057	Edmond
14.50813506	43.00549531	-10.3134512	Edmond
14.53009612	42.97298456	-10.3134129	Edmond
14.65984487	42.78302501	-5.0525104	Edmond
14.67105813	42.84915769	-3.3422081	Edmond
14.48107052	43.06902669	-6.6294749	Edmond
14.66216712	42.67927224	-9.8956387	Edmond
14.65572176	42.92853562	-3.4326094	Edmond
14.48908917	43.03830556	-8.8208231	Edmond
14.6384083	42.75423118	-7.1477222	Edmond
14.60821618	42.78001488	-9.2915081	Edmond
14.65728283	42.67762606	-10.3134512	Edmond
14.74160883	42.71473669	-2.6000013	Edmond
14.68252341	42.77944273	-3.2500699	Edmond
14.59068749	42.89039854	-9.4350164	Edmond
14.57092687	42.96684796	-7.7596002	Edmond
14.50553973	43.00749935	-10.3136629	Edmond
14.70332553	42.74800755	-3.1975697	Edmond
14.67894488	42.85784237	-2.6000562	Edmond
14.68092576	42.8005005	-3.1242618	Edmond
14.65197677	42.75712032	-6.0308789	Edmond
14.64458036	42.8525968	-5.4649285	Edmond
14.5687317	42.94737531	-8.8270047	Edmond
14.53356881	43.07287723	-3.4516759	Edmond
14.45195731	43.08018773	-7.1316522	Edmond
14.6391963	42.83509336	-6.1023339	Edmond
14.44409957	43.05104532	-10.3134515	Edmond
14.7205275	42.73895946	-2.600306	Edmond
14.66448531	42.71828905	-7.4966464	Edmond
14.65782154	42.75198818	-5.9500295	Edmond
14.47266572	43.06186965	-7.7577454	Edmond
14.54508773	43.04549166	-4.9654797	Edmond
14.61746198	42.96221451	-4.7300532	Edmond
14.6162025	42.96682363	-4.6088078	Edmond
14.55236045	43.0203429	-6.5370779	Edmond
14.71303779	42.74013893	-3.0252164	Edmond
14.58974785	42.89691282	-9.4376531	Edmond
14.62190753	42.74699516	-8.6020296	Edmond
14.60432454	42.97052697	-5.2615117	Edmond
14.59417937	42.96214175	-6.3621097	Edmond
14.56023579	42.92630846	-10.3134937	Edmond
14.57774016	42.95345357	-7.9151405	Edmond
14.48254301	43.03049012	-9.8276749	Edmond
14.45319369	43.04590185	-10.3134512	Edmond
14.685831	42.8107955	-2.5999898	Edmond
14.61057313	42.73060003	-10.313449	Edmond
14.68331915	42.82762852	-2.5999998	Edmond
14.5794976	42.89346716	-10.3134512	Edmond
14.54946963	43.02835628	-6.0750293	Edmond
14.65571795	42.94779681	-2.5997149	Edmond
14.64004147	42.92386438	-4.7463502	Edmond
14.49826894	43.0957268	-3.1785084	Edmond
14.57614259	42.98771188	-6.4155142	Edmond
14.51504541	43.00163222	-10.0141536	Edmond
14.62600271	42.72147626	-9.8389249	Edmond
14.62717687	42.91116478	-6.2076454	Edmond
14.49199669	43.05494092	-7.3245169	Edmond
14.61476402	42.90531952	-7.3003844	Edmond
14.58946316	42.89849275	-9.4296151	Edmond
14.54846119	42.94579788	-10.3135159	Edmond
14.55678577	42.9433619	-9.8474517	Edmond
14.65029092	42.71482629	-8.634514	Edmond
14.60029293	42.81896834	-9.462199	Edmond
14.60138776	42.74176197	-10.3134512	Edmond
14.62455069	42.8040008	-7.6699957	Edmond
14.68524524	42.76831655	-3.1865433	Edmond
14.6697899	42.92379807	-2.6000001	Edmond
14.58868754	42.82749386	-10.3135113	Edmond
14.52367532	43.07838575	-3.4601033	Edmond
14.67778335	42.72608649	-6.1675578	Edmond
14.63793991	42.87335316	-5.7714931	Edmond
14.65492501	42.72034525	-8.0071699	Edmond
14.65298519	42.68256376	-10.313451	Edmond
14.46555831	43.04434102	-9.7195965	Edmond
14.61286184	42.98116697	-4.1670081	Edmond
14.53648686	43.08021806	-2.6000003	Edmond
14.60575555	42.86153597	-8.532971	Edmond
14.62328588	42.76835997	-8.2068153	Edmond
14.6836111	42.76944541	-3.2829617	Edmond
14.48170115	43.09016921	-4.5926413	Edmond
14.63924503	42.74382763	-7.6509042	Edmond
14.58066698	42.8850748	-10.3134512	Edmond
14.60770249	42.75781902	-9.6037493	Edmond
14.46135787	43.05555104	-8.962097	Edmond
14.62484831	42.90324364	-6.5009173	Edmond
14.69343738	42.70183704	-6.5285397	Edmond
14.59243019	42.86878161	-9.5384642	Edmond
14.62146643	42.9218228	-6.151388	Edmond
14.68894778	42.78991077	-2.6000001	Edmond
14.66297331	42.72656458	-7.1115642	Edmond
14.71512062	42.70111429	-5.1359976	Edmond
14.69211952	42.76097815	-3.1682159	Edmond
14.66333806	42.91699634	-3.2036175	Edmond
14.57911881	42.89501554	-10.3134512	Edmond
14.48410744	43.05628147	-7.6739687	Edmond
14.5759326	42.93888295	-8.6674515	Edmond
14.61466768	42.90696254	-7.2762787	Edmond
14.58443527	43.04184492	-2.9497679	Edmond
14.52770371	43.03585117	-6.7532359	Edmond
14.6240919	42.71555853	-10.3135028	Edmond
14.57303996	42.90497517	-10.3135089	Edmond
14.52311401	43.08778282	-2.6000001	Edmond
14.63054147	42.96812814	-3.5481937	Edmond
14.46532277	43.08467357	-5.9907044	Edmond
14.71473377	42.71964424	-4.0949459	Edmond
14.58579756	42.84823864	-10.3134334	Edmond
14.5691655	43.02763074	-4.9783139	Edmond
14.50928859	43.06190793	-5.7555153	Edmond
14.69843551	42.76358193	-2.6000003	Edmond
14.63053744	42.81739716	-7.0196151	Edmond
14.59374993	42.94260172	-7.2403956	Edmond
14.62657497	42.95057384	-4.5639189	Edmond
14.6916	42.77213305	-2.6000001	Edmond
14.53388078	43.01659401	-7.9275281	Edmond
14.55545539	43.0570226	-3.4383079	Edmond
14.4315771	43.06605476	-9.5623189	Edmond
14.5929245	43.0247133	-3.5081895	Edmond
14.5148841	43.05346644	-6.1000289	Edmond
14.51995636	42.98799775	-10.3134515	Edmond
14.62258251	43.00010788	-2.5999918	Edmond
14.57836663	43.03356062	-3.9671368	Edmond
14.60709444	42.961346	-5.5017384	Edmond
14.63032224	42.84856916	-6.674669	Edmond
14.4519939	43.06587719	-8.485524	Edmond
14.61959454	42.87647735	-7.2335916	Edmond
14.61020743	42.89645778	-7.7729338	Edmond
14.46829864	43.07866614	-6.4004817	Edmond
14.64430827	42.96729708	-2.6000003	Edmond
14.55420656	42.97143381	-8.7079683	Edmond
14.53475345	42.97553004	-9.8694993	Edmond
14.6686938	42.88613029	-3.1162354	Edmond
14.61473806	42.81777877	-8.3006072	Edmond
14.68073742	42.69223312	-7.9213273	Edmond
14.679737	42.71642579	-6.5946726	Edmond
14.64012372	42.90352471	-5.2509968	Edmond
14.61436731	43.01227729	-2.5999932	Edmond
14.63634624	42.96311982	-3.3426507	Edmond
14.61505962	42.84727876	-7.9353862	Edmond
14.55399654	42.93697196	-10.3134493	Edmond
14.52867563	43.00240927	-9.0288758	Edmond
14.58656079	42.997474	-5.2313864	Edmond
14.69119249	42.72905993	-5.1102565	Edmond
14.60928038	42.82998405	-8.6033214	Edmond
14.68112256	42.8423365	-2.5992838	Edmond
14.66901441	42.79353871	-4.1783419	Edmond
14.59847635	43.03581293	-2.6000001	Edmond
14.52564406	42.98848463	-9.8946356	Edmond
14.51161571	43.00034411	-10.3134515	Edmond
14.56233964	43.06247507	-2.599939	Edmond
14.60734408	42.74208934	-9.8474302	Edmond
14.55159897	43.01139041	-7.0110032	Edmond
14.57908777	43.02931035	-4.2551781	Edmond
14.60040487	42.7953953	-9.7399642	Edmond
14.67192678	42.84077464	-3.3667901	Edmond
14.55622359	42.95120127	-9.5191224	Edmond
14.6346185	42.71035728	-9.9280499	Edmond
14.65868966	42.92007187	-3.5481112	Edmond
14.5945576	42.92960646	-7.7248278	Edmond
14.4590268	43.04786116	-9.8151697	Edmond
14.64534301	42.70561127	-9.4919307	Edmond
14.60882014	42.95409865	-5.684278	Edmond
14.67041683	42.73492404	-6.1297969	Edmond
14.65093868	42.93895104	-3.3210745	Edmond
14.65178857	42.90949914	-4.2311988	Edmond
14.59184771	43.03523882	-3.0419166	Edmond
14.56553162	42.91729	-10.3129578	Edmond
14.47780482	43.0508332	-8.4838248	Edmond
14.62746275	42.75573354	-8.0205076	Edmond
14.52206582	43.02268704	-8.1334555	Edmond
14.62440748	42.74951639	-8.3449141	Edmond
14.62647944	42.98697549	-2.9459666	Edmond
14.65503655	42.86914122	-4.4236516	Edmond
14.6708589	42.91609893	-2.6000001	Edmond
14.51829653	43.00890925	-9.4457559	Edmond
14.61236201	42.93348385	-6.2923112	Edmond
14.56868337	43.04841508	-3.3492449	Edmond
14.59702445	43.0369748	-2.6000001	Edmond
14.66640457	42.80706939	-4.2263013	Edmond
14.52421978	43.0681284	-4.3837857	Edmond
14.56304632	43.0353796	-4.7191906	Edmond
14.58638567	43.04479735	-2.599994	Edmond
14.62528091	42.83369007	-7.2552108	Edmond
14.65259787	42.75900835	-5.9344606	Edmond
14.56038562	42.9390848	-9.769085	Edmond
14.61458058	42.88627474	-7.5316374	Edmond
14.5734105	43.00590396	-5.7506659	Edmond
14.50262425	43.01653629	-9.763564	Edmond
14.62966038	42.98962589	-2.6000003	Edmond
14.66402742	42.93417278	-2.6000089	Edmond
14.60513108	43.00934271	-3.3808914	Edmond
14.65051267	42.88900942	-4.567655	Edmond
14.53091681	43.04753588	-5.6331313	Edmond
14.57047891	42.91808018	-9.9274637	Edmond
14.70010132	42.72558454	-4.7206805	Edmond
14.6729692	42.90089627	-2.6000001	Edmond
14.63811931	42.97710003	-2.6003319	Edmond
14.5467569	42.99637148	-8.0541552	Edmond
14.6309571	42.78261324	-7.4088428	Edmond
14.54533499	43.06724275	-3.216658	Edmond
14.54354722	43.07622337	-2.6000001	Edmond
14.59911967	42.92377644	-7.6507547	Edmond
14.50448441	43.06312033	-5.9345134	Edmond
14.60214658	42.87778968	-8.6429571	Edmond
14.53023812	43.06223646	-4.5006755	Edmond
14.60303424	43.02906376	-2.5999996	Edmond
14.7335395	42.71379265	-3.1880521	Edmond
14.58218353	42.95189366	-7.6780242	Edmond
14.49255779	43.01703903	-10.3134114	Edmond
14.5975283	42.76754538	-10.313452	Edmond
14.60787064	42.7439461	-9.7590467	Edmond
14.49633301	43.06740236	-5.9655903	Edmond
14.63168374	42.9723118	-3.2730159	Edmond
14.45705777	43.04313647	-10.3140487	Edmond
14.63872705	42.75265942	-7.1637923	Edmond
14.53957894	42.95894788	-10.3134393	Edmond
14.62406449	42.82628619	-7.4384536	Edmond
14.54121195	42.98547144	-8.9525272	Edmond
14.49313562	43.08733729	-4.2483985	Edmond
14.65980287	42.68861414	-9.5142364	Edmond
14.55133011	42.94152868	-10.3134512	Edmond
14.62689686	42.90939544	-6.2638892	Edmond
14.65312237	42.81083311	-5.2615469	Edmond
14.68745504	42.74106959	-4.648783	Edmond
14.65170909	42.84090932	-5.0154874	Edmond
14.48375931	43.08169115	-5.2856489	Edmond
14.67213604	42.77118617	-4.1959215	Edmond
14.63965321	42.69787697	-10.31341	Edmond
14.65548829	42.76542808	-5.6211018	Edmond
14.60168892	42.9026016	-8.3850886	Edmond
14.63905809	42.76438124	-6.9713333	Edmond
14.67500221	42.82570087	-3.3003602	Edmond
14.66700188	42.90215384	-3.0728013	Edmond
14.67039995	42.86794774	-3.1830223	Edmond
14.58279906	42.86976922	-10.313451	Edmond
14.67506547	42.88578999	-2.5999896	Edmond
14.61822809	42.73576516	-9.5062	Edmond
14.56114589	42.99431344	-7.1492132	Edmond
14.59204986	42.80413453	-10.3134295	Edmond
14.6508083	42.95617906	-2.5999425	Edmond
14.62926249	42.86180825	-6.6108868	Edmond
14.66819797	42.76425905	-4.6006763	Edmond
14.64655383	42.94889444	-3.2069932	Edmond
14.72904738	42.72917041	-2.5999798	Edmond
14.50931191	43.09558844	-2.6000003	Edmond
14.59536922	42.78196536	-10.3134442	Edmond
14.70536625	42.73381727	-3.8996295	Edmond
14.65686608	42.83520699	-4.6599204	Edmond
14.658838	42.85093729	-4.3196722	Edmond
14.64081745	42.91407088	-5.0747324	Edmond
14.69969233	42.71109486	-5.5819339	Edmond
14.66203186	42.82331663	-4.3847786	Edmond
14.50496172	43.02749389	-8.7526458	Edmond
14.53852701	43.01569935	-7.718116	Edmond
14.69089281	42.77687409	-2.5999993	Edmond
14.56592589	42.92614837	-9.9135032	Edmond
14.64344921	42.91662982	-4.8176213	Edmond
14.59251734	43.00580045	-4.4253658	Edmond
14.51464734	43.00972079	-9.6025306	Edmond
14.44683099	43.05267095	-10.013159	Edmond
14.60187943	42.9009901	-8.401158	Edmond
14.62739468	42.93656556	-5.0924458	Edmond
14.6447181	42.78414236	-6.2701568	Edmond
14.64556291	42.8234489	-5.7232697	Edmond
14.47022704	43.05162158	-8.8592017	Edmond
14.59160879	42.85622276	-9.7482442	Edmond
14.58134027	42.90512938	-9.7184493	Edmond
14.50814465	43.07185205	-4.911207	Edmond
14.64860951	42.73148039	-7.7645587	Edmond
14.59438301	42.98260359	-5.3859438	Edmond
14.55467275	43.02276783	-6.2156931	Edmond
14.53757204	43.07156174	-3.3280499	Edmond
14.60250709	42.80758631	-9.4203048	Edmond
14.66987915	42.76314602	-4.5002413	Edmond
