10.32113699	45.483	-4.9999998	Giudicarie
10.54651989	45.60320888	-8.9209604	Giudicarie
10.4547961	45.49840366	-5.5250027	Giudicarie
10.66489342	45.71906237	-9.5054678	Giudicarie
11.06744653	46.08251087	-5.0000002	Giudicarie
10.44342318	45.49329693	-5.2347932	Giudicarie
10.39921352	45.59865791	-13.7811819	Giudicarie
10.54895892	45.65537265	-11.3815558	Giudicarie
10.62611363	45.59912257	-5.5585261	Giudicarie
10.31413098	45.48726744	-5.4874993	Giudicarie
10.49024529	45.67591415	-14.7218494	Giudicarie
10.90678156	46.06347634	-11.6741776	Giudicarie
10.30056699	45.49552774	-6.4312493	Giudicarie
10.79543332	45.90159218	-10.7271074	Giudicarie
10.75900491	45.73783013	-5.9433633	Giudicarie
10.68912993	45.76639982	-10.2851563	Giudicarie
10.70323601	45.70631251	-7.3015613	Giudicarie
10.64692862	45.75240279	-11.7374943	Giudicarie
10.46130194	45.51102595	-6.1845718	Giudicarie
10.83932781	45.85184081	-6.7621096	Giudicarie
10.28647398	45.57242682	-14.6690266	Giudicarie
10.46193145	45.53156961	-7.5166018	Giudicarie
10.94108397	45.99882004	-7.5671873	Giudicarie
10.31984932	45.52986586	-10.178665	Giudicarie
10.28664216	45.50400544	-7.4	Giudicarie
10.6917642	45.75200806	-9.6253934	Giudicarie
10.84036073	46.06272165	-14.6781257	Giudicarie
10.95519267	45.94987334	-5.0003318	Giudicarie
10.90230757	45.96841172	-8.1386729	Giudicarie
10.92831801	46.14105289	-13.7484866	Giudicarie
10.81436677	45.8872134	-9.3124994	Giudicarie
10.67365729	45.72960286	-9.5914011	Giudicarie
10.65050767	45.67584121	-8.2292681	Giudicarie
10.27127821	45.51335658	-8.4687499	Giudicarie
10.63771627	45.71056265	-10.299219	Giudicarie
10.73977656	45.69932663	-5.4116321	Giudicarie
10.82017069	45.88661245	-9.0081171	Giudicarie
10.94374465	46.11068755	-11.895493	Giudicarie
10.78183953	45.88328441	-10.6195307	Giudicarie
10.94444065	46.11656018	-12.1012051	Giudicarie
10.60150638	45.77823612	-14.819363	Giudicarie
10.90642845	45.89403736	-4.9999998	Giudicarie
10.25941701	45.5205738	-9.2937491	Giudicarie
10.9261516	46.06789747	-10.9641487	Giudicarie
10.75593198	45.92268981	-13.3749736	Giudicarie
10.50720234	45.61137351	-10.8812238	Giudicarie
10.32802675	45.58521591	-14.9999998	Giudicarie
10.66979509	45.66651425	-6.9929626	Giudicarie
10.53210363	45.68116467	-13.3046292	Giudicarie
10.79199861	46.0091349	-14.7660154	Giudicarie
10.46596458	45.63646803	-13.7498901	Giudicarie
10.73912165	45.68892908	-4.9999993	Giudicarie
10.63535164	45.77250645	-13.0349558	Giudicarie
10.48973388	45.65189152	-13.5640667	Giudicarie
10.66896246	45.65063468	-6.3324995	Giudicarie
10.6390084	45.68340356	-9.0541693	Giudicarie
10.24584719	45.52882858	-10.2374995	Giudicarie
10.23470272	45.53560633	-11.0124996	Giudicarie
10.68990712	45.64806862	-5.3218748	Giudicarie
10.90540311	45.93690558	-6.7474609	Giudicarie
10.92073138	45.98193715	-7.8339856	Giudicarie
10.66805002	45.80578018	-12.741054	Giudicarie
10.64646871	45.75469206	-11.85	Giudicarie
10.5226911	45.52749491	-5.4299382	Giudicarie
10.52163103	45.52409658	-5.2625007	Giudicarie
10.68650509	45.81236708	-12.1363435	Giudicarie
10.67248215	45.6887479	-7.8515627	Giudicarie
10.63372784	45.66162141	-8.2788898	Giudicarie
10.22265833	45.54292963	-11.8499996	Giudicarie
10.80572086	45.92369975	-10.9076294	Giudicarie
10.93728037	46.13101112	-12.9613928	Giudicarie
10.91004711	46.03020931	-10.2179689	Giudicarie
10.99718496	46.00448925	-5.2273445	Giudicarie
10.21223101	45.54926835	-12.5749995	Giudicarie
10.90668994	45.90729048	-5.5138674	Giudicarie
10.96630495	45.97720548	-5.5660178	Giudicarie
10.29646774	45.53277914	-10.6874998	Giudicarie
10.61717219	45.58606355	-5.2734368	Giudicarie
10.72425266	45.78344696	-9.2761658	Giudicarie
11.00275804	46.03138212	-6.0405408	Giudicarie
10.55884298	45.69930198	-13.1074221	Giudicarie
10.89602745	46.00320554	-9.7979922	Giudicarie
10.62003664	45.64923159	-8.2298795	Giudicarie
10.83778697	45.94915774	-10.30586	Giudicarie
10.90377162	46.09674222	-13.1351826	Giudicarie
10.60765253	45.71293551	-11.6933591	Giudicarie
10.20000473	45.55669891	-13.4250005	Giudicarie
10.5543998	45.58919568	-7.9214365	Giudicarie
10.70956162	45.91117665	-14.9999993	Giudicarie
10.73983881	45.90086417	-13.2203123	Giudicarie
10.83679148	46.02178615	-13.2336653	Giudicarie
10.26073099	45.5559191	-13.3250273	Giudicarie
11.01658425	46.08069496	-7.3703145	Giudicarie
10.61906114	45.79468062	-14.6250002	Giudicarie
10.69856322	45.78839686	-10.6623693	Giudicarie
10.64879168	45.65377048	-7.2945442	Giudicarie
10.60867158	45.65451004	-8.9414061	Giudicarie
10.18552944	45.56549395	-14.4312498	Giudicarie
10.68287233	45.88108634	-14.9997615	Giudicarie
10.9909425	46.04520657	-7.1300857	Giudicarie
10.17734707	45.57046436	-14.9999998	Giudicarie
10.82632079	45.8799512	-8.4813513	Giudicarie
10.88295149	45.8961307	-6.149989	Giudicarie
10.89709336	45.92209958	-6.5374995	Giudicarie
10.71757672	45.83095941	-11.4464843	Giudicarie
10.91889181	45.94440823	-6.4324219	Giudicarie
10.95743272	46.01148614	-7.3179661	Giudicarie
10.53995619	45.7227626	-14.9999998	Giudicarie
10.31861696	45.58132317	-14.9999998	Giudicarie
10.65050786	45.83216112	-14.5575608	Giudicarie
10.87125839	45.94347607	-8.5595706	Giudicarie
10.3679593	45.51621002	-8.3544413	Giudicarie
10.60061494	45.76965152	-14.4804324	Giudicarie
10.89494228	46.03578525	-11.126954	Giudicarie
10.70459559	45.71933047	-7.8063025	Giudicarie
10.36866802	45.55087339	-11.5187513	Giudicarie
10.91070079	45.99840367	-8.93887	Giudicarie
10.78568651	45.95518616	-12.912511	Giudicarie
10.7003525	45.67437367	-6.025781	Giudicarie
10.33745212	45.5496127	-11.8690718	Giudicarie
10.89763577	45.89346635	-5.3769548	Giudicarie
10.44799292	45.64739836	-14.9999998	Giudicarie
10.64125474	45.83264062	-14.9995764	Giudicarie
10.79454362	45.8911753	-10.3652344	Giudicarie
10.76302231	45.96893015	-14.4874841	Giudicarie
10.35825302	45.50477218	-7.3402334	Giudicarie
10.58070859	45.55356594	-5.0000002	Giudicarie
10.51356122	45.70083427	-14.9999958	Giudicarie
10.83242457	45.80037102	-4.9990647	Giudicarie
10.65668955	45.6912087	-8.637105	Giudicarie
10.74535595	45.9570577	-14.9999905	Giudicarie
10.74034562	45.93484192	-14.5503987	Giudicarie
10.74548079	45.70593943	-5.3895022	Giudicarie
10.27001639	45.52164201	-9.4154781	Giudicarie
10.83269583	45.81475016	-5.5664163	Giudicarie
10.74883826	45.75760025	-7.1570161	Giudicarie
10.83921177	45.90282772	-8.5621277	Giudicarie
10.62787127	45.58915503	-4.9999871	Giudicarie
10.87213897	45.84479983	-5.0000002	Giudicarie
10.93383212	45.94001015	-5.5791038	Giudicarie
10.83392565	46.01215135	-12.9812266	Giudicarie
10.50129747	45.52860672	-6.159374	Giudicarie
10.56217649	45.54290567	-5.0000002	Giudicarie
10.88056056	45.8559997	-4.9999812	Giudicarie
10.70491091	45.8235728	-11.7351552	Giudicarie
10.62459265	45.71539749	-11.0742186	Giudicarie
10.85037447	46.08255684	-14.9999998	Giudicarie
10.3175418	45.55711083	-12.8398018	Giudicarie
10.61027036	45.59543697	-6.007228	Giudicarie
11.00982816	46.11258692	-8.8312512	Giudicarie
10.28288188	45.56504648	-13.986261	Giudicarie
10.76188058	45.81574627	-8.8251874	Giudicarie
10.25552588	45.52996354	-10.3668457	Giudicarie
10.6011708	45.78222047	-14.9999998	Giudicarie
10.55219794	45.58396838	-7.7500127	Giudicarie
10.80967555	46.01219704	-14.084573	Giudicarie
10.98219982	46.03357051	-7.0552004	Giudicarie
10.33994793	45.57013917	-13.65625	Giudicarie
10.51542232	45.69353025	-14.5722468	Giudicarie
10.72310582	45.89772782	-13.8478496	Giudicarie
10.93914266	45.95988919	-6.1270447	Giudicarie
10.72008771	45.7208598	-7.136363	Giudicarie
10.30943799	45.52629051	-9.9374997	Giudicarie
10.76983247	45.94408811	-13.3583301	Giudicarie
10.98849929	46.12352217	-10.2423332	Giudicarie
10.24042102	45.5368628	-11.1558594	Giudicarie
11.04086719	46.05909907	-5.4375447	Giudicarie
10.8593602	46.0929992	-15.0000515	Giudicarie
10.8651016	45.97051943	-9.9125011	Giudicarie
10.59281693	45.69540005	-11.5549836	Giudicarie
10.4036441	45.53136736	-9.2249997	Giudicarie
10.84543494	45.87238337	-7.2868699	Giudicarie
10.71889093	45.80241124	-10.2658901	Giudicarie
10.6789945	45.81009517	-12.3900137	Giudicarie
10.23190058	45.54811936	-12.442635	Giudicarie
10.52799669	45.61428591	-10.1999206	Giudicarie
10.85794048	45.88339409	-7.004845	Giudicarie
10.87735479	45.85089601	-4.9999998	Giudicarie
11.05296409	46.09636234	-6.1875007	Giudicarie
10.38039761	45.48307249	-4.9999998	Giudicarie
11.05440879	46.08264107	-5.6288083	Giudicarie
10.97594827	46.02415896	-6.9703879	Giudicarie
10.94047171	46.15686705	-13.7306646	Giudicarie
10.87778596	45.97856047	-9.6554759	Giudicarie
10.46233741	45.49380513	-4.9999998	Giudicarie
10.64185934	45.82636918	-14.7357317	Giudicarie
10.69413018	45.72649437	-8.564272	Giudicarie
10.71631373	45.71294458	-7.0190498	Giudicarie
10.75646933	45.71985119	-5.3922839	Giudicarie
10.81010137	45.78996155	-5.6097683	Giudicarie
10.42104245	45.53257236	-8.7902338	Giudicarie
10.9855675	46.09263791	-9.2812924	Giudicarie
10.61277773	45.7620745	-13.6265571	Giudicarie
10.94067928	45.97516972	-6.656833	Giudicarie
10.93978461	46.06833123	-10.3675828	Giudicarie
10.54784106	45.53465681	-4.9999963	Giudicarie
10.88913945	46.11493324	-14.5273489	Giudicarie
10.66381119	45.81644719	-13.3371646	Giudicarie
10.32962628	45.57462794	-14.2343762	Giudicarie
10.71309239	45.87079758	-13.2152976	Giudicarie
10.93985156	45.98719241	-7.1667969	Giudicarie
10.18119066	45.57046644	-14.9999983	Giudicarie
10.34001416	45.58284773	-14.4900388	Giudicarie
10.33336788	45.49041322	-5.8466306	Giudicarie
10.38704502	45.48780515	-5.3925764	Giudicarie
10.5097574	45.66446302	-13.3852065	Giudicarie
10.88068727	45.91914089	-7.165625	Giudicarie
10.54915157	45.67598208	-12.3695146	Giudicarie
10.44351322	45.55449056	-9.5677737	Giudicarie
10.31255304	45.49314249	-6.1585935	Giudicarie
10.92420639	46.10306529	-12.4687532	Giudicarie
11.00547951	46.12514727	-9.4875013	Giudicarie
10.40672319	45.58592564	-12.7218755	Giudicarie
10.25835496	45.5427252	-11.8250685	Giudicarie
10.69442441	45.88591017	-14.6636292	Giudicarie
10.57121335	45.71304954	-13.2631138	Giudicarie
10.35036734	45.5355418	-10.4124327	Giudicarie
10.29585262	45.55955595	-13.3179905	Giudicarie
11.00405926	46.01446855	-5.3051101	Giudicarie
10.42345823	45.63329084	-15.0000002	Giudicarie
10.77855031	45.86578385	-10.0625002	Giudicarie
10.52170838	45.60254098	-9.8718272	Giudicarie
10.9554135	46.0616641	-9.394537	Giudicarie
10.79014797	45.84354097	-8.6438165	Giudicarie
10.43732736	45.57876583	-11.3276262	Giudicarie
10.75959275	45.85779599	-10.594848	Giudicarie
10.74229077	45.91349153	-13.6187532	Giudicarie
10.84824582	45.86662522	-6.9561965	Giudicarie
10.87052823	45.85307727	-5.4062502	Giudicarie
10.50027047	45.63234671	-12.1870925	Giudicarie
10.86476434	46.02634625	-12.1347668	Giudicarie
11.02054686	46.06732365	-6.6870039	Giudicarie
10.52540136	45.52179726	-4.9999998	Giudicarie
10.46708265	45.55734252	-9.0593688	Giudicarie
10.56215033	45.54919072	-5.370116	Giudicarie
10.38770057	45.54107684	-10.3343761	Giudicarie
10.80286206	45.89420156	-10.1125305	Giudicarie
10.80645502	45.89398785	-9.931263	Giudicarie
10.31097368	45.57142232	-14.223386	Giudicarie
10.77408339	45.78598042	-7.0990193	Giudicarie
10.37821017	45.48300013	-4.9999998	Giudicarie
10.48259731	45.60228238	-11.1785151	Giudicarie
10.65668089	45.78671593	-12.5639788	Giudicarie
10.90869827	46.11371894	-13.5968728	Giudicarie
10.84928429	46.00448472	-11.97934	Giudicarie
10.80301744	45.88337224	-9.6689434	Giudicarie
10.8864021	45.90576194	-6.3751982	Giudicarie
10.5042308	45.51966868	-5.4850569	Giudicarie
10.34627381	45.49732866	-6.6365242	Giudicarie
10.59296576	45.64155672	-8.9463256	Giudicarie
11.02490891	46.06878149	-6.5468499	Giudicarie
10.72910327	45.69203172	-5.565802	Giudicarie
10.7281665	45.67820299	-5.0000002	Giudicarie
10.76097719	45.97950871	-14.9999998	Giudicarie
10.85656873	46.07465481	-14.4066458	Giudicarie
10.68875653	45.63959065	-4.9999998	Giudicarie
10.29179025	45.52658974	-9.9802411	Giudicarie
10.80178272	45.77679057	-5.4726531	Giudicarie
10.54654529	45.57768714	-7.5718765	Giudicarie
10.76133454	45.79029202	-7.8507771	Giudicarie
10.41984382	45.50791286	-6.8978843	Giudicarie
10.98686821	46.01093689	-5.9520269	Giudicarie
10.72315092	45.70602185	-6.4343354	Giudicarie
10.91501413	46.08430679	-12.1274473	Giudicarie
10.85396681	45.90902829	-8.0155037	Giudicarie
10.49059498	45.58251136	-9.7463896	Giudicarie
11.01717244	46.11806162	-8.6750004	Giudicarie
10.47363826	45.66813352	-15.0000066	Giudicarie
10.53423908	45.58468216	-8.3988298	Giudicarie
10.4848783	45.6410104	-13.2233921	Giudicarie
10.98925782	46.0995704	-9.351752	Giudicarie
10.25073066	45.55807594	-13.581127	Giudicarie
10.77057873	45.83697811	-9.2614589	Giudicarie
10.79791625	45.94776719	-12.0625161	Giudicarie
10.61259793	45.77326954	-14.1250359	Giudicarie
10.75236998	45.96822207	-14.9997693	Giudicarie
10.60944098	45.7771971	-14.4250012	Giudicarie
10.4259877	45.48787409	-4.9999998	Giudicarie
10.87351999	45.8566158	-5.3745149	Giudicarie
10.85893868	45.86012504	-6.2124946	Giudicarie
10.87710572	46.07435695	-13.4570266	Giudicarie
10.57315561	45.75462161	-14.9999993	Giudicarie
10.4581514	45.49814952	-5.4312498	Giudicarie
10.36827308	45.60329246	-14.9999978	Giudicarie
10.40857773	45.61051214	-14.1644543	Giudicarie
10.4418155	45.51722976	-7.1679688	Giudicarie
10.61786132	45.80323629	-14.9999998	Giudicarie
10.86183466	45.84792523	-5.5902292	Giudicarie
10.48381022	45.63115504	-12.7830779	Giudicarie
10.50560608	45.53386756	-6.3781519	Giudicarie
10.45676338	45.64540798	-14.5564734	Giudicarie
10.83509743	45.88652745	-8.2536754	Giudicarie
10.71367195	45.76217033	-8.9765874	Giudicarie
10.96973906	46.09232668	-9.9840995	Giudicarie
10.70383721	45.77206815	-9.8066386	Giudicarie
10.81452014	45.93197847	-10.7263575	Giudicarie
10.60880712	45.61698476	-7.1222952	Giudicarie
10.70619718	45.73507277	-8.3174486	Giudicarie
10.48784162	45.67963799	-14.9999421	Giudicarie
10.19040613	45.56716087	-14.621532	Giudicarie
10.46502247	45.61258641	-12.3781248	Giudicarie
10.83287932	45.87793483	-8.0938973	Giudicarie
10.66679375	45.74370326	-10.4880759	Giudicarie
10.27101748	45.5707886	-14.6679373	Giudicarie
10.47064783	45.65612441	-14.5297991	Giudicarie
10.49635387	45.5964219	-10.3691405	Giudicarie
10.59505959	45.56256074	-5.0004944	Giudicarie
10.70418787	45.6625622	-5.3437498	Giudicarie
10.87796882	45.95389074	-8.6679694	Giudicarie
10.61164237	45.57600602	-4.9999216	Giudicarie
10.90488393	46.13566705	-14.6534197	Giudicarie
10.53042905	45.52463214	-5.0004094	Giudicarie
10.90029913	46.13914677	-15.0004617	Giudicarie
11.05914078	46.07136458	-4.9999993	Giudicarie
10.67525581	45.64418684	-5.7691106	Giudicarie
10.83185558	45.95844797	-10.9439459	Giudicarie
10.82245732	45.82733333	-6.5348135	Giudicarie
10.82354923	45.79007826	-5.0000076	Giudicarie
10.63749888	45.60646187	-5.4628435	Giudicarie
10.36608812	45.52597055	-9.318665	Giudicarie
10.60604396	45.78835771	-14.9999998	Giudicarie
10.48261972	45.5637149	-8.9117205	Giudicarie
10.41341706	45.49553747	-5.8749182	Giudicarie
10.89659266	45.88151313	-4.9999045	Giudicarie
10.38597464	45.61172357	-15.0000759	Giudicarie
10.4232047	45.4906439	-5.296741	Giudicarie
10.96368913	45.95974989	-4.9999915	Giudicarie
10.56455621	45.65969227	-10.9637215	Giudicarie
10.78426852	45.7578567	-5.5296257	Giudicarie
10.94113485	46.01231357	-8.094922	Giudicarie
10.56546237	45.6201493	-8.9989952	Giudicarie
10.3251603	45.51672012	-8.8437496	Giudicarie
10.43001333	45.48846248	-5.0007605	Giudicarie
10.85043911	46.02843181	-12.8710825	Giudicarie
10.92079529	46.01468039	-9.1169919	Giudicarie
10.87063302	46.06301589	-13.3070313	Giudicarie
10.67866951	45.64789538	-5.7975496	Giudicarie
10.68823032	45.70804854	-8.0214845	Giudicarie
10.79873817	46.00032322	-14.1101565	Giudicarie
10.8123015	46.02588362	-14.5085583	Giudicarie
10.9643882	46.05089526	-8.5561914	Giudicarie
10.73727653	45.92606812	-14.3515662	Giudicarie
10.57702221	45.7076155	-12.7750002	Giudicarie
10.19766337	45.5704749	-15.0000007	Giudicarie
10.27682216	45.57480854	-14.9999636	Giudicarie
10.47289417	45.63731806	-13.5191675	Giudicarie
10.72857153	45.70682052	-6.2160718	Giudicarie
10.61707534	45.62196358	-7.0312808	Giudicarie
10.71889378	45.86324025	-12.6538052	Giudicarie
10.8112226	45.77573715	-5.0000056	Giudicarie
10.90324758	46.14249506	-14.9999998	Giudicarie
10.73435793	45.76893602	-8.2584791	Giudicarie
10.41945861	45.59970755	-13.1617212	Giudicarie
11.0370487	46.05728021	-5.5385627	Giudicarie
10.68087604	45.65612819	-6.0625552	Giudicarie
10.56615947	45.60216369	-8.0894321	Giudicarie
10.66118003	45.61658718	-4.9999998	Giudicarie
10.86999171	46.0158351	-11.4831912	Giudicarie
10.67323096	45.81916075	-13.0091282	Giudicarie
10.58129876	45.61695509	-8.2132338	Giudicarie
10.24495678	45.56551098	-14.4217742	Giudicarie
10.27075395	45.53183457	-10.5801736	Giudicarie
10.95112352	46.14520633	-12.8048738	Giudicarie
10.47599854	45.62281272	-12.6082014	Giudicarie
10.41597998	45.62411748	-14.7136716	Giudicarie
10.95472126	46.0943861	-10.7437032	Giudicarie
10.35653894	45.5582552	-12.3625005	Giudicarie
10.5320378	45.66954058	-12.7457651	Giudicarie
10.4192713	45.52184752	-8.1374991	Giudicarie
10.62248239	45.67995727	-9.6125391	Giudicarie
10.95842372	46.02354347	-7.7465144	Giudicarie
10.51621838	45.61034576	-10.4753731	Giudicarie
10.36069855	45.49367129	-6.2187622	Giudicarie
10.70127562	45.87842635	-14.0546396	Giudicarie
10.898855	45.95282685	-7.6768535	Giudicarie
10.62202808	45.60907178	-6.2091714	Giudicarie
10.73397446	45.83934694	-11.0268002	Giudicarie
10.22237236	45.57048597	-14.9999934	Giudicarie
10.58220545	45.72099012	-13.1382273	Giudicarie
10.79554541	46.01908966	-15.0000037	Giudicarie
10.3542273	45.53120651	-9.9564282	Giudicarie
10.7144947	45.66481258	-4.9999993	Giudicarie
10.64857617	45.61693154	-5.5228479	Giudicarie
10.50240335	45.69156011	-15.00003	Giudicarie
10.56104936	45.64587805	-10.436519	Giudicarie
10.63883885	45.59804275	-5.0003464	Giudicarie
10.49568043	45.50845083	-4.9999998	Giudicarie
10.93877123	46.0971899	-11.5755304	Giudicarie
10.64530643	45.63745869	-6.6460969	Giudicarie
10.97809903	45.99210092	-5.6123508	Giudicarie
11.07004699	46.08600001	-4.9999998	Giudicarie
10.92282339	46.16877166	-15.0000002	Giudicarie
10.68632264	45.77826046	-10.8588195	Giudicarie
10.85180082	45.85958992	-6.5125007	Giudicarie
10.39516826	45.53473891	-9.6749999	Giudicarie
10.92391418	45.92295413	-5.3527336	Giudicarie
10.53839083	45.65773893	-11.9184796	Giudicarie
10.34612487	45.59334626	-14.9999998	Giudicarie
10.63314362	45.62346147	-6.4582058	Giudicarie
10.68520346	45.72912201	-9.075075	Giudicarie
10.39280916	45.55237976	-10.9266111	Giudicarie
10.54061362	45.59102625	-8.5562278	Giudicarie
10.69781466	45.85132907	-13.1490171	Giudicarie
10.89427343	45.88924905	-5.3625061	Giudicarie
11.00588672	46.0964468	-8.4442334	Giudicarie
10.72703238	45.82044751	-10.6018074	Giudicarie
10.44172606	45.64379555	-14.9999998	Giudicarie
10.59131966	45.73846544	-13.5126951	Giudicarie
10.40445411	45.59746786	-13.5374961	Giudicarie
10.34603763	45.52299123	-9.2399977	Giudicarie
10.95691878	45.99255821	-6.5978521	Giudicarie
10.86548898	46.00545262	-11.2814033	Giudicarie
10.58780488	45.56822903	-5.5662795	Giudicarie
10.87831717	46.00069979	-10.5091049	Giudicarie
10.96097666	46.12791466	-11.7165017	Giudicarie
10.77498431	45.96167691	-13.6562239	Giudicarie
10.62801501	45.75003398	-12.4451445	Giudicarie
10.28333164	45.57552028	-15.0007185	Giudicarie
10.74841595	45.79761536	-8.7285126	Giudicarie
10.75874065	45.84552106	-10.1384444	Giudicarie
10.40211981	45.57036582	-11.8343752	Giudicarie
10.72723167	45.79315684	-9.5215273	Giudicarie
10.47287727	45.54435452	-8.034084	Giudicarie
10.65738476	45.85143133	-15.0000002	Giudicarie
10.54811184	45.72150171	-14.6121873	Giudicarie
10.79278719	45.82286346	-7.6924646	Giudicarie
10.81273205	45.96053572	-11.8957032	Giudicarie
10.39408482	45.49784207	-6.2976216	Giudicarie
10.91369619	46.12431387	-13.7983765	Giudicarie
10.77703037	45.79811083	-7.440625	Giudicarie
10.95863753	46.04503757	-8.581218	Giudicarie
10.60357307	45.68445828	-10.5938716	Giudicarie
10.87198821	45.90279298	-6.912491	Giudicarie
10.5858943	45.66736344	-10.4773437	Giudicarie
10.46044063	45.52048485	-6.8318354	Giudicarie
10.56620495	45.57543207	-6.7749741	Giudicarie
10.57142957	45.57592986	-6.5943809	Giudicarie
10.69819171	45.8364804	-12.5488284	Giudicarie
10.80897853	45.97410891	-12.6047363	Giudicarie
11.03290731	46.07468969	-6.374614	Giudicarie
10.51881115	45.5894786	-9.2021091	Giudicarie
10.62337255	45.76873113	-13.4562861	Giudicarie
10.49450131	45.6669207	-14.1117493	Giudicarie
10.9111341	46.15308336	-14.9999998	Giudicarie
10.96968985	46.10201148	-10.3757634	Giudicarie
10.63317987	45.64113058	-7.3105459	Giudicarie
10.88524449	45.98770318	-9.6798948	Giudicarie
10.76705715	45.89218236	-11.6441407	Giudicarie
10.3332134	45.51041211	-8.131252	Giudicarie
10.29663273	45.56823439	-14.1500007	Giudicarie
10.76541512	45.74827508	-6.0319851	Giudicarie
10.74258022	45.78303233	-8.422792	Giudicarie
10.94882248	45.94257657	-5.0000002	Giudicarie
10.85016176	45.98231514	-11.0593752	Giudicarie
11.0218009	46.03869101	-5.4765588	Giudicarie
10.92605936	46.13025812	-13.4726948	Giudicarie
10.54388926	45.64688456	-11.1672804	Giudicarie
10.45011304	45.54534578	-8.7714841	Giudicarie
10.87217688	45.88430498	-6.3172151	Giudicarie
10.38115527	45.54327168	-10.6499995	Giudicarie
10.62845948	45.6753016	-9.1512065	Giudicarie
10.71113742	45.7916254	-10.1961858	Giudicarie
10.78937786	45.90238952	-11.0499724	Giudicarie
10.29728468	45.54700109	-12.0799834	Giudicarie
10.76103215	45.75808416	-6.6027549	Giudicarie
10.74947069	45.88307552	-12.0695303	Giudicarie
10.85938113	45.83053804	-5.0000002	Giudicarie
10.79496045	45.80428778	-6.8640896	Giudicarie
10.5045077	45.64383848	-12.582229	Giudicarie
10.78317238	45.9081252	-11.5499856	Giudicarie
10.57795493	45.69489582	-12.1269175	Giudicarie
10.88266521	46.02813108	-11.3871094	Giudicarie
10.83300591	46.04884159	-14.4689338	Giudicarie
10.38969658	45.50878626	-7.4090049	Giudicarie
10.64791443	45.66517132	-7.8737234	Giudicarie
10.78183765	46.00339924	-14.9999998	Giudicarie
10.66124243	45.64470241	-6.3562581	Giudicarie
10.57346271	45.67385279	-11.290236	Giudicarie
10.64625373	45.7259131	-10.6054738	Giudicarie
10.94845834	45.94994267	-5.309738	Giudicarie
10.80012135	45.82841557	-7.5849888	Giudicarie
10.87564044	46.03736071	-12.0705081	Giudicarie
10.58161434	45.65336649	-9.972873	Giudicarie
10.92282657	46.12789282	-13.5314202	Giudicarie
10.26026075	45.57305953	-15.0000081	Giudicarie
10.74088161	45.71779571	-6.0468708	Giudicarie
10.97551565	46.13857481	-11.4007814	Giudicarie
10.20891243	45.55553777	-13.2917969	Giudicarie
10.77332093	45.99364729	-14.9999998	Giudicarie
10.77462326	45.74097331	-5.3280076	Giudicarie
10.41621817	45.48684574	-4.9999998	Giudicarie
10.53735284	45.53471258	-5.3577966	Giudicarie
10.8969006	46.04901187	-11.5571277	Giudicarie
10.36488779	45.53250862	-9.9242223	Giudicarie
10.38423358	45.56763326	-12.1830076	Giudicarie
10.73703501	45.8877731	-12.8191438	Giudicarie
10.74633222	45.86852663	-11.6248323	Giudicarie
11.00373122	46.07393434	-7.7111382	Giudicarie
10.80291592	45.8677616	-9.0443359	Giudicarie
10.83948383	45.80828381	-5.0000383	Giudicarie
10.32062616	45.58189052	-14.9999998	Giudicarie
10.99108677	46.13386666	-10.4874996	Giudicarie
10.73619885	45.7740686	-8.3633741	Giudicarie
10.29487986	45.56617845	-13.9739668	Giudicarie
11.0061073	46.02157111	-5.4943259	Giudicarie
10.75564683	45.97340161	-14.9999998	Giudicarie
10.48545784	45.50931955	-5.3589846	Giudicarie
10.86357518	45.86190276	-6.0422896	Giudicarie
10.67299009	45.75311122	-10.547041	Giudicarie
10.36708333	45.55362794	-11.7687507	Giudicarie
10.80984967	45.99223202	-13.2842771	Giudicarie
10.7847319	45.97784643	-13.8546873	Giudicarie
10.40665287	45.49296762	-5.6941335	Giudicarie
10.62724761	45.7643664	-13.1062471	Giudicarie
10.354954	45.56100945	-12.6124998	Giudicarie
10.32834803	45.50395344	-7.3934084	Giudicarie
10.92930422	46.02907073	-9.2936475	Giudicarie
10.45641321	45.56483652	-9.8638923	Giudicarie
10.57752196	45.63286749	-9.144314	Giudicarie
10.23445235	45.5704906	-14.9999998	Giudicarie
10.34811104	45.51251115	-8.1980422	Giudicarie
10.97097912	46.14604394	-11.8843744	Giudicarie
10.66850356	45.83892588	-14.0011897	Giudicarie
10.75614039	45.70890844	-5.0000017	Giudicarie
10.60001334	45.78091482	-14.9999998	Giudicarie
10.30333665	45.50272527	-7.253417	Giudicarie
10.91532591	46.1339393	-14.1141843	Giudicarie
10.79656115	45.75867242	-5.0000105	Giudicarie
11.00686134	46.00994937	-5.0000208	Giudicarie
10.86839359	45.99029741	-10.5480366	Giudicarie
10.33674417	45.53039089	-10.0561784	Giudicarie
10.42604136	45.58934332	-12.3310906	Giudicarie
10.91141054	46.07284733	-11.830824	Giudicarie
10.37132728	45.48859925	-5.6312854	Giudicarie
10.93167783	45.95026306	-6.0839644	Giudicarie
10.88357415	45.9316138	-7.5292971	Giudicarie
10.92418479	46.0398641	-9.9515626	Giudicarie
10.75414221	45.90116182	-12.5878906	Giudicarie
10.44086783	45.50868643	-6.6343767	Giudicarie
10.63939912	45.69524243	-9.5558579	Giudicarie
10.68682683	45.66851504	-6.3496094	Giudicarie
10.79540303	45.95780711	-12.5749026	Giudicarie
10.68710255	45.87702325	-14.6471648	Giudicarie
10.45419407	45.64362756	-14.5688025	Giudicarie
10.74842515	45.76789774	-7.5613481	Giudicarie
10.62718344	45.72651196	-11.45	Giudicarie
10.46167677	45.59146584	-11.2500999	Giudicarie
10.74082543	45.93185515	-14.425054	Giudicarie
10.77785007	45.90186185	-11.5480477	Giudicarie
10.44016113	45.50732573	-6.5437493	Giudicarie
10.98215771	45.98123302	-4.9999998	Giudicarie
10.85922626	45.91054628	-7.7999763	Giudicarie
10.67384826	45.6271151	-4.9999973	Giudicarie
10.78447248	45.74456411	-4.9999998	Giudicarie
10.39168618	45.51037819	-7.5374983	Giudicarie
10.26493181	45.56198404	-13.872665	Giudicarie
10.7446622	45.74405026	-6.847855	Giudicarie
10.32556921	45.57888461	-14.6562498	Giudicarie
10.97496608	46.04290983	-7.757741	Giudicarie
10.89513463	45.97953821	-8.9062941	Giudicarie
11.01910745	46.02384392	-5.0000071	Giudicarie
10.31104349	45.51380638	-8.5192908	Giudicarie
10.41461624	45.55227277	-10.2753902	Giudicarie
10.55811007	45.71258108	-13.7792036	Giudicarie
10.7406359	45.80680008	-9.4445256	Giudicarie
10.82076651	45.8636271	-8.0734373	Giudicarie
10.53595393	45.63168384	-10.7369132	Giudicarie
10.40998803	45.52571228	-8.6437496	Giudicarie
10.45257035	45.56306207	-9.8640637	Giudicarie
10.66325044	45.82779397	-13.8043188	Giudicarie
10.76706637	45.87538446	-10.9667897	Giudicarie
10.66112387	45.8488169	-14.7265876	Giudicarie
10.81091499	45.90273208	-9.9831674	Giudicarie
10.93943907	45.93183849	-5.0000002	Giudicarie
10.35632966	45.49773798	-6.6750002	Giudicarie
11.04226363	46.10285133	-6.9312507	Giudicarie
10.37948365	45.53856272	-10.2515631	Giudicarie
10.6013313	45.69181201	-11.0388252	Giudicarie
10.49753415	45.55522579	-7.9086743	Giudicarie
10.43501915	45.56938681	-10.798334	Giudicarie
10.4417709	45.59891505	-12.3606921	Giudicarie
11.03048308	46.10999365	-7.7499993	Giudicarie
10.48672685	45.54877299	-7.8956094	Giudicarie
11.0218539	46.10167761	-7.8664058	Giudicarie
10.44817863	45.49146764	-4.9999797	Giudicarie
10.95509768	46.15565834	-12.9875	Giudicarie
10.74996313	45.83571093	-10.1536343	Giudicarie
10.74984013	45.94176265	-14.290803	Giudicarie
10.74376005	45.69346952	-4.9999998	Giudicarie
10.9482955	46.11954238	-12.0249209	Giudicarie
10.46494894	45.56255941	-9.4416816	Giudicarie
10.71633717	45.88175615	-13.5093162	Giudicarie
10.63749504	45.82794328	-14.9999744	Giudicarie
10.57339377	45.74519023	-14.5765623	Giudicarie
11.06456275	46.0893271	-5.3812498	Giudicarie
10.3988483	45.52020901	-8.3145591	Giudicarie
10.55899304	45.63549854	-10.0088709	Giudicarie
10.44415023	45.63936846	-14.6578064	Giudicarie
10.59199684	45.60158803	-7.0347668	Giudicarie
10.95655603	45.96449609	-5.5123318	Giudicarie
10.69765117	45.89785623	-15.0000339	Giudicarie
10.78813306	45.74886078	-4.9998401	Giudicarie
10.49584109	45.68611868	-15.0004412	Giudicarie
10.45986067	45.55654141	-9.219921	Giudicarie
10.41384547	45.51650839	-7.7593765	Giudicarie
10.85551227	45.83543986	-5.3718757	Giudicarie
10.70839349	45.78324603	-10.0087429	Giudicarie
10.77778918	45.73615632	-4.9999958	Giudicarie
10.3518687	45.48300137	-4.9999998	Giudicarie
10.68037125	45.83069623	-13.1359341	Giudicarie
10.42498566	45.51657459	-7.6	Giudicarie
10.93088125	46.1197714	-12.8411484	Giudicarie
10.79659158	45.98500896	-13.5999998	Giudicarie
10.50527733	45.60578729	-10.6179716	Giudicarie
10.95070379	46.0377222	-8.6562585	Giudicarie
11.04641781	46.0681455	-5.4943352	Giudicarie
10.86612516	45.9153831	-7.6783235	Giudicarie
10.90890799	45.9780442	-8.2213079	Giudicarie
10.4074591	45.53831035	-9.5687494	Giudicarie
10.88136626	45.87233208	-5.4759978	Giudicarie
10.38114379	45.60072273	-14.4507795	Giudicarie
10.61324809	45.63283167	-7.7100784	Giudicarie
11.01697798	46.02764834	-5.2492288	Giudicarie
10.76721223	45.95642281	-13.8798328	Giudicarie
10.60983916	45.75121182	-13.2765618	Giudicarie
10.78876975	45.91951428	-11.628265	Giudicarie
10.80680201	45.81556659	-6.7661631	Giudicarie
10.68471594	45.84132591	-13.3546875	Giudicarie
10.87451594	46.10138735	-14.6401184	Giudicarie
10.88866	46.12613154	-14.9999246	Giudicarie
10.72054061	45.68008658	-5.4097654	Giudicarie
10.82195288	45.89652947	-9.2314902	Giudicarie
10.34560932	45.50286297	-7.2687493	Giudicarie
10.37874797	45.51867174	-8.4751746	Giudicarie
10.39317278	45.60696796	-14.4779612	Giudicarie
10.52932647	45.71393332	-15.0000027	Giudicarie
10.73026436	45.75621507	-7.9764741	Giudicarie
10.75951902	45.92982521	-13.4263127	Giudicarie
11.04217033	46.04965176	-5.0000842	Giudicarie
10.77233019	45.75452542	-5.9435964	Giudicarie
10.61939813	45.66726151	-9.1269366	Giudicarie
10.8136576	45.80333809	-5.9726902	Giudicarie
10.70370757	45.7178604	-7.7875674	Giudicarie
10.61674526	45.78130395	-14.2353474	Giudicarie
10.89255127	46.01884278	-10.5707056	Giudicarie
10.76810289	45.91806115	-12.6230833	Giudicarie
10.5917016	45.55988766	-4.9999998	Giudicarie
10.74575689	45.84911102	-10.8714327	Giudicarie
10.58162356	45.55829365	-5.2468767	Giudicarie
10.38690298	45.60614608	-14.6375115	Giudicarie
10.97765103	46.11125622	-10.324164	Giudicarie
10.68380034	45.86065247	-14.155262	Giudicarie
10.41987236	45.57919232	-11.8906248	Giudicarie
10.59510029	45.57869489	-5.7890422	Giudicarie
10.44672424	45.61584035	-13.1878892	Giudicarie
10.49252476	45.62422622	-12.0971521	Giudicarie
11.04715975	46.05528031	-4.9999998	Giudicarie
10.73257407	45.85671146	-11.7723431	Giudicarie
10.84317279	45.82487925	-5.502343	Giudicarie
10.3959366	45.59427723	-13.5898396	Giudicarie
10.65741441	45.7500453	-11.1642667	Giudicarie
10.28625531	45.54039666	-11.55	Giudicarie
10.27301896	45.54013348	-11.5284797	Giudicarie
10.6368535	45.67120883	-8.6124612	Giudicarie
10.92536676	45.99916206	-8.2986346	Giudicarie
10.56287237	45.71520267	-13.7135232	Giudicarie
10.52934208	45.60158876	-9.5244583	Giudicarie
10.37275598	45.50028435	-6.7542334	Giudicarie
10.26266132	45.5516922	-12.8510759	Giudicarie
10.24315665	45.57125251	-15.0000002	Giudicarie
10.33123223	45.56775975	-13.5929387	Giudicarie
10.38527415	45.58584384	-13.3500007	Giudicarie
10.84844774	45.81831136	-4.9999993	Giudicarie
10.92611905	46.17319362	-14.9999998	Giudicarie
10.21285401	45.56525423	-14.402344	Giudicarie
10.96508906	46.00272979	-6.6242163	Giudicarie
10.3381487	45.54297842	-11.2625005	Giudicarie
10.84822047	45.89459764	-7.8484675	Giudicarie
10.51105939	45.53471231	-6.2473091	Giudicarie
10.4316938	45.57889312	-11.5219531	Giudicarie
10.51560566	45.62699953	-11.3155326	Giudicarie
10.71108992	45.68960583	-6.2324226	Giudicarie
10.91516082	46.14254977	-14.4316399	Giudicarie
10.8268027	45.80363334	-5.3839436	Giudicarie
10.72635651	45.9299512	-14.9999915	Giudicarie
10.65336238	45.70596058	-9.4261717	Giudicarie
10.52456588	45.66259553	-12.7059465	Giudicarie
10.93313934	46.16894652	-14.5124993	Giudicarie
11.01212461	46.01602641	-4.9997498	Giudicarie
10.51457153	45.55614278	-7.3866948	Giudicarie
10.60323802	45.61006499	-7.0039014	Giudicarie
10.45907701	45.65633586	-14.9999705	Giudicarie
10.32234353	45.51703028	-8.8875006	Giudicarie
10.8265742	45.92428149	-9.8764097	Giudicarie
10.55190461	45.66357375	-11.6593735	Giudicarie
10.65122322	45.76725575	-12.094874	Giudicarie
10.47863433	45.62876052	-12.8687407	Giudicarie
10.67463322	45.67742627	-7.2632825	Giudicarie
10.29215901	45.57694852	-14.9999998	Giudicarie
10.84723957	45.97068296	-10.7304686	Giudicarie
10.70882714	45.9039568	-14.7421868	Giudicarie
10.37551893	45.5186288	-8.5124491	Giudicarie
10.78305368	45.99567546	-14.638281	Giudicarie
10.51488084	45.57394028	-8.4218755	Giudicarie
10.70218409	45.6527511	-5.0000002	Giudicarie
10.94411896	46.16230288	-13.7500005	Giudicarie
10.50306525	45.54162993	-6.9238904	Giudicarie
10.70687719	45.8107049	-11.1402216	Giudicarie
10.42909093	45.5482838	-9.5855467	Giudicarie
10.82219207	45.93303499	-10.3749977	Giudicarie
10.81833259	45.81127111	-6.0729185	Giudicarie
10.8527294	46.01342376	-12.1773809	Giudicarie
10.5778521	45.59763992	-7.4031277	Giudicarie
10.7623467	45.76454088	-6.7935642	Giudicarie
10.30993112	45.57988732	-14.9999998	Giudicarie
10.72457295	45.73501539	-7.453418	Giudicarie
10.8850635	45.96810836	-8.9099574	Giudicarie
10.44700904	45.5695683	-10.4562768	Giudicarie
10.63623619	45.66814627	-8.4941825	Giudicarie
10.73255095	45.93687329	-14.9999998	Giudicarie
10.80879601	45.94116551	-11.3062649	Giudicarie
10.35853399	45.5432941	-10.9879943	Giudicarie
10.66253661	45.6575508	-6.9125181	Giudicarie
10.79336191	45.85828579	-9.0929681	Giudicarie
11.00525007	46.04263794	-6.3816521	Giudicarie
10.7992962	45.90859491	-10.7532547	Giudicarie
10.5158022	45.51748743	-4.9999993	Giudicarie
10.55248852	45.72253187	-14.4811628	Giudicarie
10.27448311	45.54755815	-12.3687148	Giudicarie
10.82553223	45.98616994	-12.3312507	Giudicarie
10.74652429	45.696792	-5.0009084	Giudicarie
10.93098796	45.92216462	-4.9999998	Giudicarie
10.77966889	45.90828402	-11.725	Giudicarie
10.61063852	45.68691128	-10.4256716	Giudicarie
10.93483202	46.12337587	-12.8061819	Giudicarie
10.70412753	45.89041134	-14.408071	Giudicarie
10.77694816	45.82388356	-8.4564087	Giudicarie
10.48102986	45.53364444	-7.0890723	Giudicarie
10.70366035	45.86673806	-13.487144	Giudicarie
10.82981616	46.00116112	-12.7316357	Giudicarie
10.69754246	45.80292346	-11.2611616	Giudicarie
10.6836886	45.64166142	-5.3076794	Giudicarie
10.66010858	45.65500937	-6.900002	Giudicarie
10.7428659	45.73115519	-6.4515623	Giudicarie
10.56553771	45.7210853	-13.8577385	Giudicarie
10.83827218	45.87268801	-7.65	Giudicarie
10.87563534	46.05257958	-12.6685549	Giudicarie
10.3471305	45.55755116	-12.4389353	Giudicarie
10.66791756	45.77268134	-11.5140648	Giudicarie
10.83021475	46.05911737	-15.0000002	Giudicarie
11.02556118	46.0509424	-5.8005378	Giudicarie
10.49780719	45.56825253	-8.6648397	Giudicarie
10.59183578	45.62749096	-8.3118538	Giudicarie
10.48294714	45.52115496	-6.2112314	Giudicarie
10.7177991	45.84755827	-12.0881199	Giudicarie
10.78450498	45.8301129	-8.3566592	Giudicarie
10.83526346	45.86467423	-7.4625007	Giudicarie
10.27651015	45.54458615	-12.0378796	Giudicarie
10.82937333	45.97012702	-11.5201179	Giudicarie
10.88530732	46.09198601	-13.7758728	Giudicarie
11.03569572	46.10365202	-7.2742202	Giudicarie
10.95767322	46.07712158	-9.9152335	Giudicarie
10.34182383	45.5065735	-7.684375	Giudicarie
10.35277939	45.57154034	-13.369238	Giudicarie
10.30816087	45.53854139	-11.1439965	Giudicarie
10.61172424	45.6961365	-10.7828369	Giudicarie
10.43251193	45.50108112	-6.0959753	Giudicarie
11.0503291	46.05953575	-5.0000002	Giudicarie
10.85411074	45.95696505	-9.8739264	Giudicarie
10.67384241	45.73703884	-9.908162	Giudicarie
10.82346925	45.8529824	-7.5226558	Giudicarie
10.62539704	45.68636417	-9.7679921	Giudicarie
10.24208528	45.56551726	-14.4315833	Giudicarie
10.90350017	45.98776951	-8.8508049	Giudicarie
10.63362166	45.76418379	-12.8066604	Giudicarie
10.31003524	45.52452257	-9.7437516	Giudicarie
10.58083855	45.56651106	-5.7561521	Giudicarie
10.81674409	46.04344514	-15.0001995	Giudicarie
10.76357452	45.91440786	-12.6968748	Giudicarie
10.84089511	46.07153714	-14.9999993	Giudicarie
10.63155678	45.81080741	-14.6398406	Giudicarie
10.69151401	45.68187661	-6.7337893	Giudicarie
10.54367689	45.72585254	-14.9999998	Giudicarie
10.38169057	45.60931599	-14.9999998	Giudicarie
10.70433849	45.7468374	-8.8429749	Giudicarie
10.77674917	45.96781564	-13.819532	Giudicarie
10.45093152	45.57027881	-10.3688713	Giudicarie
10.59036491	45.70462308	-12.0722075	Giudicarie
10.88946097	45.87016493	-5.0000144	Giudicarie
10.58177947	45.7026868	-12.3498484	Giudicarie
10.88545484	46.06248833	-12.6093762	Giudicarie
10.81977949	45.91297389	-9.8609584	Giudicarie
10.41433783	45.59145426	-12.8500098	Giudicarie
10.32844813	45.5480762	-11.8641814	Giudicarie
10.67931473	45.79178409	-11.6914189	Giudicarie
10.4189958	45.5665826	-11.0871095	Giudicarie
10.96944944	46.036742	-7.7610491	Giudicarie
10.60412635	45.66587393	-9.6730955	Giudicarie
10.87386318	46.10957288	-14.9999177	Giudicarie
10.57385659	45.58678491	-7.0296187	Giudicarie
10.40338772	45.62174521	-14.9999998	Giudicarie
10.83725718	45.9165417	-9.0939337	Giudicarie
10.58384333	45.68386397	-11.3572062	Giudicarie
10.80125212	45.93641	-11.5341847	Giudicarie
10.5698602	45.5660125	-6.0979526	Giudicarie
10.75152335	45.92733253	-13.7500061	Giudicarie
10.69046657	45.82397633	-12.4109355	Giudicarie
10.77991423	45.77183969	-6.2776179	Giudicarie
10.69302769	45.71867204	-8.2812533	Giudicarie
10.7814443	45.8100653	-7.7084197	Giudicarie
10.84296855	45.99134443	-11.7445282	Giudicarie
10.79187444	45.79016321	-6.4503789	Giudicarie
10.44050814	45.53277707	-8.2287102	Giudicarie
10.98455261	46.08990366	-9.2189291	Giudicarie
10.97943402	46.05629111	-8.0953241	Giudicarie
10.64690881	45.83923651	-14.9999954	Giudicarie
10.40371959	45.50144754	-6.550071	Giudicarie
10.41323122	45.5901297	-12.8062754	Giudicarie
10.55318145	45.56500681	-6.6024939	Giudicarie
10.5855798	45.75584749	-14.5206096	Giudicarie
11.00067288	46.05962644	-7.2722268	Giudicarie
10.3530515	45.58981795	-14.5632815	Giudicarie
10.6917091	45.69272617	-7.2007817	Giudicarie
10.72050121	45.7774893	-9.2268496	Giudicarie
10.8162831	45.94686333	-11.191989	Giudicarie
10.85607167	46.05717076	-13.7424802	Giudicarie
10.46737322	45.57550584	-10.1197847	Giudicarie
10.6851915	45.63653678	-5.000344	Giudicarie
10.4740579	45.49873657	-4.9999998	Giudicarie
10.50117168	45.68159548	-14.5671003	Giudicarie
10.49372763	45.61957565	-11.8187335	Giudicarie
10.65898096	45.73735716	-10.5609191	Giudicarie
10.59489688	45.77590738	-14.9999998	Giudicarie
10.83672628	46.03393068	-13.7134709	Giudicarie
10.38468355	45.51383875	-7.9515691	Giudicarie
10.3161337	45.55477684	-12.6435864	Giudicarie
10.67682117	45.63452317	-5.2386995	Giudicarie
10.84035118	45.92201027	-9.1125103	Giudicarie
10.72498138	45.86832862	-12.5786309	Giudicarie
10.99574702	45.99703259	-5.0000002	Giudicarie
10.85461622	45.86566356	-6.6122703	Giudicarie
10.59135439	45.58968263	-6.476562	Giudicarie
10.89821659	46.12393603	-14.4808254	Giudicarie
10.65716676	45.82297848	-13.8932104	Giudicarie
10.42913845	45.52312642	-7.9300793	Giudicarie
10.28432128	45.51304369	-8.4326556	Giudicarie
10.63817204	45.75873137	-12.3896411	Giudicarie
10.81953245	46.0373573	-14.6341423	Giudicarie
10.54042144	45.5936922	-8.6970294	Giudicarie
10.28585359	45.53750706	-11.2289883	Giudicarie
10.57128499	45.706715	-12.9670667	Giudicarie
10.31426914	45.5509396	-12.2890183	Giudicarie
10.46434598	45.49437213	-4.9999998	Giudicarie
10.97260439	45.97012185	-4.9999998	Giudicarie
10.76619624	45.77326131	-6.9601824	Giudicarie
10.76341182	45.80295811	-8.2531252	Giudicarie
10.86434961	46.08982181	-14.6472375	Giudicarie
10.34205299	45.53847133	-10.7894196	Giudicarie
10.89422162	46.10496719	-13.8968799	Giudicarie
10.49299103	45.61273243	-11.44141	Giudicarie
10.36701282	45.59416999	-14.4371086	Giudicarie
10.78699565	45.94606977	-12.5569934	Giudicarie
10.47547445	45.55671341	-8.7425848	Giudicarie
10.59711051	45.69704487	-11.450535	Giudicarie
10.90912681	46.04315868	-10.7687506	Giudicarie
10.85569685	46.0430776	-13.2060549	Giudicarie
10.48769287	45.54478575	-7.6249917	Giudicarie
10.29730806	45.53367215	-10.7812501	Giudicarie
10.71807989	45.70357096	-6.5445327	Giudicarie
10.33084699	45.51886825	-8.994532	Giudicarie
10.53236933	45.56950735	-7.5703108	Giudicarie
10.64571538	45.79804657	-13.5003879	Giudicarie
10.34521746	45.56514389	-13.1499995	Giudicarie
10.24954839	45.56744632	-14.5632888	Giudicarie
10.77468526	45.8509649	-9.6397155	Giudicarie
10.65925999	45.7446507	-10.8689924	Giudicarie
10.87636781	45.84952596	-4.9999998	Giudicarie
10.9410212	46.04441624	-9.3615321	Giudicarie
10.53708656	45.71084908	-14.5391853	Giudicarie
10.54662813	45.72862963	-15.0004094	Giudicarie
10.78163792	45.93282892	-12.4081621	Giudicarie
10.9249451	46.16150498	-14.6392542	Giudicarie
10.6892759	45.73387566	-9.0672939	Giudicarie
10.36922849	45.55865691	-12.0360358	Giudicarie
10.4679342	45.50239427	-5.4212898	Giudicarie
10.43294621	45.63111813	-14.5515632	Giudicarie
10.76509299	45.72017885	-4.9999993	Giudicarie
10.3964081	45.48475954	-4.9999998	Giudicarie
10.76740353	45.97821407	-14.6566418	Giudicarie
10.68601084	45.80105145	-11.7221365	Giudicarie
10.92024654	45.90986544	-4.9999998	Giudicarie
10.97844056	46.07168013	-8.7599598	Giudicarie
10.86026845	45.99846592	-11.2413943	Giudicarie
10.68927521	45.88848556	-15.0000183	Giudicarie
10.89705676	46.08482186	-12.957387	Giudicarie
10.4140578	45.49772453	-6.069168	Giudicarie
10.84127626	45.93516052	-9.5920412	Giudicarie
10.65063705	45.81519344	-13.9085786	Giudicarie
10.76789148	45.91543288	-12.543802	Giudicarie
10.69850617	45.79461786	-10.8961906	Giudicarie
10.44919231	45.57847544	-10.9089551	Giudicarie
10.51503547	45.67703699	-13.7915374	Giudicarie
10.93774712	46.08138026	-10.9849853	Giudicarie
10.56314942	45.73155633	-14.418908	Giudicarie
10.63272234	45.78839129	-13.7499998	Giudicarie
10.54180254	45.54897728	-6.0453127	Giudicarie
10.67069452	45.86691901	-15.0000242	Giudicarie
10.72253993	45.91463623	-14.5546868	Giudicarie
10.87040096	45.89890792	-6.8682981	Giudicarie
10.33060348	45.48300076	-5.0000012	Giudicarie
10.51606616	45.65268825	-12.5570405	Giudicarie
10.64895629	45.60642571	-4.9999841	Giudicarie
10.77917765	45.74810307	-5.3804792	Giudicarie
10.64894109	45.6609203	-7.6350474	Giudicarie
10.52281212	45.64074072	-11.7031248	Giudicarie
10.58538436	45.76659566	-15.0000046	Giudicarie
10.99572994	46.08647734	-8.5749993	Giudicarie
10.68156933	45.74155207	-9.7140014	Giudicarie
10.55757274	45.73935744	-15.0000002	Giudicarie
10.85970039	45.92758251	-8.4542017	Giudicarie
10.80660196	45.85076585	-8.1933573	Giudicarie
10.50424805	45.61658083	-11.2565	Giudicarie
10.56040184	45.58177358	-7.318947	Giudicarie
10.89237452	46.07527142	-12.7957344	Giudicarie
10.40273189	45.50364737	-6.7687502	Giudicarie
10.8663632	46.10113937	-14.9996311	Giudicarie
10.73353721	45.9382424	-14.9999998	Giudicarie
10.45896322	45.62938872	-13.570511	Giudicarie
10.36316419	45.52428613	-9.1913923	Giudicarie
10.54316591	45.69591848	-13.5734263	Giudicarie
10.29273355	45.57272819	-14.6129158	Giudicarie
11.02958271	46.03556858	-4.9999983	Giudicarie
10.37142487	45.58088904	-13.4332021	Giudicarie
10.56354315	45.68750492	-12.3484375	Giudicarie
10.52936279	45.55413437	-6.7687505	Giudicarie
10.73812008	45.94554068	-14.9998831	Giudicarie
10.94323208	46.05639889	-9.7314994	Giudicarie
10.88882365	45.8871327	-5.5685657	Giudicarie
10.36654858	45.48300095	-4.9999998	Giudicarie
10.23664095	45.57056385	-14.9999998	Giudicarie
10.37176374	45.4853106	-5.2650461	Giudicarie
10.91970323	45.96244806	-7.1117502	Giudicarie
10.27725644	45.5521936	-12.7919072	Giudicarie
10.62497701	45.70270169	-10.5015625	Giudicarie
10.66035485	45.62792978	-5.5812473	Giudicarie
10.75594678	45.96347423	-14.6697688	Giudicarie
10.9904398	46.08118994	-8.60259	Giudicarie
10.62928024	45.81760766	-14.9999983	Giudicarie
10.22838264	45.56272128	-14.1119685	Giudicarie
10.52335281	45.54039157	-6.1646448	Giudicarie
10.92635778	45.96990971	-7.1048923	Giudicarie
10.57526612	45.64074646	-9.6185194	Giudicarie
10.73846061	45.69669643	-5.3686091	Giudicarie
10.81373676	45.83933632	-7.4113311	Giudicarie
10.74163969	45.85820417	-11.4196787	Giudicarie
10.4282284	45.6167797	-13.8683582	Giudicarie
10.8241829	45.79745947	-5.2608992	Giudicarie
10.82491719	46.02370553	-13.8497637	Giudicarie
10.80703719	46.03223705	-15.0001672	Giudicarie
10.71780187	45.74722084	-8.2257821	Giudicarie
10.45071959	45.64956146	-15.0001335	Giudicarie
10.72989027	45.87651439	-12.6875034	Giudicarie
10.30373515	45.56311068	-13.5826375	Giudicarie
10.33309059	45.54235255	-11.25958	Giudicarie
10.67327266	45.70207995	-8.4017578	Giudicarie
10.61154168	45.73341882	-12.4238303	Giudicarie
10.90810711	46.13955427	-14.6624568	Giudicarie
10.63999509	45.73867376	-11.4331481	Giudicarie
10.3862601	45.5295187	-9.33808	Giudicarie
11.00679083	46.07977054	-7.8062554	Giudicarie
10.89948466	45.88608098	-4.9999998	Giudicarie
10.35612324	45.48726737	-5.4872566	Giudicarie
11.04051265	46.09232833	-6.6396487	Giudicarie
10.81823818	45.8757147	-8.6745604	Giudicarie
10.92617731	46.05459198	-10.4392524	Giudicarie
10.55133811	45.61442944	-9.2796963	Giudicarie
10.69259274	45.64335105	-4.9999998	Giudicarie
10.87789995	46.08528998	-13.8503369	Giudicarie
10.83650653	45.84086462	-6.4468748	Giudicarie
10.99492255	46.02342787	-6.0746497	Giudicarie
10.96101441	46.1034787	-10.8267816	Giudicarie
10.95471536	46.11133361	-11.4250488	Giudicarie
10.61933969	45.67773126	-9.6359366	Giudicarie
