11.48912204	36.55799999	-2.0000005	Hammamet
10.88734294	36.38492548	-7.0190181	Hammamet
11.12891133	36.40117786	-4.5326978	Hammamet
11.48294219	36.56298135	-2.5879156	Hammamet
10.878698	36.3912218	-7.7881925	Hammamet
11.12034679	36.47280781	-10.6036455	Hammamet
10.67336736	36.3069786	-7.34151	Hammamet
10.25532825	36.11477935	-9.4941336	Hammamet
10.3600315	36.095779	-4.0515198	Hammamet
10.8662437	36.41709536	-10.2595008	Hammamet
11.21026735	36.43733888	-4.9680345	Hammamet
10.30223536	36.14925657	-10.0260418	Hammamet
11.08679495	36.37472037	-2.5946346	Hammamet
10.49726264	36.20582974	-6.9290606	Hammamet
11.33610063	36.45770066	-1.9999995	Hammamet
10.39253493	36.17241365	-8.0655812	Hammamet
11.37407384	36.60335844	-9.8609112	Hammamet
10.05680384	35.91833909	-8.241229	Hammamet
10.2124137	36.06960713	-8.3873101	Hammamet
11.46967696	36.57367192	-3.8497842	Hammamet
10.91618724	36.38750267	-6.5536588	Hammamet
10.65829108	36.32132821	-8.9474168	Hammamet
11.31587561	36.52675399	-7.3575608	Hammamet
10.17399871	35.97069946	-4.5255287	Hammamet
11.03048647	36.44702191	-10.6036465	Hammamet
10.60476701	36.24460999	-5.6870204	Hammamet
10.5627375	36.19200179	-3.6186402	Hammamet
11.08447093	36.45845289	-10.6037334	Hammamet
11.09732574	36.42382455	-7.2616604	Hammamet
10.47125549	36.16858605	-5.0417478	Hammamet
10.22116576	35.96710785	-2.0001509	Hammamet
10.53425495	36.27567014	-10.603647	Hammamet
10.47275975	36.13894653	-2.7688391	Hammamet
11.2323676	36.49819391	-9.0621602	Hammamet
11.45437475	36.58600069	-5.305237	Hammamet
10.20075753	36.09791289	-10.6036475	Hammamet
10.51627267	36.20795851	-6.4281891	Hammamet
10.29865171	36.15557054	-10.6036743	Hammamet
11.06942682	36.40723966	-6.0703768	Hammamet
10.41021705	36.15822735	-6.3878542	Hammamet
10.78357634	36.28228864	-2.0000005	Hammamet
11.20540086	36.50680485	-10.6036475	Hammamet
10.60095095	36.19293694	-2.24377	Hammamet
10.76350943	36.35154138	-8.1747508	Hammamet
11.44133236	36.59650588	-6.5455944	Hammamet
10.37448378	36.17880462	-9.216898	Hammamet
10.5671995	36.20712296	-4.5497248	Hammamet
10.17784337	35.92963409	-2	Hammamet
11.38922091	36.54711663	-5.553485	Hammamet
11.43062583	36.60512755	-7.5636922	Hammamet
10.7609913	36.36711803	-9.5034361	Hammamet
10.8197007	36.36219439	-7.2962899	Hammamet
11.09362749	36.45766506	-10.2522888	Hammamet
10.90470722	36.39365544	-7.3414303	Hammamet
11.14781965	36.44967429	-7.9114213	Hammamet
11.11855467	36.41910471	-6.4237066	Hammamet
11.42052158	36.61326262	-8.5244319	Hammamet
10.39907336	36.09815095	-2.6748487	Hammamet
10.88064857	36.36343316	-5.5118119	Hammamet
10.86866845	36.31836239	-2.2885821	Hammamet
10.73761861	36.3485285	-8.7196988	Hammamet
10.73357273	36.30005993	-4.9483174	Hammamet
11.37169565	36.52839293	-5.082984	Hammamet
10.41962237	36.21885568	-10.603647	Hammamet
10.9284605	36.35962445	-3.7314839	Hammamet
10.75096734	36.37702666	-10.6041455	Hammamet
10.12184192	35.9305495	-4.9731868	Hammamet
10.91882628	36.42905553	-10.6036475	Hammamet
10.44142933	36.21218682	-9.3458108	Hammamet
10.44944929	36.19887165	-8.0691558	Hammamet
10.85980657	36.3346127	-3.8578504	Hammamet
11.40634389	36.6246745	-9.8723362	Hammamet
11.32702808	36.54737048	-8.2242155	Hammamet
10.43409875	36.12818937	-3.3683423	Hammamet
10.60032783	36.31282616	-10.603648	Hammamet
11.39865096	36.63086538	-10.603647	Hammamet
10.55209592	36.17855367	-2.9797869	Hammamet
10.89427818	36.40703973	-8.8246631	Hammamet
10.49429666	36.14481373	-2.4597569	Hammamet
10.14266584	35.98228041	-6.7266289	Hammamet
10.93860385	36.40000962	-7.4299322	Hammamet
11.1886067	36.39525468	-2.3316004	Hammamet
11.29179762	36.47710353	-5.1532144	Hammamet
10.49001892	36.18353456	-5.5097946	Hammamet
10.58060133	36.21450792	-4.5389717	Hammamet
10.82240539	36.34422177	-5.7797232	Hammamet
10.31927017	36.15382389	-9.6693445	Hammamet
10.52554133	36.23230323	-7.9293351	Hammamet
10.85079036	36.37723444	-7.5347891	Hammamet
10.95908448	36.40358787	-7.4579381	Hammamet
10.8381074	36.38168476	-8.2815579	Hammamet
11.40746332	36.50447499	-2.000002	Hammamet
11.4698756	36.56586035	-3.3326692	Hammamet
11.00187307	36.35503152	-2.0000005	Hammamet
11.16741378	36.38256669	-2.0003648	Hammamet
11.18129813	36.4516694	-7.0125208	Hammamet
10.20331872	35.98552676	-3.9264224	Hammamet
11.04112883	36.37892073	-3.7311031	Hammamet
11.42312153	36.55049124	-4.3265708	Hammamet
10.6101292	36.1945931	-2.000001	Hammamet
10.34528341	36.1821987	-10.6036475	Hammamet
10.43775246	36.19440274	-8.1408523	Hammamet
11.15973625	36.38714517	-2.6036555	Hammamet
11.40308792	36.591437	-7.8468944	Hammamet
10.09988546	35.94830066	-7.0622601	Hammamet
10.23297514	35.97731905	-1.9986695	Hammamet
10.14988421	35.90930378	-2.3692395	Hammamet
10.79945772	36.28829888	-2.0000005	Hammamet
10.92398242	36.36863402	-4.5882639	Hammamet
10.86261897	36.42000611	-10.603647	Hammamet
11.36719831	36.4816108	-2.2294295	Hammamet
11.01598484	36.43718842	-9.8651665	Hammamet
11.29826843	36.44511812	-2.7958379	Hammamet
10.56313537	36.25664682	-8.151607	Hammamet
10.53591869	36.23241784	-7.5314212	Hammamet
10.10037631	35.83659712	-2.000002	Hammamet
10.08728133	35.84498947	-3.1471526	Hammamet
10.65476951	36.22673274	-2.4894112	Hammamet
11.24655945	36.42183887	-2.600575	Hammamet
10.25343876	36.07893211	-7.0922353	Hammamet
10.1659157	35.95646109	-4.1132713	Hammamet
11.33700909	36.48122449	-3.4921966	Hammamet
10.58788228	36.25501721	-7.0707741	Hammamet
10.16241228	35.92565351	-2.5332486	Hammamet
10.80554568	36.36361265	-7.8468986	Hammamet
10.58515568	36.18329011	-2.1879243	Hammamet
10.32034392	36.08641937	-4.9700508	Hammamet
11.15221154	36.47623464	-9.8685269	Hammamet
10.11593313	35.95016627	-6.215787	Hammamet
10.77624796	36.31909419	-5.1798767	Hammamet
10.16806605	36.00815385	-6.9488822	Hammamet
10.8606418	36.41952728	-10.603647	Hammamet
10.14582365	36.01392444	-8.3718511	Hammamet
10.70830394	36.29819396	-5.5671988	Hammamet
11.2265994	36.49385894	-8.9133897	Hammamet
11.13875294	36.48016904	-10.603647	Hammamet
10.6743415	36.29485935	-6.4604467	Hammamet
10.29816546	36.03986172	-2.6288682	Hammamet
10.15462088	36.03619526	-9.2063101	Hammamet
11.09599518	36.43505222	-8.3881687	Hammamet
10.58464005	36.18055968	-2.0002217	Hammamet
11.40943102	36.61493016	-9.1060735	Hammamet
10.36156569	36.08652207	-3.3515269	Hammamet
10.33664983	36.0931327	-4.7908004	Hammamet
11.15799239	36.38514369	-2.494564	Hammamet
10.08826213	35.99970169	-10.3957246	Hammamet
10.15398753	35.97881165	-5.9720162	Hammamet
11.3996015	36.62332054	-10.0717447	Hammamet
10.32355189	36.13458475	-8.1713255	Hammamet
10.20788857	36.10373856	-10.603647	Hammamet
10.23992284	36.1220411	-10.603647	Hammamet
11.27907955	36.5525021	-10.603646	Hammamet
11.15261686	36.48571215	-10.6036475	Hammamet
10.22666169	36.11446736	-10.6036597	Hammamet
10.72600188	36.26470357	-2.3441463	Hammamet
10.1141601	35.94294184	-5.9827706	Hammamet
10.15270927	35.91830963	-2.6094243	Hammamet
10.27875813	36.14421065	-10.6036607	Hammamet
11.30206401	36.53081584	-8.2112066	Hammamet
10.72320971	36.31063856	-6.1133945	Hammamet
11.0641958	36.38714848	-4.1755574	Hammamet
10.42169465	36.17685131	-7.384001	Hammamet
10.65577936	36.34099143	-10.6036475	Hammamet
10.1996314	36.0049182	-5.2114344	Hammamet
10.39380486	36.10861244	-3.6053423	Hammamet
11.16606823	36.45031047	-7.3857928	Hammamet
10.76148432	36.32626614	-6.2050327	Hammamet
10.91952742	36.37875548	-5.6395215	Hammamet
10.76807885	36.36061138	-8.7652075	Hammamet
11.18441809	36.47292741	-8.5915359	Hammamet
10.78008543	36.34392251	-7.0584588	Hammamet
10.21428087	35.992106	-3.7609544	Hammamet
10.02209475	35.91618781	-10.182427	Hammamet
10.36577944	36.1938701	-10.603647	Hammamet
10.88691331	36.32719629	-2.429062	Hammamet
10.35425996	36.11319065	-5.4817896	Hammamet
10.39217411	36.13952501	-5.8053172	Hammamet
11.24587033	36.53073532	-10.6036446	Hammamet
10.94684866	36.35024591	-2.4158426	Hammamet
10.2347195	35.98746119	-2.5081477	Hammamet
10.36616244	36.18861801	-10.2234241	Hammamet
10.98034489	36.43667512	-10.3796006	Hammamet
10.71741989	36.34875135	-9.3518606	Hammamet
10.61194893	36.21712658	-3.4953316	Hammamet
10.67072046	36.34665009	-10.603647	Hammamet
10.23406124	36.01411897	-4.100722	Hammamet
10.26272	36.07099977	-6.1780926	Hammamet
11.27941412	36.54910106	-10.3679409	Hammamet
10.3745645	36.19794828	-10.6036485	Hammamet
10.17734243	36.01582638	-6.9292586	Hammamet
10.65013548	36.33331325	-10.1576043	Hammamet
10.25459107	36.02427656	-3.7126638	Hammamet
11.16319597	36.38095233	-2.0000005	Hammamet
10.7099999	36.25075869	-2.0000005	Hammamet
10.73698299	36.31492984	-6.0392326	Hammamet
10.82923165	36.32563081	-4.0868572	Hammamet
11.40746995	36.52743621	-3.4938745	Hammamet
10.59116918	36.24532671	-6.2684393	Hammamet
10.86341897	36.31270693	-1.9999981	Hammamet
10.25248638	36.06797695	-6.3735138	Hammamet
11.0871701	36.41222461	-6.2803143	Hammamet
10.01478013	35.8752859	-8.7699961	Hammamet
11.41752374	36.60200251	-7.9190393	Hammamet
11.27663052	36.43294189	-2.5285413	Hammamet
10.52669743	36.24170103	-8.5374312	Hammamet
10.61169467	36.20445965	-2.6246604	Hammamet
10.09662531	35.91699302	-5.8425147	Hammamet
10.89707928	36.4215767	-10.2117776	Hammamet
10.23234884	36.07600651	-7.8079075	Hammamet
10.73814339	36.37216827	-10.6035713	Hammamet
10.19345587	36.03763109	-7.4220838	Hammamet
10.29853287	36.10248533	-6.9403748	Hammamet
10.84532303	36.30568971	-2.0000181	Hammamet
10.93412909	36.38567072	-6.0889726	Hammamet
10.56346176	36.20186059	-4.3301834	Hammamet
10.17893521	36.00271757	-6.1046722	Hammamet
11.46110781	36.54513922	-2.3575874	Hammamet
10.18391691	35.98178963	-4.668476	Hammamet
10.09660284	35.96334023	-7.9329328	Hammamet
10.17125493	35.99269104	-5.9119688	Hammamet
11.39802354	36.56156572	-6.1183237	Hammamet
10.65215458	36.30989506	-8.3734134	Hammamet
10.91623295	36.36747092	-4.7347937	Hammamet
11.1233421	36.38131366	-2.6654383	Hammamet
11.16407069	36.46664876	-8.7379549	Hammamet
11.42189387	36.51393946	-2	Hammamet
10.69983245	36.28797597	-5.0040717	Hammamet
11.39441005	36.62808782	-10.6036475	Hammamet
11.13918376	36.38167733	-2.4507942	Hammamet
10.3741722	36.08039057	-2.4307034	Hammamet
10.09507911	35.87457334	-4.0218579	Hammamet
10.78153106	36.2900349	-2.6844825	Hammamet
10.44972513	36.16630013	-5.6189088	Hammamet
10.05306882	35.96589878	-10.6036446	Hammamet
10.69079063	36.25013441	-2.7075601	Hammamet
10.98959147	36.42021182	-8.6122117	Hammamet
10.17804325	36.06993381	-10.0520264	Hammamet
10.12264021	35.88052727	-2.6717122	Hammamet
10.70268598	36.34394396	-9.4136995	Hammamet
10.81441584	36.39239322	-9.8676321	Hammamet
10.02178862	35.86171794	-7.7474128	Hammamet
11.12812537	36.46038617	-9.378075	Hammamet
10.08023161	35.98728484	-10.0847388	Hammamet
11.14013961	36.41495782	-5.4152551	Hammamet
10.43016292	36.14221912	-4.4950514	Hammamet
11.16097503	36.39933444	-3.5253145	Hammamet
10.83249441	36.35846341	-6.6033983	Hammamet
10.27907118	36.08396569	-6.4286369	Hammamet
10.58800488	36.18214568	-2.0000005	Hammamet
10.45526246	36.15793629	-4.7997703	Hammamet
10.06036555	35.96300419	-10.044857	Hammamet
10.09632095	35.88826084	-4.5656341	Hammamet
10.92338909	36.40543212	-8.2049318	Hammamet
10.14256392	36.0441791	-10.2539341	Hammamet
10.71594212	36.25878474	-2.3257735	Hammamet
11.37022379	36.50208195	-3.433045	Hammamet
11.36042911	36.57623567	-8.6774607	Hammamet
10.31433813	36.07202231	-4.212302	Hammamet
11.22802712	36.49940199	-9.3059285	Hammamet
11.14035673	36.43773277	-7.2048702	Hammamet
11.07457078	36.45449082	-10.603647	Hammamet
10.12567763	35.89298605	-3.0548438	Hammamet
10.14765554	35.93240294	-3.6436538	Hammamet
11.44869385	36.5408726	-2.6094253	Hammamet
11.34564601	36.54942761	-7.5637967	Hammamet
10.86666494	36.32731065	-3.0638052	Hammamet
11.39545446	36.49659926	-2.0000362	Hammamet
10.44564368	36.13860176	-3.6857752	Hammamet
10.54727265	36.16866208	-2.4059839	Hammamet
10.57258244	36.17497491	-1.9999737	Hammamet
10.06844462	35.98592144	-10.603647	Hammamet
10.06748086	35.87476333	-5.6511736	Hammamet
11.22402118	36.5164075	-10.6036475	Hammamet
10.21937987	36.09452707	-9.5138384	Hammamet
10.49868203	36.14071153	-2	Hammamet
11.08546228	36.36846397	-1.9999995	Hammamet
10.43201511	36.22460335	-10.6036475	Hammamet
10.37382285	36.1662412	-8.3752249	Hammamet
10.44660594	36.12400464	-2.5858916	Hammamet
10.18413734	35.95539387	-3.1556658	Hammamet
11.27434021	36.51554938	-8.4003059	Hammamet
10.79195634	36.37227647	-8.9577488	Hammamet
10.3440091	36.06666266	-2.671711	Hammamet
10.70408937	36.26613514	-3.3001812	Hammamet
11.02310235	36.37334449	-3.4670992	Hammamet
10.37104868	36.10737658	-4.4177576	Hammamet
10.86019641	36.38811274	-8.111725	Hammamet
10.11281161	35.91939552	-5.0005213	Hammamet
11.05826139	36.37673023	-3.2441983	Hammamet
10.7445596	36.32837716	-6.8892909	Hammamet
10.87195587	36.40102861	-8.7786204	Hammamet
10.24898464	36.04513763	-5.2030666	Hammamet
11.39494918	36.6101231	-9.4107867	Hammamet
10.08872086	35.93427745	-7.0855628	Hammamet
10.32924853	36.07940015	-4.1338824	Hammamet
10.77227182	36.3699653	-9.3821512	Hammamet
10.58507136	36.22861482	-5.3448918	Hammamet
10.2250979	35.98281153	-2.699792	Hammamet
11.25713765	36.47596641	-6.5384232	Hammamet
10.24157704	36.06604686	-6.7826423	Hammamet
10.60008845	36.23491644	-5.1958961	Hammamet
10.83790627	36.36923828	-7.2952752	Hammamet
10.79205712	36.32227405	-4.9548162	Hammamet
10.167455	35.98094739	-5.4307041	Hammamet
10.03806918	35.88785354	-7.9681068	Hammamet
10.68522584	36.29745812	-6.2158853	Hammamet
10.19536456	36.02273978	-6.4586921	Hammamet
11.2648705	36.47202498	-5.9720178	Hammamet
10.0553406	35.84422012	-4.9886468	Hammamet
10.36194475	36.19170799	-10.6035913	Hammamet
10.20451037	36.01382858	-5.4987814	Hammamet
11.47666785	36.55636632	-2.4248047	Hammamet
11.41709709	36.53956814	-3.872637	Hammamet
11.10357281	36.46609741	-10.603646	Hammamet
10.3140675	36.04818324	-2.576262	Hammamet
10.33165722	36.16448454	-9.9171475	Hammamet
10.16807339	36.03643287	-8.5673843	Hammamet
11.30359437	36.46558799	-3.9004197	Hammamet
11.288767	36.46051798	-4.2033391	Hammamet
10.75559217	36.27847803	-2.544898	Hammamet
10.07921902	35.80899999	-2.0000005	Hammamet
11.00329348	36.37224683	-3.6723333	Hammamet
10.40079486	36.14851799	-6.0867834	Hammamet
10.5198574	36.26757295	-10.6036465	Hammamet
10.79455046	36.39392344	-10.603647	Hammamet
11.06341387	36.42723134	-8.133683	Hammamet
10.65152199	36.29896534	-7.6380772	Hammamet
11.33550664	36.56941163	-9.2969644	Hammamet
10.33284662	36.05546984	-2.3387693	Hammamet
11.26338771	36.46594934	-5.5507979	Hammamet
10.79577728	36.39088128	-10.3231319	Hammamet
11.37894074	36.58303222	-8.3299533	Hammamet
10.03895742	35.84134211	-5.8214528	Hammamet
10.25445845	36.13034061	-10.6036455	Hammamet
11.320597	36.53725315	-7.8397191	Hammamet
11.39225027	36.58505096	-7.8934965	Hammamet
10.90580597	36.38531241	-6.5025753	Hammamet
10.93628868	36.43186432	-10.6036465	Hammamet
11.44188782	36.58654751	-5.8734339	Hammamet
10.83599138	36.33425028	-4.5649602	Hammamet
10.49645377	36.24910775	-10.2019939	Hammamet
11.07331311	36.44864681	-10.085635	Hammamet
10.52574037	36.19735298	-5.3043424	Hammamet
10.48013646	36.2093049	-7.7846073	Hammamet
10.37989697	36.14620701	-6.7512799	Hammamet
11.3154822	36.44957786	-2.3513162	Hammamet
11.07788622	36.44961945	-10.1086431	Hammamet
10.64245223	36.27766377	-6.5115372	Hammamet
11.29213958	36.43990622	-2.5892605	Hammamet
10.81548799	36.29901839	-2.3738885	Hammamet
11.19272841	36.43175487	-5.0807332	Hammamet
10.66722184	36.2643986	-4.6207515	Hammamet
10.75088749	36.36344684	-9.5151214	Hammamet
10.66973037	36.24803731	-3.3852095	Hammamet
11.02163435	36.42427482	-8.5042657	Hammamet
10.85105571	36.40540542	-9.7733059	Hammamet
10.89754075	36.42563008	-10.6036465	Hammamet
10.68470346	36.2902064	-5.7318327	Hammamet
10.32202032	36.10830055	-6.4159161	Hammamet
11.38454942	36.52756883	-4.4807276	Hammamet
10.39192855	36.08429952	-1.9999981	Hammamet
10.11194908	35.86120433	-2.4288387	Hammamet
10.9807222	36.35163115	-1.9999995	Hammamet
10.46566053	36.1800233	-6.0932297	Hammamet
10.27778831	36.09446442	-7.2045326	Hammamet
11.05347217	36.41367993	-6.9569546	Hammamet
10.93350996	36.37520288	-5.0681858	Hammamet
10.65656089	36.24194884	-3.476958	Hammamet
10.22994127	36.0952721	-9.1481465	Hammamet
11.23715325	36.49205637	-8.4383948	Hammamet
10.93530291	36.35953156	-3.5128086	Hammamet
11.21399584	36.40120649	-2.000001	Hammamet
10.88350777	36.32049428	-2	Hammamet
11.25304786	36.51580261	-9.3254217	Hammamet
10.10597573	36.01240458	-10.2465056	Hammamet
11.26836166	36.5247586	-9.254847	Hammamet
10.67970439	36.27425658	-4.8181427	Hammamet
10.61482983	36.2830033	-7.962951	Hammamet
10.80486412	36.31843595	-4.2570851	Hammamet
11.00568636	36.41728758	-8.0691698	Hammamet
10.61935346	36.29652359	-8.7260804	Hammamet
10.1778632	36.0308943	-7.7742848	Hammamet
11.37566937	36.55539526	-6.6706152	Hammamet
10.63899518	36.33456504	-10.603647	Hammamet
10.22768465	36.05195624	-6.6222192	Hammamet
11.25546233	36.41778483	-2.0000005	Hammamet
10.66356458	36.32672826	-9.2207996	Hammamet
11.2267315	36.4469467	-5.2068753	Hammamet
10.04407825	35.95418739	-10.603647	Hammamet
10.57404367	36.28540945	-9.7253938	Hammamet
10.99581961	36.36359819	-2.9391189	Hammamet
10.05929294	35.88877909	-6.7633727	Hammamet
11.17665739	36.42588995	-5.1250956	Hammamet
10.97218897	36.41299324	-8.1767001	Hammamet
11.19478848	36.44258062	-5.8698495	Hammamet
10.78772916	36.34900794	-7.2338205	Hammamet
11.3066352	36.43837475	-2.0000005	Hammamet
10.16364113	36.03297608	-8.5791709	Hammamet
11.09518163	36.44628738	-9.305645	Hammamet
10.65604039	36.22040833	-2.0000586	Hammamet
11.11019166	36.44868141	-9.0206836	Hammamet
10.03622187	35.85079077	-6.4075759	Hammamet
11.0579138	36.44650849	-10.118795	Hammamet
10.68369779	36.34637625	-10.1867952	Hammamet
11.10766513	36.37551205	-2.342354	Hammamet
10.80732196	36.39887333	-10.603647	Hammamet
10.66811134	36.31344621	-8.0153484	Hammamet
11.36107109	36.51612093	-4.737557	Hammamet
10.19453112	35.96968406	-3.457241	Hammamet
10.2660242	36.13694297	-10.603645	Hammamet
10.40653166	36.17270255	-7.6004358	Hammamet
10.62818278	36.22766542	-3.5934827	Hammamet
10.04803802	35.93538002	-9.5237095	Hammamet
10.60481128	36.22671879	-4.4412846	Hammamet
10.41605249	36.16415435	-6.6289418	Hammamet
10.06208807	35.93205961	-8.54919	Hammamet
10.95832614	36.35179113	-2.3703596	Hammamet
11.2085407	36.49057961	-9.2239248	Hammamet
10.26793783	36.06086225	-5.272041	Hammamet
10.87739775	36.41610952	-9.9854834	Hammamet
10.58089306	36.19926496	-3.4679969	Hammamet
11.41534646	36.51383235	-2.2724475	Hammamet
10.45644975	36.12111223	-2.0000005	Hammamet
10.97341915	36.37180748	-4.1018433	Hammamet
10.20784696	35.95559152	-2.0000005	Hammamet
10.74795983	36.34116804	-7.8137276	Hammamet
10.25420397	36.12675823	-10.3661509	Hammamet
11.20616472	36.47135369	-7.7814711	Hammamet
10.23316238	36.038938	-5.5974	Hammamet
10.04057007	35.91761095	-9.1616402	Hammamet
10.30098254	36.05969841	-3.887878	Hammamet
10.05195433	35.87063465	-6.3771042	Hammamet
11.26897575	36.46643226	-5.4127795	Hammamet
10.01213973	35.90304086	-10.1749202	Hammamet
11.30323862	36.51975312	-7.4409103	Hammamet
11.13477074	36.40605079	-4.8822216	Hammamet
10.45039849	36.18054722	-6.6629971	Hammamet
11.16510279	36.4134225	-4.5062598	Hammamet
10.37023909	36.19029447	-10.180627	Hammamet
10.66547816	36.33981835	-10.2142422	Hammamet
10.24756541	36.10069456	-8.8273609	Hammamet
10.44965205	36.12657147	-2.6452744	Hammamet
11.06596687	36.36532793	-2.0000113	Hammamet
11.07303634	36.39694252	-4.9996258	Hammamet
10.26735368	36.02711886	-3.2681409	Hammamet
11.10882099	36.42473342	-7.169377	Hammamet
10.14179211	36.02807926	-9.3758567	Hammamet
11.01313949	36.36458234	-2.7620049	Hammamet
11.21716451	36.48173321	-8.2537763	Hammamet
10.29338123	36.13749345	-9.5627605	Hammamet
10.04827402	35.90301387	-8.0516803	Hammamet
10.85098958	36.34197019	-4.7168705	Hammamet
10.67786576	36.30662261	-7.169934	Hammamet
10.4944361	36.22158253	-8.2080719	Hammamet
10.42278038	36.19264123	-8.5293609	Hammamet
10.32321245	36.16959823	-10.603648	Hammamet
10.36870008	36.15050925	-7.4902032	Hammamet
10.67792223	36.32052042	-8.2851663	Hammamet
10.39021175	36.08850264	-2.3580359	Hammamet
11.26237296	36.54155354	-10.603649	Hammamet
10.45261426	36.11895161	-1.9996768	Hammamet
10.2193824	36.10024183	-9.9081526	Hammamet
10.10135642	35.97349771	-8.2604973	Hammamet
10.80023395	36.38102412	-9.3993596	Hammamet
10.12439678	35.94337422	-5.4127792	Hammamet
11.46316489	36.55653636	-3.0118257	Hammamet
10.61724613	36.25292665	-5.7775946	Hammamet
11.11855148	36.41690203	-6.2444655	Hammamet
10.53572027	36.25442448	-9.0691048	Hammamet
11.24252464	36.50101902	-8.8124507	Hammamet
10.78639774	36.36381468	-8.4550078	Hammamet
11.10167591	36.43748973	-8.4074932	Hammamet
11.11461448	36.46221421	-9.9487408	Hammamet
10.07172631	35.8252034	-3.169781	Hammamet
11.03400051	36.42612364	-8.4903763	Hammamet
11.00595638	36.43023086	-9.3390891	Hammamet
10.55042982	36.26269402	-9.0688809	Hammamet
10.03939383	35.9421369	-10.3356768	Hammamet
10.41725362	36.11951012	-3.433283	Hammamet
10.44040373	36.1851438	-7.3548743	Hammamet
10.6278842	36.20457892	-2.0000005	Hammamet
10.99199093	36.4408264	-10.603646	Hammamet
10.09868508	35.99612568	-9.6792027	Hammamet
10.06260966	35.978324	-10.603647	Hammamet
10.12546087	36.03553187	-10.6036934	Hammamet
10.53143778	36.16977656	-3.039607	Hammamet
10.89850706	36.38911063	-7.0080388	Hammamet
10.07207347	35.98301202	-10.2595005	Hammamet
11.04191724	36.4435814	-10.0838428	Hammamet
10.01718226	35.91913484	-10.6036465	Hammamet
10.025059	35.90292077	-9.4107879	Hammamet
10.1406969	35.92795474	-3.749408	Hammamet
10.76308372	36.33709827	-7.0268659	Hammamet
11.12733106	36.41400265	-5.7445672	Hammamet
10.9843348	36.40582969	-7.2790301	Hammamet
11.0877	36.44393059	-9.3562151	Hammamet
10.51424025	36.23509713	-8.5336421	Hammamet
10.81934027	36.29582131	-1.9999707	Hammamet
10.31758313	36.0978145	-5.8662613	Hammamet
10.64283549	36.33609328	-10.6028111	Hammamet
11.4286488	36.59792849	-7.179216	Hammamet
11.28130337	36.53400216	-9.3043611	Hammamet
11.15018633	36.4293515	-6.2334876	Hammamet
11.23806658	36.47891098	-7.3720149	Hammamet
10.55313377	36.28628456	-10.6036519	Hammamet
10.30154414	36.03268523	-1.999979	Hammamet
10.59611486	36.3006189	-9.9196065	Hammamet
10.37804413	36.09514058	-3.2966033	Hammamet
11.19463517	36.49569176	-10.0659185	Hammamet
10.68547106	36.23696468	-2.0000005	Hammamet
10.60235868	36.27521982	-7.9096862	Hammamet
10.32046279	36.12174711	-7.4064765	Hammamet
10.19819092	36.08386883	-9.9037036	Hammamet
10.16550711	35.91895693	-2.000001	Hammamet
11.17314431	36.39446861	-2.7574734	Hammamet
11.24091194	36.52132232	-10.2025926	Hammamet
10.87345214	36.42175129	-10.603647	Hammamet
11.31455778	36.49176361	-5.1360725	Hammamet
10.31242811	36.14037367	-9.0101858	Hammamet
11.19542983	36.41900095	-3.9893692	Hammamet
10.86071846	36.41346754	-10.1178985	Hammamet
10.72375903	36.25849375	-2.0000005	Hammamet
11.13694369	36.37673755	-2.0000005	Hammamet
11.25904976	36.53420547	-10.2671184	Hammamet
10.13837742	35.8950238	-2.4010559	Hammamet
10.16020926	36.05897162	-10.2640171	Hammamet
10.73487774	36.26385048	-1.9998579	Hammamet
10.55924576	36.22951642	-6.4174349	Hammamet
10.12825963	35.99745791	-8.2992582	Hammamet
10.91657306	36.42119683	-9.8653902	Hammamet
10.85331334	36.31523131	-2.513522	Hammamet
10.2224756	35.98989483	-3.2362412	Hammamet
10.61658287	36.23813838	-4.7751289	Hammamet
11.0857006	36.39934056	-5.0352499	Hammamet
10.91548946	36.33288652	-2.0000005	Hammamet
10.15889487	36.063697	-10.603645	Hammamet
10.96402697	36.36368564	-3.4509698	Hammamet
11.36337999	36.55917218	-7.4409088	Hammamet
10.33882593	36.12169498	-6.6782422	Hammamet
10.59293708	36.19813727	-2.9186187	Hammamet
10.18998039	36.01467873	-6.2440905	Hammamet
11.19713888	36.45671155	-6.9106873	Hammamet
10.25665698	36.01043077	-2.802784	Hammamet
10.77152991	36.30110597	-3.8780144	Hammamet
10.69010455	36.29776061	-6.0853144	Hammamet
11.33788611	36.53497928	-6.9543472	Hammamet
10.13613072	35.88319894	-2	Hammamet
10.14956837	35.99725055	-7.2387023	Hammamet
11.04647105	36.36219497	-2.0000498	Hammamet
10.43158638	36.16033474	-5.8026369	Hammamet
11.35225946	36.5054583	-4.4191017	Hammamet
10.38908531	36.16968809	-8.0111259	Hammamet
9.993828277	35.88867809	-10.603648	Hammamet
11.33296722	36.46352693	-2.5128575	Hammamet
10.3464134	36.15168626	-8.450719	Hammamet
10.40870597	36.13626006	-4.9277326	Hammamet
10.39273601	36.18132646	-8.7263037	Hammamet
10.83065498	36.39035566	-9.203313	Hammamet
10.61947366	36.32359177	-10.603647	Hammamet
11.15606259	36.38395928	-2.4086736	Hammamet
11.26268701	36.4254968	-2.3806665	Hammamet
11.43149503	36.5292926	-2.5894844	Hammamet
11.13453609	36.46970881	-9.9113221	Hammamet
10.1838003	36.08405649	-10.6036465	Hammamet
10.28246167	36.06834165	-5.2156181	Hammamet
11.33061033	36.58627718	-10.6036475	Hammamet
10.41361654	36.20058865	-9.4434988	Hammamet
11.30117503	36.50764781	-6.7409669	Hammamet
10.40609765	36.15745987	-6.4952275	Hammamet
10.9766693	36.35641012	-2.5345911	Hammamet
10.57262344	36.2319072	-6.060518	Hammamet
10.14857504	35.92396503	-3.1184739	Hammamet
10.1573384	35.91692804	-2.2867886	Hammamet
11.0484112	36.36544688	-2.2895061	Hammamet
10.68722589	36.30930752	-7.1012625	Hammamet
11.14457117	36.39595361	-3.7709261	Hammamet
10.64358505	36.31661786	-9.175979	Hammamet
10.26510664	36.05785155	-5.1761754	Hammamet
10.34850389	36.08272528	-3.6042185	Hammamet
10.67529727	36.23838439	-2.4965003	Hammamet
10.53652999	36.15826456	-2	Hammamet
10.7824424	36.31076241	-4.3220883	Hammamet
11.17172489	36.49334995	-10.6036475	Hammamet
10.75153947	36.3148596	-5.5909021	Hammamet
10.38043138	36.15736167	-7.5009551	Hammamet
10.10221929	35.85105698	-2.5431057	Hammamet
11.36654449	36.60983217	-10.6036465	Hammamet
10.84751577	36.41444449	-10.6036475	Hammamet
10.03224087	35.876437	-7.7962587	Hammamet
10.96237508	36.34868006	-2	Hammamet
10.41941796	36.12989992	-4.0657932	Hammamet
10.09161392	35.83527823	-2.4552747	Hammamet
10.284034	36.05174281	-4.0070103	Hammamet
10.72447687	36.33348287	-7.910302	Hammamet
10.42027957	36.21113645	-10.0022874	Hammamet
10.1591304	35.91315297	-2.0000005	Hammamet
10.38293696	36.18011197	-8.976136	Hammamet
11.39078627	36.49992871	-2.4159329	Hammamet
10.5099843	36.15354984	-2.569095	Hammamet
10.06610185	35.94646427	-8.96268	Hammamet
11.41089706	36.55281819	-4.9996258	Hammamet
10.50653122	36.22736702	-8.2214997	Hammamet
11.22908939	36.50823917	-9.8557569	Hammamet
10.56126056	36.28210287	-9.9951341	Hammamet
10.39898776	36.20063588	-9.9556844	Hammamet
10.57536068	36.18776982	-2.8626472	Hammamet
10.49364009	36.23740673	-9.421959	Hammamet
10.91993714	36.3958523	-7.3163358	Hammamet
11.47902557	36.55138626	-1.9999991	Hammamet
10.10234179	35.92927115	-6.0602925	Hammamet
10.33773503	36.13813263	-7.8567516	Hammamet
10.29362389	36.0761961	-5.3177809	Hammamet
10.25311436	36.03540135	-4.4350116	Hammamet
11.06509085	36.36981771	-2.4557483	Hammamet
10.1171682	35.98471558	-8.1202409	Hammamet
10.08051733	35.88221884	-5.2214379	Hammamet
10.89297242	36.39562511	-7.7214248	Hammamet
10.42566425	36.10356596	-2	Hammamet
10.80032626	36.35286162	-7.1510592	Hammamet
10.94709638	36.38212714	-5.5346649	Hammamet
10.29237424	36.08933766	-6.274937	Hammamet
11.34432419	36.57881532	-9.5326719	Hammamet
10.71528165	36.28521299	-4.3121166	Hammamet
10.24151203	36.08814256	-8.1990297	Hammamet
10.89977901	36.37886073	-6.1512597	Hammamet
11.04374998	36.39929015	-5.6944079	Hammamet
11.20844006	36.450091	-6.0318383	Hammamet
10.00641308	35.90509271	-10.6036475	Hammamet
10.39326224	36.20662614	-10.603647	Hammamet
10.52968317	36.21114852	-6.2013819	Hammamet
10.14810197	36.04967012	-10.2985992	Hammamet
10.95107477	36.43424167	-10.6036475	Hammamet
11.34231816	36.59395336	-10.6036465	Hammamet
10.23038353	36.10831654	-10.0318645	Hammamet
11.01136584	36.44394538	-10.6036465	Hammamet
10.875305	36.40981798	-9.3991363	Hammamet
10.58814144	36.26567268	-7.8016465	Hammamet
10.4737998	36.22586831	-9.2463318	Hammamet
10.95237304	36.4220841	-9.3856934	Hammamet
10.85149014	36.35898601	-6.0580534	Hammamet
10.20422088	35.99525801	-4.4359728	Hammamet
11.14874472	36.40507289	-4.3639833	Hammamet
10.53187455	36.2698849	-10.2944534	Hammamet
10.12974921	35.92168641	-4.1094615	Hammamet
11.21946575	36.46911102	-7.1850418	Hammamet
10.60264914	36.26007339	-6.8452329	Hammamet
10.72082402	36.27111234	-3.0109065	Hammamet
10.90120075	36.33265101	-2.4225645	Hammamet
10.06813102	35.83571365	-3.8542649	Hammamet
10.07519293	35.98284474	-10.0802586	Hammamet
10.58132516	36.27701536	-8.8569812	Hammamet
10.07948098	35.81787036	-2.3840274	Hammamet
10.86396351	36.36769688	-6.3672469	Hammamet
10.0670511	35.90805755	-7.1763031	Hammamet
11.1798173	36.41047814	-3.8096785	Hammamet
10.2730057	36.043517	-3.9582268	Hammamet
11.27090464	36.47676838	-6.0231016	Hammamet
10.22226763	35.9989572	-3.7776697	Hammamet
10.87452279	36.34670244	-4.3670113	Hammamet
10.41272076	36.09617524	-2.000001	Hammamet
10.25195932	35.99288222	-2.0000005	Hammamet
10.81927839	36.3317545	-4.882745	Hammamet
10.2991516	36.12007572	-8.1314442	Hammamet
10.29419573	36.03450348	-2.4158506	Hammamet
11.40605767	36.60373336	-8.5208474	Hammamet
10.27648182	36.01940188	-2.3790979	Hammamet
11.39046068	36.59557215	-8.6548321	Hammamet
11.2561192	36.48791894	-7.379744	Hammamet
10.21948964	36.01059005	-4.5918513	Hammamet
11.08270807	36.43448562	-8.5425757	Hammamet
10.21990715	36.02489036	-5.40931	Hammamet
10.37039358	36.07200044	-2.0000576	Hammamet
10.76697	36.28501424	-2.7239163	Hammamet
10.71554504	36.27310608	-3.3371502	Hammamet
11.12667532	36.42465579	-6.6052054	Hammamet
10.14902565	36.05562643	-10.6036436	Hammamet
10.65899797	36.27837097	-5.9137639	Hammamet
11.29860322	36.44256135	-2.5950852	Hammamet
10.08193352	35.9218661	-6.9246917	Hammamet
10.10624316	35.98837705	-8.866336	Hammamet
10.10465026	35.90307696	-4.7442051	Hammamet
11.38333932	36.48866272	-2.000001	Hammamet
10.40666714	36.21284589	-10.6036475	Hammamet
10.84834342	36.39180892	-8.7726834	Hammamet
10.08057815	35.94040431	-7.8397256	Hammamet
11.04120444	36.41817813	-7.5940476	Hammamet
10.96354418	36.38765348	-5.8183161	Hammamet
10.54393974	36.21173218	-5.7504618	Hammamet
10.10726121	36.0197932	-10.6036475	Hammamet
11.11003082	36.42596454	-7.2339047	Hammamet
11.45439343	36.53524585	-1.9999986	Hammamet
10.19689727	36.07138361	-9.2342337	Hammamet
10.13512648	35.93476199	-4.3946825	Hammamet
11.22052548	36.50772424	-10.1878028	Hammamet
10.88601258	36.39914977	-8.1946256	Hammamet
11.1034059	36.43185532	-7.9081059	Hammamet
10.08281438	35.86940748	-4.5093975	Hammamet
10.4311981	36.22044592	-10.3204431	Hammamet
10.75640399	36.27200168	-2.0000005	Hammamet
11.37142719	36.48085748	-2	Hammamet
10.81936712	36.37704376	-8.4905992	Hammamet
10.38048484	36.19414156	-10.112521	Hammamet
10.99854676	36.40451897	-6.9251901	Hammamet
10.73085775	36.28881252	-4.1273863	Hammamet
10.27325693	36.12217177	-9.2976365	Hammamet
10.62147794	36.27389065	-7.0694245	Hammamet
10.56079717	36.21798366	-5.5550539	Hammamet
10.51479368	36.17658947	-4.1284495	Hammamet
10.47175841	36.21572166	-8.5566958	Hammamet
10.05014672	35.95153274	-10.1277578	Hammamet
11.29568722	36.56338266	-10.6036504	Hammamet
10.65297959	36.28933245	-6.9112486	Hammamet
10.514476	36.25513577	-9.9494119	Hammamet
11.44565502	36.57711646	-5.0986581	Hammamet
10.06290458	35.82210835	-3.548657	Hammamet
10.47953559	36.13182768	-2.0000005	Hammamet
10.29857734	36.03098556	-2.0000005	Hammamet
10.97095965	36.43743938	-10.603687	Hammamet
11.1105898	36.41741664	-6.421018	Hammamet
10.60424825	36.29001249	-8.864094	Hammamet
11.26973073	36.45505739	-4.491248	Hammamet
11.03012371	36.43932695	-9.8517237	Hammamet
10.83990987	36.3133524	-2.7782928	Hammamet
10.42844851	36.1382463	-4.2860171	Hammamet
10.60850112	36.30938013	-10.0444097	Hammamet
10.23918445	36.07864657	-7.6353827	Hammamet
11.27587863	36.4631583	-4.9252397	Hammamet
10.46433239	36.12477147	-2	Hammamet
10.0734035	35.81367315	-2.5520672	Hammamet
11.05118399	36.39095552	-4.7563004	Hammamet
11.30485938	36.43751896	-2.0000005	Hammamet
11.13978399	36.39190747	-3.4482869	Hammamet
11.33783591	36.55815954	-8.4653101	Hammamet
10.45140002	36.22706057	-10.1140904	Hammamet
10.65797353	36.25528781	-4.348975	Hammamet
10.50599913	36.24232415	-9.3617469	Hammamet
10.49389065	36.17086207	-4.4256013	Hammamet
10.46416675	36.19819324	-7.5067818	Hammamet
10.18547046	36.04443811	-8.2031521	Hammamet
11.3362606	36.49703253	-4.5530877	Hammamet
10.51488804	36.24085172	-8.9402449	Hammamet
11.44071692	36.55010406	-3.5506736	Hammamet
10.72187257	36.35836262	-9.988844	Hammamet
11.35422887	36.60176093	-10.603647	Hammamet
11.03706856	36.4063568	-6.4958535	Hammamet
11.3616777	36.54367861	-6.5052896	Hammamet
10.37847606	36.13202877	-5.8277263	Hammamet
10.16874805	36.04921231	-9.2835323	Hammamet
10.12662301	35.97811188	-7.2791435	Hammamet
10.56872491	36.26888225	-8.7838853	Hammamet
10.75057755	36.37320092	-10.3093675	Hammamet
10.27455196	36.0502718	-4.2799646	Hammamet
10.07525039	35.85093944	-4.1217837	Hammamet
10.12822992	35.93796258	-4.9324098	Hammamet
10.53494121	36.22104241	-6.7609073	Hammamet
10.18874717	36.00915571	-5.987874	Hammamet
10.10668328	35.87608203	-3.4083985	Hammamet
10.95632255	36.37261041	-4.4515913	Hammamet
11.3297803	36.52573985	-6.6984034	Hammamet
10.83731341	36.34633223	-5.4872749	Hammamet
9.994826779	35.87676341	-10.0085603	Hammamet
11.22395705	36.45747649	-6.1252694	Hammamet
10.81758294	36.3214525	-4.1132469	Hammamet
11.19374432	36.40521837	-2.9553631	Hammamet
10.35362928	36.06243173	-2.0000005	Hammamet
10.14101019	35.96847427	-6.0226536	Hammamet
9.988553367	35.8817963	-10.603647	Hammamet
10.7074181	36.35587562	-10.2285813	Hammamet
10.12969801	35.90484444	-3.3532813	Hammamet
10.21387203	35.97214084	-2.6452759	Hammamet
10.39613086	36.16078499	-7.1181542	Hammamet
10.06967413	35.9872695	-10.603647	Hammamet
10.00022599	35.88293162	-9.9691289	Hammamet
10.57720521	36.24608182	-6.8668856	Hammamet
10.67203512	36.22940644	-2	Hammamet
10.12787204	36.01240439	-9.1688072	Hammamet
10.70865392	36.33359422	-8.4005303	Hammamet
10.23677339	36.02847089	-4.8114203	Hammamet
11.45596327	36.56978843	-4.1818304	Hammamet
10.34959878	36.13332358	-7.0564343	Hammamet
10.45828555	36.13107277	-2.6822408	Hammamet
10.95103932	36.35961609	-3.2560428	Hammamet
10.59248281	36.18466539	-2.0000005	Hammamet
10.70833246	36.31084787	-6.5827848	Hammamet
10.17936936	36.02270988	-7.2221875	Hammamet
10.14759528	35.89813231	-2.000002	Hammamet
10.999227	36.43822301	-10.2326136	Hammamet
10.83459241	36.40089924	-9.9225249	Hammamet
10.68665685	36.26135775	-3.6494803	Hammamet
11.21348071	36.40761797	-2.5219883	Hammamet
10.2628351	36.00177466	-1.9999995	Hammamet
10.711084	36.27893792	-3.9358203	Hammamet
11.1607972	36.4222324	-5.3370501	Hammamet
10.94804069	36.431379	-10.3697354	Hammamet
10.21340121	36.10689318	-10.6035454	Hammamet
11.31950896	36.57899715	-10.603648	Hammamet
11.09985912	36.40657333	-5.5232386	Hammamet
10.03795439	35.86752016	-7.0591224	Hammamet
10.99100113	36.42900162	-9.4551519	Hammamet
10.64481649	36.24806028	-4.3610782	Hammamet
10.49196272	36.25238932	-10.6037315	Hammamet
10.93290253	36.36352983	-3.9286507	Hammamet
11.11935792	36.37391258	-2.000001	Hammamet
10.68436827	36.35181771	-10.6036475	Hammamet
11.18022271	36.38769554	-1.9999986	Hammamet
11.41686978	36.58716335	-6.9807048	Hammamet
10.99921986	36.3857011	-5.0614641	Hammamet
10.54723836	36.27569694	-10.0978457	Hammamet
10.08766602	35.97284257	-8.8972556	Hammamet
10.49735713	36.25491486	-10.603647	Hammamet
11.26412948	36.50257527	-7.9916326	Hammamet
10.13752185	35.94298074	-4.744204	Hammamet
10.1643715	35.94229343	-3.3833062	Hammamet
10.4571647	36.21298184	-8.8584956	Hammamet
11.37144689	36.59274072	-9.2817322	Hammamet
11.41181883	36.5662883	-5.8371352	Hammamet
10.4403862	36.14711435	-4.5062603	Hammamet
10.72286701	36.32180037	-7.0205861	Hammamet
11.22657479	36.40623675	-1.9999995	Hammamet
10.70450911	36.32061397	-7.4837024	Hammamet
10.11709162	35.95567565	-6.4721048	Hammamet
11.28575486	36.45520171	-3.9860083	Hammamet
10.43945475	36.13475952	-3.6131985	Hammamet
11.01840866	36.41256919	-7.4030636	Hammamet
11.07268164	36.4538058	-10.603647	Hammamet
10.59777816	36.21163861	-3.6678523	Hammamet
11.31684461	36.55582577	-9.2091819	Hammamet
11.13529523	36.40342286	-4.6527912	Hammamet
10.06513867	35.86149684	-5.1911894	Hammamet
11.40303896	36.57743282	-6.9372377	Hammamet
10.56296116	36.24309855	-7.2164091	Hammamet
11.28458661	36.42942195	-2.0000015	Hammamet
10.06976902	35.97521035	-10.043065	Hammamet
10.92249722	36.34962252	-3.1180262	Hammamet
11.38559537	36.61581792	-10.180635	Hammamet
10.63024584	36.21152089	-2.3903003	Hammamet
11.07743566	36.38607963	-3.8607608	Hammamet
10.08684013	35.90396555	-5.829968	Hammamet
10.87657471	36.40673131	-9.0908379	Hammamet
11.09261937	36.38385661	-3.4016773	Hammamet
10.64550743	36.23779251	-3.6203799	Hammamet
10.09063456	35.82389212	-1.9999995	Hammamet
10.50744229	36.19509542	-5.7708168	Hammamet
10.39309312	36.12206449	-4.562724	Hammamet
10.50322183	36.25821464	-10.6036485	Hammamet
10.30717315	36.130749	-8.5527068	Hammamet
10.23933788	35.99833223	-2.9235459	Hammamet
11.2907318	36.51753092	-7.8298656	Hammamet
10.3140601	36.03983541	-2.0000166	Hammamet
10.97274145	36.42631791	-9.4803133	Hammamet
11.23240389	36.43450051	-4.0459431	Hammamet
10.4314601	36.20355078	-9.0451319	Hammamet
10.28528938	36.14461809	-10.3742642	Hammamet
11.28316525	36.49812643	-6.8897375	Hammamet
10.75169793	36.29600049	-4.0709248	Hammamet
10.6758156	36.33317299	-9.3657515	Hammamet
10.34605725	36.16521912	-9.3998076	Hammamet
10.41799663	36.14745562	-5.3346163	Hammamet
10.47528329	36.24466168	-10.6036392	Hammamet
10.11583194	36.00161185	-9.1472998	Hammamet
11.22999531	36.41691736	-2.7346717	Hammamet
10.63142295	36.26646148	-6.1640328	Hammamet
10.1153837	35.9482723	-6.1512592	Hammamet
11.31461451	36.46020643	-3.0799373	Hammamet
10.26568074	36.10371079	-8.3209919	Hammamet
10.94520324	36.35363766	-2.7599893	Hammamet
10.51607446	36.16581977	-3.2768797	Hammamet
10.25978934	36.05343854	-5.1721474	Hammamet
11.39911006	36.54056048	-4.7047716	Hammamet
10.35674031	36.07378081	-2.6613972	Hammamet
10.07961321	35.99587206	-10.6036455	Hammamet
11.42670364	36.57826206	-5.9816506	Hammamet
10.4116144	36.10435262	-2.6085286	Hammamet
11.05187671	36.43580328	-9.1602945	Hammamet
10.64543013	36.26287707	-5.3670714	Hammamet
10.54112217	36.20370364	-5.2460963	Hammamet
11.33445569	36.51123805	-5.5548294	Hammamet
10.56595368	36.17658522	-2.350753	Hammamet
11.02374738	36.39331879	-5.4236003	Hammamet
10.93696322	36.41298327	-8.7334734	Hammamet
10.0900179	35.95670455	-8.0203112	Hammamet
11.14578129	36.39718474	-3.8354822	Hammamet
10.14175642	36.04961611	-10.6028228	Hammamet
11.35089392	36.47318293	-2.3764109	Hammamet
10.03522216	35.89940813	-8.6557281	Hammamet
10.18924245	35.94662589	-2.4055364	Hammamet
11.31116353	36.4776304	-4.3610733	Hammamet
10.9653638	36.43313057	-10.2680525	Hammamet
11.324331	36.46995215	-3.2995086	Hammamet
11.03303347	36.36591388	-2.5785022	Hammamet
11.35735399	36.49107517	-3.2654534	Hammamet
10.32779238	36.14547872	-8.7565506	Hammamet
10.2708263	36.13249265	-10.1066958	Hammamet
10.36508721	36.12300461	-5.7325041	Hammamet
11.43884915	36.52505678	-2.000002	Hammamet
11.32882654	36.57911775	-10.2137869	Hammamet
10.21166874	36.10070854	-10.2451624	Hammamet
10.24193279	36.11441348	-9.9973584	Hammamet
10.22860232	36.08713258	-8.6391592	Hammamet
10.54915495	36.24561348	-7.9311389	Hammamet
11.07581025	36.41992318	-7.2179774	Hammamet
10.58353047	36.30337822	-10.6036455	Hammamet
10.72623346	36.27485717	-3.1471946	Hammamet
11.24955607	36.45134369	-4.8341621	Hammamet
10.63344783	36.33144718	-10.603647	Hammamet
10.94177858	36.3683086	-4.2584569	Hammamet
11.27817391	36.45902276	-4.5380766	Hammamet
11.37373212	36.49218372	-2.6389969	Hammamet
11.1902806	36.4849359	-9.3543264	Hammamet
11.3929906	36.52021431	-3.6418616	Hammamet
10.86987451	36.37706708	-6.9318614	Hammamet
10.55047054	36.21229257	-5.563346	Hammamet
11.28933134	36.4500332	-3.4769595	Hammamet
11.10304698	36.37129124	-2.0000005	Hammamet
10.24179323	36.05260108	-5.9845635	Hammamet
10.95122515	36.34672558	-2.0000005	Hammamet
10.63083184	36.24981666	-5.030138	Hammamet
10.80663582	36.34471689	-6.3067351	Hammamet
10.09310345	36.00754553	-10.6036475	Hammamet
10.74392144	36.27138598	-2.3302954	Hammamet
10.88345955	36.40326776	-8.6248081	Hammamet
10.00412288	35.86930447	-9.1266875	Hammamet
10.6293129	36.24066068	-4.452981	Hammamet
11.14553338	36.46199895	-8.9559588	Hammamet
10.79840611	36.33876016	-6.0864261	Hammamet
10.20936354	36.09513921	-10.0291758	Hammamet
10.53830902	36.22205538	-6.7177561	Hammamet
11.09659745	36.39401548	-4.3386684	Hammamet
10.08280813	35.97440431	-9.2414019	Hammamet
10.6214911	36.30767265	-9.4177325	Hammamet
10.03145229	35.93773558	-10.6036465	Hammamet
10.62798065	36.31883164	-9.9400003	Hammamet
10.95251212	36.4116138	-8.3523587	Hammamet
10.74149134	36.28336701	-3.3664976	Hammamet
11.29962941	36.56116846	-10.2913255	Hammamet
10.48410542	36.15646771	-3.6871214	Hammamet
10.24081048	35.98376455	-2.0000005	Hammamet
10.76201755	36.37575643	-10.1609942	Hammamet
11.03483943	36.38657662	-4.5843086	Hammamet
11.11838815	36.43676328	-7.82177	Hammamet
10.57960348	36.29612206	-10.2528076	Hammamet
11.46630513	36.54305197	-1.9999986	Hammamet
10.21863834	36.05912005	-7.4749666	Hammamet
10.7304452	36.26574389	-2.28621	Hammamet
11.08596168	36.44312496	-9.3417786	Hammamet
10.13493121	36.03548494	-10.1349226	Hammamet
11.2080723	36.50198939	-10.1392967	Hammamet
10.64281484	36.21297396	-1.9999971	Hammamet
11.21615033	36.5112447	-10.603647	Hammamet
10.17923978	36.0588928	-9.3480513	Hammamet
11.12639571	36.41058775	-5.4988163	Hammamet
10.43015061	36.11332014	-2.4969766	Hammamet
10.13295548	35.95131829	-5.4432497	Hammamet
10.33272957	36.05049873	-1.9999976	Hammamet
10.58882956	36.18843811	-2.4050894	Hammamet
11.23575264	36.46107662	-6.0374397	Hammamet
11.06605257	36.45274049	-10.603646	Hammamet
10.63502362	36.28998818	-7.6589152	Hammamet
11.24526435	36.48781241	-7.83614	Hammamet
10.5768816	36.25867913	-7.7554809	Hammamet
10.07871009	35.96254247	-8.947221	Hammamet
10.35194885	36.17923969	-10.136323	Hammamet
10.79752553	36.30339085	-3.271283	Hammamet
10.47912339	36.19259653	-6.5675505	Hammamet
11.13108639	36.4508302	-8.53071	Hammamet
10.15806098	35.96802115	-5.1575835	Hammamet
10.21575651	36.08411771	-9.0773953	Hammamet
11.374471	36.53868344	-5.6341443	Hammamet
11.31513874	36.5119676	-6.4263967	Hammamet
10.86607888	36.41516112	-10.0874278	Hammamet
10.82536729	36.4058654	-10.6036465	Hammamet
10.69965022	36.28587497	-4.8463634	Hammamet
10.95238998	36.39192622	-6.415642	Hammamet
10.14041925	35.91607332	-3.2300518	Hammamet
10.53011868	36.15948988	-2.3145708	Hammamet
11.27920423	36.44599435	-3.477407	Hammamet
11.24559991	36.4852565	-7.6353883	Hammamet
10.28556275	36.11166412	-8.0861839	Hammamet
10.57807567	36.19012345	-2.9428526	Hammamet
11.30781828	36.5438365	-8.8134566	Hammamet
10.93727469	36.34910717	-2.6206282	Hammamet
10.49856677	36.15778721	-3.2833772	Hammamet
10.20444359	36.03072302	-6.4913772	Hammamet
10.55495235	36.20366581	-4.7632588	Hammamet
11.40213902	36.50884034	-2.5112896	Hammamet
10.77927712	36.33083408	-6.0311585	Hammamet
11.08044124	36.45194075	-10.2177893	Hammamet
11.37956786	36.61836538	-10.6036494	Hammamet
10.34670387	36.10328799	-5.0960298	Hammamet
10.79920593	36.33074347	-5.4181884	Hammamet
10.69741506	36.24368221	-2.0000005	Hammamet
10.15141379	35.9493713	-4.4238073	Hammamet
10.50287373	36.25048994	-10.0802749	Hammamet
10.40935682	36.18890615	-8.7162212	Hammamet
11.35487301	36.47000793	-2.0000005	Hammamet
10.44418333	36.23024574	-10.6036465	Hammamet
11.25416299	36.48064774	-6.9901136	Hammamet
10.80855432	36.3329402	-5.3092938	Hammamet
10.15583445	35.90886155	-2.0000005	Hammamet
11.32380101	36.48184679	-4.0962417	Hammamet
11.30810553	36.571518	-10.6036988	Hammamet
10.99351832	36.37795822	-4.3893044	Hammamet
10.09164297	35.85799852	-3.4769595	Hammamet
11.38195318	36.51063366	-3.4895796	Hammamet
10.64647502	36.32856368	-9.8938643	Hammamet
10.76475133	36.30845161	-4.6743001	Hammamet
10.20552218	35.95865226	-2.2885799	Hammamet
10.12782252	35.96467963	-6.4559717	Hammamet
11.06764856	36.43669601	-8.9985288	Hammamet
10.90397233	36.37049011	-5.3541896	Hammamet
10.02747309	35.85056292	-6.9112457	Hammamet
10.76373817	36.38197622	-10.6037759	Hammamet
10.18597573	36.07861333	-10.1806346	Hammamet
11.16926955	36.4850413	-10.0253648	Hammamet
10.73479099	36.36539146	-10.1608992	Hammamet
10.09165851	35.9777796	-8.981501	Hammamet
11.4297432	36.56349055	-4.8902873	Hammamet
10.17639769	35.93544121	-2.4015039	Hammamet
11.02429899	36.35863483	-2.0000015	Hammamet
10.27828234	36.01440168	-2.000001	Hammamet
10.07961387	35.8939913	-5.8048732	Hammamet
10.90189962	36.32762154	-2	Hammamet
10.16036005	35.91450131	-2.0000005	Hammamet
10.69602895	36.27975412	-4.5622735	Hammamet
10.90928043	36.4063287	-8.516814	Hammamet
10.40092294	36.16568457	-7.2697359	Hammamet
10.52504188	36.22540354	-7.4317971	Hammamet
10.45871859	36.23698424	-10.603646	Hammamet
11.18920313	36.50033411	-10.6036465	Hammamet
10.86147588	36.35342523	-5.3061305	Hammamet
10.54556393	36.19171368	-4.1930044	Hammamet
10.56988044	36.29569879	-10.6037027	Hammamet
10.54894526	36.23379036	-7.1173777	Hammamet
10.92990023	36.33846824	-2	Hammamet
10.2509847	35.99744164	-2.3136739	Hammamet
10.81328106	36.31121921	-3.4213767	Hammamet
10.41973706	36.15058749	-5.4844644	Hammamet
11.25595357	36.43825497	-3.5996289	Hammamet
10.66105534	36.31686317	-8.5100799	Hammamet
10.63529142	36.30369448	-8.6015061	Hammamet
10.95320175	36.34720402	-2.0000005	Hammamet
10.05119608	35.83151348	-4.6599599	Hammamet
10.19052906	35.99461688	-5.0731443	Hammamet
10.08226597	35.81297541	-2.000003	Hammamet
11.3417415	36.58999566	-10.3706316	Hammamet
10.94478058	36.34423046	-2.0000005	Hammamet
11.15580443	36.37976591	-2	Hammamet
11.1777887	36.43873083	-6.1024152	Hammamet
10.88584482	36.33928403	-3.4257635	Hammamet
10.28716428	36.03106856	-2.5511712	Hammamet
11.30238825	36.45199447	-3.0673899	Hammamet
11.05819776	36.39831631	-5.3697621	Hammamet
11.31874353	36.44631764	-2	Hammamet
10.292909	36.02635438	-2	Hammamet
10.4342081	36.17276605	-6.6428324	Hammamet
10.35946766	36.16641892	-8.9537354	Hammamet
10.12377591	35.8671008	-1.9999995	Hammamet
11.35433415	36.59239972	-9.989741	Hammamet
10.32563157	36.06313001	-3.1525303	Hammamet
10.91220787	36.37809943	-5.7067371	Hammamet
11.17583874	36.46313353	-8.0893201	Hammamet
10.78333255	36.38426987	-10.1806277	Hammamet
10.69091593	36.33159361	-8.7794031	Hammamet
11.24846024	36.46850658	-6.2231806	Hammamet
10.58654722	36.28814948	-9.4269622	Hammamet
10.2841476	36.04256993	-3.3694219	Hammamet
11.21498294	36.42444819	-3.8022845	Hammamet
10.16894777	36.07191615	-10.6036465	Hammamet
10.93411992	36.42505705	-9.9675591	Hammamet
11.01551623	36.38087805	-4.3288073	Hammamet
11.24101811	36.41201129	-1.9999995	Hammamet
10.83640181	36.30227201	-2.0003003	Hammamet
10.7174322	36.36433219	-10.603646	Hammamet
11.00510571	36.39317261	-5.7040473	Hammamet
10.78166252	36.38892736	-10.603647	Hammamet
10.47449171	36.23858977	-10.1758994	Hammamet
11.35295692	36.52788754	-5.8497876	Hammamet
10.98539646	36.39311416	-6.0101048	Hammamet
10.15556579	36.04109701	-9.4396741	Hammamet
10.97752847	36.38470448	-5.3065786	Hammamet
11.11727082	36.39342229	-3.9532971	Hammamet
10.1175447	35.90450346	-4.0514319	Hammamet
10.03172046	35.92424919	-9.9803284	Hammamet
10.15997021	36.02389215	-8.2430188	Hammamet
10.30563155	36.0903205	-5.8198844	Hammamet
10.17146122	36.02661187	-7.8318673	Hammamet
10.01356934	35.86172345	-8.2304737	Hammamet
11.21437418	36.51038876	-10.603647	Hammamet
10.53268366	36.18097314	-3.8354444	Hammamet
10.91916639	36.37457358	-5.2335373	Hammamet
10.51861884	36.14995916	-2.0000015	Hammamet
10.11049686	35.96504636	-7.3297791	Hammamet
10.63835887	36.32688851	-10.0945974	Hammamet
11.0505001	36.4502405	-10.603647	Hammamet
10.91251912	36.34054557	-2.7024073	Hammamet
10.77758631	36.35664853	-8.1564331	Hammamet
10.12123584	36.02491041	-10.2070701	Hammamet
10.19898564	36.05843323	-8.3756617	Hammamet
10.83075837	36.30815669	-2.6448655	Hammamet
10.72962569	36.2617913	-2.0000005	Hammamet
10.11304396	35.89164005	-3.7359651	Hammamet
11.38140505	36.5717784	-7.4922184	Hammamet
10.19346546	35.94315141	-2.000001	Hammamet
11.01677699	36.40088057	-6.2783556	Hammamet
10.63755942	36.22152986	-2.8003167	Hammamet
11.28445192	36.48440035	-5.9415461	Hammamet
10.43776009	36.11047095	-2.0000342	Hammamet
11.29964934	36.49350481	-5.8855325	Hammamet
10.20763485	36.00138105	-4.6195657	Hammamet
10.04816435	35.85863717	-6.0593981	Hammamet
10.01823236	35.88819765	-9.148645	Hammamet
10.5146924	36.21732288	-7.1850216	Hammamet
11.19419717	36.39328693	-2.0000005	Hammamet
11.11722595	36.40584693	-5.1770756	Hammamet
10.10316087	35.96041388	-7.4274684	Hammamet
11.30019882	36.43565776	-1.9999995	Hammamet
10.31123115	36.15975946	-10.3966209	Hammamet
10.5463195	36.22315962	-6.4810638	Hammamet
11.26816004	36.42285913	-2.0000005	Hammamet
10.79571623	36.29174121	-2.3903047	Hammamet
10.90477477	36.35307631	-3.9407493	Hammamet
10.76957807	36.27698973	-2.0000005	Hammamet
10.69978184	36.3576525	-10.6036465	Hammamet
10.55342879	36.16609832	-2.000001	Hammamet
10.36405944	36.14042705	-6.9766712	Hammamet
11.10637935	36.38695599	-3.4890581	Hammamet
11.21905106	36.50662551	-10.1591236	Hammamet
10.25460605	36.09015974	-7.8218056	Hammamet
10.21545851	36.0412704	-6.5816663	Hammamet
10.84859373	36.32592634	-3.5119077	Hammamet
10.66622191	36.30314366	-7.3539776	Hammamet
10.46849439	36.15523406	-4.1373282	Hammamet
11.29626768	36.54895992	-9.6397649	Hammamet
10.37988324	36.11787473	-4.7943926	Hammamet
10.11183489	35.85153696	-2.0000025	Hammamet
11.18119058	36.49313567	-10.2881792	Hammamet
11.32027679	36.56569157	-9.7050244	Hammamet
