15.923799	36.94499999	-5.9999998	Lanassa
16.07537548	36.73784833	-16.7482761	Lanassa
16.11032626	36.67457626	-11.0102385	Lanassa
16.03530745	36.79378542	-20.854095	Lanassa
15.92515832	36.94558415	-7.0521599	Lanassa
15.97129801	36.88459457	-17.7567215	Lanassa
16.11886307	36.6707714	-14.7445785	Lanassa
16.15567756	36.61575758	-15.2156997	Lanassa
16.14364157	36.61085415	-6.0000003	Lanassa
15.94737728	36.92974036	-16.3916253	Lanassa
16.16324592	36.61846211	-20.8540095	Lanassa
16.0565763	36.73767335	-6.0000081	Lanassa
15.96914972	36.87851393	-14.4977368	Lanassa
16.0026155	36.80417259	-6.7984192	Lanassa
15.95330414	36.93188215	-20.8540213	Lanassa
16.11106363	36.67712114	-12.4275088	Lanassa
15.92810089	36.94684859	-9.3297761	Lanassa
15.96989737	36.86839423	-11.8488317	Lanassa
16.20777298	36.55405184	-20.8540213	Lanassa
16.13544174	36.64251114	-13.9469603	Lanassa
16.09639912	36.71493955	-17.7099207	Lanassa
16.01936979	36.78148448	-6.0001892	Lanassa
16.16895143	36.58671009	-11.1462993	Lanassa
15.96669323	36.87720003	-12.5156463	Lanassa
16.09377347	36.72217065	-19.6301121	Lanassa
16.0247464	36.80700245	-20.8540115	Lanassa
15.97573143	36.87084379	-16.3483723	Lanassa
16.01037257	36.8078167	-12.9498024	Lanassa
15.93062768	36.94793434	-11.2855559	Lanassa
15.93632823	36.91905022	-6.0000003	Lanassa
15.94367205	36.92717631	-13.2227669	Lanassa
16.15549557	36.59916448	-8.3241214	Lanassa
15.95130716	36.88802172	-5.9999993	Lanassa
15.98475836	36.82559008	-6.0000564	Lanassa
16.21430366	36.53126108	-15.4694385	Lanassa
16.03407987	36.79253312	-19.5666902	Lanassa
16.1418204	36.6420872	-17.6559553	Lanassa
16.17113439	36.60687817	-20.8541228	Lanassa
16.03943394	36.75901608	-6.5616668	Lanassa
15.98255442	36.87128721	-20.8542932	Lanassa
15.96142538	36.89643652	-15.0918993	Lanassa
16.11473324	36.67103645	-12.3315653	Lanassa
15.9338582	36.94932238	-13.7859826	Lanassa
15.97205648	36.86913147	-13.4626806	Lanassa
15.96538796	36.86214996	-6.9694221	Lanassa
16.13603538	36.63304382	-10.4988123	Lanassa
16.09112238	36.72066839	-17.4020086	Lanassa
15.94875026	36.90993552	-11.1439863	Lanassa
15.97462451	36.86787801	-14.7145919	Lanassa
15.96832613	36.86685039	-10.3634278	Lanassa
16.17008982	36.59441492	-15.035414	Lanassa
15.93644903	36.95043554	-15.7912757	Lanassa
15.98961067	36.83879745	-14.1735802	Lanassa
16.21092561	36.53355516	-14.3801437	Lanassa
16.16567614	36.60328036	-16.107043	Lanassa
16.19393069	36.57107266	-19.5077556	Lanassa
16.10679074	36.68487515	-12.7330694	Lanassa
16.16808117	36.57560545	-6.0000071	Lanassa
16.06808194	36.72621364	-7.0026463	Lanassa
16.13197877	36.64518226	-12.8637918	Lanassa
16.13247305	36.63921473	-10.8646887	Lanassa
16.00407882	36.83366201	-20.8540379	Lanassa
16.03326118	36.78713451	-16.6084365	Lanassa
16.01938224	36.81203509	-20.083574	Lanassa
15.93887999	36.95147995	-17.6727854	Lanassa
16.00461255	36.8064522	-8.9987424	Lanassa
15.98582504	36.83197533	-9.4659385	Lanassa
15.94179075	36.95273045	-19.9256448	Lanassa
16.08648179	36.7125664	-10.8646922	Lanassa
15.93891042	36.93207278	-11.6855307	Lanassa
15.9948325	36.84543569	-19.719177	Lanassa
15.95669383	36.91458281	-17.674823	Lanassa
16.12667497	36.63576782	-6.0001526	Lanassa
16.08955633	36.69662809	-6.610407	Lanassa
15.99221884	36.83472504	-14.4172786	Lanassa
15.94299026	36.95324577	-20.8540213	Lanassa
15.92723784	36.93787903	-5.9999998	Lanassa
16.1323757	36.62740359	-5.9999822	Lanassa
16.18672059	36.56544125	-12.8823405	Lanassa
16.03236812	36.78162855	-13.4548989	Lanassa
16.10549688	36.70659044	-20.1314353	Lanassa
15.95804492	36.87406716	-5.9999778	Lanassa
16.18398429	36.57523123	-15.3170257	Lanassa
16.06318719	36.74130025	-11.4983117	Lanassa
16.02866186	36.79503479	-17.5977717	Lanassa
15.98649179	36.86274321	-20.4060803	Lanassa
16.08943762	36.71383823	-13.1546868	Lanassa
15.96392646	36.86493008	-6.9469221	Lanassa
16.20284199	36.54686632	-14.9656006	Lanassa
16.00136681	36.83200692	-18.5366038	Lanassa
15.98134951	36.83005043	-5.9999998	Lanassa
15.9993425	36.83078093	-16.8094241	Lanassa
16.02405937	36.7759431	-6.0000076	Lanassa
15.94493022	36.93900308	-17.6894187	Lanassa
16.01706197	36.78654826	-7.0034876	Lanassa
16.01936981	36.80454961	-16.6252554	Lanassa
15.9716273	36.85596373	-8.7638596	Lanassa
16.00782189	36.79593468	-5.9999822	Lanassa
16.11475403	36.66637341	-10.5451958	Lanassa
16.10773104	36.6742612	-9.3051209	Lanassa
16.20482501	36.5327488	-10.3935408	Lanassa
16.0550186	36.75150073	-11.7814712	Lanassa
15.97402237	36.8583881	-11.0950447	Lanassa
16.07782407	36.73164547	-15.1476007	Lanassa
15.9901727	36.8338451	-12.8328514	Lanassa
16.08428867	36.7097298	-8.3270891	Lanassa
15.97859463	36.87948444	-20.8540164	Lanassa
16.09909941	36.71610126	-19.8018611	Lanassa
16.17676693	36.5814711	-13.6180985	Lanassa
15.97332554	36.86637403	-13.3898798	Lanassa
16.15616001	36.61158496	-13.8022407	Lanassa
16.09429487	36.71592805	-16.9177053	Lanassa
16.02902351	36.7856372	-13.4766433	Lanassa
16.02759199	36.78466702	-12.2016959	Lanassa
16.1897839	36.55426934	-10.1583377	Lanassa
16.15190564	36.59871803	-6.0001746	Lanassa
16.09058776	36.70642244	-10.9374136	Lanassa
16.02875267	36.78913059	-14.9326139	Lanassa
16.12733216	36.67324971	-20.8540081	Lanassa
16.13468983	36.65192033	-17.1126716	Lanassa
16.10095428	36.68333965	-8.5779802	Lanassa
16.14336361	36.64626223	-20.2165945	Lanassa
16.08020278	36.70986448	-5.9999998	Lanassa
16.14100039	36.63997313	-16.3019429	Lanassa
15.96027272	36.91362112	-19.6718953	Lanassa
15.98656482	36.82570343	-7.100846	Lanassa
16.1793613	36.56429338	-8.0052937	Lanassa
16.00817446	36.7983357	-7.3105574	Lanassa
15.94448482	36.91127574	-8.8238142	Lanassa
15.96820759	36.85575453	-6.5469671	Lanassa
16.1643537	36.61141934	-18.6460447	Lanassa
16.17925459	36.59527731	-20.8540178	Lanassa
16.17629201	36.56591376	-6.8478328	Lanassa
16.08320645	36.71115702	-8.3271297	Lanassa
16.19932476	36.53599977	-8.422678	Lanassa
16.15093456	36.63500661	-20.2258118	Lanassa
15.99933205	36.83778381	-19.9256463	Lanassa
16.14668013	36.63348738	-17.0561821	Lanassa
15.93795083	36.94106175	-13.8525164	Lanassa
16.08271734	36.70758687	-6.5507063	Lanassa
16.11916403	36.67897367	-18.0852381	Lanassa
16.16626125	36.59490257	-12.958169	Lanassa
15.94998255	36.91981995	-14.9926893	Lanassa
16.1298631	36.66795156	-20.3526892	Lanassa
15.96786088	36.85479161	-5.9999973	Lanassa
15.9790046	36.86976161	-18.1062591	Lanassa
15.98978555	36.82950073	-10.6728457	Lanassa
16.04279828	36.7538904	-6.0000003	Lanassa
16.16375236	36.58886262	-8.9466267	Lanassa
15.95435325	36.89498353	-10.1080676	Lanassa
16.1094914	36.6673615	-7.7213772	Lanassa
16.04044151	36.78747731	-20.8540589	Lanassa
15.98152938	36.86951731	-19.6131443	Lanassa
16.18776986	36.5771585	-18.3744622	Lanassa
16.14560842	36.62639858	-13.5213931	Lanassa
16.09779407	36.71743348	-19.6285652	Lanassa
16.09424211	36.71401152	-16.0388425	Lanassa
16.11691312	36.67755951	-16.1720098	Lanassa
16.02647122	36.78312108	-10.8275525	Lanassa
16.19098668	36.5441017	-6.730324	Lanassa
16.18160499	36.55849575	-6.9809734	Lanassa
16.18395172	36.5703348	-13.2552186	Lanassa
16.21180884	36.54157933	-18.1838757	Lanassa
16.19512405	36.53623464	-5.9999998	Lanassa
16.03897768	36.76296435	-8.2056658	Lanassa
16.11496857	36.67410891	-13.6623077	Lanassa
16.1108397	36.69983238	-20.8540193	Lanassa
15.99759818	36.8109835	-6.9470056	Lanassa
16.1484119	36.6072047	-7.3728845	Lanassa
16.20378231	36.52672904	-7.3121052	Lanassa
16.08128453	36.70843601	-5.9999998	Lanassa
16.14608834	36.64364926	-20.8543567	Lanassa
15.93370913	36.93656667	-9.7421304	Lanassa
15.97557278	36.84064757	-5.9999998	Lanassa
16.15368062	36.60628912	-10.1560562	Lanassa
16.15639658	36.60124624	-9.7259746	Lanassa
16.16256645	36.60357588	-14.3740712	Lanassa
16.11777143	36.65593989	-8.3586521	Lanassa
16.01692368	36.81121475	-18.2918875	Lanassa
16.12887862	36.65508298	-14.7928911	Lanassa
16.16654891	36.57914401	-6.5616673	Lanassa
16.02068429	36.7932392	-12.1705967	Lanassa
16.205335	36.55461495	-19.6223757	Lanassa
16.07708339	36.71493053	-6.6715252	Lanassa
16.08406132	36.70392946	-5.9999998	Lanassa
16.08705223	36.71091794	-10.4685845	Lanassa
16.13975447	36.63089239	-11.846836	Lanassa
16.09370219	36.70821169	-13.5198481	Lanassa
15.95964786	36.88131154	-9.2709793	Lanassa
16.13490085	36.65744091	-19.3686116	Lanassa
16.12491864	36.65249083	-11.3814846	Lanassa
16.1744589	36.59951303	-19.7623924	Lanassa
16.09975662	36.70319271	-15.3340497	Lanassa
16.09895748	36.68125885	-6.5709641	Lanassa
16.20209	36.526	-5.9999998	Lanassa
16.1377976	36.63788127	-13.5276099	Lanassa
16.17677108	36.57700707	-11.7605801	Lanassa
15.9672822	36.86424948	-8.8719231	Lanassa
16.16749398	36.60513263	-17.957552	Lanassa
16.19179941	36.57597287	-20.2795427	Lanassa
16.15913198	36.58839614	-5.9999964	Lanassa
15.9635698	36.86265323	-6.0002478	Lanassa
16.00727418	36.81026354	-12.2572852	Lanassa
16.02053567	36.79730054	-13.9557741	Lanassa
15.98364898	36.8638143	-18.9895369	Lanassa
16.05436991	36.75802356	-14.5565385	Lanassa
16.21468678	36.54230025	-20.2033841	Lanassa
15.95219543	36.88771134	-6.4734715	Lanassa
15.99674255	36.83667041	-17.9203513	Lanassa
16.18106993	36.56529667	-9.4395244	Lanassa
16.06771185	36.73938627	-13.1425075	Lanassa
16.17740198	36.5622603	-5.9997932	Lanassa
16.01269835	36.82243462	-20.8540354	Lanassa
16.14532856	36.64153943	-19.5342527	Lanassa
15.95307668	36.92857819	-19.6858132	Lanassa
16.05881026	36.76429756	-20.0989446	Lanassa
16.01400536	36.81164683	-16.7971785	Lanassa
16.08071235	36.74008507	-20.8540213	Lanassa
16.08086586	36.71828014	-10.4318364	Lanassa
16.04394026	36.78109278	-19.7585418	Lanassa
16.03295392	36.77352187	-9.8779136	Lanassa
16.1810046	36.58913586	-19.3368977	Lanassa
15.97023294	36.86504412	-10.9946575	Lanassa
15.96625395	36.90505088	-20.8540242	Lanassa
15.97748262	36.84143379	-7.4669309	Lanassa
16.04388485	36.77670355	-17.6120647	Lanassa
16.18760873	36.55305372	-8.3584519	Lanassa
16.12783481	36.63709858	-7.2240442	Lanassa
16.12546946	36.67123011	-18.9415618	Lanassa
16.13912707	36.65461738	-20.8540164	Lanassa
16.04548886	36.77121253	-15.8738482	Lanassa
16.04831541	36.75616073	-10.224116	Lanassa
15.98202748	36.83861427	-9.3537588	Lanassa
16.08412104	36.71950542	-12.8692111	Lanassa
16.09937592	36.71811399	-20.8540213	Lanassa
16.05031786	36.7497736	-8.2822649	Lanassa
16.01057998	36.80286662	-10.7850071	Lanassa
16.15935758	36.60357603	-12.4547299	Lanassa
16.10045757	36.71668554	-20.8540213	Lanassa
16.08933699	36.71190104	-12.2386889	Lanassa
16.09178634	36.71484878	-14.9743045	Lanassa
15.97996745	36.8732392	-19.8050007	Lanassa
15.99428055	36.83561154	-16.0140916	Lanassa
15.95622264	36.89713479	-11.9725581	Lanassa
16.03795101	36.78853219	-19.9443059	Lanassa
15.96346317	36.87772262	-10.6062869	Lanassa
16.13502439	36.639837	-12.6597132	Lanassa
15.96924933	36.8832665	-16.0318706	Lanassa
16.07817897	36.71708893	-8.3333191	Lanassa
15.98325158	36.83086855	-7.4730242	Lanassa
15.98808977	36.86112218	-20.8540227	Lanassa
15.93243872	36.9439716	-11.2197957	Lanassa
16.19714001	36.56311232	-18.1771887	Lanassa
16.13223281	36.6291555	-6.6321111	Lanassa
16.102681	36.67369151	-6.0000613	Lanassa
16.06259091	36.75537087	-17.9424138	Lanassa
16.12022349	36.64594581	-6.0000164	Lanassa
15.9839914	36.85116328	-14.8772107	Lanassa
16.09123254	36.69965467	-8.7793357	Lanassa
15.97527235	36.8838598	-20.0780564	Lanassa
16.15851048	36.62210777	-19.5036199	Lanassa
16.05467077	36.74189892	-6.956242	Lanassa
16.15241802	36.63436724	-20.8540134	Lanassa
16.00053103	36.83829937	-20.8540213	Lanassa
16.00861753	36.81579046	-15.5073352	Lanassa
16.00880386	36.82049695	-17.7199807	Lanassa
15.96085144	36.87355238	-7.6412883	Lanassa
16.16296014	36.60945203	-17.0106008	Lanassa
15.94015084	36.94308921	-15.8903025	Lanassa
15.99825446	36.82699989	-14.4859699	Lanassa
15.99156902	36.84040165	-15.9506472	Lanassa
16.19530527	36.57234829	-20.8538562	Lanassa
16.22000362	36.53371599	-19.88851	Lanassa
16.13793388	36.64108988	-14.9125242	Lanassa
16.07260985	36.74817345	-20.1569734	Lanassa
15.99118486	36.8467323	-17.8743181	Lanassa
15.95966065	36.91871084	-20.8540232	Lanassa
16.01345952	36.79530189	-8.9576424	Lanassa
15.95408362	36.88964253	-8.2818714	Lanassa
16.12155969	36.68241013	-20.8542107	Lanassa
16.11799273	36.68576033	-19.9291697	Lanassa
16.02337764	36.78273545	-8.8843269	Lanassa
16.13892646	36.64371485	-16.5324885	Lanassa
15.93700087	36.92512655	-8.311657	Lanassa
16.00522632	36.83079249	-20.2397693	Lanassa
16.1920899	36.56837785	-17.2966848	Lanassa
16.09114688	36.72780263	-20.8540213	Lanassa
16.16849631	36.60889224	-20.105344	Lanassa
16.10100561	36.70751242	-17.7286804	Lanassa
15.97811314	36.86298773	-15.2342494	Lanassa
15.99363255	36.82796983	-12.2286602	Lanassa
16.0629916	36.73824494	-9.9146594	Lanassa
16.0642208	36.74763897	-15.1406508	Lanassa
15.9586641	36.89726374	-13.5778777	Lanassa
16.00652939	36.80816499	-10.8865073	Lanassa
16.18717383	36.56177127	-11.656912	Lanassa
16.20850806	36.52876475	-10.9760972	Lanassa
15.97721271	36.86804452	-16.3977876	Lanassa
16.0972645	36.6988019	-12.151266	Lanassa
16.12055835	36.66411048	-13.2057394	Lanassa
16.18330019	36.56667327	-11.3411543	Lanassa
16.14168032	36.64519646	-18.7838562	Lanassa
16.12977385	36.63805257	-8.7727488	Lanassa
15.94591042	36.94719801	-20.8540213	Lanassa
16.12416444	36.66781462	-16.8306795	Lanassa
15.99676767	36.84520424	-20.8540213	Lanassa
16.03284826	36.78427038	-15.0022177	Lanassa
16.03826571	36.78542	-18.6290813	Lanassa
15.98789357	36.82830177	-9.0358162	Lanassa
16.21209385	36.53576439	-15.9819795	Lanassa
15.97237753	36.89236591	-20.8540213	Lanassa
16.02941455	36.79098584	-16.1641719	Lanassa
16.02142513	36.78103934	-6.9593948	Lanassa
16.13201585	36.63646394	-9.4909236	Lanassa
16.19957734	36.55498976	-16.3243284	Lanassa
16.10498361	36.67171236	-6.6545667	Lanassa
16.10555229	36.67403623	-7.8877742	Lanassa
15.99365655	36.81400818	-5.9999866	Lanassa
16.19994628	36.56554704	-20.8540252	Lanassa
15.98470951	36.84304899	-12.5527894	Lanassa
16.03487472	36.77471351	-11.5420316	Lanassa
16.01520298	36.81717751	-19.9643948	Lanassa
15.94461691	36.90187755	-6.0000042	Lanassa
16.09160579	36.71287724	-13.9964147	Lanassa
16.02274716	36.80512159	-18.835574	Lanassa
16.04449724	36.76619698	-12.8943465	Lanassa
16.093548	36.68853088	-5.9999944	Lanassa
16.09895644	36.69128914	-10.3533111	Lanassa
15.98788701	36.83286211	-11.0627454	Lanassa
16.15812031	36.59186139	-6.8417205	Lanassa
16.02755213	36.80214201	-20.2312283	Lanassa
15.99757607	36.81491972	-8.6907561	Lanassa
16.07064367	36.75193348	-20.85403	Lanassa
16.03258466	36.76591209	-5.9999988	Lanassa
16.17383776	36.57452149	-8.9771892	Lanassa
16.06138665	36.76283172	-20.8540222	Lanassa
16.19862428	36.56625633	-20.3495774	Lanassa
16.22124901	36.53425234	-20.8540213	Lanassa
16.15674711	36.61934995	-17.3215486	Lanassa
16.1095026	36.68698135	-15.1878334	Lanassa
16.00611777	36.81480377	-13.6142877	Lanassa
16.2068517	36.53606756	-12.9628223	Lanassa
16.00022258	36.80545241	-6.0001101	Lanassa
16.12736031	36.643313	-9.3313372	Lanassa
16.08087381	36.71015324	-6.5198904	Lanassa
16.01308628	36.8086169	-14.8862908	Lanassa
16.11213846	36.69018511	-18.0104793	Lanassa
16.103234	36.71217907	-20.8540213	Lanassa
16.02311601	36.78695879	-10.6805994	Lanassa
16.0196774	36.81334588	-20.8541189	Lanassa
16.21738514	36.53258827	-17.8584602	Lanassa
16.14380143	36.63317713	-15.204856	Lanassa
15.9623844	36.90012392	-16.8484722	Lanassa
16.18826659	36.58239528	-20.8540286	Lanassa
16.00058204	36.81594605	-10.8989243	Lanassa
16.06831889	36.72945306	-8.6984802	Lanassa
16.19376608	36.55417812	-12.5090808	Lanassa
16.13194924	36.63297872	-8.0223513	Lanassa
15.9509948	36.91221822	-13.2893054	Lanassa
16.04919012	36.77718839	-20.8540154	Lanassa
16.20632079	36.52782254	-9.280263	Lanassa
16.08421251	36.7347776	-20.2815222	Lanassa
16.11381454	36.67843871	-14.6091861	Lanassa
16.21101468	36.52984444	-12.9194982	Lanassa
15.94182528	36.92112201	-10.165315	Lanassa
16.19944069	36.54256178	-11.1698958	Lanassa
16.12329545	36.67769244	-20.1145242	Lanassa
16.10810168	36.66509209	-6.000011	Lanassa
15.93763702	36.91793398	-6.4935862	Lanassa
16.18904439	36.56712591	-14.9602953	Lanassa
15.98234878	36.84251102	-10.8879007	Lanassa
15.96577745	36.90061933	-19.1767542	Lanassa
15.96527938	36.86903853	-9.0845457	Lanassa
15.94493105	36.94513198	-19.5867879	Lanassa
16.10626473	36.68029787	-10.6836609	Lanassa
16.17669084	36.5896878	-16.9969959	Lanassa
16.1148589	36.65577437	-6.5214382	Lanassa
16.07498556	36.72740866	-11.4952141	Lanassa
16.16065498	36.5983548	-11.0628469	Lanassa
16.123605	36.64395468	-7.2912215	Lanassa
16.14017701	36.62255193	-8.6957566	Lanassa
15.92976947	36.93679882	-7.2885086	Lanassa
16.03535458	36.78788786	-18.1556052	Lanassa
15.9767577	36.8607257	-13.610365	Lanassa
16.07941963	36.73724442	-18.7514412	Lanassa
16.14811717	36.61697958	-11.1814934	Lanassa
16.2174138	36.53988796	-20.8540213	Lanassa
16.08700828	36.7213124	-15.378148	Lanassa
16.07230375	36.71916388	-5.9999998	Lanassa
15.94527307	36.90445445	-7.2185051	Lanassa
16.02834028	36.77441923	-7.6935203	Lanassa
16.19308129	36.55987793	-14.4250177	Lanassa
16.18529358	36.5506739	-6.0000032	Lanassa
16.15283159	36.59899792	-6.6685261	Lanassa
16.15077796	36.6314287	-18.6723362	Lanassa
16.20008577	36.53075934	-6.7403797	Lanassa
15.98099997	36.86252007	-16.8852166	Lanassa
