11.89102096	36.261	-3.9999994	LinosaN
11.88853929	36.25625558	-5.0608812	LinosaN
13.06403341	35.84054329	-16.2014862	LinosaN
13.38280497	35.72229279	-8.5033401	LinosaN
12.69026292	36.01542961	-10.5317249	LinosaN
12.82332207	35.97734853	-10.8984333	LinosaN
12.84815033	35.9722924	-10.5276666	LinosaN
12.6026426	36.06879276	-4.7577367	LinosaN
13.08090018	35.88729092	-6.5344771	LinosaN
13.22725153	35.81475577	-4.4113626	LinosaN
12.58287832	36.0621988	-7.0960426	LinosaN
13.5900758	35.61018145	-15.017453	LinosaN
13.17852649	35.83882076	-5.0852381	LinosaN
12.1668244	36.12171997	-12.0574193	LinosaN
12.74575352	36.01923493	-6.8355563	LinosaN
12.92659899	35.91159503	-15.3824828	LinosaN
11.88448776	36.24850926	-6.792932	LinosaN
12.73158957	35.997901	-11.7603995	LinosaN
13.47777131	35.65242451	-14.9406585	LinosaN
13.64561046	35.60690927	-11.9701401	LinosaN
13.77078506	35.55019925	-14.3889222	LinosaN
11.88117095	36.24216651	-8.2110462	LinosaN
13.4254405	35.6937154	-10.7861196	LinosaN
12.09572356	36.12702608	-13.8185392	LinosaN
12.07684608	36.17234615	-6.8037582	LinosaN
13.37337491	35.74870674	-4.5006712	LinosaN
12.8472422	35.9748342	-10.1163045	LinosaN
12.02020346	36.17202393	-11.0137914	LinosaN
12.25995959	36.08252695	-16.274556	LinosaN
12.76834358	35.96115166	-16.9903802	LinosaN
13.07110146	35.90783908	-3.9999989	LinosaN
13.13104737	35.85923752	-6.3273895	LinosaN
13.48916112	35.64756819	-15.0523583	LinosaN
12.26869591	36.1212627	-8.0797909	LinosaN
13.11849312	35.86624112	-6.3829266	LinosaN
11.877196	36.23456451	-9.9106239	LinosaN
13.72765948	35.59212131	-9.3395748	LinosaN
12.93778395	35.95919142	-5.8426712	LinosaN
12.59619911	36.07442166	-4.000225	LinosaN
12.56535041	36.02649439	-15.015596	LinosaN
13.06547636	35.87815914	-9.6318717	LinosaN
11.87436059	36.22914116	-11.1230584	LinosaN
13.54150545	35.65183893	-10.6024294	LinosaN
13.22516117	35.81796945	-3.9999994	LinosaN
12.2898154	36.1238459	-6.7117416	LinosaN
12.84047405	35.97577807	-10.2922161	LinosaN
12.56980306	36.01517541	-16.9904544	LinosaN
12.69581031	36.04732389	-3.9999999	LinosaN
13.76213869	35.60839896	-3.9999989	LinosaN
13.32469686	35.77009772	-4.5845682	LinosaN
13.36999669	35.68653413	-15.9944505	LinosaN
12.8508047	35.93562229	-16.9903255	LinosaN
11.87109504	36.22289426	-12.5195257	LinosaN
12.38946493	36.11541073	-4.4492513	LinosaN
12.780711	35.9639136	-15.7924916	LinosaN
12.03218656	36.15011665	-14.1923744	LinosaN
13.32080005	35.75513298	-7.6021244	LinosaN
12.44815837	36.04542779	-16.2610111	LinosaN
12.0639892	36.18845959	-4.7621698	LinosaN
13.08900766	35.82693655	-16.0355521	LinosaN
11.86681731	36.21470988	-14.3490038	LinosaN
13.05869822	35.87471557	-10.8957271	LinosaN
13.6535171	35.62098742	-8.7969697	LinosaN
11.97845327	36.21945928	-5.2882152	LinosaN
12.14463258	36.12080992	-13.1274342	LinosaN
13.21542614	35.79956017	-8.1136195	LinosaN
11.86279297	36.20700927	-16.0702279	LinosaN
12.92862394	35.90187468	-16.9903802	LinosaN
12.89860637	35.92551419	-15.0594144	LinosaN
13.55632171	35.67242219	-5.7320511	LinosaN
12.58224303	36.03257868	-12.9254627	LinosaN
11.94563777	36.1724061	-16.4075062	LinosaN
12.03320272	36.17307248	-9.8673239	LinosaN
13.03247744	35.90534914	-8.1596273	LinosaN
13.05358044	35.90267806	-6.6278468	LinosaN
11.86064178	36.20289239	-16.9903802	LinosaN
13.25409361	35.7330668	-16.9903812	LinosaN
12.43078824	36.08149451	-9.6751673	LinosaN
13.28497947	35.73687756	-13.800295	LinosaN
12.35136816	36.11752985	-5.5365189	LinosaN
13.66779159	35.57247324	-16.9903807	LinosaN
11.91799828	36.19359449	-14.5100301	LinosaN
12.90691325	35.98270307	-4.0000003	LinosaN
12.72283616	36.0368774	-4.6034408	LinosaN
13.68597596	35.56609465	-16.9902962	LinosaN
12.37722303	36.08169363	-11.7691953	LinosaN
12.20770184	36.1293076	-8.8879696	LinosaN
12.03378419	36.20062209	-4.7225897	LinosaN
12.06395485	36.12552182	-16.4173172	LinosaN
13.56309079	35.65470989	-8.5601655	LinosaN
12.23106785	36.0951681	-14.8696336	LinosaN
12.52569137	36.07502813	-6.9796686	LinosaN
12.8842775	35.97623434	-6.9620777	LinosaN
12.54380724	36.06916247	-7.3788529	LinosaN
12.63313556	36.02287267	-12.1169586	LinosaN
11.98464993	36.17421282	-13.2122738	LinosaN
12.09918713	36.12351307	-14.392305	LinosaN
12.92590133	35.97447225	-3.9999994	LinosaN
12.83056287	36.00526104	-5.0561449	LinosaN
11.96600517	36.19091099	-11.487739	LinosaN
13.5728257	35.66539575	-5.8890174	LinosaN
13.40499072	35.6833185	-14.1287726	LinosaN
13.00119133	35.91113818	-9.5777448	LinosaN
12.20846101	36.1194875	-10.8470128	LinosaN
13.06166915	35.83730436	-16.9903802	LinosaN
13.38745043	35.70874719	-10.5709798	LinosaN
13.23965782	35.75307776	-14.5465658	LinosaN
12.70017107	35.99106354	-14.7674027	LinosaN
13.02169814	35.87509224	-14.5113783	LinosaN
12.98476488	35.91730671	-9.7529799	LinosaN
12.84832483	35.98594739	-7.8862889	LinosaN
12.53990512	36.08468796	-4.4269227	LinosaN
12.70095849	36.00679555	-11.6501	LinosaN
12.39833555	36.10810181	-5.5771131	LinosaN
13.7533742	35.54248304	-16.9903822	LinosaN
12.14569547	36.10455087	-16.3787494	LinosaN
13.6399798	35.59100471	-15.3368143	LinosaN
13.43881425	35.65912889	-16.3468641	LinosaN
13.49220761	35.63986397	-16.2752137	LinosaN
12.82100243	35.99844779	-6.8971256	LinosaN
13.05809555	35.86232692	-13.0722945	LinosaN
12.45003107	36.10571631	-3.9999437	LinosaN
12.03847308	36.20266896	-3.9999999	LinosaN
13.14514907	35.8513702	-6.2668929	LinosaN
13.36028045	35.75233319	-4.9076351	LinosaN
12.59411454	36.01203083	-16.3124447	LinosaN
13.02400389	35.90385739	-9.1000786	LinosaN
13.20000819	35.7703905	-14.6304808	LinosaN
12.88500157	35.93328827	-14.7184173	LinosaN
12.55429854	36.08373013	-3.9999994	LinosaN
12.23210342	36.08750898	-16.3794266	LinosaN
13.39279552	35.74008736	-4.4817318	LinosaN
12.90798655	35.92719669	-14.0134183	LinosaN
13.63542764	35.63898376	-6.6007816	LinosaN
12.103549	36.16393754	-6.4032281	LinosaN
12.04874527	36.16487639	-10.246209	LinosaN
13.03210816	35.89480603	-10.1054628	LinosaN
12.97860171	35.88281998	-16.5100072	LinosaN
13.03387882	35.86954984	-14.251546	LinosaN
12.62825353	36.01170266	-14.560774	LinosaN
12.7609514	35.9660777	-16.4206986	LinosaN
13.58669584	35.62664609	-12.1403237	LinosaN
13.21968133	35.82115791	-3.9999334	LinosaN
12.42271122	36.04697357	-16.9903744	LinosaN
13.54099746	35.67795224	-5.7712933	LinosaN
13.80430704	35.53569708	-14.9065062	LinosaN
12.07342893	36.14948719	-11.286453	LinosaN
12.54075298	36.05546532	-10.2624461	LinosaN
12.31068904	36.10624559	-9.4416443	LinosaN
13.01791198	35.86792212	-16.1134559	LinosaN
13.82053929	35.53101008	-14.7170658	LinosaN
11.86647437	36.20058586	-16.9903817	LinosaN
12.02052003	36.20724076	-4.4681961	LinosaN
13.17857278	35.81522617	-9.1102271	LinosaN
13.57756068	35.60408765	-16.9902821	LinosaN
13.50440804	35.64237818	-14.955221	LinosaN
12.15118947	36.12854705	-11.298294	LinosaN
12.13750962	36.15190021	-7.1122782	LinosaN
13.76745435	35.5972491	-5.7493041	LinosaN
12.11066406	36.1555538	-7.4424508	LinosaN
13.33844298	35.71666808	-13.115256	LinosaN
12.51498319	36.06388779	-9.678894	LinosaN
12.88463026	35.97034414	-8.0060443	LinosaN
12.11302337	36.16005755	-6.4356957	LinosaN
12.6391629	36.06002617	-4.5304403	LinosaN
13.57214937	35.67578556	-3.9999979	LinosaN
13.5196316	35.63195582	-15.8346097	LinosaN
13.30891512	35.76962567	-5.9485565	LinosaN
12.3016891	36.13488742	-4.0000028	LinosaN
12.1796418	36.15896238	-3.9999999	LinosaN
12.66440714	36.0155972	-11.8754188	LinosaN
12.26798162	36.08658544	-15.1318099	LinosaN
12.10782209	36.15012954	-8.6548605	LinosaN
12.31946396	36.13137568	-3.9998924	LinosaN
13.83941111	35.58132071	-4.0000008	LinosaN
12.00690366	36.14795052	-16.4457328	LinosaN
11.97472456	36.17109019	-14.5180902	LinosaN
12.55605205	36.05822236	-9.0500108	LinosaN
12.55959269	36.01793753	-16.9903802	LinosaN
12.78288067	36.02118191	-4.4803734	LinosaN
13.39736309	35.704207	-10.7387688	LinosaN
12.69608564	36.02926018	-7.5175531	LinosaN
12.08624237	36.14105642	-11.9078941	LinosaN
13.81734767	35.52499791	-16.0594032	LinosaN
12.72195905	36.01400511	-9.1230376	LinosaN
12.24483696	36.11634605	-10.0297023	LinosaN
12.78555169	35.95646747	-16.9903802	LinosaN
13.58986746	35.61825048	-13.5113956	LinosaN
11.87993448	36.22990648	-10.5729975	LinosaN
11.94349723	36.23164667	-5.5933504	LinosaN
12.11439957	36.172619	-3.9999593	LinosaN
12.34900383	36.09577618	-10.0391748	LinosaN
13.04824489	35.92116532	-3.9999994	LinosaN
13.09587689	35.88276691	-5.8145936	LinosaN
11.93081534	36.23904524	-5.1522206	LinosaN
12.01318717	36.14252274	-16.9903817	LinosaN
13.10592831	35.88417325	-4.572389	LinosaN
13.12112124	35.8786576	-3.9999994	LinosaN
13.11455894	35.82594722	-13.6568009	LinosaN
13.73077916	35.5677626	-13.7211354	LinosaN
13.10726588	35.82023988	-15.3583983	LinosaN
13.2021107	35.8020624	-9.0121241	LinosaN
13.12711417	35.8310527	-11.5340646	LinosaN
12.31730723	36.12991784	-4.3814715	LinosaN
13.46373679	35.68728269	-9.374771	LinosaN
13.60040942	35.66151939	-4.6838109	LinosaN
12.46917211	36.09885149	-4.6227845	LinosaN
12.15356948	36.15943442	-4.944848	LinosaN
13.00863191	35.91408392	-8.4546183	LinosaN
12.47184208	36.09029361	-6.2273377	LinosaN
12.83286438	35.9475691	-16.2109574	LinosaN
13.67523849	35.5851883	-14.1047564	LinosaN
13.61456237	35.65706718	-4.5703583	LinosaN
13.45817516	35.64862311	-16.9903768	LinosaN
13.53927935	35.62854933	-15.0974735	LinosaN
13.47264614	35.64334263	-16.9906722	LinosaN
11.91310441	36.18430056	-16.5898426	LinosaN
12.63373628	35.99778381	-16.9903797	LinosaN
13.79588622	35.59350187	-4.5791532	LinosaN
13.20281554	35.78647383	-11.6030222	LinosaN
13.83889571	35.56557439	-6.9986129	LinosaN
13.37224278	35.6800044	-16.9903802	LinosaN
13.82440054	35.53828247	-13.093266	LinosaN
12.98955491	35.87542011	-16.9903797	LinosaN
12.45636248	36.08382318	-8.1841036	LinosaN
13.30514655	35.77843601	-4.6630506	LinosaN
13.24193674	35.80800246	-4.4424847	LinosaN
12.53510889	36.08783918	-3.9999999	LinosaN
11.90117225	36.2569871	-3.9999979	LinosaN
13.34662323	35.69151921	-16.9903807	LinosaN
12.34629498	36.08949029	-11.4207555	LinosaN
13.59254274	35.59884268	-16.9903792	LinosaN
12.11261218	36.16880288	-4.8365848	LinosaN
13.62892851	35.59767964	-14.8090785	LinosaN
13.10034672	35.81750457	-16.515369	LinosaN
13.71861436	35.57162039	-13.7969168	LinosaN
12.10066318	36.14075403	-10.9065377	LinosaN
12.57640597	36.04990011	-9.8456615	LinosaN
12.99948624	35.93149418	-6.0108026	LinosaN
13.53248046	35.68691723	-4.69485	LinosaN
12.4639235	36.0949635	-5.6255834	LinosaN
12.89615823	35.91932425	-16.3784115	LinosaN
12.40899479	36.08755158	-9.3165837	LinosaN
13.12746894	35.79890034	-16.9903827	LinosaN
13.46715252	35.64978923	-16.1588968	LinosaN
13.69033628	35.5990681	-10.4945189	LinosaN
13.03335084	35.86032367	-15.8804042	LinosaN
12.60595129	36.00534411	-16.9903802	LinosaN
13.36181398	35.68469225	-16.9903802	LinosaN
12.79128931	35.99352036	-9.4417518	LinosaN
13.0942273	35.87452927	-7.3862945	LinosaN
13.40030232	35.73302524	-5.1474833	LinosaN
13.73057337	35.60657684	-6.4248761	LinosaN
13.04068638	35.91769536	-5.2665594	LinosaN
12.83905577	36.00835041	-3.9999999	LinosaN
12.25096011	36.12332077	-8.3720755	LinosaN
13.02623744	35.87637109	-13.8485782	LinosaN
13.58193523	35.63195761	-11.4829198	LinosaN
12.80574316	35.95622753	-15.9626517	LinosaN
12.15730092	36.13561506	-9.6224	LinosaN
12.40913536	36.08164679	-10.5073693	LinosaN
13.74933587	35.60878524	-4.7716434	LinosaN
13.61729616	35.60636759	-13.9403487	LinosaN
13.05226121	35.88957088	-8.9988968	LinosaN
12.80496014	35.98102271	-11.1575647	LinosaN
13.7673301	35.60426739	-4.4357181	LinosaN
13.09174676	35.84396421	-12.8544352	LinosaN
13.07784075	35.83822837	-15.2204408	LinosaN
13.606424	35.64584233	-7.2219034	LinosaN
12.28819999	36.13755143	-3.9999999	LinosaN
13.25704863	35.74154454	-15.2204422	LinosaN
12.37977772	36.09092843	-9.7962812	LinosaN
13.56248945	35.60968798	-16.9903929	LinosaN
12.72341666	35.98527165	-14.6642958	LinosaN
13.30218611	35.73223128	-13.2448209	LinosaN
12.96851206	35.95315056	-4.5169085	LinosaN
13.60353722	35.65389481	-5.8941961	LinosaN
12.25088053	36.09462295	-14.1879771	LinosaN
12.57009548	36.05270761	-9.5533867	LinosaN
13.01544211	35.9356241	-3.9999994	LinosaN
12.68180293	36.0116775	-11.7157485	LinosaN
13.01405394	35.93286348	-4.6116302	LinosaN
13.29112198	35.77850814	-5.7861776	LinosaN
12.19666485	36.15560833	-4.0000003	LinosaN
12.32222231	36.12397313	-5.3898944	LinosaN
13.38837961	35.7271734	-7.1704659	LinosaN
13.75293335	35.5476796	-16.0411366	LinosaN
13.10638024	35.88726006	-3.9999999	LinosaN
13.30749172	35.75390342	-8.9025156	LinosaN
12.78617013	36.01370625	-5.7672328	LinosaN
12.19267576	36.09227121	-16.9903807	LinosaN
11.98312053	36.16125633	-15.723806	LinosaN
13.49624309	35.66160661	-11.9417658	LinosaN
13.42012491	35.68485532	-12.8077499	LinosaN
12.91123118	35.91237885	-16.4524974	LinosaN
12.50314894	36.07256048	-8.4451454	LinosaN
13.7059072	35.61004629	-7.3991507	LinosaN
13.41199295	35.70349823	-9.8727343	LinosaN
13.24268326	35.76513084	-12.1250769	LinosaN
13.41036716	35.69704788	-11.1913919	LinosaN
13.33051907	35.70623814	-15.6399227	LinosaN
13.33282669	35.76968655	-3.9999989	LinosaN
13.03492264	35.90013386	-8.9147079	LinosaN
12.21073696	36.10255171	-14.1866239	LinosaN
12.85729512	35.98962681	-6.652203	LinosaN
12.99347515	35.8789296	-16.042826	LinosaN
12.09113271	36.13371008	-12.9092359	LinosaN
12.80141111	35.99520376	-8.5740353	LinosaN
13.19147298	35.76153926	-16.9903031	LinosaN
12.46369225	36.06818747	-11.0202297	LinosaN
12.7651783	35.99462096	-10.6156224	LinosaN
13.2940136	35.71514968	-16.9903807	LinosaN
13.83304016	35.57144448	-6.2800819	LinosaN
13.42682171	35.72697701	-4.4641327	LinosaN
12.22667423	36.14969251	-3.9999999	LinosaN
13.58846702	35.64065688	-9.4057972	LinosaN
13.25465245	35.78220139	-8.0730252	LinosaN
12.76056997	35.98144237	-13.4373089	LinosaN
13.21159342	35.80146645	-8.1683561	LinosaN
13.54479908	35.64328309	-11.9667569	LinosaN
12.20211356	36.11064568	-12.8916459	LinosaN
13.14753957	35.84418773	-7.2557137	LinosaN
13.49798344	35.68331918	-7.7745636	LinosaN
12.89197671	35.91777317	-16.9903802	LinosaN
12.76064842	36.01586301	-6.7029464	LinosaN
12.56326295	36.0631091	-7.7577381	LinosaN
13.70776171	35.57600863	-13.6858805	LinosaN
13.16636626	35.84803707	-4.7225902	LinosaN
11.99034975	36.20943691	-6.2719579	LinosaN
12.85937608	35.99783286	-4.9742787	LinosaN
11.95919252	36.16388971	-16.9903763	LinosaN
13.42539462	35.66058783	-16.9903797	LinosaN
13.65239855	35.59061532	-14.5905431	LinosaN
13.48679615	35.66813642	-11.3831537	LinosaN
12.43239448	36.04879557	-16.2353309	LinosaN
12.07565605	36.13456538	-13.8855436	LinosaN
13.67336935	35.59776223	-11.8605331	LinosaN
12.92670833	35.97021031	-4.7117645	LinosaN
12.53401587	36.02341904	-16.9903807	LinosaN
12.55836063	36.02756551	-15.1094813	LinosaN
13.1111474	35.80842043	-16.9903583	LinosaN
12.47808786	36.03790724	-16.4856498	LinosaN
12.9050028	35.96232454	-7.8585489	LinosaN
12.67087926	36.00785873	-13.0438773	LinosaN
11.96486963	36.23179124	-3.9999989	LinosaN
12.8744236	35.99678051	-3.9999994	LinosaN
13.04201333	35.90676469	-7.0826876	LinosaN
11.88355912	36.2220965	-11.7543106	LinosaN
13.6067292	35.66283615	-3.9999994	LinosaN
13.13849393	35.86275227	-4.9850575	LinosaN
13.74742008	35.60142561	-6.284141	LinosaN
12.45955956	36.06238163	-12.3646245	LinosaN
13.14555078	35.86440455	-3.9999803	LinosaN
13.59352805	35.6558277	-6.225495	LinosaN
13.38419312	35.70259152	-11.9457567	LinosaN
13.34813571	35.70757695	-13.970118	LinosaN
11.8757803	36.21428481	-13.7712013	LinosaN
13.25226039	35.73669998	-16.4829437	LinosaN
11.98259893	36.22477358	-4.0000028	LinosaN
12.52242849	36.05020338	-12.1081627	LinosaN
13.47817649	35.66443727	-12.6643473	LinosaN
12.97150861	35.93866366	-6.9153932	LinosaN
13.019024	35.86218588	-16.9904759	LinosaN
12.81815711	35.97091894	-12.4302157	LinosaN
12.17826	36.10792523	-14.39535	LinosaN
12.29552279	36.07197148	-16.9903436	LinosaN
12.38478343	36.11854736	-4.0000008	LinosaN
11.97845657	36.19242726	-10.2939009	LinosaN
13.02009555	35.86356203	-16.6497835	LinosaN
13.81663723	35.57864741	-6.006745	LinosaN
13.80542841	35.52423264	-16.9903797	LinosaN
12.18643256	36.14189734	-7.186703	LinosaN
12.2496432	36.12995988	-7.0798041	LinosaN
13.20376094	35.81630681	-6.4153978	LinosaN
12.73282065	36.03724852	-3.9999696	LinosaN
13.62820492	35.63594962	-7.6488084	LinosaN
11.86727848	36.20377446	-16.3408612	LinosaN
12.96730994	35.89473803	-15.2346488	LinosaN
12.32806804	36.10989286	-8.0110116	LinosaN
13.31692616	35.72045925	-14.1751222	LinosaN
12.85970267	35.93644147	-16.1399168	LinosaN
13.18208731	35.82014821	-7.919442	LinosaN
12.87099168	35.92687269	-16.9903802	LinosaN
12.50116487	36.03045517	-16.9903807	LinosaN
12.52894676	36.06724023	-8.4045509	LinosaN
13.49928586	35.69144725	-6.1666908	LinosaN
13.5918651	35.62529476	-12.0526634	LinosaN
13.23316684	35.77371768	-11.3449776	LinosaN
12.12983003	36.16876961	-4.0000091	LinosaN
13.1296271	35.85312099	-7.5137413	LinosaN
12.64965479	36.01303634	-13.1612635	LinosaN
12.22874508	36.10612555	-12.7431356	LinosaN
13.18877008	35.80591496	-9.6839678	LinosaN
12.09947273	36.17853134	-3.9999994	LinosaN
13.48608211	35.70783973	-4.0000018	LinosaN
13.69450148	35.57236988	-15.2460946	LinosaN
12.56978173	36.0373096	-12.6602335	LinosaN
13.47154888	35.71314287	-3.9999994	LinosaN
13.33189099	35.73390223	-10.5357852	LinosaN
12.49005047	36.07922818	-7.6684327	LinosaN
11.93570634	36.24333024	-3.9999984	LinosaN
12.79535945	35.96631013	-14.544536	LinosaN
12.58879069	36.07343101	-4.5845687	LinosaN
13.22687518	35.75949203	-14.4234276	LinosaN
13.78691392	35.54156147	-14.9506532	LinosaN
13.80701651	35.56519544	-9.1744999	LinosaN
13.51289148	35.65716474	-11.6074923	LinosaN
12.05293719	36.19694772	-3.9999999	LinosaN
12.8265825	35.95819814	-14.4680819	LinosaN
12.88188945	35.9837609	-5.7807645	LinosaN
11.88600927	36.23903394	-8.4370284	LinosaN
12.91673686	35.94301499	-10.4457999	LinosaN
12.46113199	36.0881986	-7.1073216	LinosaN
13.24232254	35.78964008	-7.7279688	LinosaN
12.38666346	36.05406586	-16.9903807	LinosaN
13.56840652	35.62699068	-13.353785	LinosaN
12.30142624	36.11651121	-7.7326627	LinosaN
12.08829419	36.11283256	-16.9903802	LinosaN
13.83572854	35.55961238	-8.3301261	LinosaN
11.96451972	36.22735642	-4.8470819	LinosaN
13.694314	35.58183377	-13.4768954	LinosaN
13.79953283	35.58252284	-6.4059276	LinosaN
12.06042106	36.17507606	-7.5019891	LinosaN
12.96392904	35.88879706	-16.581725	LinosaN
13.80547742	35.52864043	-16.1575077	LinosaN
12.90966097	35.95542214	-8.7469017	LinosaN
12.76697925	35.98601955	-12.2015307	LinosaN
13.19442565	35.75982545	-16.9903802	LinosaN
12.44913587	36.07159541	-10.9501019	LinosaN
12.60367358	36.06090815	-6.2452054	LinosaN
12.08923684	36.12181767	-15.2486576	LinosaN
12.94387333	35.92811181	-11.0154823	LinosaN
13.35891183	35.75797576	-3.9999994	LinosaN
11.95296956	36.18213677	-14.0682223	LinosaN
12.48027554	36.0472386	-14.5167999	LinosaN
12.18763985	36.10112423	-15.3983817	LinosaN
13.64243819	35.6008517	-13.3202606	LinosaN
12.21053493	36.15287458	-3.9999999	LinosaN
12.57918459	36.07330947	-5.0226537	LinosaN
13.52620992	35.65809382	-10.5046621	LinosaN
13.59571904	35.64313611	-8.4380868	LinosaN
12.14652785	36.11225584	-14.784723	LinosaN
12.43320013	36.10902858	-3.9999999	LinosaN
12.03759808	36.15655698	-12.6034215	LinosaN
13.11272351	35.86099346	-7.854494	LinosaN
13.09651391	35.81696173	-16.9903573	LinosaN
13.03903394	35.87324757	-13.1061014	LinosaN
13.64520897	35.64335201	-5.1325995	LinosaN
12.36375195	36.11227342	-6.1089071	LinosaN
12.00059219	36.14750594	-16.9903802	LinosaN
12.76803843	36.02324665	-4.8660252	LinosaN
13.36109665	35.70661252	-13.0932662	LinosaN
13.65346122	35.61039855	-10.7949169	LinosaN
13.57949245	35.62635136	-12.6980755	LinosaN
13.63705	35.61668748	-10.6934289	LinosaN
13.6524583	35.57784922	-16.9903807	LinosaN
12.5841473	36.07733536	-3.9999989	LinosaN
13.58365466	35.66742431	-4.754743	LinosaN
13.40216698	35.72596837	-6.3354027	LinosaN
12.93740298	35.94484193	-8.4830344	LinosaN
13.63712409	35.58322412	-16.9903807	LinosaN
12.64595479	36.02855724	-10.3233386	LinosaN
12.52927476	36.0359938	-14.6683509	LinosaN
13.83344381	35.5810702	-4.4411312	LinosaN
12.12322356	36.16631694	-4.7604789	LinosaN
12.44828822	36.0797083	-9.339695	LinosaN
11.8966714	36.25172258	-5.3051268	LinosaN
13.17701469	35.80059004	-11.7647962	LinosaN
11.98846304	36.15230402	-16.9903905	LinosaN
12.49860856	36.0956504	-4.0000018	LinosaN
12.00311759	36.17123574	-12.4112737	LinosaN
13.00612785	35.86822016	-16.9903885	LinosaN
12.4589394	36.05316983	-14.2420848	LinosaN
12.32647687	36.09483947	-11.1254276	LinosaN
13.14144007	35.80002383	-15.4065018	LinosaN
12.01816144	36.15201408	-14.868619	LinosaN
12.09229992	36.12048643	-15.2799491	LinosaN
11.99663517	36.15489294	-15.9124164	LinosaN
12.33952057	36.07563974	-14.496836	LinosaN
12.11168961	36.1437362	-9.7962793	LinosaN
12.41870089	36.11188023	-3.9999994	LinosaN
12.47702667	36.06522066	-11.0432214	LinosaN
13.77986696	35.58531281	-7.1782459	LinosaN
13.26861088	35.72655242	-16.9903812	LinosaN
12.12626849	36.14000226	-9.9715155	LinosaN
13.18915764	35.78141552	-13.8283863	LinosaN
13.11194083	35.83586994	-12.2231384	LinosaN
13.14296367	35.79293428	-16.4653529	LinosaN
12.12915987	36.11710911	-14.4944696	LinosaN
13.53497681	35.62000208	-16.9903817	LinosaN
12.71597623	35.97539734	-16.9903822	LinosaN
13.32871026	35.69956738	-16.9903812	LinosaN
12.38262165	36.06709428	-14.5120594	LinosaN
12.89458544	35.98444641	-4.6549315	LinosaN
13.45547902	35.660688	-14.9166488	LinosaN
11.97406961	36.21178951	-7.0300768	LinosaN
13.05265661	35.89665957	-7.7482391	LinosaN
13.22364945	35.8151113	-4.6386878	LinosaN
12.67502438	36.04717479	-5.1356424	LinosaN
12.19511547	36.11835822	-11.6088454	LinosaN
12.97395084	35.90074811	-13.6176178	LinosaN
13.21140477	35.79195355	-9.8132079	LinosaN
12.93315539	35.90417201	-16.2150169	LinosaN
12.0852823	36.15157356	-10.0314166	LinosaN
13.71494968	35.56572503	-15.148725	LinosaN
13.48516906	35.65989938	-13.0333924	LinosaN
13.39217005	35.71766344	-8.5790648	LinosaN
13.07623849	35.90064616	-4.7171771	LinosaN
12.71356509	36.02377037	-7.6598988	LinosaN
12.32612929	36.08193777	-13.7536102	LinosaN
12.0846943	36.16021322	-8.4749137	LinosaN
13.66095684	35.64384848	-3.9999999	LinosaN
12.70294454	35.97894019	-16.9903778	LinosaN
12.09611105	36.11129444	-16.9903797	LinosaN
13.58042317	35.60962435	-15.7571991	LinosaN
12.24156659	36.10933907	-11.5797516	LinosaN
12.05084007	36.19348116	-4.7956585	LinosaN
12.37138594	36.11782788	-4.6792879	LinosaN
13.78413397	35.60069485	-4.0000003	LinosaN
13.44860992	35.70567192	-6.9654605	LinosaN
12.40974769	36.05831912	-15.2089398	LinosaN
13.51745028	35.64907473	-12.7969237	LinosaN
12.38996118	36.08511003	-10.569614	LinosaN
12.65373472	36.02202488	-11.1866574	LinosaN
13.29132605	35.78542662	-4.5202923	LinosaN
13.17539561	35.77447993	-16.3841639	LinosaN
13.75022587	35.59431084	-7.4390682	LinosaN
12.06949295	36.14359923	-12.6649908	LinosaN
13.50335776	35.66610761	-10.606138	LinosaN
12.26979411	36.1266371	-6.9471927	LinosaN
12.59133645	36.07092643	-4.9418817	LinosaN
12.40256771	36.09424822	-8.2157843	LinosaN
13.60725645	35.59621833	-16.5140594	LinosaN
13.52180729	35.62493758	-16.9903802	LinosaN
12.0841952	36.18457897	-3.9999999	LinosaN
12.28004653	36.12983656	-5.8890179	LinosaN
13.70810116	35.56110168	-16.4707225	LinosaN
12.83704109	35.95122743	-15.2367665	LinosaN
13.12845229	35.80421766	-15.9843011	LinosaN
11.92917676	36.23199435	-6.5784542	LinosaN
13.82205662	35.58740527	-3.9999994	LinosaN
12.32454834	36.10436421	-9.2719303	LinosaN
12.78849807	36.0059069	-7.1684354	LinosaN
13.39222441	35.71084731	-9.8455104	LinosaN
13.36969667	35.71062922	-11.6710936	LinosaN
12.48960433	36.04157155	-15.2542709	LinosaN
13.82851954	35.54603921	-11.3612148	LinosaN
12.78073937	35.99990698	-8.7543441	LinosaN
11.89362	36.24231334	-7.271954	LinosaN
13.59503809	35.63733293	-9.5747954	LinosaN
13.05007753	35.85967983	-14.3236358	LinosaN
12.4722401	36.05455423	-13.392317	LinosaN
13.46390289	35.70559674	-5.9350248	LinosaN
11.99836861	36.21477008	-4.6958973	LinosaN
12.13021505	36.10892424	-16.1104852	LinosaN
13.55237311	35.68009826	-4.5771258	LinosaN
12.56872152	36.08064068	-3.9999999	LinosaN
12.52703034	36.02751243	-16.4687357	LinosaN
13.26999154	35.73232484	-15.8364691	LinosaN
12.5978095	36.02063207	-14.4340865	LinosaN
12.91152196	35.97823656	-4.4492503	LinosaN
12.93374564	35.93817086	-9.9850474	LinosaN
13.04635001	35.88667683	-10.0824435	LinosaN
13.32123137	35.76212349	-6.3051156	LinosaN
13.61152443	35.6522697	-5.6745326	LinosaN
12.85084372	35.98166162	-8.5899348	LinosaN
13.07057493	35.88412679	-8.1041483	LinosaN
13.55762056	35.62337477	-14.7806629	LinosaN
12.73380352	36.01630801	-8.0432582	LinosaN
13.33933106	35.72455584	-11.6196697	LinosaN
11.9755325	36.20308317	-8.5351311	LinosaN
11.97633287	36.1571007	-16.9903163	LinosaN
12.56259187	36.03385292	-13.6643028	LinosaN
12.59943282	36.03094624	-12.3307484	LinosaN
13.52715831	35.66957711	-8.2983287	LinosaN
12.56174299	36.04870864	-10.7164332	LinosaN
12.16354348	36.11263754	-14.0283043	LinosaN
12.70097699	36.01747192	-9.5618196	LinosaN
13.29225384	35.75731656	-9.520912	LinosaN
11.92305163	36.1995406	-13.038464	LinosaN
13.28131264	35.72085146	-16.9903812	LinosaN
13.47152947	35.69196408	-7.9661317	LinosaN
13.58056424	35.62066114	-13.6831488	LinosaN
13.02111377	35.91267064	-7.7259393	LinosaN
12.63254172	36.03278444	-10.2103495	LinosaN
12.61722965	36.06870184	-3.9999842	LinosaN
13.42440007	35.66658253	-15.936266	LinosaN
13.82327146	35.54655729	-11.6101999	LinosaN
12.82479472	36.01223304	-3.9999994	LinosaN
13.57651358	35.60583487	-16.7305736	LinosaN
12.32984552	36.06880442	-16.2667757	LinosaN
12.94559567	35.91846954	-12.6331908	LinosaN
13.32233686	35.73286969	-11.4965333	LinosaN
12.0151294	36.18290693	-9.3700361	LinosaN
12.86587355	35.95620266	-12.0580958	LinosaN
13.84332489	35.57391105	-5.1366581	LinosaN
13.0158423	35.86399867	-16.9903802	LinosaN
13.14420961	35.78913258	-16.9903802	LinosaN
13.19577845	35.81190837	-7.9620653	LinosaN
13.71790869	35.6017675	-8.1656314	LinosaN
12.44977696	36.10051972	-5.0632328	LinosaN
12.65443299	36.00609676	-14.2637542	LinosaN
12.35209089	36.06410189	-16.334096	LinosaN
13.41693861	35.71605179	-7.1846952	LinosaN
13.3979171	35.72196738	-7.3746061	LinosaN
13.79482783	35.5722692	-8.6471061	LinosaN
12.9663068	35.92486864	-9.8348462	LinosaN
12.36460832	36.12251082	-3.9999989	LinosaN
13.4232169	35.73076981	-3.9999974	LinosaN
13.06678135	35.89754566	-6.1894198	LinosaN
13.1365029	35.83542653	-9.8517624	LinosaN
13.09982659	35.84742012	-11.4586514	LinosaN
13.16116803	35.84072108	-6.4901612	LinosaN
13.17785451	35.79014807	-13.4640343	LinosaN
12.51917157	36.08517394	-5.2212318	LinosaN
12.82352929	35.94612438	-16.9903802	LinosaN
12.89192746	35.9891972	-3.9999999	LinosaN
13.72242176	35.5858543	-10.865278	LinosaN
12.80004462	36.00955743	-5.8403041	LinosaN
12.19101992	36.09511647	-16.4802376	LinosaN
12.96132284	35.9113835	-12.6805519	LinosaN
12.51395785	36.03139689	-16.2508768	LinosaN
12.16955716	36.14111832	-8.0182225	LinosaN
11.90991768	36.23973985	-6.554776	LinosaN
13.32556811	35.74584169	-8.8930438	LinosaN
11.93680345	36.18360826	-14.980931	LinosaN
12.08417022	36.12677983	-14.7025252	LinosaN
12.12618978	36.12345471	-13.3273644	LinosaN
12.52766692	36.05703883	-10.5093989	LinosaN
13.01605859	35.9256084	-5.7726454	LinosaN
13.31331725	35.77844193	-3.9999999	LinosaN
13.19199405	35.78829775	-12.3706927	LinosaN
13.04469343	35.91863244	-4.7793358	LinosaN
12.96135633	35.95909658	-3.9999989	LinosaN
12.30913842	36.0692992	-16.9903822	LinosaN
12.81354121	36.00864902	-5.2997147	LinosaN
13.35780508	35.72244679	-10.5026329	LinosaN
13.74874348	35.58640535	-9.0256544	LinosaN
13.54596585	35.61859943	-16.4842967	LinosaN
13.37648086	35.67842877	-16.9903709	LinosaN
12.55860241	36.06963323	-6.6474676	LinosaN
12.62861674	36.05708627	-5.6664217	LinosaN
12.3454798	36.12343459	-4.5740785	LinosaN
12.61858568	36.06481914	-4.6874095	LinosaN
12.71102946	35.99470917	-13.4771588	LinosaN
13.50100162	35.67609464	-8.9093238	LinosaN
12.30053996	36.09412778	-12.3015759	LinosaN
13.57259916	35.60589448	-16.9902533	LinosaN
13.63151856	35.62569807	-9.3612395	LinosaN
12.55676045	36.0807181	-4.4993187	LinosaN
13.10482774	35.8697254	-7.1501673	LinosaN
12.60067056	36.03776396	-10.9315584	LinosaN
11.95098832	36.23728431	-3.9999999	LinosaN
13.04904168	35.91798126	-4.4657293	LinosaN
12.60864751	36.05003175	-8.1082098	LinosaN
13.13034433	35.81243641	-14.3921358	LinosaN
12.74084981	35.98821492	-13.1619396	LinosaN
11.99687224	36.18551533	-10.2238102	LinosaN
13.7053056	35.62830697	-3.9999994	LinosaN
13.07617261	35.83241214	-16.3801034	LinosaN
12.8317668	35.9639652	-13.06485	LinosaN
12.46385414	36.10118232	-4.3681996	LinosaN
12.61678265	36.02002763	-13.5431937	LinosaN
11.9102141	36.1832815	-16.9903802	LinosaN
12.99352896	35.89523654	-13.073984	LinosaN
13.59143613	35.64755409	-7.9132357	LinosaN
13.57361189	35.61741419	-14.7733773	LinosaN
12.83102597	35.94408182	-16.9903802	LinosaN
12.79993811	36.01595307	-4.5953924	LinosaN
13.05593471	35.91668306	-4.0000326	LinosaN
12.05076962	36.15889374	-11.2056018	LinosaN
12.83533111	35.94453831	-16.59039	LinosaN
13.40944841	35.66994978	-16.326993	LinosaN
13.454297	35.71943638	-3.9999994	LinosaN
13.17708782	35.78271769	-14.809078	LinosaN
13.19626901	35.76331483	-16.2109515	LinosaN
12.52917311	36.04412517	-13.0391402	LinosaN
12.95669915	35.94402196	-7.1095726	LinosaN
12.10358734	36.14204169	-10.4627354	LinosaN
13.60847408	35.59326268	-16.9903807	LinosaN
12.44799211	36.05194981	-14.9579852	LinosaN
13.38219223	35.73967794	-5.41541	LinosaN
12.83427707	35.94278533	-16.9903802	LinosaN
12.74889423	36.00330615	-9.7834258	LinosaN
13.37608452	35.69959959	-13.1433382	LinosaN
12.46149277	36.04472082	-15.8300326	LinosaN
13.01139515	35.86828379	-16.562785	LinosaN
13.06728857	35.86520118	-11.6650013	LinosaN
12.71497096	36.00270897	-11.7035433	LinosaN
12.67163244	36.0203088	-10.5696143	LinosaN
12.06425545	36.17997833	-6.3132333	LinosaN
13.22655508	35.80777391	-5.7290062	LinosaN
13.3011429	35.72601282	-14.4518443	LinosaN
13.76257531	35.55949097	-13.1812223	LinosaN
13.56068656	35.61454772	-16.210951	LinosaN
13.34384561	35.75941103	-4.9621004	LinosaN
12.1680483	36.10222142	-15.9584232	LinosaN
13.68694039	35.62701367	-5.4560057	LinosaN
13.57440258	35.65869785	-7.0270257	LinosaN
13.74963646	35.57024065	-12.010734	LinosaN
12.73469125	35.97480682	-16.1108231	LinosaN
12.70508492	36.04086121	-4.769951	LinosaN
13.21173791	35.77186581	-13.4143895	LinosaN
13.43079067	35.6848319	-12.0838055	LinosaN
12.98068247	35.9507117	-3.9999994	LinosaN
13.24297862	35.77764287	-9.841612	LinosaN
13.20880635	35.79440327	-9.6521044	LinosaN
12.19023296	36.1467333	-6.0551195	LinosaN
12.42987324	36.10063132	-5.8342162	LinosaN
13.08489854	35.84042708	-14.1412928	LinosaN
12.5490691	36.03907062	-13.198306	LinosaN
11.90318677	36.23365128	-8.1758666	LinosaN
12.31047605	36.08221957	-14.3192362	LinosaN
11.95802597	36.18810377	-12.5925958	LinosaN
13.737328	35.5481056	-16.9903822	LinosaN
12.37083781	36.06103846	-16.2082508	LinosaN
12.13615295	36.16185461	-5.1491742	LinosaN
12.19637964	36.10458166	-14.3490028	LinosaN
13.46344064	35.68116656	-10.5398458	LinosaN
12.64590357	36.0345171	-9.1606319	LinosaN
12.98775919	35.93842991	-5.6752176	LinosaN
13.77050457	35.56677756	-11.2861161	LinosaN
13.21990925	35.80803851	-6.2191952	LinosaN
12.92963837	35.93042996	-11.7170982	LinosaN
12.66221781	36.03060166	-9.0581299	LinosaN
12.73048256	35.9714525	-16.9903807	LinosaN
12.58011363	36.04128864	-11.3355822	LinosaN
12.48574163	36.0337569	-16.9903797	LinosaN
12.36236758	36.07018572	-14.6923685	LinosaN
12.51134344	36.04711483	-13.2055794	LinosaN
11.89142226	36.21475361	-12.5384678	LinosaN
13.29641519	35.78602494	-3.9999999	LinosaN
13.54861592	35.61488946	-16.9903812	LinosaN
12.6230923	36.00378116	-16.3841629	LinosaN
12.4355072	36.05458906	-14.9376317	LinosaN
13.52864007	35.67922266	-6.3971327	LinosaN
12.17754944	36.09525379	-16.9903812	LinosaN
12.92481264	35.95676835	-7.3067962	LinosaN
12.58591094	36.06796036	-5.8078358	LinosaN
12.84853041	36.00307453	-4.527058	LinosaN
11.93983501	36.22464723	-7.1582845	LinosaN
12.13863786	36.12670765	-12.1717615	LinosaN
12.03079571	36.13555414	-16.9903788	LinosaN
12.84856208	35.94927426	-14.6835687	LinosaN
13.08254456	35.85487698	-11.9078939	LinosaN
12.05162156	36.18586528	-6.1488241	LinosaN
13.6048011	35.65920109	-4.8118553	LinosaN
12.85410191	35.98357458	-8.0053673	LinosaN
12.29445886	36.13329787	-4.6112923	LinosaN
12.33409179	36.12850258	-4.0000091	LinosaN
13.56725545	35.67396718	-4.6806419	LinosaN
13.39314128	35.67235365	-16.9903832	LinosaN
13.47293009	35.67301446	-11.4173679	LinosaN
11.87622643	36.20636858	-15.2048812	LinosaN
12.51692186	36.09173201	-3.9999999	LinosaN
12.04741659	36.18025481	-7.4959005	LinosaN
13.43862546	35.65575947	-16.9903802	LinosaN
13.30541351	35.76236099	-7.5439383	LinosaN
13.77168901	35.57304244	-10.0283493	LinosaN
13.22251198	35.78936891	-9.3808573	LinosaN
13.61358477	35.63463495	-8.8609267	LinosaN
13.59041114	35.63099657	-11.0739978	LinosaN
12.65188258	36.05347016	-5.1359818	LinosaN
12.66129984	36.04107904	-7.058152	LinosaN
12.68573413	35.98362323	-16.9902787	LinosaN
12.03535906	36.163727	-11.4398675	LinosaN
12.01486364	36.19286436	-7.5452887	LinosaN
12.17788147	36.15689846	-4.4884916	LinosaN
13.08784672	35.89807268	-3.9999994	LinosaN
13.66325203	35.61498608	-9.2847843	LinosaN
13.4798013	35.68007434	-9.6264408	LinosaN
12.21364361	36.14958373	-4.542619	LinosaN
12.41248511	36.0996138	-6.7333937	LinosaN
12.84102475	35.95878146	-13.54793	LinosaN
13.21348503	35.75128094	-16.9903807	LinosaN
13.70701578	35.55872284	-16.9903744	LinosaN
12.6168293	36.02922193	-11.7428078	LinosaN
12.27433215	36.14028948	-3.9999999	LinosaN
13.71850814	35.58017226	-12.193406	LinosaN
13.16687647	35.79829124	-13.1676908	LinosaN
13.46227584	35.67108	-12.5073421	LinosaN
13.65321555	35.58088963	-16.3679247	LinosaN
12.69235555	36.00177087	-13.0905497	LinosaN
12.86355444	36.00148833	-3.9999994	LinosaN
12.27057285	36.13822959	-4.5676537	LinosaN
12.51012472	36.04092177	-14.5022489	LinosaN
13.26320796	35.7568282	-11.9620215	LinosaN
13.37761221	35.68239988	-16.1687767	LinosaN
13.36495647	35.69505976	-14.8648895	LinosaN
12.94929063	35.94070427	-8.297651	LinosaN
13.2874424	35.74415591	-12.2867807	LinosaN
12.85176782	35.95953348	-12.5641795	LinosaN
12.94828752	35.96094929	-4.6941732	LinosaN
12.91046262	35.9342205	-12.540499	LinosaN
13.5135739	35.69772605	-4.0001449	LinosaN
13.474935	35.70032257	-6.1687845	LinosaN
12.49705572	36.04888034	-13.4653871	LinosaN
12.07688341	36.12141383	-16.2298944	LinosaN
13.43146418	35.71817603	-5.7951429	LinosaN
13.50193408	35.63238333	-16.9903792	LinosaN
12.54160248	36.06132444	-9.0486572	LinosaN
12.08306594	36.18097021	-4.7510077	LinosaN
13.81173405	35.57278418	-7.4343326	LinosaN
12.32020625	36.07535404	-15.3232811	LinosaN
12.58004977	36.0568243	-8.2976461	LinosaN
12.43958695	36.0731089	-11.0232582	LinosaN
13.2524532	35.75574704	-13.0283153	LinosaN
13.02976208	35.92638101	-4.5500677	LinosaN
13.01113387	35.87436016	-15.4788968	LinosaN
13.62067193	35.64313085	-6.7929327	LinosaN
12.77878961	35.97389066	-13.9444073	LinosaN
12.73560677	36.03193221	-4.8917318	LinosaN
12.79295101	36.02089892	-3.9999994	LinosaN
13.35358151	35.69184198	-16.3679256	LinosaN
13.16398179	35.85365785	-4.0000003	LinosaN
11.95353781	36.21659442	-7.6454249	LinosaN
13.62107576	35.58884784	-16.9903802	LinosaN
12.94503772	35.950219	-6.9025382	LinosaN
12.15798062	36.15281302	-6.1105985	LinosaN
13.4309546	35.67693614	-13.5506361	LinosaN
13.21142595	35.80790792	-7.0851183	LinosaN
12.84024428	35.96156562	-13.0824413	LinosaN
12.43723901	36.09487814	-6.7063294	LinosaN
12.6636765	36.00012635	-14.9389823	LinosaN
13.33386325	35.71133423	-14.449138	LinosaN
12.29453669	36.11095494	-9.1338989	LinosaN
12.56713251	36.03227338	-13.7860892	LinosaN
12.89291867	35.95057722	-10.9488388	LinosaN
13.05047488	35.85119623	-15.7332962	LinosaN
12.86433297	35.97719252	-8.360235	LinosaN
13.25517972	35.76724107	-10.7319943	LinosaN
13.57721435	35.6500589	-8.4404117	LinosaN
13.71622848	35.6119595	-6.3571654	LinosaN
13.35168799	35.71614863	-12.1352253	LinosaN
11.87997541	36.19719658	-16.6290858	LinosaN
13.78015099	35.55701392	-12.4878944	LinosaN
12.84416601	35.96473808	-12.2164159	LinosaN
13.2144616	35.81242786	-6.0106859	LinosaN
13.31882019	35.72719946	-12.8050423	LinosaN
12.90547534	35.94156447	-11.5980196	LinosaN
12.38941955	36.06088825	-15.4985169	LinosaN
12.87711505	35.92813442	-16.2779398	LinosaN
13.43561795	35.66983444	-14.56145	LinosaN
12.94472873	35.90623338	-14.926805	LinosaN
12.24419591	36.13611781	-6.0500448	LinosaN
12.59016697	36.07604523	-3.9999994	LinosaN
13.43846202	35.72521141	-3.9999989	LinosaN
13.44744071	35.67515963	-12.7571754	LinosaN
12.60813453	36.00957741	-16.0465482	LinosaN
13.79504868	35.55153373	-12.5364399	LinosaN
13.16260115	35.8194289	-9.9840324	LinosaN
12.63517326	36.04076987	-8.5087448	LinosaN
13.25666934	35.78997895	-6.505046	LinosaN
12.85124097	35.97815152	-9.2178028	LinosaN
12.29669178	36.08122554	-15.068806	LinosaN
12.86934277	35.93988329	-14.753599	LinosaN
13.61837167	35.62352082	-10.6386245	LinosaN
13.07776278	35.86526823	-10.6095333	LinosaN
11.96788492	36.18070838	-13.239077	LinosaN
12.45845478	36.07761956	-9.3508113	LinosaN
12.25542087	36.1440219	-3.9999999	LinosaN
13.11526008	35.80957336	-16.3838197	LinosaN
13.03205613	35.91585872	-6.2821107	LinosaN
13.23106797	35.74339596	-16.9903802	LinosaN
13.50132426	35.70227821	-4.0001507	LinosaN
11.92490868	36.17746523	-16.9903817	LinosaN
12.2694744	36.10816211	-10.7022248	LinosaN
13.79302878	35.5613341	-10.8246859	LinosaN
12.64734431	36.04018151	-7.976274	LinosaN
12.56611918	36.0197623	-16.2895858	LinosaN
13.54274523	35.68680089	-3.9999999	LinosaN
12.71327015	36.04256973	-4.0000047	LinosaN
12.91590868	35.91774156	-15.1081292	LinosaN
11.95494758	36.22381265	-6.2051502	LinosaN
13.20364409	35.77727143	-13.0932552	LinosaN
13.36366496	35.72757816	-9.1014309	LinosaN
13.29690853	35.74842227	-10.7495861	LinosaN
13.16080873	35.78480219	-16.075641	LinosaN
12.28428592	36.08387559	-15.0282865	LinosaN
13.60390494	35.61240301	-13.6869671	LinosaN
13.7887564	35.54733174	-13.7427857	LinosaN
13.67840298	35.63447447	-4.6143373	LinosaN
13.03284864	35.88892388	-11.0447957	LinosaN
12.74818436	35.96663727	-16.9903802	LinosaN
12.18345403	36.11492583	-12.76986	LinosaN
13.81003816	35.55599072	-10.7079759	LinosaN
13.1914659	35.83762568	-3.9999999	LinosaN
13.52683621	35.65089574	-11.8023479	LinosaN
13.6019831	35.64019246	-8.5791195	LinosaN
13.0041305	35.88308619	-14.4457547	LinosaN
13.19987136	35.75738436	-16.9903812	LinosaN
12.28046038	36.0900238	-13.9362862	LinosaN
11.95484661	36.20069615	-10.493837	LinosaN
12.08477444	36.11416884	-16.989724	LinosaN
12.86167549	36.00219001	-3.9999994	LinosaN
12.02319144	36.20871217	-4.0000047	LinosaN
13.26719351	35.76224217	-10.6616294	LinosaN
12.87839056	35.96600185	-9.2881675	LinosaN
11.99565585	36.16556714	-14.0074906	LinosaN
13.46775162	35.661446	-13.9362689	LinosaN
12.56562667	36.03922443	-12.4545742	LinosaN
11.92669101	36.18160646	-16.0928949	LinosaN
12.15379871	36.14383818	-8.0960287	LinosaN
12.42195451	36.07353308	-11.640306	LinosaN
13.16255308	35.79126528	-14.7982538	LinosaN
13.60316191	35.62798093	-10.8016647	LinosaN
13.56082413	35.64921981	-9.7414775	LinosaN
13.08356861	35.87127109	-9.0053561	LinosaN
12.8894569	35.94019457	-13.1106888	LinosaN
13.83251009	35.55355311	-9.6832912	LinosaN
12.91273093	35.90877064	-16.9903802	LinosaN
11.88082199	36.19491102	-16.9903802	LinosaN
13.14034433	35.84171783	-8.3944027	LinosaN
11.9422611	36.19833476	-11.8537691	LinosaN
12.85482871	35.98921492	-6.9011856	LinosaN
12.98769993	35.93041708	-7.1371434	LinosaN
12.09587348	36.17115718	-5.6292108	LinosaN
12.07242122	36.11907333	-16.9904188	LinosaN
12.89788838	35.95627528	-9.5202354	LinosaN
13.19914701	35.7773662	-13.523483	LinosaN
12.05798299	36.15085674	-12.1649967	LinosaN
13.26249325	35.80123743	-4.0000003	LinosaN
13.27158708	35.73954838	-14.4031295	LinosaN
12.47374819	36.08285515	-7.6403712	LinosaN
12.04439063	36.14805109	-13.6805396	LinosaN
12.75149856	36.00973946	-8.3869601	LinosaN
13.15153219	35.82989507	-9.2993309	LinosaN
13.64597399	35.64909643	-4.0000003	LinosaN
12.39614012	36.05400555	-16.6250262	LinosaN
12.41863728	36.05258866	-16.0154266	LinosaN
13.51754253	35.66745725	-9.3646218	LinosaN
12.09404384	36.12811202	-13.7319522	LinosaN
12.75221143	36.02636005	-5.0987699	LinosaN
12.95645257	35.90646539	-13.9592921	LinosaN
13.00126453	35.94177899	-3.9999994	LinosaN
12.28581871	36.09705682	-12.2976111	LinosaN
12.64058935	36.04760997	-6.8829178	LinosaN
13.59895581	35.65037066	-6.8627464	LinosaN
11.96917322	36.16521118	-16.0137025	LinosaN
13.12398326	35.84875507	-8.8219378	LinosaN
12.40243595	36.11507806	-3.9999994	LinosaN
12.49487292	36.06471551	-10.3774652	LinosaN
12.18903417	36.12547352	-10.4102793	LinosaN
13.35313563	35.73788944	-8.0939996	LinosaN
13.31483892	35.74415568	-10.0669139	LinosaN
13.37856971	35.71533466	-10.1024356	LinosaN
13.70516519	35.58587937	-11.9985005	LinosaN
12.58805023	36.06515101	-6.2463343	LinosaN
12.57096948	36.03175584	-13.6860296	LinosaN
12.36125235	36.08937003	-10.849719	LinosaN
12.71303771	36.00917854	-10.5411233	LinosaN
12.68597614	36.03814069	-6.3193265	LinosaN
13.5848363	35.62154183	-13.2231632	LinosaN
12.97023728	35.88381017	-16.9903802	LinosaN
12.98539104	35.94565531	-4.5480316	LinosaN
13.03493468	35.92715949	-4.0000008	LinosaN
13.20758828	35.78473386	-11.4261689	LinosaN
13.72924859	35.61595137	-4.7462108	LinosaN
13.48677799	35.69119061	-7.0689386	LinosaN
13.44784215	35.69768328	-8.5134801	LinosaN
13.80669127	35.54344947	-13.2898138	LinosaN
13.78807817	35.53031749	-16.9903807	LinosaN
12.81448102	35.9644046	-13.8992455	LinosaN
13.53004157	35.69155824	-3.9999984	LinosaN
13.55497774	35.68221903	-3.9999999	LinosaN
13.6009615	35.66498607	-3.9999623	LinosaN
12.13714636	36.14385634	-8.756712	LinosaN
12.30411033	36.12637979	-5.6265096	LinosaN
13.29071854	35.72250269	-15.9301766	LinosaN
13.61457859	35.66008879	-4.0000023	LinosaN
13.53705993	35.67048965	-7.4370384	LinosaN
12.77487619	36.02581549	-3.9999994	LinosaN
13.5571529	35.66374348	-7.2914039	LinosaN
12.06327327	36.1603652	-10.0168456	LinosaN
12.54343756	36.0774858	-5.7222391	LinosaN
12.73085245	36.00393864	-10.6190104	LinosaN
13.51332291	35.69217355	-5.0520667	LinosaN
12.75606256	36.03093127	-3.9999994	LinosaN
12.2668331	36.09941375	-12.5797408	LinosaN
13.16634978	35.83013756	-7.7815875	LinosaN
13.39282554	35.73308597	-5.7428763	LinosaN
12.56117189	36.02094051	-16.3192162	LinosaN
12.46542717	36.03810407	-16.9903802	LinosaN
11.91713552	36.22584783	-8.5994067	LinosaN
12.11989862	36.15844448	-6.4884718	LinosaN
12.22636031	36.1149416	-11.0526939	LinosaN
13.49185913	35.68095474	-8.6389774	LinosaN
12.20573515	36.13762019	-7.2824388	LinosaN
12.95718046	35.92313732	-10.8700171	LinosaN
12.18529653	36.13526882	-8.575049	LinosaN
12.2092077	36.14450769	-5.7482884	LinosaN
12.48114792	36.09548497	-4.7838084	LinosaN
12.07195502	36.16577909	-8.3781642	LinosaN
12.05201258	36.17089861	-8.8916903	LinosaN
12.09985822	36.13492163	-12.0540361	LinosaN
12.36074163	36.07791697	-13.1906939	LinosaN
13.25743909	35.77365367	-9.3910082	LinosaN
12.57697584	36.058938	-8.0053668	LinosaN
13.28022916	35.76219469	-9.6142809	LinosaN
13.25556314	35.74862267	-14.0628092	LinosaN
12.43569341	36.04442002	-16.9905062	LinosaN
13.23821572	35.79998035	-6.1928041	LinosaN
13.6682405	35.58034022	-15.4795731	LinosaN
13.53069781	35.64174807	-13.2373778	LinosaN
13.82053005	35.53966885	-13.0878548	LinosaN
12.29145497	36.07647791	-16.239243	LinosaN
13.69997555	35.6177165	-6.346389	LinosaN
12.74942972	35.97925597	-14.4572564	LinosaN
11.98984442	36.19969492	-8.1128998	LinosaN
13.10606282	35.85373254	-9.7587325	LinosaN
13.05626754	35.90985818	-5.1328895	LinosaN
12.09756897	36.1348451	-12.2272423	LinosaN
13.27679358	35.78853538	-5.1359818	LinosaN
13.66909243	35.6058293	-10.6237397	LinosaN
12.89991213	35.97286829	-6.3416517	LinosaN
13.07956636	35.82685756	-16.9903807	LinosaN
12.02292639	36.14220435	-16.335787	LinosaN
13.24003183	35.74442661	-16.0783485	LinosaN
11.99779139	36.19337527	-8.7008647	LinosaN
12.48542426	36.05541712	-12.6521346	LinosaN
12.56484557	36.0737404	-5.5534325	LinosaN
13.53138	35.6241536	-16.4680604	LinosaN
12.39031846	36.09962635	-7.6139642	LinosaN
11.8928485	36.22941271	-9.718474	LinosaN
13.08872744	35.8919675	-4.9553343	LinosaN
13.4261233	35.70397553	-8.8186192	LinosaN
12.30703635	36.07510812	-15.8970301	LinosaN
12.63912102	36.06274953	-3.9999999	LinosaN
13.62960168	35.58984133	-16.2407269	LinosaN
12.44050306	36.06466122	-12.6981566	LinosaN
13.43341449	35.7073947	-7.680608	LinosaN
13.76291899	35.58799332	-7.7915675	LinosaN
12.9481741	35.89338942	-16.9903802	LinosaN
13.44374258	35.6850239	-11.1633153	LinosaN
13.20074461	35.82614989	-5.0351712	LinosaN
13.12652836	35.87131073	-4.7158182	LinosaN
12.67539836	36.05288002	-4.0000003	LinosaN
13.68084715	35.60609568	-9.7976343	LinosaN
12.50849371	36.08045987	-6.6278458	LinosaN
12.11719198	36.11553452	-15.290806	LinosaN
12.42559977	36.06170743	-13.8905992	LinosaN
12.31189901	36.10036872	-10.5843793	LinosaN
13.76748675	35.5807955	-8.845683	LinosaN
12.80692085	36.00048676	-7.2479332	LinosaN
13.00130139	35.93742518	-4.7888949	LinosaN
12.93219963	35.91761184	-13.8463028	LinosaN
12.3183721	36.1176864	-6.8170843	LinosaN
12.06926654	36.190487	-3.9999994	LinosaN
11.90595245	36.19326306	-15.4542015	LinosaN
12.42050969	36.10810901	-4.6921439	LinosaN
12.5776042	36.02576472	-14.5045985	LinosaN
12.08706484	36.11639156	-16.4124413	LinosaN
13.61841749	35.61619491	-12.0154714	LinosaN
13.40193649	35.69329606	-12.4694865	LinosaN
12.16879378	36.14672827	-6.9120101	LinosaN
12.71434063	36.03215381	-5.9794476	LinosaN
12.64984069	35.99340002	-16.9903802	LinosaN
13.73808892	35.5579511	-15.0864759	LinosaN
12.04202597	36.13423538	-16.4115643	LinosaN
13.78353471	35.5342397	-16.5519554	LinosaN
13.31886548	35.706224	-16.5871375	LinosaN
12.25574039	36.1062774	-11.633202	LinosaN
12.54214302	36.03111515	-15.094597	LinosaN
13.57888172	35.64049033	-10.106842	LinosaN
13.69091977	35.6333496	-3.9999994	LinosaN
13.16200116	35.77874864	-16.9903802	LinosaN
12.77951674	35.99112132	-10.5371383	LinosaN
12.62380147	36.0398637	-9.2908735	LinosaN
12.35162126	36.06095476	-16.9903807	LinosaN
12.39904119	36.06703724	-13.8694752	LinosaN
11.91436293	36.24615139	-5.0412601	LinosaN
12.86536871	35.96869961	-9.824021	LinosaN
13.38839897	35.70468385	-11.2610015	LinosaN
12.25418405	36.08013274	-16.9903802	LinosaN
13.40782895	35.71117821	-8.7192027	LinosaN
12.95199008	35.8974595	-15.9491205	LinosaN
12.27825557	36.07537715	-16.9903377	LinosaN
13.14690222	35.82300758	-10.9369988	LinosaN
12.12042843	36.15222034	-7.7286476	LinosaN
12.72393536	35.99404433	-12.9214146	LinosaN
13.62918266	35.61083991	-12.3138443	LinosaN
13.75443193	35.57620499	-10.5713057	LinosaN
13.23106214	35.81532536	-3.9999994	LinosaN
13.34722035	35.70163509	-15.1165863	LinosaN
12.61612178	36.0552501	-6.6900909	LinosaN
12.4968538	36.03552393	-16.1575082	LinosaN
13.20641704	35.82890139	-4.0000116	LinosaN
12.47778554	36.10010382	-3.9999964	LinosaN
12.12298706	36.12955522	-12.2191224	LinosaN
13.39349781	35.74244083	-3.9999994	LinosaN
12.84299347	35.99630275	-6.1457806	LinosaN
12.10280637	36.14743133	-9.5125807	LinosaN
12.42513009	36.09036494	-8.1034652	LinosaN
13.03176547	35.85475208	-16.9903631	LinosaN
12.87062365	35.99256017	-5.0676463	LinosaN
12.3488224	36.10706982	-7.7577389	LinosaN
12.39476396	36.07781935	-11.8554597	LinosaN
12.9873518	35.89130821	-14.2759325	LinosaN
11.94170146	36.17081671	-16.9903792	LinosaN
12.98070063	35.90573207	-12.1785276	LinosaN
12.86823122	35.98449737	-6.7235824	LinosaN
13.39624905	35.72536871	-6.8578626	LinosaN
12.79475457	35.97534578	-12.8104554	LinosaN
12.02306328	36.19818087	-5.9600672	LinosaN
12.86450652	35.9490398	-13.4691083	LinosaN
12.44929644	36.06554696	-12.1679562	LinosaN
12.34289551	36.08451263	-12.5646874	LinosaN
12.00329722	36.20384404	-6.3585101	LinosaN
13.48323515	35.63938671	-16.9903719	LinosaN
12.37574578	36.09814826	-8.4938597	LinosaN
13.3712814	35.73096434	-7.8727572	LinosaN
13.54857573	35.6346	-13.3209361	LinosaN
12.11096192	36.16041654	-6.5114461	LinosaN
11.9037265	36.21283432	-11.9924673	LinosaN
13.57340787	35.61087841	-16.0050726	LinosaN
12.57258434	36.04263672	-11.4694701	LinosaN
13.76838951	35.54061306	-16.3516859	LinosaN
13.81367404	35.58725352	-4.5818607	LinosaN
13.27213953	35.74905338	-12.6423243	LinosaN
12.74851392	35.97016434	-16.2833519	LinosaN
11.89271653	36.20517926	-14.2170709	LinosaN
12.00289258	36.21673809	-3.9998993	LinosaN
12.51517517	36.07222891	-7.9945423	LinosaN
12.40720855	36.05002443	-16.9903802	LinosaN
11.95715729	36.17300221	-15.452513	LinosaN
12.85449832	35.96897352	-10.6311835	LinosaN
12.09894527	36.17557611	-4.5859442	LinosaN
13.68885767	35.59059995	-12.1866529	LinosaN
13.62906046	35.65020666	-4.9066195	LinosaN
13.31102255	35.70751207	-16.9903807	LinosaN
13.65472276	35.63024594	-6.9735792	LinosaN
12.61154404	36.03946084	-10.0215823	LinosaN
13.51562516	35.68370782	-6.4695267	LinosaN
11.88976937	36.19886758	-15.602034	LinosaN
13.7301401	35.55401958	-16.3510101	LinosaN
12.91343806	35.96906901	-5.9661483	LinosaN
12.58323157	36.04900098	-9.661817	LinosaN
12.09720284	36.15595474	-8.3463707	LinosaN
12.22928273	36.14690737	-4.460076	LinosaN
13.02573914	35.88274559	-12.8009718	LinosaN
12.97054259	35.91375865	-11.5208893	LinosaN
13.3439847	35.74857707	-6.9065982	LinosaN
13.68446291	35.62054268	-6.8382616	LinosaN
12.05446585	36.12618341	-16.9903768	LinosaN
13.51699675	35.64100917	-14.3315816	LinosaN
13.27204194	35.76976805	-8.9099579	LinosaN
12.59119724	36.00935711	-16.9903802	LinosaN
13.00380981	35.89714285	-11.9155909	LinosaN
12.11313106	36.10794446	-16.9903802	LinosaN
12.45050416	36.04129631	-16.9903812	LinosaN
12.8432834	35.96732843	-11.7942287	LinosaN
12.23445789	36.12768085	-8.1484652	LinosaN
12.46824796	36.10212895	-4.000284	LinosaN
13.7408643	35.58200276	-10.3744206	LinosaN
13.38106406	35.69667961	-13.2665182	LinosaN
13.74573171	35.56391197	-13.4599745	LinosaN
12.44747838	36.05810995	-13.7433526	LinosaN
13.19202002	35.82069485	-6.8362333	LinosaN
13.62932534	35.65492628	-4.0000003	LinosaN
12.39567104	36.08982429	-9.3869487	LinosaN
13.54504629	35.66040763	-8.7584037	LinosaN
13.16981798	35.81169401	-10.5858527	LinosaN
12.79270296	35.98780275	-10.4843653	LinosaN
11.93408706	36.21984985	-8.4681509	LinosaN
13.40588211	35.7328844	-4.7867137	LinosaN
13.80398755	35.59373844	-4.0000008	LinosaN
13.48578505	35.68585655	-8.1352345	LinosaN
12.48761034	36.08744103	-6.1227782	LinosaN
12.10666373	36.15449318	-7.9226642	LinosaN
12.62033584	36.00143056	-16.9903797	LinosaN
13.4148609	35.72620701	-5.4248885	LinosaN
12.71455065	35.97906191	-16.3496449	LinosaN
12.36173768	36.08370511	-11.9782591	LinosaN
13.19056898	35.76865462	-15.865826	LinosaN
12.10325202	36.1135294	-16.2529081	LinosaN
13.04008388	35.90043976	-8.3560946	LinosaN
12.76563975	36.00248877	-9.0527169	LinosaN
12.58037989	36.01666327	-16.1368583	LinosaN
12.28451656	36.11782463	-8.1433912	LinosaN
13.58577008	35.60348533	-16.5628167	LinosaN
13.82540318	35.55471949	-9.9329503	LinosaN
13.6890896	35.56824516	-16.3800877	LinosaN
13.07241204	35.85103042	-13.574993	LinosaN
13.56493149	35.63974092	-11.2208281	LinosaN
12.37743872	36.11072299	-5.8781917	LinosaN
13.0294986	35.88986556	-11.2096272	LinosaN
12.36209234	36.09714491	-9.240807	LinosaN
12.22367726	36.13376665	-7.3463768	LinosaN
12.73753872	35.98147978	-14.6548182	LinosaN
12.58826047	36.05613581	-7.9987196	LinosaN
13.37041501	35.7379203	-6.6875541	LinosaN
13.02308024	35.87052208	-15.1624837	LinosaN
13.22035621	35.75316444	-16.0939095	LinosaN
13.30820153	35.71425958	-16.0012176	LinosaN
12.44097365	36.04333652	-16.9905072	LinosaN
13.61032039	35.6018668	-15.2481795	LinosaN
13.37671582	35.74997986	-4.0000003	LinosaN
12.24701625	36.14301865	-4.5392357	LinosaN
12.53786162	36.04837639	-11.8111438	LinosaN
12.45135073	36.0921511	-6.6961761	LinosaN
13.10155565	35.83319058	-13.7164017	LinosaN
12.76604898	35.9714846	-15.0925672	LinosaN
11.89466047	36.19173052	-16.5654876	LinosaN
13.26850266	35.780325	-7.2902201	LinosaN
13.58201065	35.61620969	-14.4139686	LinosaN
13.46399029	35.71303115	-4.5372064	LinosaN
13.21618875	35.77759016	-12.0202087	LinosaN
12.06225619	36.13253419	-15.2437831	LinosaN
12.22112569	36.12067698	-10.1000664	LinosaN
12.68357188	35.99405748	-15.066182	LinosaN
12.27704919	36.0782157	-16.4640042	LinosaN
12.08961327	36.11535197	-16.4274945	LinosaN
12.43983864	36.04767726	-16.165431	LinosaN
13.13333399	35.8715287	-3.9999876	LinosaN
12.44003974	36.10622736	-4.2949911	LinosaN
12.33019126	36.06516501	-16.9903802	LinosaN
12.7353774	36.0099916	-9.1948019	LinosaN
13.40302206	35.7381613	-3.9999994	LinosaN
13.70579939	35.62485385	-4.6177152	LinosaN
13.09477351	35.85848605	-10.0723261	LinosaN
13.28099854	35.75363184	-11.0980252	LinosaN
11.93738629	36.19122562	-13.5276332	LinosaN
12.57428453	36.03745644	-12.3951688	LinosaN
13.65893953	35.60310045	-11.8077607	LinosaN
12.21290637	36.08828059	-16.9903807	LinosaN
12.86143384	35.99747007	-4.8985008	LinosaN
12.55232101	36.01949625	-16.9903788	LinosaN
13.19442009	35.79674855	-10.685994	LinosaN
12.19388612	36.15204222	-4.8335492	LinosaN
12.22792536	36.14140208	-5.6297176	LinosaN
12.44233665	36.08849865	-7.7956117	LinosaN
12.01596048	36.16045226	-13.4674156	LinosaN
12.1379759	36.13493602	-10.5310493	LinosaN
12.98028667	35.92464556	-8.7719352	LinosaN
13.39458431	35.71663634	-8.6006496	LinosaN
13.7727472	35.53569264	-16.9903812	LinosaN
13.50380557	35.69844688	-4.5469271	LinosaN
12.47922801	36.07254339	-9.4768905	LinosaN
13.37378128	35.68291288	-16.3408622	LinosaN
12.66520672	35.98921599	-16.9903807	LinosaN
13.28019234	35.79330121	-4.0000003	LinosaN
13.02090193	35.88920218	-12.0093844	LinosaN
12.01950903	36.16563621	-12.2475382	LinosaN
13.01382362	35.90332441	-10.000947	LinosaN
11.95173797	36.23461356	-4.4397787	LinosaN
13.44578853	35.71984398	-4.5047293	LinosaN
13.49256208	35.67542977	-9.6228087	LinosaN
11.93404249	36.2072155	-10.8114924	LinosaN
11.95712396	36.20949796	-8.6968348	LinosaN
12.116777	36.167224	-4.8334901	LinosaN
12.31769516	36.08940989	-12.5749898	LinosaN
12.80595444	35.95091175	-16.9903802	LinosaN
12.80881178	36.01658324	-3.9999999	LinosaN
12.81726739	35.98577654	-9.5731783	LinosaN
13.18451606	35.83037746	-5.9304579	LinosaN
12.94351521	35.96683481	-3.9999994	LinosaN
12.59944219	36.04639748	-9.3084586	LinosaN
12.96677289	35.93182409	-8.5331017	LinosaN
13.09919139	35.86528326	-8.4708563	LinosaN
12.36812699	36.10544132	-7.3193131	LinosaN
12.21075232	36.0941057	-15.8966849	LinosaN
12.67734576	35.98956493	-16.2759144	LinosaN
12.62254169	36.0487859	-7.61295	LinosaN
11.99832466	36.17820176	-11.4721597	LinosaN
13.72551596	35.62122137	-3.9999266	LinosaN
12.24759329	36.10045654	-13.1379203	LinosaN
13.59077611	35.63487561	-10.3216211	LinosaN
13.2224874	35.79945962	-7.5601754	LinosaN
12.11449197	36.13521099	-11.4119585	LinosaN
13.67239961	35.57295608	-16.5952562	LinosaN
13.72330163	35.55301924	-16.9903812	LinosaN
12.05775282	36.14352547	-13.5391361	LinosaN
13.37749953	35.68994199	-14.7712215	LinosaN
13.20340398	35.76151411	-15.9585931	LinosaN
12.38171132	36.05695013	-16.6033763	LinosaN
13.26123948	35.79676125	-4.9100028	LinosaN
13.15240603	35.80533287	-13.4072008	LinosaN
12.23288397	36.08433813	-16.9903812	LinosaN
13.6686525	35.6234721	-7.3301375	LinosaN
11.91724451	36.20854193	-11.796936	LinosaN
13.81513423	35.52082799	-16.9903802	LinosaN
13.15029977	35.85880844	-4.4830794	LinosaN
12.29607893	36.10266007	-10.7523143	LinosaN
12.28330713	36.10554369	-10.6792203	LinosaN
13.60251329	35.61896999	-12.5418542	LinosaN
13.28716954	35.77163821	-7.3468834	LinosaN
12.95454899	35.93282811	-9.3152309	LinosaN
13.70281133	35.60181244	-9.1538003	LinosaN
13.22550366	35.76937591	-12.7495626	LinosaN
11.90487614	36.20467566	-13.4193792	LinosaN
13.38962178	35.67937182	-15.9168045	LinosaN
12.8212314	35.95070558	-16.2173856	LinosaN
11.91773995	36.25043619	-3.9999999	LinosaN
12.83649035	35.95444649	-14.673763	LinosaN
13.49333049	35.69870136	-5.2154886	LinosaN
13.74347098	35.61493531	-3.9999994	LinosaN
13.66486508	35.63304332	-5.7773812	LinosaN
12.09289954	36.16469017	-7.0446383	LinosaN
12.4417588	36.05583388	-14.4373346	LinosaN
13.82583877	35.56413373	-8.1318883	LinosaN
11.9163344	36.21794822	-10.1213791	LinosaN
12.26347508	36.13381528	-5.7457518	LinosaN
12.82451562	35.99093407	-8.1790799	LinosaN
12.65676916	35.99488112	-16.3320648	LinosaN
12.27176714	36.11399928	-9.4282214	LinosaN
13.24740242	35.80800229	-3.9999994	LinosaN
13.66272886	35.59589072	-12.9153246	LinosaN
12.50732149	36.0555155	-11.6907119	LinosaN
11.93834807	36.21243594	-9.5290316	LinosaN
12.55144584	36.04621718	-11.6602655	LinosaN
13.04653789	35.92211951	-3.9999994	LinosaN
13.05353794	35.87045492	-12.1379348	LinosaN
13.12136212	35.84063349	-10.470406	LinosaN
12.16984664	36.130963	-10.0642076	LinosaN
12.339215	36.11547787	-6.4360375	LinosaN
13.18040966	35.84407595	-3.9999994	LinosaN
13.06276265	35.84972779	-14.7593504	LinosaN
13.50147577	35.65026378	-13.6903456	LinosaN
13.0422393	35.91398426	-5.8186537	LinosaN
12.03633789	36.18950761	-6.5940177	LinosaN
12.45325854	36.07401301	-10.2954012	LinosaN
12.03040142	36.18389166	-8.0689662	LinosaN
13.11039755	35.87580844	-5.5558016	LinosaN
13.4784283	35.70803067	-4.4871405	LinosaN
12.97318843	35.94543779	-5.5507269	LinosaN
12.77258375	36.01076927	-7.0642416	LinosaN
12.68491771	36.02791697	-8.3747813	LinosaN
13.73461701	35.57421522	-12.2529507	LinosaN
12.15674994	36.09935335	-16.9903817	LinosaN
13.00977255	35.92146575	-7.0222936	LinosaN
12.78331488	35.98407654	-11.7123623	LinosaN
12.37918516	36.07361074	-13.3287171	LinosaN
13.84602901	35.579	-3.9999994	LinosaN
13.04328474	35.88103616	-11.3517168	LinosaN
13.1553904	35.8135555	-11.7055968	LinosaN
13.50363865	35.68589433	-6.8984864	LinosaN
13.13677329	35.81888985	-12.6494313	LinosaN
13.03883699	35.90754366	-7.2584417	LinosaN
13.44828365	35.68974812	-9.9688094	LinosaN
13.34317486	35.73479675	-9.459681	LinosaN
12.11873192	36.17095299	-3.9999994	LinosaN
13.22359307	35.78266984	-10.5033079	LinosaN
12.2463293	36.08782439	-15.7468221	LinosaN
12.67203935	36.03389348	-7.8917018	LinosaN
13.04808694	35.84523033	-16.9903802	LinosaN
12.74857949	35.99429828	-11.5614845	LinosaN
12.41281307	36.069071	-12.9086449	LinosaN
12.34846758	36.12568037	-3.9999989	LinosaN
13.47787333	35.64489767	-16.3384701	LinosaN
12.95832202	35.95048937	-5.8051214	LinosaN
12.03875065	36.17657719	-8.8118543	LinosaN
12.99098185	35.90809598	-10.9369988	LinosaN
11.92016011	36.23072175	-7.4749264	LinosaN
12.85356207	36.00439997	-3.9999994	LinosaN
13.71410343	35.61767721	-5.4207835	LinosaN
12.69541131	35.98405132	-16.3915716	LinosaN
13.67736548	35.63809962	-4.0000003	LinosaN
12.33762936	36.10162913	-9.305759	LinosaN
13.81752442	35.53347671	-14.4518443	LinosaN
13.70573507	35.59251743	-10.7109432	LinosaN
12.57348283	36.06635402	-6.6657328	LinosaN
12.15593454	36.16363126	-4.0000003	LinosaN
12.24029131	36.14700684	-3.9999999	LinosaN
12.29555391	36.08881611	-13.5765252	LinosaN
12.65621491	36.05809984	-4.0000008	LinosaN
11.98053756	36.18290072	-11.9051584	LinosaN
12.10971189	36.12569302	-13.5310145	LinosaN
13.58790838	35.66987972	-3.9999979	LinosaN
12.54981588	36.02272446	-16.4497899	LinosaN
13.38309059	35.69029165	-14.3177357	LinosaN
12.51633689	36.02720619	-16.9903802	LinosaN
13.38505208	35.6981265	-12.7169405	LinosaN
13.21733072	35.81910661	-4.5844984	LinosaN
12.36662168	36.05800651	-16.9903807	LinosaN
13.30720381	35.73793776	-11.8080986	LinosaN
12.87698997	35.9582942	-10.8010059	LinosaN
13.4185669	35.6785493	-14.0946092	LinosaN
13.68749686	35.61299082	-8.0601673	LinosaN
13.04510799	35.91340277	-5.6403055	LinosaN
13.51245318	35.67758863	-7.8314818	LinosaN
13.73146788	35.60002761	-7.5994195	LinosaN
13.03591204	35.89521421	-9.6645478	LinosaN
13.4079661	35.7363196	-3.9994173	LinosaN
13.33328464	35.6995445	-16.6236732	LinosaN
12.84310625	35.94430705	-16.0174525	LinosaN
13.6420679	35.62807698	-8.2171385	LinosaN
12.64232605	36.00230495	-15.6493949	LinosaN
11.89761788	36.18826612	-16.9903802	LinosaN
13.21502986	35.7611089	-15.0905379	LinosaN
12.92253583	35.94932614	-8.8402702	LinosaN
13.45323992	35.71156838	-5.5453133	LinosaN
13.01755867	35.88015902	-13.9173436	LinosaN
13.41098156	35.66584643	-16.9903802	LinosaN
13.03061414	35.88215114	-12.42513	LinosaN
12.84065466	35.98173407	-9.1183452	LinosaN
13.17884335	35.76891592	-16.9903822	LinosaN
12.45504345	36.06985116	-11.0582982	LinosaN
13.01991258	35.89622685	-10.810484	LinosaN
12.04708561	36.14076069	-14.8327606	LinosaN
13.66226724	35.64052137	-4.5402499	LinosaN
12.87964417	35.95110458	-11.8997755	LinosaN
13.78170645	35.59601622	-5.0412606	LinosaN
12.72862039	36.02434519	-6.746912	LinosaN
13.24007056	35.76006419	-13.251587	LinosaN
12.13506707	36.10362502	-16.9903812	LinosaN
12.83563016	35.96929226	-11.817909	LinosaN
13.0066406	35.88842319	-13.2772972	LinosaN
12.50079227	36.08998553	-5.0446434	LinosaN
