14.839952	38.46799999	-1.0000001	Milazzo-Eolie
15.17558981	38.18729143	-15.6444351	Milazzo-Eolie
14.83894	38.46725403	-1.5949298	Milazzo-Eolie
15.14003496	38.2143571	-15.0314083	Milazzo-Eolie
15.18422053	38.20275798	-6.8241446	Milazzo-Eolie
14.98038047	38.36203644	-0.9999737	Milazzo-Eolie
15.11234832	38.23852013	-13.6796446	Milazzo-Eolie
15.08365577	38.28536782	-2.8141554	Milazzo-Eolie
14.89300945	38.41793996	-6.0280372	Milazzo-Eolie
15.09560503	38.25533531	-11.7537479	Milazzo-Eolie
15.19459104	38.20365646	-3.505775	Milazzo-Eolie
15.15889091	38.23511187	-1.1951563	Milazzo-Eolie
14.93662239	38.38773643	-4.708399	Milazzo-Eolie
15.02920337	38.32289784	-2.0151978	Milazzo-Eolie
15.16147999	38.208438	-11.1649195	Milazzo-Eolie
14.86163306	38.43818507	-6.8482423	Milazzo-Eolie
14.83354865	38.45035807	-10.0112883	Milazzo-Eolie
14.87065754	38.43954223	-3.6922354	Milazzo-Eolie
15.118878	38.26038408	-3.0498346	Milazzo-Eolie
15.06867455	38.2999351	-1.0000001	Milazzo-Eolie
15.04419705	38.29868215	-8.3351822	Milazzo-Eolie
15.12548065	38.24096459	-8.8145634	Milazzo-Eolie
15.10146368	38.24173687	-15.6444532	Milazzo-Eolie
14.83671358	38.4656129	-2.9037769	Milazzo-Eolie
15.20240579	38.17673905	-12.3677464	Milazzo-Eolie
15.187637	38.20073875	-6.6831005	Milazzo-Eolie
15.02750925	38.30328042	-10.9471519	Milazzo-Eolie
15.1000296	38.24280119	-15.6444405	Milazzo-Eolie
14.92905205	38.36842093	-14.4347965	Milazzo-Eolie
15.22053794	38.19011212	-1.7078145	Milazzo-Eolie
15.08879136	38.26029064	-11.6577386	Milazzo-Eolie
15.16152786	38.23262088	-1.4248375	Milazzo-Eolie
15.16767361	38.22017631	-4.6399442	Milazzo-Eolie
14.88786102	38.40947243	-10.8939652	Milazzo-Eolie
14.83482456	38.46422038	-4.014314	Milazzo-Eolie
14.89095174	38.41813672	-6.5574093	Milazzo-Eolie
15.09323756	38.26723833	-7.535843	Milazzo-Eolie
14.98165598	38.34442052	-7.5051445	Milazzo-Eolie
14.83321579	38.46303444	-4.9601007	Milazzo-Eolie
14.95238449	38.34606491	-15.6444405	Milazzo-Eolie
14.95085976	38.35840619	-11.4600965	Milazzo-Eolie
15.02927273	38.29663375	-13.3440567	Milazzo-Eolie
14.86230761	38.42009405	-14.0053331	Milazzo-Eolie
14.90499621	38.39408348	-11.8453265	Milazzo-Eolie
14.95755878	38.35067845	-12.3005953	Milazzo-Eolie
14.96355908	38.35317267	-9.5059725	Milazzo-Eolie
15.16709077	38.193233	-15.6444327	Milazzo-Eolie
14.83970095	38.45310232	-7.121681	Milazzo-Eolie
15.08987088	38.24984231	-15.6444405	Milazzo-Eolie
15.03707008	38.30541618	-7.4496556	Milazzo-Eolie
15.05173185	38.27723507	-15.244858	Milazzo-Eolie
15.13475965	38.2522703	-1.5993145	Milazzo-Eolie
15.03578602	38.30068342	-9.835615	Milazzo-Eolie
14.86889106	38.43685427	-5.293408	Milazzo-Eolie
14.83131644	38.46163422	-6.0767393	Milazzo-Eolie
15.20961962	38.19234049	-3.8938023	Milazzo-Eolie
15.03732922	38.29840777	-10.3618073	Milazzo-Eolie
15.07059897	38.29645048	-1.929046	Milazzo-Eolie
15.17422703	38.22367036	-1.3256861	Milazzo-Eolie
15.18000303	38.20003518	-9.1458098	Milazzo-Eolie
15.00971255	38.32380389	-7.157338	Milazzo-Eolie
14.95279963	38.35042842	-13.8687662	Milazzo-Eolie
15.03084196	38.29495097	-13.6178912	Milazzo-Eolie
14.95160397	38.37822984	-3.7488829	Milazzo-Eolie
15.07704789	38.25872792	-15.6444351	Milazzo-Eolie
15.16970932	38.19134838	-15.6443136	Milazzo-Eolie
15.08312356	38.26649892	-10.7202428	Milazzo-Eolie
14.82969733	38.46044056	-7.028628	Milazzo-Eolie
15.11340699	38.25266808	-7.7791479	Milazzo-Eolie
14.99268931	38.31970989	-13.8588863	Milazzo-Eolie
14.92343314	38.403877	-2.4732315	Milazzo-Eolie
14.82784994	38.45907855	-8.1147572	Milazzo-Eolie
15.06952744	38.29333367	-3.5353184	Milazzo-Eolie
14.94810902	38.34957365	-15.6444278	Milazzo-Eolie
14.89727772	38.39283393	-14.652943	Milazzo-Eolie
15.10719059	38.24808328	-11.4341671	Milazzo-Eolie
14.93125748	38.36340309	-15.6444332	Milazzo-Eolie
15.186486	38.18988863	-11.4784017	Milazzo-Eolie
15.13796398	38.24568077	-3.2462432	Milazzo-Eolie
14.91498379	38.41024338	-2.5258365	Milazzo-Eolie
14.88421962	38.43423539	-1.9425416	Milazzo-Eolie
15.19506588	38.19425074	-7.2437175	Milazzo-Eolie
15.17328878	38.21466235	-5.2217174	Milazzo-Eolie
14.9303106	38.39539678	-3.6634571	Milazzo-Eolie
15.10863703	38.25582592	-7.8401715	Milazzo-Eolie
14.88736401	38.42903084	-3.1559561	Milazzo-Eolie
14.93736759	38.37585084	-9.0548214	Milazzo-Eolie
15.07159653	38.27255942	-11.5131065	Milazzo-Eolie
14.93507507	38.37599833	-9.7089342	Milazzo-Eolie
15.00791858	38.31834339	-9.829377	Milazzo-Eolie
14.8255459	38.45737982	-9.4693682	Milazzo-Eolie
15.06260431	38.3012207	-2.1486729	Milazzo-Eolie
15.05030146	38.29209566	-9.4037738	Milazzo-Eolie
14.8802791	38.439336	-0.999919	Milazzo-Eolie
15.01295374	38.30762673	-12.9894727	Milazzo-Eolie
14.92441096	38.36951452	-15.4492721	Milazzo-Eolie
15.1274127	38.25857422	-1.2959644	Milazzo-Eolie
15.04163214	38.31249948	-3.1612188	Milazzo-Eolie
14.82375046	38.45605601	-10.5249881	Milazzo-Eolie
14.92069533	38.39066669	-8.4051676	Milazzo-Eolie
14.97128108	38.3588669	-4.9662037	Milazzo-Eolie
14.92365255	38.37292244	-14.3615372	Milazzo-Eolie
15.06512767	38.29026089	-6.0500518	Milazzo-Eolie
15.10551356	38.24249085	-14.1449605	Milazzo-Eolie
14.82191353	38.45470155	-11.6050155	Milazzo-Eolie
15.19742342	38.17854164	-13.0418106	Milazzo-Eolie
15.12120224	38.2567902	-3.8442442	Milazzo-Eolie
15.05199555	38.28238366	-13.0114918	Milazzo-Eolie
15.1110104	38.24828786	-10.2252634	Milazzo-Eolie
14.87970732	38.41177172	-12.3848455	Milazzo-Eolie
14.90133387	38.3923743	-13.6156173	Milazzo-Eolie
15.11149066	38.25644672	-6.7723536	Milazzo-Eolie
15.02178414	38.30512568	-11.6919679	Milazzo-Eolie
15.04546025	38.30707969	-4.4599442	Milazzo-Eolie
15.0122473	38.31625086	-9.4525546	Milazzo-Eolie
15.16951728	38.20541505	-10.0391276	Milazzo-Eolie
14.95699984	38.3440208	-15.0495094	Milazzo-Eolie
14.82037758	38.453569	-12.5080889	Milazzo-Eolie
14.92882166	38.38486201	-8.1834032	Milazzo-Eolie
14.91365629	38.40814802	-3.747399	Milazzo-Eolie
15.04849234	38.28828388	-11.5080062	Milazzo-Eolie
15.13931218	38.22774257	-9.919378	Milazzo-Eolie
15.00897249	38.31464173	-11.0298927	Milazzo-Eolie
15.14013843	38.22106982	-12.3035626	Milazzo-Eolie
15.0619815	38.26992763	-15.3332423	Milazzo-Eolie
14.89537253	38.39732923	-13.446627	Milazzo-Eolie
15.16579964	38.19962861	-13.4491119	Milazzo-Eolie
14.81910112	38.45262773	-13.2586163	Milazzo-Eolie
14.93407309	38.3912614	-4.1199522	Milazzo-Eolie
14.95264548	38.35277784	-13.0309488	Milazzo-Eolie
14.98669156	38.34320458	-6.4714524	Milazzo-Eolie
14.81772087	38.45160995	-14.0701627	Milazzo-Eolie
15.18790313	38.17973277	-15.2573541	Milazzo-Eolie
15.00028595	38.31365202	-13.9504141	Milazzo-Eolie
14.90248653	38.39909889	-10.6340599	Milazzo-Eolie
15.09642948	38.24529618	-15.6444317	Milazzo-Eolie
15.15727933	38.23682558	-1.0000118	Milazzo-Eolie
15.1401617	38.23369743	-7.3189437	Milazzo-Eolie
14.92910508	38.37823618	-10.6561761	Milazzo-Eolie
14.99676807	38.34862783	-1.3317862	Milazzo-Eolie
14.90589355	38.39740073	-10.2909926	Milazzo-Eolie
14.81618498	38.45047733	-14.9732364	Milazzo-Eolie
14.99522208	38.33990203	-5.2060782	Milazzo-Eolie
14.9567547	38.34893265	-13.2065362	Milazzo-Eolie
15.19599632	38.17443553	-15.1379869	Milazzo-Eolie
15.09299615	38.25023383	-14.5933971	Milazzo-Eolie
15.03484565	38.29104175	-14.1456715	Milazzo-Eolie
14.89173268	38.41996561	-5.588628	Milazzo-Eolie
14.84745562	38.45933536	-2.353085	Milazzo-Eolie
15.00338723	38.31231086	-13.5454098	Milazzo-Eolie
14.81504345	38.44963552	-15.6444405	Milazzo-Eolie
14.8463167	38.44117412	-10.0553361	Milazzo-Eolie
15.21199202	38.18648547	-5.6301602	Milazzo-Eolie
14.92516345	38.40633203	-0.9999942	Milazzo-Eolie
14.84019602	38.45445145	-6.4310282	Milazzo-Eolie
15.03209542	38.29871571	-11.684346	Milazzo-Eolie
14.88440853	38.40853641	-12.2891847	Milazzo-Eolie
15.04852096	38.28017062	-14.9080499	Milazzo-Eolie
14.87670299	38.43918849	-2.0906549	Milazzo-Eolie
14.95834955	38.34933084	-12.5691095	Milazzo-Eolie
14.87955246	38.40614686	-14.6774176	Milazzo-Eolie
14.90051974	38.40558731	-8.6616368	Milazzo-Eolie
15.03569415	38.31201512	-4.969253	Milazzo-Eolie
15.12464621	38.25195616	-4.7274681	Milazzo-Eolie
14.95012922	38.37701188	-4.6649102	Milazzo-Eolie
15.11407424	38.26457957	-2.6940255	Milazzo-Eolie
15.02704799	38.29818232	-13.2738643	Milazzo-Eolie
14.83630442	38.43812985	-14.1807589	Milazzo-Eolie
15.06776486	38.29633756	-2.7642052	Milazzo-Eolie
14.85129415	38.45388419	-3.4586641	Milazzo-Eolie
15.11999316	38.25596927	-4.5268839	Milazzo-Eolie
14.86472478	38.42065858	-13.079755	Milazzo-Eolie
15.06224863	38.28706886	-8.1918116	Milazzo-Eolie
15.21699845	38.18750203	-3.7885455	Milazzo-Eolie
15.17435087	38.19188009	-14.1067594	Milazzo-Eolie
15.20691001	38.18006152	-9.7195438	Milazzo-Eolie
15.12425011	38.26165096	-1.0000562	Milazzo-Eolie
14.83928854	38.46207667	-3.5967188	Milazzo-Eolie
14.95355517	38.34579468	-15.3881661	Milazzo-Eolie
14.96210335	38.36233035	-6.4973844	Milazzo-Eolie
15.09199829	38.2657633	-8.494974	Milazzo-Eolie
14.94033789	38.38128614	-6.0737369	Milazzo-Eolie
15.10955706	38.26345096	-4.4444942	Milazzo-Eolie
15.13459859	38.21677095	-15.6442291	Milazzo-Eolie
14.92578093	38.39758503	-4.1914591	Milazzo-Eolie
15.11616284	38.25276477	-6.9295288	Milazzo-Eolie
14.83682434	38.46157513	-4.5114239	Milazzo-Eolie
15.16609781	38.20338105	-11.853286	Milazzo-Eolie
14.99310767	38.33083822	-9.383179	Milazzo-Eolie
14.97126153	38.34424867	-10.6870684	Milazzo-Eolie
15.14614975	38.23208649	-6.1751336	Milazzo-Eolie
14.97483061	38.36148416	-2.8793707	Milazzo-Eolie
15.15680046	38.20985518	-11.9581598	Milazzo-Eolie
15.20065891	38.19042264	-7.23037	Milazzo-Eolie
15.04057108	38.29416501	-11.2411898	Milazzo-Eolie
15.00487112	38.31340508	-12.672837	Milazzo-Eolie
14.96070824	38.3602608	-7.7105173	Milazzo-Eolie
14.93814598	38.36045747	-14.6231427	Milazzo-Eolie
14.88849982	38.41677008	-7.8188811	Milazzo-Eolie
14.83606601	38.45913397	-5.7214974	Milazzo-Eolie
15.00187228	38.3111936	-14.4362887	Milazzo-Eolie
14.95256058	38.36955507	-6.7263972	Milazzo-Eolie
15.19912315	38.17919805	-12.2884224	Milazzo-Eolie
14.9596157	38.35026465	-11.8246854	Milazzo-Eolie
14.89054447	38.41668808	-7.252921	Milazzo-Eolie
15.00321666	38.33653171	-4.1283419	Milazzo-Eolie
14.8758213	38.40856858	-14.8069923	Milazzo-Eolie
14.99030243	38.32631776	-11.9909571	Milazzo-Eolie
14.83309745	38.45911671	-6.5850998	Milazzo-Eolie
15.17004587	38.19354776	-14.6558848	Milazzo-Eolie
14.96850688	38.36170166	-4.7510953	Milazzo-Eolie
15.12400083	38.23160955	-12.9434181	Milazzo-Eolie
15.09166807	38.27347934	-5.4177367	Milazzo-Eolie
14.92878282	38.39195217	-5.456973	Milazzo-Eolie
15.1169199	38.25917392	-4.1050816	Milazzo-Eolie
14.97620044	38.36532805	-0.9999737	Milazzo-Eolie
14.93417282	38.38065398	-8.1864701	Milazzo-Eolie
15.12260029	38.26219844	-1.2440763	Milazzo-Eolie
15.03424804	38.3187898	-2.4316461	Milazzo-Eolie
15.19274279	38.18662953	-11.0421195	Milazzo-Eolie
14.9675652	38.35612705	-7.1506617	Milazzo-Eolie
14.83311867	38.45725235	-7.3360084	Milazzo-Eolie
14.88834315	38.42142015	-5.9714749	Milazzo-Eolie
15.07363895	38.28521433	-5.7300697	Milazzo-Eolie
14.85242583	38.42757402	-13.8131246	Milazzo-Eolie
14.94756111	38.38539921	-2.2944752	Milazzo-Eolie
14.91053123	38.39548257	-9.6273064	Milazzo-Eolie
15.15495521	38.20202543	-15.6444405	Milazzo-Eolie
15.0489606	38.31115265	-1.7688311	Milazzo-Eolie
14.90694931	38.41307395	-3.7992237	Milazzo-Eolie
14.94594601	38.35591173	-13.9230514	Milazzo-Eolie
14.92541271	38.3755553	-12.8108922	Milazzo-Eolie
14.85029563	38.44837097	-5.9852113	Milazzo-Eolie
14.85572102	38.43502883	-9.8359608	Milazzo-Eolie
15.10650522	38.2729546	-1.4076793	Milazzo-Eolie
15.00041923	38.31012133	-15.2905328	Milazzo-Eolie
14.96585132	38.34919056	-10.3758582	Milazzo-Eolie
14.87209507	38.4185697	-11.8086663	Milazzo-Eolie
14.94523974	38.37442091	-7.1567542	Milazzo-Eolie
14.87795964	38.4163809	-11.0113206	Milazzo-Eolie
15.08370493	38.27074071	-8.8115101	Milazzo-Eolie
14.89476326	38.42219975	-3.80688	Milazzo-Eolie
14.82776702	38.45522201	-9.7046704	Milazzo-Eolie
15.18289023	38.20205949	-7.4923686	Milazzo-Eolie
14.88627539	38.40138918	-14.551254	Milazzo-Eolie
14.85705721	38.43944543	-7.6573093	Milazzo-Eolie
14.98081814	38.35433561	-3.8800723	Milazzo-Eolie
15.15305816	38.23010365	-4.9051444	Milazzo-Eolie
15.00129555	38.32643679	-8.6503852	Milazzo-Eolie
14.9658218	38.35484146	-8.1757783	Milazzo-Eolie
15.21081243	38.18293983	-7.4252483	Milazzo-Eolie
15.0698395	38.28249625	-7.929407	Milazzo-Eolie
15.0652194	38.28640895	-7.6389218	Milazzo-Eolie
14.93669696	38.38527725	-5.6356991	Milazzo-Eolie
15.18475268	38.1935745	-10.4532938	Milazzo-Eolie
14.9464481	38.38897838	-1.250193	Milazzo-Eolie
14.97976672	38.32653236	-15.0638062	Milazzo-Eolie
15.1933162	38.18811946	-10.2656591	Milazzo-Eolie
14.9259966	38.38500104	-8.986178	Milazzo-Eolie
15.21869017	38.19237059	-1.3031856	Milazzo-Eolie
15.12001545	38.24303396	-9.6219139	Milazzo-Eolie
15.12654471	38.22653594	-14.1883858	Milazzo-Eolie
15.05717639	38.27769414	-13.5101407	Milazzo-Eolie
15.04810518	38.31346556	-1.0000001	Milazzo-Eolie
15.05967718	38.29988484	-3.5240694	Milazzo-Eolie
15.15689471	38.22303732	-6.6289514	Milazzo-Eolie
15.17744793	38.19636917	-11.3752579	Milazzo-Eolie
14.85242328	38.45482026	-2.7527569	Milazzo-Eolie
15.06989883	38.27203042	-12.214056	Milazzo-Eolie
15.12412979	38.25944397	-1.9274806	Milazzo-Eolie
14.9218408	38.40799007	-1.3676749	Milazzo-Eolie
15.1103941	38.24360823	-12.2533338	Milazzo-Eolie
15.06097852	38.29007985	-7.2803364	Milazzo-Eolie
14.98957229	38.32875522	-11.2568285	Milazzo-Eolie
14.97802741	38.36384106	-1.0000001	Milazzo-Eolie
14.95905106	38.340927	-15.6444425	Milazzo-Eolie
15.13893773	38.23207592	-8.3220329	Milazzo-Eolie
15.09159159	38.26021739	-10.8903358	Milazzo-Eolie
14.88449598	38.42758497	-4.5699647	Milazzo-Eolie
15.07686999	38.27467178	-9.1429192	Milazzo-Eolie
14.99624598	38.31347784	-15.2291309	Milazzo-Eolie
15.10159047	38.24367023	-14.842189	Milazzo-Eolie
14.98061209	38.34796932	-6.4306466	Milazzo-Eolie
15.17787561	38.18828993	-14.5838663	Milazzo-Eolie
15.02039727	38.32485549	-3.5444771	Milazzo-Eolie
15.12039247	38.25781935	-3.6726134	Milazzo-Eolie
14.95329185	38.35485801	-12.0458809	Milazzo-Eolie
14.84382818	38.43549051	-13.0809005	Milazzo-Eolie
15.04578409	38.30397428	-5.671765	Milazzo-Eolie
14.88025763	38.42511604	-6.7947794	Milazzo-Eolie
14.90365284	38.41200572	-5.2003614	Milazzo-Eolie
15.19461134	38.19283536	-7.9557274	Milazzo-Eolie
15.07854382	38.26271092	-13.5814361	Milazzo-Eolie
14.91572365	38.38619053	-11.6410535	Milazzo-Eolie
15.14957857	38.22068982	-9.7042904	Milazzo-Eolie
14.90371085	38.40702915	-7.1445636	Milazzo-Eolie
15.01251628	38.33495536	-1.9579903	Milazzo-Eolie
14.8755548	38.40669484	-15.6445333	Milazzo-Eolie
15.18126621	38.21852403	-1.3447545	Milazzo-Eolie
14.95705256	38.36460289	-7.2040561	Milazzo-Eolie
14.89490157	38.42096029	-4.2707142	Milazzo-Eolie
15.17873471	38.21267039	-4.4362974	Milazzo-Eolie
15.14862092	38.20661376	-15.6444405	Milazzo-Eolie
15.1152411	38.24498025	-10.2725243	Milazzo-Eolie
14.88762014	38.41530903	-8.66399	Milazzo-Eolie
15.01526156	38.31807303	-7.8534883	Milazzo-Eolie
15.14772783	38.22902131	-6.9145891	Milazzo-Eolie
15.16899451	38.1925865	-15.3484356	Milazzo-Eolie
15.177205	38.20507665	-7.9355146	Milazzo-Eolie
15.15874245	38.21943885	-7.538132	Milazzo-Eolie
14.87482722	38.42198972	-9.6303064	Milazzo-Eolie
15.00180204	38.32230665	-10.113113	Milazzo-Eolie
14.84296383	38.46433576	-1.6188614	Milazzo-Eolie
15.17129218	38.19763139	-12.6518658	Milazzo-Eolie
14.91754544	38.41218264	-0.9999991	Milazzo-Eolie
15.142986	38.22711439	-9.0752093	Milazzo-Eolie
14.95286713	38.36191515	-9.5143682	Milazzo-Eolie
15.09042356	38.25340958	-14.0209669	Milazzo-Eolie
15.10299681	38.25121638	-11.3411109	Milazzo-Eolie
15.10516496	38.25967639	-7.246769	Milazzo-Eolie
14.87655173	38.42958196	-6.0435533	Milazzo-Eolie
14.97174189	38.35107875	-7.8729713	Milazzo-Eolie
15.18118234	38.20148842	-8.218437	Milazzo-Eolie
14.89580293	38.40405968	-10.6660936	Milazzo-Eolie
15.13745269	38.24357869	-4.2271158	Milazzo-Eolie
15.00538719	38.30944313	-14.2413624	Milazzo-Eolie
14.97740949	38.32685366	-15.6444322	Milazzo-Eolie
14.84865534	38.43447302	-12.1007909	Milazzo-Eolie
15.03965635	38.29997401	-9.0559826	Milazzo-Eolie
15.1330468	38.23829479	-7.6197445	Milazzo-Eolie
15.03179991	38.28949008	-15.6444307	Milazzo-Eolie
14.85431792	38.44359673	-6.7626253	Milazzo-Eolie
14.99541529	38.33699143	-6.2861063	Milazzo-Eolie
15.11417925	38.26614715	-2.0197667	Milazzo-Eolie
14.9194789	38.40861984	-1.829879	Milazzo-Eolie
14.98689458	38.32053821	-15.2714639	Milazzo-Eolie
14.96383591	38.34821641	-11.3609427	Milazzo-Eolie
15.12264307	38.25730437	-3.2138678	Milazzo-Eolie
14.97874863	38.34297565	-8.9411767	Milazzo-Eolie
15.19408217	38.20932481	-1.314068	Milazzo-Eolie
14.8932292	38.41916201	-5.4787694	Milazzo-Eolie
15.03763585	38.29071566	-13.5065015	Milazzo-Eolie
14.8979264	38.3905696	-15.3455264	Milazzo-Eolie
14.9616462	38.34000895	-15.2257008	Milazzo-Eolie
15.13384085	38.23191433	-9.8999294	Milazzo-Eolie
15.08208407	38.28895934	-1.7856095	Milazzo-Eolie
14.93200369	38.37334414	-11.6630943	Milazzo-Eolie
14.90181288	38.38829374	-15.0455011	Milazzo-Eolie
15.07617202	38.28584991	-4.7472857	Milazzo-Eolie
15.11708674	38.23475571	-13.7566798	Milazzo-Eolie
15.09150597	38.28148323	-2.1746031	Milazzo-Eolie
14.85617027	38.4308758	-11.3918216	Milazzo-Eolie
14.8971095	38.39830056	-12.5473678	Milazzo-Eolie
15.05768745	38.28111848	-11.9578751	Milazzo-Eolie
14.94427945	38.38228073	-4.4900189	Milazzo-Eolie
15.04506527	38.31442184	-1.4055806	Milazzo-Eolie
14.89180951	38.40390127	-11.9158289	Milazzo-Eolie
15.18457237	38.20088334	-7.4938541	Milazzo-Eolie
14.9930202	38.34747283	-2.9064454	Milazzo-Eolie
15.2040262	38.19482592	-4.4602254	Milazzo-Eolie
15.04504207	38.29314094	-10.4277398	Milazzo-Eolie
15.14076299	38.21230491	-15.6444395	Milazzo-Eolie
15.17757498	38.19387056	-12.3699803	Milazzo-Eolie
14.961044	38.34721602	-12.5885567	Milazzo-Eolie
14.9567726	38.37648484	-2.8069078	Milazzo-Eolie
14.89004815	38.39691005	-15.1948033	Milazzo-Eolie
15.157482	38.21784655	-8.5457002	Milazzo-Eolie
15.19919366	38.18591198	-9.5040722	Milazzo-Eolie
15.11765522	38.24619894	-9.074649	Milazzo-Eolie
14.99392741	38.34289862	-4.4225599	Milazzo-Eolie
15.13764831	38.22709047	-10.6710589	Milazzo-Eolie
14.86630617	38.43182384	-8.0811678	Milazzo-Eolie
14.96722109	38.33925748	-13.8489708	Milazzo-Eolie
14.89578139	38.41938188	-4.6344803	Milazzo-Eolie
15.16265443	38.21864611	-6.7174333	Milazzo-Eolie
15.15585618	38.21625643	-9.6588112	Milazzo-Eolie
15.01655709	38.32202383	-5.8021632	Milazzo-Eolie
14.91060221	38.41440927	-2.1868087	Milazzo-Eolie
14.98917222	38.32429596	-13.1199903	Milazzo-Eolie
15.02321306	38.32254131	-3.7812501	Milazzo-Eolie
14.88252672	38.41466474	-10.3961317	Milazzo-Eolie
15.17314476	38.20004951	-11.1397425	Milazzo-Eolie
14.88285369	38.40195848	-15.3439117	Milazzo-Eolie
15.15174221	38.22378544	-7.8287218	Milazzo-Eolie
15.07514005	38.27815794	-8.2029002	Milazzo-Eolie
15.03548571	38.32133182	-1.0000001	Milazzo-Eolie
15.12042118	38.24818022	-7.471577	Milazzo-Eolie
14.92033862	38.3786817	-13.141919	Milazzo-Eolie
14.90365166	38.40489806	-8.0018635	Milazzo-Eolie
14.95449927	38.34677431	-14.7229625	Milazzo-Eolie
15.07056506	38.29024511	-4.5391622	Milazzo-Eolie
14.93522994	38.37434096	-10.2870382	Milazzo-Eolie
15.17807514	38.22169286	-1.0000001	Milazzo-Eolie
15.18401721	38.19888675	-8.4733686	Milazzo-Eolie
15.06798989	38.26808245	-14.3803092	Milazzo-Eolie
15.02383285	38.32738894	-1.524773	Milazzo-Eolie
14.85355858	38.43836203	-9.1068794	Milazzo-Eolie
14.97547416	38.36488108	-1.3935455	Milazzo-Eolie
15.15423224	38.23698947	-1.8403365	Milazzo-Eolie
14.91471853	38.39661321	-7.9202644	Milazzo-Eolie
14.94325742	38.37218636	-8.6139559	Milazzo-Eolie
14.92653288	38.36900835	-14.9939649	Milazzo-Eolie
15.10047179	38.246373	-14.0507135	Milazzo-Eolie
15.18880721	38.18485959	-12.8894547	Milazzo-Eolie
15.05179952	38.27622868	-15.6445064	Milazzo-Eolie
15.14572053	38.22382634	-9.5654234	Milazzo-Eolie
15.08792851	38.26461041	-10.1279858	Milazzo-Eolie
15.12859567	38.24545592	-6.1179266	Milazzo-Eolie
15.13160622	38.25192216	-2.6732335	Milazzo-Eolie
15.01113346	38.3314624	-3.7378233	Milazzo-Eolie
15.02249698	38.30747501	-10.4849442	Milazzo-Eolie
15.05511467	38.28582795	-10.6975723	Milazzo-Eolie
14.93558749	38.37774828	-8.8813999	Milazzo-Eolie
14.97352274	38.36051986	-3.6482013	Milazzo-Eolie
15.16516186	38.22708413	-2.5933463	Milazzo-Eolie
14.96190222	38.35397025	-9.7134104	Milazzo-Eolie
14.88704726	38.42421522	-5.2068324	Milazzo-Eolie
15.07486148	38.29584174	-1.0001065	Milazzo-Eolie
15.13648479	38.22166196	-13.15617	Milazzo-Eolie
14.83758108	38.44135315	-12.5037032	Milazzo-Eolie
14.91648174	38.39103457	-9.5402978	Milazzo-Eolie
14.92586723	38.37051788	-14.619378	Milazzo-Eolie
15.08577857	38.25835065	-13.3131514	Milazzo-Eolie
14.8575403	38.44316448	-6.0080936	Milazzo-Eolie
14.86725288	38.42111956	-12.1644766	Milazzo-Eolie
15.15115507	38.24143924	-1.0000001	Milazzo-Eolie
14.9419888	38.38077784	-5.7656483	Milazzo-Eolie
15.10774727	38.24635429	-11.95744	Milazzo-Eolie
15.09850463	38.27949028	-0.9999937	Milazzo-Eolie
14.88315558	38.41648779	-9.4724265	Milazzo-Eolie
15.17898816	38.19893392	-9.885681	Milazzo-Eolie
15.02067724	38.33115001	-1.0000001	Milazzo-Eolie
15.06336165	38.29638715	-3.9681685	Milazzo-Eolie
14.89939077	38.42582287	-1.0000186	Milazzo-Eolie
15.01107232	38.31065296	-12.1885072	Milazzo-Eolie
15.12420479	38.22460631	-15.64444	Milazzo-Eolie
15.02576647	38.29348566	-15.6445157	Milazzo-Eolie
15.12848288	38.23669161	-9.6078034	Milazzo-Eolie
15.17341596	38.20863739	-7.6075403	Milazzo-Eolie
14.94208446	38.37523662	-7.8260574	Milazzo-Eolie
14.86369791	38.44481776	-3.5597257	Milazzo-Eolie
15.06127402	38.28058845	-11.1530953	Milazzo-Eolie
14.89008532	38.41317341	-8.7737567	Milazzo-Eolie
14.89785377	38.41622985	-5.2590723	Milazzo-Eolie
15.14254291	38.23896791	-4.5331617	Milazzo-Eolie
15.13217113	38.22584637	-12.7887774	Milazzo-Eolie
14.89481694	38.42509849	-2.610878	Milazzo-Eolie
15.01431798	38.31199541	-10.7345553	Milazzo-Eolie
15.12525655	38.2460544	-6.8737931	Milazzo-Eolie
15.19776467	38.20006323	-4.0833458	Milazzo-Eolie
15.00257284	38.32978482	-6.958838	Milazzo-Eolie
14.85577091	38.44604375	-5.3498565	Milazzo-Eolie
15.1437206	38.24154814	-3.165775	Milazzo-Eolie
15.07026331	38.29822144	-1.277628	Milazzo-Eolie
15.21374972	38.18510615	-5.6984246	Milazzo-Eolie
14.89961766	38.39861538	-11.6774696	Milazzo-Eolie
15.18651249	38.21558074	-1.0000006	Milazzo-Eolie
15.15565846	38.23423568	-2.4985601	Milazzo-Eolie
14.98849433	38.35439175	-1.5579356	Milazzo-Eolie
14.97870987	38.33331913	-12.7274674	Milazzo-Eolie
15.19934424	38.17448062	-14.1677921	Milazzo-Eolie
15.14692114	38.2257191	-8.4563878	Milazzo-Eolie
15.02830401	38.29507676	-14.2716558	Milazzo-Eolie
15.07484554	38.29322548	-2.0953868	Milazzo-Eolie
14.93146025	38.38071659	-8.984268	Milazzo-Eolie
15.1499986	38.22955465	-6.02943	Milazzo-Eolie
15.16506763	38.23111403	-1.0000045	Milazzo-Eolie
14.98737817	38.33392739	-9.8921049	Milazzo-Eolie
15.00263812	38.31594458	-12.3494415	Milazzo-Eolie
15.17499897	38.20282662	-9.483102	Milazzo-Eolie
14.94978147	38.38305982	-2.4911778	Milazzo-Eolie
15.05473047	38.29897284	-5.2831153	Milazzo-Eolie
14.98311692	38.33215645	-11.8612867	Milazzo-Eolie
15.13980433	38.23668737	-6.2460655	Milazzo-Eolie
14.99545337	38.32076175	-12.6194478	Milazzo-Eolie
14.9919619	38.35316106	-1.0000001	Milazzo-Eolie
15.06249071	38.30403075	-1.0000015	Milazzo-Eolie
15.10890473	38.25320361	-8.8416409	Milazzo-Eolie
15.20860745	38.18481369	-7.28052	Milazzo-Eolie
15.19511223	38.20937883	-0.99996	Milazzo-Eolie
15.02043128	38.30213223	-13.3495728	Milazzo-Eolie
14.91112489	38.40164716	-7.0622806	Milazzo-Eolie
14.86909137	38.41449575	-14.331254	Milazzo-Eolie
14.90960006	38.40651536	-5.5958277	Milazzo-Eolie
15.05805288	38.28653013	-9.5849215	Milazzo-Eolie
15.18723071	38.21241733	-2.063068	Milazzo-Eolie
14.9267543	38.39971511	-3.0736764	Milazzo-Eolie
15.20885083	38.18149303	-8.5784979	Milazzo-Eolie
15.00906377	38.33862846	-1.5566031	Milazzo-Eolie
15.04115173	38.30865376	-4.951314	Milazzo-Eolie
14.93218971	38.36511831	-14.7085665	Milazzo-Eolie
15.06733759	38.28788285	-6.4292061	Milazzo-Eolie
15.10377755	38.24697524	-12.8628204	Milazzo-Eolie
15.21251207	38.19650126	-1.358484	Milazzo-Eolie
14.90137332	38.42079678	-2.4129586	Milazzo-Eolie
15.05194146	38.28444854	-12.1591292	Milazzo-Eolie
14.85465531	38.43402234	-10.5520665	Milazzo-Eolie
14.87164308	38.43355215	-5.8402664	Milazzo-Eolie
14.95337399	38.38273116	-1.5024727	Milazzo-Eolie
15.20093208	38.17565195	-13.2342091	Milazzo-Eolie
14.93942271	38.38051399	-6.6504022	Milazzo-Eolie
15.16301183	38.1998476	-14.17313	Milazzo-Eolie
15.08629177	38.27146347	-7.7776281	Milazzo-Eolie
14.94689172	38.36260659	-11.103901	Milazzo-Eolie
15.17347495	38.20154783	-10.4410804	Milazzo-Eolie
15.02202678	38.32605691	-2.5864845	Milazzo-Eolie
14.94138307	38.38552758	-4.118044	Milazzo-Eolie
14.98574855	38.35421671	-2.4491895	Milazzo-Eolie
14.90787184	38.40340587	-7.3352396	Milazzo-Eolie
14.89464947	38.42917532	-0.9999972	Milazzo-Eolie
15.10589597	38.24585559	-12.7033604	Milazzo-Eolie
14.87694511	38.41149788	-13.2914478	Milazzo-Eolie
15.00920124	38.31954159	-8.9766434	Milazzo-Eolie
15.17994593	38.19561522	-10.9780055	Milazzo-Eolie
15.14955948	38.23139833	-5.4329766	Milazzo-Eolie
14.86769388	38.43450634	-6.5915484	Milazzo-Eolie
15.07024425	38.28884461	-5.2057467	Milazzo-Eolie
15.0505943	38.31045858	-1.6094371	Milazzo-Eolie
15.0578991	38.2749508	-14.4316041	Milazzo-Eolie
15.21515094	38.18613952	-4.8746746	Milazzo-Eolie
15.15348023	38.20699288	-14.0764552	Milazzo-Eolie
14.89425992	38.42897639	-1.1929615	Milazzo-Eolie
15.07434873	38.27236033	-10.8110128	Milazzo-Eolie
15.1375118	38.21936223	-13.7573404	Milazzo-Eolie
14.97631588	38.34965081	-7.0606626	Milazzo-Eolie
15.09979058	38.25888752	-9.1017318	Milazzo-Eolie
15.03298849	38.30128396	-10.335911	Milazzo-Eolie
15.19006216	38.20846082	-2.8274366	Milazzo-Eolie
15.14973601	38.22726491	-7.0132425	Milazzo-Eolie
14.89713045	38.42051386	-3.7870748	Milazzo-Eolie
14.97031533	38.3390748	-12.9931861	Milazzo-Eolie
14.84702339	38.45560117	-3.9940059	Milazzo-Eolie
15.19014739	38.20654673	-3.5771568	Milazzo-Eolie
14.98532455	38.35824881	-1.0000045	Milazzo-Eolie
15.05413546	38.27974792	-13.5248927	Milazzo-Eolie
14.95857921	38.35790243	-9.2596192	Milazzo-Eolie
15.0987982	38.27336696	-3.4331095	Milazzo-Eolie
14.89624167	38.41012809	-8.1437364	Milazzo-Eolie
14.92806963	38.37056651	-13.9291529	Milazzo-Eolie
14.88073129	38.43305151	-3.4285377	Milazzo-Eolie
14.92471817	38.37390315	-13.6598297	Milazzo-Eolie
15.16461604	38.22005964	-5.5775318	Milazzo-Eolie
14.94221452	38.35561795	-15.1894713	Milazzo-Eolie
15.14135759	38.24658638	-1.8809547	Milazzo-Eolie
15.20355717	38.18588222	-8.2760746	Milazzo-Eolie
14.97109619	38.3634202	-3.29996	Milazzo-Eolie
14.84034269	38.43289369	-15.1410372	Milazzo-Eolie
14.99120313	38.31628139	-15.6444405	Milazzo-Eolie
15.00407847	38.33091059	-6.0675865	Milazzo-Eolie
14.98206148	38.34958895	-5.3632056	Milazzo-Eolie
15.02493285	38.31011808	-8.6869954	Milazzo-Eolie
14.85437518	38.43012818	-12.2136768	Milazzo-Eolie
15.02510658	38.31651718	-5.8753778	Milazzo-Eolie
15.10401446	38.24574063	-13.3013228	Milazzo-Eolie
15.09022016	38.28523268	-1.0000015	Milazzo-Eolie
15.02472535	38.3280465	-1.0000001	Milazzo-Eolie
14.89055919	38.4024264	-12.8688614	Milazzo-Eolie
14.93228199	38.37464669	-11.0803631	Milazzo-Eolie
15.11836554	38.22900547	-15.6444405	Milazzo-Eolie
14.91486362	38.38986794	-10.4815135	Milazzo-Eolie
14.91870336	38.41042037	-1.3508878	Milazzo-Eolie
14.87864092	38.40807866	-14.18469	Milazzo-Eolie
14.87282752	38.40948935	-15.2939932	Milazzo-Eolie
14.8311295	38.444814	-12.9603888	Milazzo-Eolie
15.01072439	38.31772229	-9.2313999	Milazzo-Eolie
14.88199891	38.412577	-11.3975887	Milazzo-Eolie
15.12381679	38.25407361	-4.1386378	Milazzo-Eolie
15.19260462	38.20722134	-2.6017252	Milazzo-Eolie
14.95609974	38.36868356	-5.9592786	Milazzo-Eolie
15.14729079	38.20899055	-15.0760142	Milazzo-Eolie
14.89503089	38.39275151	-15.3531104	Milazzo-Eolie
14.98675268	38.3367716	-8.9676745	Milazzo-Eolie
15.21852428	38.1886272	-2.8915733	Milazzo-Eolie
15.12391395	38.23467537	-11.7602313	Milazzo-Eolie
14.97421366	38.33890101	-11.8929461	Milazzo-Eolie
15.03129991	38.31285638	-5.7891881	Milazzo-Eolie
14.84354823	38.43322944	-14.0796016	Milazzo-Eolie
15.16538232	38.19564454	-15.1726925	Milazzo-Eolie
15.15851463	38.23398579	-1.7535406	Milazzo-Eolie
15.15623666	38.22569306	-5.7525794	Milazzo-Eolie
15.18428554	38.18927072	-12.3582125	Milazzo-Eolie
15.020648	38.32078135	-5.2327406	Milazzo-Eolie
14.94876309	38.36355701	-10.1657412	Milazzo-Eolie
14.82321759	38.4493606	-13.3974337	Milazzo-Eolie
15.18750288	38.20655632	-4.3391886	Milazzo-Eolie
15.10500025	38.25325842	-9.9311989	Milazzo-Eolie
14.84925404	38.44345459	-8.2817952	Milazzo-Eolie
15.0140707	38.32369458	-5.8940655	Milazzo-Eolie
15.02620801	38.29528428	-14.7536334	Milazzo-Eolie
15.01499481	38.31631466	-8.6852518	Milazzo-Eolie
14.99819742	38.32310647	-10.8806114	Milazzo-Eolie
14.94377366	38.39172501	-1.0000001	Milazzo-Eolie
15.01484459	38.32076077	-6.8089641	Milazzo-Eolie
15.16047123	38.23443922	-0.9999415	Milazzo-Eolie
14.86389398	38.41648912	-15.0159493	Milazzo-Eolie
15.10240721	38.24169148	-15.3828712	Milazzo-Eolie
14.95176097	38.36726474	-7.8382674	Milazzo-Eolie
14.85789281	38.44830969	-3.8175294	Milazzo-Eolie
14.87115794	38.40980734	-15.6444356	Milazzo-Eolie
15.19927016	38.19399216	-6.1553009	Milazzo-Eolie
14.88629659	38.4147922	-9.2590279	Milazzo-Eolie
15.04116569	38.28578852	-14.5941593	Milazzo-Eolie
14.94024117	38.35603176	-15.644443	Milazzo-Eolie
15.11246759	38.23590065	-14.6772965	Milazzo-Eolie
15.20679728	38.19996623	-1.5560308	Milazzo-Eolie
14.84291319	38.45649431	-4.8174698	Milazzo-Eolie
15.13113133	38.22059763	-15.1667569	Milazzo-Eolie
14.95598762	38.34744736	-14.0121519	Milazzo-Eolie
15.16596199	38.201392	-12.69267	Milazzo-Eolie
14.97259163	38.3462938	-9.4890086	Milazzo-Eolie
14.97167775	38.33214947	-15.2920577	Milazzo-Eolie
15.09030847	38.27215929	-6.3475052	Milazzo-Eolie
15.03459587	38.29948905	-10.6684803	Milazzo-Eolie
15.00787037	38.31561719	-10.9094036	Milazzo-Eolie
15.07700653	38.29063848	-2.5422721	Milazzo-Eolie
15.14545418	38.21875217	-11.6843111	Milazzo-Eolie
15.05988037	38.27852876	-12.396733	Milazzo-Eolie
15.05480057	38.27535554	-15.148712	Milazzo-Eolie
14.93960394	38.37898384	-7.1812673	Milazzo-Eolie
15.10526127	38.26832739	-3.6638394	Milazzo-Eolie
14.91232759	38.41611895	-1.0000001	Milazzo-Eolie
14.8855722	38.40489658	-13.3780875	Milazzo-Eolie
14.90620717	38.40132935	-8.6486674	Milazzo-Eolie
15.07487992	38.29479974	-1.4317686	Milazzo-Eolie
15.05585466	38.30712005	-1.54821	Milazzo-Eolie
14.8579708	38.42033786	-15.1539923	Milazzo-Eolie
14.86971076	38.42353423	-10.4740662	Milazzo-Eolie
14.87124732	38.43048934	-7.2001964	Milazzo-Eolie
15.17927024	38.21737913	-2.3866456	Milazzo-Eolie
15.15973106	38.23102651	-2.5895328	Milazzo-Eolie
15.01373709	38.30162171	-15.3729078	Milazzo-Eolie
14.8895646	38.42511142	-4.1175611	Milazzo-Eolie
15.00803915	38.31360285	-11.7300787	Milazzo-Eolie
15.1920959	38.18458501	-12.0678023	Milazzo-Eolie
14.90754367	38.38840091	-13.267005	Milazzo-Eolie
15.10619849	38.27415905	-1.0000006	Milazzo-Eolie
15.15056003	38.21301489	-12.5052291	Milazzo-Eolie
14.85760962	38.45044421	-3.0326788	Milazzo-Eolie
15.19701593	38.17608718	-14.1681739	Milazzo-Eolie
15.16182105	38.1970515	-15.644441	Milazzo-Eolie
15.12111048	38.26130645	-2.0362232	Milazzo-Eolie
15.14048228	38.21930877	-12.9076861	Milazzo-Eolie
15.12195265	38.23043939	-14.0133394	Milazzo-Eolie
15.1267082	38.25986005	-1.0001207	Milazzo-Eolie
15.03658532	38.30790185	-6.5065461	Milazzo-Eolie
14.97184393	38.35984792	-4.4169112	Milazzo-Eolie
14.96644793	38.35048897	-9.6897972	Milazzo-Eolie
15.072402	38.29134894	-3.563689	Milazzo-Eolie
14.96297914	38.37308257	-2.1688839	Milazzo-Eolie
15.19325616	38.21069311	-0.9999737	Milazzo-Eolie
15.18738593	38.20453666	-5.1895384	Milazzo-Eolie
14.85670807	38.42362331	-14.1807135	Milazzo-Eolie
14.90676884	38.38285359	-15.6444405	Milazzo-Eolie
14.9034844	38.38946233	-14.087713	Milazzo-Eolie
14.92966997	38.38031386	-9.6825477	Milazzo-Eolie
15.10553139	38.24440144	-13.3856446	Milazzo-Eolie
15.21823489	38.19342125	-1.0000001	Milazzo-Eolie
15.04322361	38.30311935	-6.7426242	Milazzo-Eolie
15.04222743	38.30538105	-6.0707786	Milazzo-Eolie
14.82812083	38.44459479	-13.9176163	Milazzo-Eolie
14.9041753	38.39634597	-11.2176673	Milazzo-Eolie
15.04516488	38.30887963	-3.774898	Milazzo-Eolie
14.9014215	38.42435309	-1.0001549	Milazzo-Eolie
15.13396896	38.25438529	-0.9999962	Milazzo-Eolie
15.05475703	38.30503201	-2.7304356	Milazzo-Eolie
14.82655245	38.44145639	-15.6444405	Milazzo-Eolie
15.15034727	38.21774448	-10.6651471	Milazzo-Eolie
15.1064988	38.24040759	-14.6727164	Milazzo-Eolie
14.95186799	38.38529752	-1.0000113	Milazzo-Eolie
14.86196772	38.45148121	-1.3539073	Milazzo-Eolie
15.03744572	38.30202989	-8.8074125	Milazzo-Eolie
14.87517392	38.43596099	-3.8434356	Milazzo-Eolie
15.08341032	38.25431953	-15.644441	Milazzo-Eolie
14.84255395	38.44627331	-9.0710313	Milazzo-Eolie
15.05554653	38.27362992	-15.6444395	Milazzo-Eolie
15.04298312	38.28876983	-12.8364464	Milazzo-Eolie
14.92146443	38.38626277	-9.8728529	Milazzo-Eolie
15.15837861	38.20653471	-12.833775	Milazzo-Eolie
14.9665286	38.34286219	-12.6472872	Milazzo-Eolie
14.84683077	38.44899841	-6.7303997	Milazzo-Eolie
15.09118706	38.27757774	-3.8705391	Milazzo-Eolie
15.221742	38.191	-1.0000001	Milazzo-Eolie
15.0303041	38.30988462	-7.3413472	Milazzo-Eolie
15.06843576	38.28543845	-7.1205592	Milazzo-Eolie
15.08380391	38.25765256	-14.1624542	Milazzo-Eolie
15.21249384	38.18417992	-6.4367484	Milazzo-Eolie
15.09657312	38.24662153	-15.0592428	Milazzo-Eolie
15.14389147	38.21822244	-12.352859	Milazzo-Eolie
14.99902807	38.31622035	-13.3234483	Milazzo-Eolie
14.90867286	38.39479357	-10.4557779	Milazzo-Eolie
14.96781799	38.36445355	-3.9266051	Milazzo-Eolie
14.93293453	38.39955306	-1.2627608	Milazzo-Eolie
15.13023135	38.23844342	-8.3975399	Milazzo-Eolie
15.0064211	38.31256714	-12.6133233	Milazzo-Eolie
15.01026846	38.30315523	-15.6444405	Milazzo-Eolie
14.94663189	38.38413032	-3.0625186	Milazzo-Eolie
14.96016923	38.3666264	-5.4753258	Milazzo-Eolie
14.92810869	38.37696135	-11.4509618	Milazzo-Eolie
15.05087562	38.31172154	-1.0000621	Milazzo-Eolie
15.14520427	38.24269968	-2.270901	Milazzo-Eolie
14.99444731	38.34470281	-3.5614322	Milazzo-Eolie
15.09959838	38.24354036	-15.4644893	Milazzo-Eolie
14.97154009	38.36114796	-4.0203858	Milazzo-Eolie
15.05870961	38.28795359	-8.8045597	Milazzo-Eolie
14.87663619	38.40689156	-15.2495147	Milazzo-Eolie
15.19052324	38.20417892	-4.4444	Milazzo-Eolie
15.05550179	38.30865857	-0.9999928	Milazzo-Eolie
14.96272149	38.3555754	-8.8538005	Milazzo-Eolie
15.10653549	38.24994467	-10.8568289	Milazzo-Eolie
14.8262965	38.45353534	-10.8138724	Milazzo-Eolie
15.14874102	38.21167529	-13.5738145	Milazzo-Eolie
15.17291956	38.21828869	-3.87092	Milazzo-Eolie
15.10590763	38.26412611	-5.206463	Milazzo-Eolie
14.87594085	38.42586646	-7.7318678	Milazzo-Eolie
15.03869827	38.29285411	-12.3128306	Milazzo-Eolie
15.01844216	38.32917463	-2.441943	Milazzo-Eolie
15.10358206	38.25761837	-8.5434122	Milazzo-Eolie
15.0327308	38.30002512	-10.9491539	Milazzo-Eolie
15.02097273	38.32934419	-1.6173355	Milazzo-Eolie
14.89816554	38.421369	-3.1417804	Milazzo-Eolie
15.08153234	38.2696405	-9.8824788	Milazzo-Eolie
15.01855325	38.31865405	-6.7160648	Milazzo-Eolie
15.02955785	38.30489433	-9.6983802	Milazzo-Eolie
15.04157905	38.3066204	-5.7168133	Milazzo-Eolie
15.0052674	38.33335368	-4.7562608	Milazzo-Eolie
14.90666827	38.3991042	-9.3893545	Milazzo-Eolie
15.17428704	38.19789559	-11.6720831	Milazzo-Eolie
14.87309592	38.42486318	-8.9591038	Milazzo-Eolie
15.09935579	38.26796057	-5.4964893	Milazzo-Eolie
14.89881988	38.42328411	-2.1930299	Milazzo-Eolie
14.91060563	38.41655868	-1.3386529	Milazzo-Eolie
14.88294399	38.41157842	-11.5257003	Milazzo-Eolie
15.1226966	38.25951835	-2.3179991	Milazzo-Eolie
15.15655722	38.23159714	-3.281961	Milazzo-Eolie
15.17555877	38.20965888	-6.5725146	Milazzo-Eolie
14.98314792	38.32643083	-14.0903702	Milazzo-Eolie
15.13783922	38.21781864	-14.2767877	Milazzo-Eolie
14.90285582	38.4096713	-6.3574251	Milazzo-Eolie
14.99035302	38.33893105	-7.044641	Milazzo-Eolie
14.8355248	38.43507874	-15.6444405	Milazzo-Eolie
15.16621751	38.20604738	-10.7461803	Milazzo-Eolie
15.05113826	38.30453519	-3.9456544	Milazzo-Eolie
14.91517945	38.40471609	-4.6475084	Milazzo-Eolie
14.92221966	38.38380952	-10.5913455	Milazzo-Eolie
14.97396956	38.35598681	-5.2865452	Milazzo-Eolie
14.87233056	38.44498555	-1.0000001	Milazzo-Eolie
14.84813941	38.43778678	-10.9044469	Milazzo-Eolie
15.06682962	38.27696071	-11.0619508	Milazzo-Eolie
15.14223551	38.2165238	-13.5185089	Milazzo-Eolie
15.1862299	38.20346368	-5.9607432	Milazzo-Eolie
14.90187213	38.40299334	-9.2817302	Milazzo-Eolie
14.85622825	38.45358286	-2.1570636	Milazzo-Eolie
14.81967825	38.44702426	-15.367378	Milazzo-Eolie
15.13283164	38.22214846	-14.0507188	Milazzo-Eolie
15.18117387	38.20491564	-6.8440507	Milazzo-Eolie
15.01758264	38.29859613	-15.6444405	Milazzo-Eolie
15.00836759	38.32697595	-6.3204317	Milazzo-Eolie
15.03355819	38.29501027	-12.8376236	Milazzo-Eolie
14.9662535	38.3354062	-15.6444405	Milazzo-Eolie
15.18407209	38.18391938	-14.62238	Milazzo-Eolie
14.91854439	38.37805792	-13.9267701	Milazzo-Eolie
15.20305207	38.19835943	-3.2820914	Milazzo-Eolie
15.18081801	38.1880003	-13.866898	Milazzo-Eolie
14.91296744	38.3997887	-7.225461	Milazzo-Eolie
15.06834763	38.29046685	-5.0684478	Milazzo-Eolie
14.87085366	38.4162664	-13.1032017	Milazzo-Eolie
14.97138442	38.33147286	-15.6444405	Milazzo-Eolie
14.8445453	38.42866586	-15.6444425	Milazzo-Eolie
15.14969617	38.23728941	-3.0698639	Milazzo-Eolie
15.08442482	38.27852137	-5.4089698	Milazzo-Eolie
14.96085062	38.3511753	-11.0985609	Milazzo-Eolie
15.04190579	38.2827977	-15.644441	Milazzo-Eolie
14.9025487	38.39535441	-12.091733	Milazzo-Eolie
15.07006002	38.26931395	-13.2845499	Milazzo-Eolie
14.93554972	38.37209985	-11.0335445	Milazzo-Eolie
15.1694317	38.21498318	-6.2163189	Milazzo-Eolie
15.06188782	38.29501778	-4.9532323	Milazzo-Eolie
15.11234195	38.26350946	-3.6272276	Milazzo-Eolie
14.91318286	38.39542556	-8.8443042	Milazzo-Eolie
14.99164647	38.35038448	-2.1799454	Milazzo-Eolie
14.89901978	38.40359453	-9.8926689	Milazzo-Eolie
15.0782868	38.29350465	-1.0000509	Milazzo-Eolie
14.90998211	38.40061012	-7.8098106	Milazzo-Eolie
15.16131009	38.22755257	-3.5271309	Milazzo-Eolie
14.92081842	38.3718238	-15.6444264	Milazzo-Eolie
15.1339788	38.24269779	-5.6065155	Milazzo-Eolie
14.85046134	38.46053158	-1.0000001	Milazzo-Eolie
15.10372612	38.2671072	-4.6025704	Milazzo-Eolie
15.15090611	38.23229859	-4.6782706	Milazzo-Eolie
15.15215114	38.22869268	-5.7349876	Milazzo-Eolie
15.10276908	38.24482203	-14.0335445	Milazzo-Eolie
14.89957515	38.39118353	-14.6086969	Milazzo-Eolie
15.01891655	38.31992066	-6.0705868	Milazzo-Eolie
15.16652732	38.2287492	-1.5259039	Milazzo-Eolie
14.86668707	38.44462944	-2.7734459	Milazzo-Eolie
15.17842374	38.20989418	-5.643221	Milazzo-Eolie
15.12397213	38.25819582	-2.4675372	Milazzo-Eolie
15.12779425	38.23474821	-10.5787603	Milazzo-Eolie
14.94731815	38.37556369	-6.0820736	Milazzo-Eolie
14.86038465	38.45347827	-1.0000001	Milazzo-Eolie
14.88780716	38.43401438	-1.0000011	Milazzo-Eolie
15.1499859	38.24131139	-1.3977638	Milazzo-Eolie
14.91479739	38.40293961	-5.4544962	Milazzo-Eolie
14.99590776	38.33192416	-8.1195687	Milazzo-Eolie
14.85613805	38.43822049	-8.4198492	Milazzo-Eolie
14.85043361	38.43059817	-13.1605103	Milazzo-Eolie
15.04166682	38.31747909	-1.0000001	Milazzo-Eolie
14.92143633	38.40924915	-1.0001231	Milazzo-Eolie
14.89484539	38.40833351	-9.2662909	Milazzo-Eolie
14.9414414	38.3838089	-4.7640787	Milazzo-Eolie
14.9424736	38.38184338	-5.210283	Milazzo-Eolie
15.03000729	38.31776219	-4.0177486	Milazzo-Eolie
15.13211374	38.24160438	-6.5917736	Milazzo-Eolie
15.0000581	38.34695429	-0.9999923	Milazzo-Eolie
15.15381908	38.20418747	-15.1059517	Milazzo-Eolie
14.87002193	38.44578148	-1.3432286	Milazzo-Eolie
15.0684155	38.28876616	-5.7595448	Milazzo-Eolie
15.09829508	38.26609595	-6.5649813	Milazzo-Eolie
14.95377741	38.34496786	-15.6444176	Milazzo-Eolie
15.08028529	38.26636334	-11.5844168	Milazzo-Eolie
15.01537833	38.32742878	-4.0425352	Milazzo-Eolie
15.00500551	38.31807124	-10.808724	Milazzo-Eolie
15.20578548	38.20201489	-1.0000001	Milazzo-Eolie
15.1427998	38.24773382	-1.0000006	Milazzo-Eolie
14.96023486	38.3434851	-14.2896407	Milazzo-Eolie
15.21262667	38.19214556	-3.1193448	Milazzo-Eolie
15.10121219	38.27365677	-2.626523	Milazzo-Eolie
15.1837409	38.20531061	-5.9363529	Milazzo-Eolie
15.11206177	38.24932207	-9.505253	Milazzo-Eolie
15.07159207	38.28502324	-6.3917464	Milazzo-Eolie
15.0485921	38.27836879	-15.6444405	Milazzo-Eolie
14.90379069	38.39202563	-13.0048282	Milazzo-Eolie
14.89302473	38.41593324	-6.8120105	Milazzo-Eolie
15.04952707	38.2961605	-7.9118715	Milazzo-Eolie
15.03447721	38.29721449	-11.656151	Milazzo-Eolie
14.89330924	38.39713892	-14.1349874	Milazzo-Eolie
14.93334221	38.36251333	-15.3347677	Milazzo-Eolie
14.90490191	38.41633824	-3.1211471	Milazzo-Eolie
15.05051303	38.29735601	-7.135409	Milazzo-Eolie
15.19414518	38.20810175	-1.8008306	Milazzo-Eolie
14.87097528	38.44358937	-1.9579918	Milazzo-Eolie
15.07602113	38.26005194	-15.3927306	Milazzo-Eolie
15.08262544	38.27545065	-7.1834629	Milazzo-Eolie
15.05821974	38.28290133	-11.0651229	Milazzo-Eolie
15.01842514	38.32340101	-4.7038204	Milazzo-Eolie
15.12289325	38.2506325	-5.7701165	Milazzo-Eolie
15.19191783	38.17602113	-15.6444405	Milazzo-Eolie
15.08476726	38.28049337	-4.5009364	Milazzo-Eolie
15.05129548	38.29928546	-6.1072435	Milazzo-Eolie
15.0447452	38.28554977	-13.698713	Milazzo-Eolie
14.8836713	38.41268021	-10.8729019	Milazzo-Eolie
15.15891122	38.2119511	-10.5003897	Milazzo-Eolie
15.18040903	38.19342142	-11.7506964	Milazzo-Eolie
15.01995562	38.31168911	-9.3486693	Milazzo-Eolie
15.11433599	38.26852003	-1.0000001	Milazzo-Eolie
14.85859346	38.42432734	-13.3508341	Milazzo-Eolie
14.88101462	38.4025837	-15.6444376	Milazzo-Eolie
15.15364863	38.23383885	-3.2561622	Milazzo-Eolie
14.8900351	38.41528645	-7.9569284	Milazzo-Eolie
15.13478036	38.23357494	-8.9659652	Milazzo-Eolie
15.16281941	38.21284556	-9.002195	Milazzo-Eolie
14.93360738	38.38494024	-6.7021728	Milazzo-Eolie
15.12200227	38.23979591	-10.3087537	Milazzo-Eolie
14.925437	38.4047788	-1.5170313	Milazzo-Eolie
15.00829507	38.30552125	-15.1538238	Milazzo-Eolie
15.06258946	38.27303073	-13.8848194	Milazzo-Eolie
15.06906937	38.2649783	-15.3485001	Milazzo-Eolie
14.83355814	38.43818356	-14.9514991	Milazzo-Eolie
15.19936311	38.20644811	-1.0000152	Milazzo-Eolie
15.00146892	38.32420054	-9.4726096	Milazzo-Eolie
14.82164803	38.44753671	-14.5909171	Milazzo-Eolie
15.02757863	38.32554145	-1.309628	Milazzo-Eolie
15.04799357	38.30942632	-2.7685792	Milazzo-Eolie
15.00407075	38.33807295	-3.2698878	Milazzo-Eolie
15.18893985	38.19730653	-7.726531	Milazzo-Eolie
14.9604296	38.34559907	-13.4048726	Milazzo-Eolie
15.10879508	38.24831254	-10.8728675	Milazzo-Eolie
15.06048561	38.28312923	-10.3344027	Milazzo-Eolie
15.0020059	38.30946805	-15.1410006	Milazzo-Eolie
15.00412059	38.3114486	-13.7162393	Milazzo-Eolie
15.21138014	38.19557842	-2.0601964	Milazzo-Eolie
15.20495539	38.18167036	-9.6127614	Milazzo-Eolie
14.86368044	38.415096	-15.644442	Milazzo-Eolie
14.91346846	38.37759478	-15.6444405	Milazzo-Eolie
14.8668849	38.4288129	-9.1382937	Milazzo-Eolie
14.96980144	38.35492654	-6.9500667	Milazzo-Eolie
15.03917985	38.30234654	-8.1934373	Milazzo-Eolie
14.86275082	38.43033224	-9.7126435	Milazzo-Eolie
15.1908032	38.20251615	-5.0516309	Milazzo-Eolie
15.15185738	38.22726605	-6.3931654	Milazzo-Eolie
15.15043204	38.22234867	-8.7884385	Milazzo-Eolie
14.90908262	38.38397125	-14.5114034	Milazzo-Eolie
14.98154538	38.33700236	-10.4380357	Milazzo-Eolie
14.95777421	38.35333854	-11.230098	Milazzo-Eolie
14.91275284	38.40341358	-5.8815025	Milazzo-Eolie
14.91837616	38.40185949	-4.7850531	Milazzo-Eolie
15.19505558	38.19082644	-8.6566778	Milazzo-Eolie
15.090884	38.2560334	-12.8114659	Milazzo-Eolie
15.00185134	38.3343502	-5.3902811	Milazzo-Eolie
14.98562883	38.332947	-10.7995662	Milazzo-Eolie
14.92111495	38.40674699	-2.0678619	Milazzo-Eolie
14.92645463	38.38830455	-7.5715017	Milazzo-Eolie
15.09990158	38.27668032	-1.757005	Milazzo-Eolie
15.02986378	38.31548691	-5.0394244	Milazzo-Eolie
15.12442687	38.2605118	-1.4149845	Milazzo-Eolie
15.02761124	38.29638932	-13.8994288	Milazzo-Eolie
15.17205411	38.1912198	-15.0307852	Milazzo-Eolie
15.09977399	38.2483608	-13.4325162	Milazzo-Eolie
14.87338688	38.43476709	-4.8436539	Milazzo-Eolie
15.05160536	38.28933613	-10.2000645	Milazzo-Eolie
14.84998104	38.44493394	-7.4713933	Milazzo-Eolie
14.93157579	38.37158028	-12.4608624	Milazzo-Eolie
14.93027478	38.37086389	-13.133546	Milazzo-Eolie
15.15404359	38.23165243	-3.9989215	Milazzo-Eolie
14.9592568	38.37833622	-1.3390348	Milazzo-Eolie
14.97636541	38.35904973	-3.3713341	Milazzo-Eolie
15.17414548	38.19356275	-13.4721641	Milazzo-Eolie
15.15956602	38.20001196	-15.1109088	Milazzo-Eolie
15.00614757	38.31434648	-11.9223077	Milazzo-Eolie
15.1206597	38.25042738	-6.5145455	Milazzo-Eolie
14.90053418	38.38774693	-15.6444434	Milazzo-Eolie
14.93450004	38.36557424	-13.8209283	Milazzo-Eolie
15.01938122	38.30488892	-12.4413497	Milazzo-Eolie
15.08301971	38.29022231	-0.9999952	Milazzo-Eolie
14.98296339	38.35918024	-1.3428272	Milazzo-Eolie
14.90967653	38.39175334	-11.3258651	Milazzo-Eolie
15.18429609	38.20740815	-4.9318709	Milazzo-Eolie
14.94140563	38.36845126	-10.5970631	Milazzo-Eolie
15.20705707	38.19741591	-2.5323272	Milazzo-Eolie
14.83927234	38.44380735	-11.0192381	Milazzo-Eolie
15.18384061	38.18159693	-15.6444405	Milazzo-Eolie
14.89814763	38.42529465	-1.5740221	Milazzo-Eolie
15.17852975	38.19785503	-10.4577118	Milazzo-Eolie
14.99694279	38.34672806	-2.0220577	Milazzo-Eolie
14.87901379	38.40931636	-13.5837052	Milazzo-Eolie
15.1909716	38.20000853	-6.0365118	Milazzo-Eolie
15.17867633	38.18611168	-15.2531583	Milazzo-Eolie
15.17493681	38.19438498	-12.9064473	Milazzo-Eolie
15.13032876	38.21999243	-15.6444454	Milazzo-Eolie
14.8548569	38.44844916	-4.6370838	Milazzo-Eolie
14.99318518	38.31738052	-14.6208546	Milazzo-Eolie
15.07753233	38.28010513	-6.7212476	Milazzo-Eolie
15.11859162	38.25715182	-4.461346	Milazzo-Eolie
15.17214441	38.22301375	-2.1964395	Milazzo-Eolie
14.88406001	38.41996109	-7.7982177	Milazzo-Eolie
15.04390053	38.30668493	-5.0578824	Milazzo-Eolie
14.98186395	38.32920111	-13.3920909	Milazzo-Eolie
15.13220739	38.22967104	-11.2697945	Milazzo-Eolie
15.12909202	38.22649492	-13.447774	Milazzo-Eolie
14.94236232	38.38971081	-2.2056842	Milazzo-Eolie
15.18933152	38.19496344	-8.5800244	Milazzo-Eolie
15.09105248	38.27582513	-4.6290728	Milazzo-Eolie
15.11805921	38.23977742	-11.4873643	Milazzo-Eolie
15.12613856	38.24277243	-7.90615	Milazzo-Eolie
15.11538822	38.25117588	-7.7860597	Milazzo-Eolie
15.17580705	38.19627008	-11.885616	Milazzo-Eolie
15.00853206	38.34045972	-1.0000001	Milazzo-Eolie
14.94078648	38.39318322	-1.3424654	Milazzo-Eolie
15.11530166	38.26702766	-1.3382696	Milazzo-Eolie
15.17018525	38.21240224	-7.0347299	Milazzo-Eolie
14.93825884	38.37787697	-8.015721	Milazzo-Eolie
14.95668429	38.37220587	-4.4490706	Milazzo-Eolie
14.90082317	38.39405084	-13.1183341	Milazzo-Eolie
15.12158598	38.25869942	-2.9708971	Milazzo-Eolie
15.03115278	38.30704088	-8.3412825	Milazzo-Eolie
14.91660218	38.37731615	-14.802002	Milazzo-Eolie
15.03465353	38.28864559	-15.205483	Milazzo-Eolie
14.94991852	38.38634074	-1.2106075	Milazzo-Eolie
15.00414997	38.3398702	-2.5433805	Milazzo-Eolie
14.9744749	38.36331177	-2.2950914	Milazzo-Eolie
15.1151609	38.25396152	-6.7479342	Milazzo-Eolie
15.12506882	38.22505788	-15.2096827	Milazzo-Eolie
15.18848284	38.21336264	-1.3176671	Milazzo-Eolie
15.09708478	38.27216084	-4.4168411	Milazzo-Eolie
14.88526894	38.41244455	-10.4945555	Milazzo-Eolie
14.91992781	38.37334515	-15.3275362	Milazzo-Eolie
14.99981733	38.30967734	-15.6444405	Milazzo-Eolie
15.17639921	38.1982605	-10.9093211	Milazzo-Eolie
14.86700284	38.43976513	-4.6569137	Milazzo-Eolie
14.99736966	38.31155397	-15.6444405	Milazzo-Eolie
15.18533514	38.21191184	-2.8183516	Milazzo-Eolie
15.04703355	38.30774519	-3.7397515	Milazzo-Eolie
14.93837708	38.39596139	-1.0000001	Milazzo-Eolie
14.98365553	38.34076219	-8.3359469	Milazzo-Eolie
15.02831733	38.29227062	-15.4461666	Milazzo-Eolie
14.84028232	38.44523394	-10.1485802	Milazzo-Eolie
14.9586452	38.37973642	-1.0000001	Milazzo-Eolie
15.03660502	38.30378032	-8.2820005	Milazzo-Eolie
15.20022618	38.18034238	-11.5037628	Milazzo-Eolie
15.07696453	38.29319964	-1.5011241	Milazzo-Eolie
15.07585497	38.26218277	-14.5644078	Milazzo-Eolie
14.9253685	38.36823781	-15.644546	Milazzo-Eolie
14.93002184	38.39919395	-2.2844395	Milazzo-Eolie
15.12768098	38.25294221	-3.436919	Milazzo-Eolie
14.93937349	38.36369268	-13.0221705	Milazzo-Eolie
15.04978818	38.28147697	-14.006481	Milazzo-Eolie
14.89273675	38.42109401	-4.8411873	Milazzo-Eolie
15.00984933	38.32118336	-8.14069	Milazzo-Eolie
14.91357451	38.40132946	-6.445931	Milazzo-Eolie
15.13078763	38.22842253	-12.1839285	Milazzo-Eolie
14.86184552	38.43383568	-8.5525689	Milazzo-Eolie
15.18663595	38.20934124	-3.4725611	Milazzo-Eolie
14.95003338	38.38106646	-3.164629	Milazzo-Eolie
14.8431976	38.44872064	-7.8916583	Milazzo-Eolie
15.01134199	38.3068694	-13.7505767	Milazzo-Eolie
14.92045047	38.38089351	-12.2537125	Milazzo-Eolie
14.9651867	38.35669347	-7.6685187	Milazzo-Eolie
15.10829968	38.26061243	-5.9691932	Milazzo-Eolie
14.8633574	38.42507345	-11.6757237	Milazzo-Eolie
14.9669465	38.33659003	-14.9739986	Milazzo-Eolie
15.15318515	38.21404995	-11.3243333	Milazzo-Eolie
15.02842588	38.32572749	-0.9999112	Milazzo-Eolie
14.83448968	38.45176689	-9.167708	Milazzo-Eolie
14.90422432	38.42101031	-1.4812828	Milazzo-Eolie
15.14294221	38.2216975	-11.2308455	Milazzo-Eolie
15.1201059	38.26452114	-1.0000001	Milazzo-Eolie
15.06233679	38.3034335	-1.2936514	Milazzo-Eolie
15.01087974	38.33372216	-2.9304727	Milazzo-Eolie
15.11697092	38.2373954	-12.750066	Milazzo-Eolie
14.9615152	38.35230259	-10.4623043	Milazzo-Eolie
15.20111444	38.20453921	-1.2883248	Milazzo-Eolie
14.86595246	38.43739759	-5.92114	Milazzo-Eolie
15.02475115	38.31440866	-6.8821854	Milazzo-Eolie
14.8779999	38.43059006	-5.2165694	Milazzo-Eolie
14.87065285	38.4280921	-8.3479634	Milazzo-Eolie
15.06158751	38.28443488	-9.481573	Milazzo-Eolie
14.9453594	38.37921478	-5.3109669	Milazzo-Eolie
15.20390028	38.17784145	-11.4890802	Milazzo-Eolie
15.0165752	38.30201526	-14.4385611	Milazzo-Eolie
14.89662019	38.39080965	-15.6445064	Milazzo-Eolie
15.1820873	38.18865007	-13.2387979	Milazzo-Eolie
14.97720853	38.36352065	-1.3721383	Milazzo-Eolie
14.87883366	38.4357734	-2.8663819	Milazzo-Eolie
14.95679323	38.35693084	-10.1794806	Milazzo-Eolie
15.00961387	38.31690315	-9.884294	Milazzo-Eolie
15.17431754	38.19616023	-12.3616222	Milazzo-Eolie
15.20907499	38.18642821	-6.4828939	Milazzo-Eolie
15.06984822	38.26371836	-15.644441	Milazzo-Eolie
14.90975942	38.40412283	-6.4928687	Milazzo-Eolie
14.88660706	38.40860526	-11.6084481	Milazzo-Eolie
14.90649209	38.4205196	-0.9999796	Milazzo-Eolie
15.09020501	38.26494894	-9.3404637	Milazzo-Eolie
15.1915523	38.1914829	-9.3820348	Milazzo-Eolie
14.86148291	38.4290442	-10.6012096	Milazzo-Eolie
15.09001197	38.27050325	-7.1125234	Milazzo-Eolie
15.1484457	38.23578788	-4.0335802	Milazzo-Eolie
15.21156571	38.19802514	-1.0000001	Milazzo-Eolie
14.94151517	38.36012523	-13.7051959	Milazzo-Eolie
15.06808548	38.28148933	-8.8429755	Milazzo-Eolie
15.01570505	38.30919818	-11.5695511	Milazzo-Eolie
15.11201563	38.24489713	-11.2633077	Milazzo-Eolie
15.08419336	38.28312555	-3.5826075	Milazzo-Eolie
15.17061784	38.22183062	-3.11696	Milazzo-Eolie
14.91944792	38.39446995	-7.3142656	Milazzo-Eolie
15.09929544	38.26238046	-7.8071859	Milazzo-Eolie
15.07979387	38.26451873	-12.4824337	Milazzo-Eolie
14.90865865	38.40972396	-4.6111414	Milazzo-Eolie
14.84317075	38.46571278	-1.0000001	Milazzo-Eolie
14.92401161	38.38092554	-11.1618692	Milazzo-Eolie
15.02340973	38.31301857	-7.8439871	Milazzo-Eolie
15.04920889	38.31231659	-1.2014723	Milazzo-Eolie
15.06740575	38.29287769	-4.317919	Milazzo-Eolie
14.82644029	38.45108816	-11.766047	Milazzo-Eolie
14.98448447	38.32928414	-12.5744434	Milazzo-Eolie
14.86187504	38.44182345	-5.3014237	Milazzo-Eolie
14.84275055	38.43878734	-12.0535013	Milazzo-Eolie
14.94946847	38.36650877	-8.8334405	Milazzo-Eolie
15.02692876	38.30056104	-12.2785079	Milazzo-Eolie
14.98683648	38.32226556	-14.6136085	Milazzo-Eolie
14.94870853	38.38785612	-1.0001046	Milazzo-Eolie
15.127437	38.24826837	-5.3529071	Milazzo-Eolie
14.96741173	38.36032952	-5.6080228	Milazzo-Eolie
15.16255626	38.22484468	-4.2530504	Milazzo-Eolie
15.10701848	38.23755258	-15.64444	Milazzo-Eolie
14.97019812	38.37025615	-1.000005	Milazzo-Eolie
14.93469257	38.36824871	-12.7521593	Milazzo-Eolie
15.13528445	38.21901152	-14.5582926	Milazzo-Eolie
15.06356796	38.27479312	-12.8818287	Milazzo-Eolie
15.17268764	38.19495783	-13.3195943	Milazzo-Eolie
14.86453973	38.44814787	-1.9648556	Milazzo-Eolie
15.07787465	38.28656532	-3.9683482	Milazzo-Eolie
15.17880788	38.20177009	-8.7981662	Milazzo-Eolie
14.97958934	38.35956847	-2.2024449	Milazzo-Eolie
14.94446049	38.38468855	-3.511002	Milazzo-Eolie
15.13665334	38.22493873	-11.8151583	Milazzo-Eolie
15.05102066	38.30250666	-4.830221	Milazzo-Eolie
15.09434718	38.252421	-13.3097198	Milazzo-Eolie
14.91361334	38.38403002	-13.1152232	Milazzo-Eolie
14.85329251	38.42330467	-15.2950665	Milazzo-Eolie
15.13371014	38.24486613	-4.8311993	Milazzo-Eolie
15.05631474	38.28019381	-12.7278033	Milazzo-Eolie
15.17174073	38.22628096	-1.0000001	Milazzo-Eolie
15.0333288	38.31763455	-3.1783604	Milazzo-Eolie
15.00327093	38.34327048	-1.4774659	Milazzo-Eolie
14.9865762	38.34859728	-4.3979674	Milazzo-Eolie
15.1178519	38.2477595	-8.4007783	Milazzo-Eolie
14.91721394	38.40457917	-4.0875714	Milazzo-Eolie
14.97609668	38.36241762	-2.1349395	Milazzo-Eolie
15.1916226	38.17888982	-14.5472511	Milazzo-Eolie
14.83298608	38.44851775	-10.9208458	Milazzo-Eolie
15.07442993	38.28082428	-7.3093132	Milazzo-Eolie
14.92548692	38.39172089	-6.5454375	Milazzo-Eolie
14.94697331	38.38200785	-3.7572931	Milazzo-Eolie
14.87824365	38.422212	-8.556376	Milazzo-Eolie
15.19977267	38.20297778	-2.3124742	Milazzo-Eolie
14.91910521	38.40728298	-2.4676007	Milazzo-Eolie
14.90081971	38.42381241	-1.3905933	Milazzo-Eolie
14.90914773	38.39930497	-8.570298	Milazzo-Eolie
14.88886924	38.41824266	-7.1140852	Milazzo-Eolie
15.09907047	38.25563582	-10.643211	Milazzo-Eolie
15.13586069	38.21692431	-15.2142584	Milazzo-Eolie
14.90984593	38.38887693	-12.3852899	Milazzo-Eolie
14.84389246	38.45987276	-3.163106	Milazzo-Eolie
14.9893685	38.3431	-5.7100526	Milazzo-Eolie
14.92109612	38.40256349	-3.6886265	Milazzo-Eolie
14.8903855	38.40954714	-10.1138759	Milazzo-Eolie
14.97501256	38.35737087	-4.4326563	Milazzo-Eolie
14.9617459	38.36734161	-4.71717	Milazzo-Eolie
14.94632074	38.35974053	-12.3622164	Milazzo-Eolie
15.08441655	38.27660614	-6.1983951	Milazzo-Eolie
15.02084924	38.29763648	-15.1793687	Milazzo-Eolie
15.01049912	38.31548728	-10.2534318	Milazzo-Eolie
15.01687048	38.32824585	-3.2759893	Milazzo-Eolie
15.16975818	38.19548363	-13.9626241	Milazzo-Eolie
14.85185782	38.42346493	-15.6444146	Milazzo-Eolie
14.83648017	38.43985944	-13.4278477	Milazzo-Eolie
15.1064864	38.26947986	-2.841234	Milazzo-Eolie
14.98900845	38.33804573	-7.7936421	Milazzo-Eolie
14.97987389	38.35276111	-4.7785709	Milazzo-Eolie
15.19756151	38.19755489	-5.1738548	Milazzo-Eolie
14.96583754	38.35857287	-6.7578183	Milazzo-Eolie
15.05670593	38.29460193	-6.5694618	Milazzo-Eolie
14.84214128	38.46295058	-2.4186798	Milazzo-Eolie
14.86478574	38.43449839	-7.4343809	Milazzo-Eolie
15.20223901	38.18143472	-10.4818936	Milazzo-Eolie
15.11794182	38.2557302	-5.22871	Milazzo-Eolie
15.04071946	38.30507615	-6.6137016	Milazzo-Eolie
14.83243343	38.45515179	-8.386671	Milazzo-Eolie
15.02255523	38.29948632	-13.9206681	Milazzo-Eolie
14.96976555	38.35803274	-5.7471458	Milazzo-Eolie
15.02329979	38.29503207	-15.6444405	Milazzo-Eolie
15.11105645	38.23517822	-15.3812935	Milazzo-Eolie
14.99565823	38.33460861	-7.1449448	Milazzo-Eolie
14.97299223	38.35410469	-6.3150813	Milazzo-Eolie
15.06758059	38.27869957	-10.1333227	Milazzo-Eolie
14.88884862	38.41235883	-9.4625029	Milazzo-Eolie
14.93506768	38.3932871	-3.0361114	Milazzo-Eolie
15.15804294	38.22645081	-4.9215789	Milazzo-Eolie
15.04771829	38.29518283	-8.8256215	Milazzo-Eolie
14.93846341	38.36736664	-11.9173465	Milazzo-Eolie
14.97904802	38.34052376	-9.8099275	Milazzo-Eolie
14.92012141	38.39880523	-5.4356595	Milazzo-Eolie
15.07260693	38.2934933	-2.6132589	Milazzo-Eolie
14.98738328	38.35054628	-3.3942135	Milazzo-Eolie
15.09577467	38.25970892	-9.9079383	Milazzo-Eolie
14.91764056	38.40662768	-3.1632794	Milazzo-Eolie
15.02320336	38.32489964	-2.7653145	Milazzo-Eolie
14.9518242	38.35945406	-10.7660098	Milazzo-Eolie
14.93318742	38.37549162	-10.4792681	Milazzo-Eolie
14.96419585	38.3739973	-1.4469605	Milazzo-Eolie
15.01498141	38.33551635	-1.0000001	Milazzo-Eolie
15.10587282	38.24711138	-12.2091173	Milazzo-Eolie
15.02376283	38.29747669	-14.463734	Milazzo-Eolie
15.02183231	38.32180351	-4.4719049	Milazzo-Eolie
14.8979472	38.41408324	-6.077887	Milazzo-Eolie
15.1279526	38.25644209	-1.9759112	Milazzo-Eolie
15.0434759	38.30101365	-7.5564338	Milazzo-Eolie
15.15706936	38.22921833	-4.0921109	Milazzo-Eolie
15.14208436	38.22324824	-10.8666051	Milazzo-Eolie
15.04541832	38.31220288	-2.2691847	Milazzo-Eolie
14.87828571	38.4184173	-10.0887032	Milazzo-Eolie
15.09333939	38.282295	-1.3188223	Milazzo-Eolie
15.1790067	38.21525431	-3.317942	Milazzo-Eolie
15.10061446	38.25059908	-12.2733587	Milazzo-Eolie
14.88702669	38.43384496	-1.2936544	Milazzo-Eolie
15.03792552	38.30918358	-5.5916422	Milazzo-Eolie
14.88117926	38.41027689	-12.5629991	Milazzo-Eolie
14.82450752	38.45048392	-12.5691075	Milazzo-Eolie
15.16565692	38.213719	-7.8243474	Milazzo-Eolie
15.11342804	38.23272485	-15.6444405	Milazzo-Eolie
15.01487512	38.32565063	-4.8884039	Milazzo-Eolie
15.00927137	38.32841676	-5.4863853	Milazzo-Eolie
15.14307782	38.22473329	-9.9864527	Milazzo-Eolie
15.11782408	38.25352084	-6.1378099	Milazzo-Eolie
15.11806481	38.25477436	-5.5727464	Milazzo-Eolie
14.95291584	38.37301021	-5.3124827	Milazzo-Eolie
14.97535358	38.34690579	-8.4221379	Milazzo-Eolie
15.14103507	38.22212046	-11.6232476	Milazzo-Eolie
15.03511385	38.30225319	-9.3447447	Milazzo-Eolie
14.96702015	38.35222956	-8.8378258	Milazzo-Eolie
15.02707805	38.32175568	-3.0811178	Milazzo-Eolie
15.10943193	38.24973656	-10.1161635	Milazzo-Eolie
15.0028502	38.30777761	-15.6444171	Milazzo-Eolie
15.21733792	38.19115523	-2.1879537	Milazzo-Eolie
14.93512493	38.39552023	-2.1563009	Milazzo-Eolie
15.03978963	38.3036186	-7.4894726	Milazzo-Eolie
14.94818053	38.38659949	-1.6445704	Milazzo-Eolie
14.97711999	38.33897352	-10.9936861	Milazzo-Eolie
14.99423911	38.32790246	-10.1918653	Milazzo-Eolie
14.96325504	38.36899462	-3.6260836	Milazzo-Eolie
14.95564442	38.36191692	-8.6536258	Milazzo-Eolie
14.85223387	38.45786667	-1.5705225	Milazzo-Eolie
14.96419431	38.375183	-1.0000001	Milazzo-Eolie
14.92977421	38.37381953	-12.1599552	Milazzo-Eolie
15.05523706	38.29215084	-8.0075933	Milazzo-Eolie
14.84674832	38.45212173	-5.4860992	Milazzo-Eolie
15.08382204	38.25545887	-15.0588512	Milazzo-Eolie
14.81860356	38.44710564	-15.6444405	Milazzo-Eolie
15.11536007	38.25541567	-6.0951158	Milazzo-Eolie
14.89671022	38.42257606	-3.0930186	Milazzo-Eolie
15.11323078	38.25054024	-8.6776986	Milazzo-Eolie
14.87754664	38.44043247	-1.3416217	Milazzo-Eolie
15.06540603	38.28816549	-6.8532393	Milazzo-Eolie
15.11109206	38.24103525	-13.060879	Milazzo-Eolie
15.0130386	38.31942871	-7.8706779	Milazzo-Eolie
15.19189181	38.20898034	-2.0860904	Milazzo-Eolie
15.11917705	38.22998015	-15.0190001	Milazzo-Eolie
14.96872781	38.35698432	-6.4672597	Milazzo-Eolie
14.90197267	38.4154413	-4.3457198	Milazzo-Eolie
15.1968328	38.17262786	-15.6444405	Milazzo-Eolie
15.16383076	38.21041933	-9.6833139	Milazzo-Eolie
15.03705222	38.31917973	-1.5079781	Milazzo-Eolie
14.87357253	38.44000076	-2.6642389	Milazzo-Eolie
15.06166194	38.26939207	-15.6444405	Milazzo-Eolie
14.89105368	38.4292557	-2.0022213	Milazzo-Eolie
15.04262756	38.28298699	-15.3641358	Milazzo-Eolie
14.9401349	38.38860427	-3.3084093	Milazzo-Eolie
15.07744023	38.28885947	-3.1493761	Milazzo-Eolie
14.85727714	38.41962331	-15.6444273	Milazzo-Eolie
14.9742053	38.33286541	-14.2547418	Milazzo-Eolie
14.82805497	38.44234597	-14.8496744	Milazzo-Eolie
15.11077094	38.25072397	-9.3290246	Milazzo-Eolie
14.83635448	38.44443856	-11.6050155	Milazzo-Eolie
15.06357699	38.28269928	-9.6299336	Milazzo-Eolie
14.9433453	38.36954723	-9.5828203	Milazzo-Eolie
15.05342398	38.27802647	-14.4424542	Milazzo-Eolie
15.0293484	38.30065889	-11.5844151	Milazzo-Eolie
15.09339321	38.27817719	-2.9956822	Milazzo-Eolie
15.14474149	38.22255655	-10.3617304	Milazzo-Eolie
15.0415348	38.29696946	-9.7950467	Milazzo-Eolie
14.98390644	38.32187449	-15.6444405	Milazzo-Eolie
15.14877919	38.22636497	-7.6539717	Milazzo-Eolie
15.00391987	38.32621383	-7.9511513	Milazzo-Eolie
14.95781052	38.37356767	-3.586422	Milazzo-Eolie
14.88545845	38.41691044	-8.6380238	Milazzo-Eolie
15.19770454	38.17327097	-15.1318839	Milazzo-Eolie
14.94253753	38.37876395	-6.3551613	Milazzo-Eolie
14.87631511	38.40999104	-14.0862183	Milazzo-Eolie
15.11373073	38.25886803	-5.1393529	Milazzo-Eolie
15.11368351	38.25382317	-7.2269962	Milazzo-Eolie
15.0308497	38.29779695	-12.4165594	Milazzo-Eolie
15.0240077	38.32639512	-1.9030743	Milazzo-Eolie
14.92730099	38.367218	-15.4309171	Milazzo-Eolie
14.89368021	38.39302929	-15.6444386	Milazzo-Eolie
14.98184927	38.35581043	-2.9945426	Milazzo-Eolie
14.93509079	38.38188195	-7.4340407	Milazzo-Eolie
15.03856115	38.31213163	-4.1466412	Milazzo-Eolie
14.88832	38.39707305	-15.6444371	Milazzo-Eolie
14.8797524	38.43210044	-4.0974547	Milazzo-Eolie
14.9457116	38.38548702	-2.8221978	Milazzo-Eolie
15.02626994	38.29413836	-15.2295806	Milazzo-Eolie
14.83695536	38.45355833	-7.7288152	Milazzo-Eolie
15.1317415	38.24825788	-4.0783834	Milazzo-Eolie
15.06315845	38.28524121	-8.7036109	Milazzo-Eolie
15.20539474	38.17894385	-10.6104141	Milazzo-Eolie
14.93181715	38.40111048	-1.0000015	Milazzo-Eolie
15.1849915	38.20876925	-4.1821124	Milazzo-Eolie
14.97050847	38.3685076	-1.5636627	Milazzo-Eolie
14.89580556	38.41250864	-7.3350488	Milazzo-Eolie
14.89252159	38.4246948	-3.4361661	Milazzo-Eolie
15.08775532	38.28585333	-1.4469605	Milazzo-Eolie
14.95078322	38.34903659	-15.0187974	Milazzo-Eolie
15.02983089	38.29308823	-14.681919	Milazzo-Eolie
15.17199393	38.19359838	-14.0700855	Milazzo-Eolie
15.07789256	38.28151272	-6.0401283	Milazzo-Eolie
14.91049591	38.38065296	-15.3645181	Milazzo-Eolie
14.84935128	38.42710313	-14.8916236	Milazzo-Eolie
14.920212	38.39641433	-6.3314781	Milazzo-Eolie
14.96858505	38.36745047	-2.5582672	Milazzo-Eolie
15.19063083	38.18167009	-13.6844112	Milazzo-Eolie
14.97358108	38.3593783	-4.0752403	Milazzo-Eolie
14.89948404	38.39313406	-13.8780269	Milazzo-Eolie
15.05991048	38.29423594	-5.8318092	Milazzo-Eolie
15.00025704	38.31949883	-11.673661	Milazzo-Eolie
14.92850038	38.37238923	-13.0984967	Milazzo-Eolie
15.04005456	38.31531793	-2.3679596	Milazzo-Eolie
15.18292582	38.19685624	-9.6211583	Milazzo-Eolie
15.06432884	38.2766948	-11.8834083	Milazzo-Eolie
15.21354477	38.18804501	-4.5467003	Milazzo-Eolie
14.88283294	38.42580298	-5.7739361	Milazzo-Eolie
15.16647754	38.22326573	-3.7458321	Milazzo-Eolie
15.2058308	38.19083799	-5.5893536	Milazzo-Eolie
14.85919741	38.42570835	-12.6155855	Milazzo-Eolie
15.17051569	38.20729576	-8.9919935	Milazzo-Eolie
15.14129423	38.23769542	-5.4059166	Milazzo-Eolie
14.88510478	38.41373732	-10.0308912	Milazzo-Eolie
15.11217211	38.25175732	-8.5052758	Milazzo-Eolie
15.14380291	38.21323081	-14.3867013	Milazzo-Eolie
14.86638214	38.44921471	-1.0000001	Milazzo-Eolie
15.14534906	38.22848766	-7.8313774	Milazzo-Eolie
