13.32346397	36.51	-3.9999998	PantelleriaN
12.1452383	36.78519032	-5.2911722	PantelleriaN
12.59463194	36.55200816	-14.6944319	PantelleriaN
13.32205375	36.50749646	-4.702388	PantelleriaN
12.84987915	36.51951808	-11.9146176	PantelleriaN
12.71241517	36.52581087	-15.2460052	PantelleriaN
12.40933098	36.63166271	-11.796371	PantelleriaN
12.21728153	36.70452131	-14.2462564	PantelleriaN
12.72279061	36.55286972	-7.9059747	PantelleriaN
13.2000179	36.48673273	-12.6651081	PantelleriaN
11.85139366	36.94267967	-3.9999988	PantelleriaN
12.96033345	36.53753687	-4.0000003	PantelleriaN
12.88169504	36.50175673	-15.5720638	PantelleriaN
11.76448134	36.92580151	-17.1357991	PantelleriaN
11.77920971	36.9298141	-14.6561981	PantelleriaN
12.5412141	36.55717085	-17.594616	PantelleriaN
13.31921063	36.50244886	-6.1184944	PantelleriaN
12.69066499	36.56527482	-6.4287981	PantelleriaN
13.31541262	36.4957049	-8.0104112	PantelleriaN
11.96802214	36.88180359	-4.7253997	PantelleriaN
12.53516739	36.57040787	-14.9224251	PantelleriaN
11.883769	36.90180648	-9.4934306	PantelleriaN
12.92997945	36.51707761	-10.1472757	PantelleriaN
12.62017133	36.57549857	-7.4609476	PantelleriaN
11.76346188	36.9397471	-14.1733043	PantelleriaN
12.93300164	36.49392567	-16.2893235	PantelleriaN
11.98282446	36.81591082	-17.594617	PantelleriaN
12.47957456	36.60427207	-11.1789578	PantelleriaN
12.8089102	36.51725117	-13.8058257	PantelleriaN
13.09045776	36.48034019	-16.7385823	PantelleriaN
11.89319432	36.919743	-4.5211268	PantelleriaN
13.07602881	36.48552411	-15.6180814	PantelleriaN
12.13190714	36.79315178	-5.1849383	PantelleriaN
13.31241063	36.4903741	-9.5058198	PantelleriaN
13.06453578	36.51073505	-9.0413368	PantelleriaN
12.97406053	36.5008473	-13.5388895	PantelleriaN
12.24953804	36.68441903	-15.1514813	PantelleriaN
12.1979389	36.71922173	-13.3408104	PantelleriaN
12.22280924	36.71001791	-12.4173345	PantelleriaN
13.24593474	36.47859143	-13.959827	PantelleriaN
12.25241546	36.71449269	-8.0104119	PantelleriaN
11.84260878	36.91083275	-11.9677208	PantelleriaN
13.30918153	36.48463916	-11.1145173	PantelleriaN
12.80501752	36.54275453	-7.2322618	PantelleriaN
13.20187968	36.49276476	-11.0068524	PantelleriaN
12.1220385	36.7438645	-16.9002894	PantelleriaN
12.00999761	36.85318243	-6.4399495	PantelleriaN
13.30588449	36.47878274	-12.7571985	PantelleriaN
12.06988142	36.79182701	-12.8860648	PantelleriaN
12.32836226	36.65805173	-13.8511426	PantelleriaN
12.59215471	36.5435363	-16.9375442	PantelleriaN
12.06016269	36.83426682	-4.9707313	PantelleriaN
11.9566813	36.84516851	-14.0154095	PantelleriaN
12.51779323	36.58725949	-12.2665184	PantelleriaN
13.01792009	36.49970052	-12.909377	PantelleriaN
13.30317863	36.47397626	-14.1053314	PantelleriaN
11.77710345	36.91751308	-17.5946185	PantelleriaN
11.93169828	36.90310754	-4.0000003	PantelleriaN
12.07087443	36.83281913	-3.9999993	PantelleriaN
12.48276762	36.63349323	-3.9999998	PantelleriaN
12.93011626	36.52413636	-8.251461	PantelleriaN
11.91317045	36.9122745	-4.0000872	PantelleriaN
12.16908625	36.75555571	-8.8862759	PantelleriaN
11.95888025	36.8523917	-12.1879242	PantelleriaN
12.41487627	36.60764197	-16.6116619	PantelleriaN
12.92883988	36.5380694	-4.543785	PantelleriaN
13.3006095	36.4694119	-15.3854915	PantelleriaN
12.65571102	36.58010533	-4.4843084	PantelleriaN
13.29749485	36.46387791	-16.9375428	PantelleriaN
12.00271692	36.80603564	-17.594617	PantelleriaN
12.69613666	36.52937981	-15.1815721	PantelleriaN
12.54936893	36.60947539	-4.5607776	PantelleriaN
12.24952624	36.71336049	-8.5768545	PantelleriaN
12.76420298	36.55790613	-4.543785	PantelleriaN
12.59884021	36.55550284	-13.5842042	PantelleriaN
13.29617627	36.46153496	-17.594617	PantelleriaN
12.2015189	36.76066293	-3.9999993	PantelleriaN
12.11956445	36.75194517	-15.4704627	PantelleriaN
12.14849907	36.78940583	-3.9995731	PantelleriaN
13.05673352	36.47956569	-17.5946175	PantelleriaN
12.47398645	36.62185351	-7.4497076	PantelleriaN
12.84595391	36.51192833	-14.0316912	PantelleriaN
12.91745355	36.52927305	-7.2145601	PantelleriaN
12.77221313	36.50918425	-17.0848177	PantelleriaN
13.01143513	36.50805963	-10.7886488	PantelleriaN
11.90114671	36.88582466	-11.1288269	PantelleriaN
11.88895859	36.91559796	-5.8933333	PantelleriaN
12.57339365	36.57019661	-12.0218862	PantelleriaN
12.49638762	36.61116611	-8.246899	PantelleriaN
12.54719403	36.5955841	-8.0235108	PantelleriaN
12.03865504	36.81031853	-12.6653057	PantelleriaN
12.74737252	36.52783644	-12.9724476	PantelleriaN
13.14811701	36.47518471	-16.8943523	PantelleriaN
12.09152673	36.80856258	-6.7189224	PantelleriaN
11.8943497	36.87279756	-14.73424	PantelleriaN
11.76081328	36.9349825	-15.5101072	PantelleriaN
12.99439335	36.5099318	-10.6596047	PantelleriaN
12.36364452	36.68378672	-4.6910613	PantelleriaN
12.26267614	36.71238012	-7.5402625	PantelleriaN
12.03260325	36.79541134	-16.577324	PantelleriaN
12.67929189	36.52827049	-16.3229544	PantelleriaN
11.86993542	36.88314167	-15.1036868	PantelleriaN
11.98407828	36.82429915	-15.6145467	PantelleriaN
12.26516497	36.72371229	-4.7186736	PantelleriaN
13.25659343	36.50191408	-7.4655652	PantelleriaN
12.00566836	36.81427657	-15.4619617	PantelleriaN
12.15163737	36.76779245	-8.2872054	PantelleriaN
12.1718917	36.74468715	-10.8992679	PantelleriaN
12.66212324	36.56029493	-9.1425892	PantelleriaN
12.62694795	36.5799104	-6.0041575	PantelleriaN
12.93972755	36.51267734	-11.1152278	PantelleriaN
12.6074456	36.58968253	-4.7717772	PantelleriaN
13.26717182	36.4636011	-17.5946165	PantelleriaN
12.13821221	36.77195371	-8.9618315	PantelleriaN
11.91590428	36.87683848	-11.4979679	PantelleriaN
13.16517102	36.48910098	-12.7908312	PantelleriaN
13.13073431	36.49812298	-11.1215773	PantelleriaN
12.33373384	36.64266769	-16.866032	PantelleriaN
11.99516497	36.82573367	-14.0901082	PantelleriaN
12.33113731	36.68123315	-8.2968196	PantelleriaN
12.3112789	36.66806777	-13.1508763	PantelleriaN
13.10953887	36.5147146	-7.1041045	PantelleriaN
12.17507976	36.72201465	-15.4088572	PantelleriaN
13.03076347	36.4862312	-16.2953426	PantelleriaN
11.85678964	36.90493686	-11.7291064	PantelleriaN
12.01615132	36.80337136	-16.7143289	PantelleriaN
12.46539179	36.62061671	-8.5959656	PantelleriaN
11.76628284	36.93223282	-15.5235623	PantelleriaN
13.05480981	36.5241773	-5.603032	PantelleriaN
12.12690564	36.74538995	-15.9975003	PantelleriaN
12.82498088	36.54311245	-6.5063318	PantelleriaN
12.86610202	36.5382267	-6.4884524	PantelleriaN
12.35695568	36.66400273	-9.8346385	PantelleriaN
11.91201609	36.89790194	-7.2897803	PantelleriaN
12.44014777	36.64907815	-4.7802742	PantelleriaN
12.84156925	36.53347847	-8.5109759	PantelleriaN
12.33511252	36.64817092	-15.4807234	PantelleriaN
13.0241191	36.53234389	-3.9998904	PantelleriaN
12.47113171	36.57996942	-17.5946102	PantelleriaN
12.2701076	36.66886055	-16.7959329	PantelleriaN
12.14057166	36.76260348	-10.6950745	PantelleriaN
12.34390556	36.66148536	-11.6214669	PantelleriaN
13.24400326	36.51565724	-3.9999949	PantelleriaN
13.26100505	36.49382944	-9.5614019	PantelleriaN
13.28331339	36.51286156	-4.0000003	PantelleriaN
12.56943496	36.54798245	-17.5946165	PantelleriaN
11.9963197	36.81229887	-16.9163016	PantelleriaN
13.07755986	36.50793337	-9.5468866	PantelleriaN
12.57392596	36.58378664	-8.7581155	PantelleriaN
12.05227715	36.81186562	-10.705068	PantelleriaN
12.75295263	36.54176694	-9.1546253	PantelleriaN
12.76159659	36.53467206	-10.7279084	PantelleriaN
12.72361403	36.5272994	-14.2979224	PantelleriaN
12.79377198	36.55430058	-4.5558221	PantelleriaN
12.10948257	36.80205932	-5.9623689	PantelleriaN
11.96500884	36.86794349	-8.1010428	PantelleriaN
12.96614478	36.52168718	-8.123701	PantelleriaN
12.56758741	36.60591187	-3.9999998	PantelleriaN
12.1865933	36.71352848	-15.8913948	PantelleriaN
11.94712792	36.89340007	-4.4531531	PantelleriaN
12.99079364	36.51641835	-8.9988541	PantelleriaN
12.81819386	36.52014713	-12.751529	PantelleriaN
12.21562476	36.68986393	-17.5946644	PantelleriaN
12.18251743	36.72583103	-13.7187352	PantelleriaN
13.04830998	36.51501634	-8.1980579	PantelleriaN
11.8406354	36.89131786	-16.4797879	PantelleriaN
12.08885593	36.80244748	-8.3460291	PantelleriaN
12.74071314	36.51102874	-17.5941863	PantelleriaN
11.97587369	36.82249885	-16.9049739	PantelleriaN
13.26361691	36.47087446	-15.701637	PantelleriaN
12.04771251	36.8203508	-9.4365562	PantelleriaN
13.00476618	36.51321045	-9.5539703	PantelleriaN
12.73610296	36.51165251	-17.594617	PantelleriaN
12.76146538	36.55301631	-5.914575	PantelleriaN
12.95990664	36.53433468	-4.8680735	PantelleriaN
11.81587983	36.94728576	-6.8336285	PantelleriaN
12.2381123	36.72273955	-7.8914705	PantelleriaN
11.93505012	36.89316515	-5.8211063	PantelleriaN
13.12379991	36.51731161	-6.1273099	PantelleriaN
12.1209321	36.7738924	-10.6153554	PantelleriaN
12.13637409	36.73781668	-16.5247269	PantelleriaN
12.5558073	36.55242002	-17.594617	PantelleriaN
13.05422523	36.49381083	-13.802285	PantelleriaN
12.23272114	36.74374078	-3.9999974	PantelleriaN
11.97092726	36.85305176	-10.7293355	PantelleriaN
12.80585089	36.50318822	-17.594574	PantelleriaN
13.30195329	36.48905609	-10.0623498	PantelleriaN
11.82432945	36.89428134	-17.5946175	PantelleriaN
12.65657796	36.54672748	-12.8407492	PantelleriaN
12.14251492	36.77501634	-7.7947147	PantelleriaN
12.51823727	36.56464854	-17.5946165	PantelleriaN
11.8784604	36.89803652	-10.8992679	PantelleriaN
12.63170353	36.532892	-17.5946175	PantelleriaN
11.87660383	36.92667503	-4.7930189	PantelleriaN
12.36259866	36.6632848	-9.4436304	PantelleriaN
11.89853227	36.86079866	-16.9177396	PantelleriaN
12.99722617	36.52364751	-6.9200142	PantelleriaN
12.10955755	36.76091411	-14.7503704	PantelleriaN
12.0484282	36.83091995	-7.0900633	PantelleriaN
11.83402349	36.90832627	-13.4503838	PantelleriaN
12.94157702	36.5019318	-13.9561143	PantelleriaN
12.24531094	36.67766508	-17.0876512	PantelleriaN
12.60052944	36.5832401	-6.8336277	PantelleriaN
12.60220588	36.56152608	-11.8962064	PantelleriaN
13.22974592	36.47726975	-14.6264595	PantelleriaN
13.00087114	36.49517874	-14.4735174	PantelleriaN
12.5615981	36.57972619	-10.6726909	PantelleriaN
12.66701047	36.5257144	-17.5946165	PantelleriaN
11.98123356	36.84440662	-11.5057154	PantelleriaN
12.77493654	36.55868479	-3.9999993	PantelleriaN
12.75782302	36.54650968	-7.7385198	PantelleriaN
13.23815144	36.51372649	-4.6330076	PantelleriaN
12.38093678	36.61859044	-17.594617	PantelleriaN
12.36761786	36.63466009	-15.3444295	PantelleriaN
12.07308952	36.80305519	-10.1012926	PantelleriaN
12.02050721	36.83132203	-10.0977513	PantelleriaN
12.96080768	36.49345025	-15.8110315	PantelleriaN
12.23691252	36.69243099	-14.5540596	PantelleriaN
12.05825413	36.83987208	-4.0000501	PantelleriaN
12.01772815	36.81337394	-14.3446524	PantelleriaN
11.85081844	36.90208927	-13.0036011	PantelleriaN
12.47302697	36.58488181	-16.2835106	PantelleriaN
13.26081585	36.51038435	-5.0999578	PantelleriaN
13.03188576	36.53174643	-3.9998128	PantelleriaN
12.53034828	36.57888789	-13.283282	PantelleriaN
12.66398875	36.57343308	-5.7403948	PantelleriaN
12.23993931	36.72745043	-6.6640774	PantelleriaN
12.26039142	36.72879547	-3.9999998	PantelleriaN
13.31802427	36.51038806	-3.9999993	PantelleriaN
12.88504034	36.51810865	-11.1725766	PantelleriaN
13.17083106	36.51799833	-4.9171951	PantelleriaN
11.96152348	36.82948423	-16.9347117	PantelleriaN
13.22326154	36.46874823	-17.04874	PantelleriaN
12.13073259	36.75411988	-13.6716458	PantelleriaN
12.14627517	36.74746763	-13.2906927	PantelleriaN
11.88142865	36.86616824	-17.5946141	PantelleriaN
12.4948827	36.57488981	-16.9676356	PantelleriaN
13.20898612	36.5183128	-4.0000066	PantelleriaN
12.48121328	36.61513774	-8.4749051	PantelleriaN
11.85848128	36.93448742	-5.0365892	PantelleriaN
12.19130427	36.7642215	-4.4262479	PantelleriaN
11.96226476	36.82611379	-17.594617	PantelleriaN
12.67810286	36.55816187	-8.861846	PantelleriaN
12.60542934	36.57133058	-9.2792431	PantelleriaN
12.46219668	36.60073224	-13.3689319	PantelleriaN
13.04310001	36.50641111	-10.6181711	PantelleriaN
12.43161557	36.6064787	-15.1782112	PantelleriaN
13.03495979	36.50099705	-12.2339551	PantelleriaN
12.06718735	36.77131355	-17.594617	PantelleriaN
12.7552129	36.51175044	-16.9485301	PantelleriaN
12.59371582	36.5646314	-11.7722973	PantelleriaN
12.93365754	36.48900359	-17.594617	PantelleriaN
13.15666825	36.49505692	-11.3789742	PantelleriaN
12.21902818	36.72121385	-10.4489463	PantelleriaN
12.38899197	36.62702926	-14.8909166	PantelleriaN
12.41078896	36.61700581	-14.9295057	PantelleriaN
13.23515642	36.47300214	-15.6736775	PantelleriaN
12.53424149	36.56145891	-17.115973	PantelleriaN
12.81367741	36.52578034	-11.4154376	PantelleriaN
12.42485501	36.65947457	-3.9999998	PantelleriaN
12.30849982	36.68509488	-9.518565	PantelleriaN
11.83632845	36.88837579	-17.594617	PantelleriaN
12.16564541	36.71697885	-17.5946175	PantelleriaN
12.15876722	36.72416588	-16.8502786	PantelleriaN
12.58579098	36.58759122	-6.9398357	PantelleriaN
11.90506201	36.85448298	-17.5946219	PantelleriaN
12.34615562	36.68064002	-7.0361312	PantelleriaN
12.79508153	36.53005214	-10.8822743	PantelleriaN
12.03256809	36.82891084	-9.3118135	PantelleriaN
12.36037657	36.66681924	-8.8713996	PantelleriaN
12.3759376	36.6622295	-8.3304273	PantelleriaN
12.34409959	36.63763826	-17.0508104	PantelleriaN
12.03391679	36.81431343	-12.3720206	PantelleriaN
13.10899675	36.5193536	-5.8635916	PantelleriaN
12.37362235	36.65753903	-9.6148491	PantelleriaN
12.62538803	36.54868216	-13.9438958	PantelleriaN
12.49367356	36.59587074	-12.0845497	PantelleriaN
12.66879502	36.54090106	-13.6819163	PantelleriaN
12.46315419	36.59342069	-15.0177674	PantelleriaN
12.90967299	36.50388305	-14.1279874	PantelleriaN
12.68844544	36.52135416	-17.594617	PantelleriaN
13.17061988	36.50966266	-7.1575613	PantelleriaN
12.85925118	36.54852604	-3.9999979	PantelleriaN
13.29525913	36.47652197	-13.5711058	PantelleriaN
12.45838263	36.5939022	-15.2835711	PantelleriaN
13.25319773	36.48867312	-11.1017712	PantelleriaN
12.63981267	36.57208356	-7.3165193	PantelleriaN
12.90478337	36.51853553	-10.4354935	PantelleriaN
13.24286768	36.48356833	-12.676481	PantelleriaN
12.33430771	36.63924439	-17.594617	PantelleriaN
11.83660938	36.92958444	-8.4872857	PantelleriaN
13.16074447	36.49946598	-10.1076648	PantelleriaN
12.01640419	36.86110452	-3.9999998	PantelleriaN
13.22503201	36.51497712	-4.5464061	PantelleriaN
13.20072654	36.5163771	-4.6995525	PantelleriaN
12.04535275	36.78718487	-16.811511	PantelleriaN
12.03782111	36.81728903	-11.2731194	PantelleriaN
13.01901495	36.51626433	-8.4235245	PantelleriaN
13.2259104	36.50588604	-6.9823343	PantelleriaN
12.30863519	36.6551354	-16.3512752	PantelleriaN
12.09935889	36.77881474	-12.1433167	PantelleriaN
12.35512431	36.65332579	-12.4286679	PantelleriaN
12.62714472	36.5560339	-12.003831	PantelleriaN
13.1200639	36.51000243	-8.1692481	PantelleriaN
11.97413551	36.83532399	-14.275973	PantelleriaN
11.93043711	36.84479424	-16.958785	PantelleriaN
12.84191661	36.50563092	-15.8127825	PantelleriaN
13.22480702	36.48786098	-11.864883	PantelleriaN
12.84207973	36.53874703	-7.1111443	PantelleriaN
13.1115447	36.49538124	-12.2762308	PantelleriaN
12.59731977	36.55681885	-13.3462996	PantelleriaN
11.85165153	36.93048909	-6.657678	PantelleriaN
11.89836459	36.87754263	-13.2537723	PantelleriaN
12.88398508	36.52834018	-8.5191487	PantelleriaN
11.97643107	36.86125418	-8.3262042	PantelleriaN
13.11621207	36.52575149	-4.0000721	PantelleriaN
12.90553957	36.50599969	-13.7031585	PantelleriaN
12.75411306	36.53988141	-9.5964509	PantelleriaN
12.90264142	36.5391907	-5.0790726	PantelleriaN
12.82254463	36.51345193	-14.3715274	PantelleriaN
12.05673512	36.78452281	-16.0199075	PantelleriaN
12.41229631	36.6629791	-4.4857244	PantelleriaN
12.16041311	36.74701685	-11.7376042	PantelleriaN
12.40090868	36.61175971	-17.1032283	PantelleriaN
12.72065144	36.56140952	-5.866428	PantelleriaN
11.99082127	36.85833143	-7.3995389	PantelleriaN
12.47914637	36.62233891	-6.9239424	PantelleriaN
12.46855497	36.60424541	-12.0332802	PantelleriaN
12.51327244	36.58131734	-14.0246136	PantelleriaN
13.0355053	36.49393078	-14.128702	PantelleriaN
12.74012833	36.51884804	-15.5780667	PantelleriaN
11.80639532	36.9553544	-6.0832684	PantelleriaN
13.16137687	36.52218627	-3.9999998	PantelleriaN
13.14380611	36.49978904	-10.3901776	PantelleriaN
11.93644717	36.8510517	-14.9280892	PantelleriaN
13.21930529	36.50145308	-8.3033084	PantelleriaN
13.13043934	36.49185119	-12.8101268	PantelleriaN
12.66918358	36.55029276	-11.2986101	PantelleriaN
13.09201698	36.49699581	-12.2179553	PantelleriaN
11.88347665	36.87462041	-15.5115149	PantelleriaN
12.23335942	36.6803043	-17.594617	PantelleriaN
12.14955832	36.72570192	-17.594617	PantelleriaN
13.09608635	36.48477376	-15.4358714	PantelleriaN
12.33316203	36.68804005	-6.5532391	PantelleriaN
12.09033138	36.76118882	-16.9913533	PantelleriaN
12.85373376	36.49928843	-17.1046443	PantelleriaN
12.47706726	36.62736852	-5.9032459	PantelleriaN
13.26163909	36.48364346	-12.2962568	PantelleriaN
11.90618667	36.86402175	-15.3748802	PantelleriaN
11.86899425	36.87645669	-16.6776736	PantelleriaN
12.74808939	36.533077	-11.5903279	PantelleriaN
12.0545709	36.77836892	-17.5946175	PantelleriaN
12.97670822	36.53358263	-4.7034495	PantelleriaN
12.89208647	36.49500651	-17.015428	PantelleriaN
11.91889591	36.8596443	-14.9521634	PantelleriaN
12.25011752	36.71037122	-9.1659546	PantelleriaN
11.77899731	36.96768466	-6.333743	PantelleriaN
12.79500297	36.55626864	-3.9999988	PantelleriaN
12.45694567	36.64168095	-4.7363748	PantelleriaN
12.12179359	36.75934578	-13.6217088	PantelleriaN
12.75996853	36.55869575	-4.5336883	PantelleriaN
12.56362154	36.55363543	-16.703178	PantelleriaN
12.26471818	36.71760762	-6.1556668	PantelleriaN
12.3502763	36.64871357	-13.9467283	PantelleriaN
13.22638324	36.46650146	-17.5946214	PantelleriaN
12.11268251	36.78288589	-9.6792918	PantelleriaN
12.14436344	36.7672308	-9.2564063	PantelleriaN
12.55092956	36.57847518	-11.792831	PantelleriaN
11.89883878	36.91933026	-3.9999983	PantelleriaN
12.20961937	36.72099676	-11.594576	PantelleriaN
13.10669142	36.48505691	-15.1506961	PantelleriaN
11.8204685	36.89863092	-17.0550809	PantelleriaN
12.216311	36.75264174	-3.9999998	PantelleriaN
12.45467967	36.63026515	-7.5207938	PantelleriaN
12.74416417	36.54240855	-9.4435115	PantelleriaN
13.1316203	36.52072251	-5.040825	PantelleriaN
12.03696488	36.85090023	-4.0000027	PantelleriaN
11.88136074	36.88394938	-13.6868665	PantelleriaN
12.64600902	36.57918483	-5.2121878	PantelleriaN
11.91132005	36.90628075	-5.5210223	PantelleriaN
13.20695966	36.46787986	-17.594594	PantelleriaN
13.31625415	36.50757416	-4.7930184	PantelleriaN
11.76187748	36.92499926	-17.5946155	PantelleriaN
13.09872548	36.5269965	-4.0000013	PantelleriaN
12.4970744	36.6033974	-10.0368596	PantelleriaN
12.70073803	36.53313454	-14.0012483	PantelleriaN
13.2245228	36.51095895	-5.6397225	PantelleriaN
11.94519449	36.83458244	-17.5946175	PantelleriaN
11.81265947	36.90790563	-15.8584705	PantelleriaN
11.78362299	36.97600001	-3.9999998	PantelleriaN
11.92128248	36.90631873	-4.4291536	PantelleriaN
12.83307623	36.55168	-3.9999988	PantelleriaN
13.23911476	36.48890492	-11.3092325	PantelleriaN
11.83331796	36.94917966	-4.5267913	PantelleriaN
13.1363483	36.51480739	-6.5247747	PantelleriaN
12.72819766	36.54573798	-9.4236855	PantelleriaN
12.60514543	36.54249507	-16.5357234	PantelleriaN
12.11643008	36.79061086	-7.5793831	PantelleriaN
12.09904468	36.75349154	-17.5946175	PantelleriaN
12.78508168	36.52469625	-12.6049678	PantelleriaN
11.95241042	36.86799416	-9.4633371	PantelleriaN
12.61270302	36.57867788	-7.0416373	PantelleriaN
12.03978357	36.84683322	-4.5862684	PantelleriaN
11.81760769	36.95929569	-3.9999998	PantelleriaN
12.27726985	36.70858038	-7.0531241	PantelleriaN
12.36886771	36.64705882	-12.4421008	PantelleriaN
11.86830004	36.90505289	-10.4556733	PantelleriaN
11.77219815	36.94509229	-12.0491484	PantelleriaN
11.82650996	36.92250491	-11.141423	PantelleriaN
13.26609534	36.47751586	-13.8631771	PantelleriaN
11.8939909	36.89164284	-10.623125	PantelleriaN
12.79451517	36.50669434	-17.033139	PantelleriaN
12.11952938	36.80561718	-4.0000003	PantelleriaN
12.63291552	36.53499801	-17.0026849	PantelleriaN
12.35134272	36.64304329	-15.113679	PantelleriaN
12.34711793	36.63387385	-17.5948963	PantelleriaN
12.02185576	36.83666502	-8.7765253	PantelleriaN
12.11539741	36.74433744	-17.5945203	PantelleriaN
13.07793435	36.50121035	-11.3524211	PantelleriaN
12.89219842	36.49278698	-17.5946175	PantelleriaN
11.95375413	36.88560727	-5.444428	PantelleriaN
12.70710561	36.51755671	-17.594616	PantelleriaN
13.29870233	36.48202551	-12.0208241	PantelleriaN
13.12652757	36.47654502	-16.9998523	PantelleriaN
12.89072877	36.50641037	-14.0642647	PantelleriaN
12.41947435	36.65088686	-6.4668567	PantelleriaN
12.34784683	36.68677632	-5.4768211	PantelleriaN
12.92612065	36.53322096	-5.9032503	PantelleriaN
13.04042641	36.5276788	-4.9346771	PantelleriaN
12.29089503	36.66054264	-16.7647781	PantelleriaN
12.91925258	36.54129645	-3.9999993	PantelleriaN
12.48196237	36.60949828	-9.7550707	PantelleriaN
12.15378191	36.73509858	-15.0781966	PantelleriaN
12.27959927	36.66150512	-17.594617	PantelleriaN
13.00054497	36.50078308	-12.9781089	PantelleriaN
11.98359093	36.87738261	-3.9999998	PantelleriaN
12.18359377	36.77038035	-4.0000013	PantelleriaN
12.75057751	36.5375231	-10.344154	PantelleriaN
12.33104015	36.70007643	-3.9999998	PantelleriaN
13.11488832	36.50661694	-9.1861334	PantelleriaN
11.80668556	36.96307161	-4.3511941	PantelleriaN
13.14352285	36.52363645	-3.9999861	PantelleriaN
12.18912049	36.74944227	-7.8638455	PantelleriaN
12.60820813	36.57630214	-7.885795	PantelleriaN
13.07049566	36.49166584	-14.0685132	PantelleriaN
12.08392184	36.82552681	-3.9999988	PantelleriaN
12.11340266	36.80701736	-4.4333274	PantelleriaN
12.16574314	36.76713866	-6.7819473	PantelleriaN
11.91827759	36.90020639	-6.1008729	PantelleriaN
12.47357404	36.61575459	-8.9165481	PantelleriaN
12.91026544	36.5258961	-8.3290362	PantelleriaN
12.59815931	36.53970617	-17.5946165	PantelleriaN
13.01526471	36.48623883	-16.5898777	PantelleriaN
12.34084261	36.67027853	-9.897356	PantelleriaN
12.48337891	36.63017926	-4.7383299	PantelleriaN
12.24439003	36.70414745	-11.1598315	PantelleriaN
13.30300029	36.51145919	-3.9999993	PantelleriaN
12.59084482	36.54119137	-17.594617	PantelleriaN
13.11380413	36.49043166	-13.5530828	PantelleriaN
12.87291079	36.49511202	-17.5946165	PantelleriaN
12.31673163	36.69328873	-6.8810677	PantelleriaN
11.79096799	36.9511023	-8.6915589	PantelleriaN
11.78198122	36.95907318	-7.9084517	PantelleriaN
13.30451463	36.50264363	-6.3486106	PantelleriaN
12.89907367	36.523673	-9.2672059	PantelleriaN
11.78236949	36.9654813	-6.4541126	PantelleriaN
12.16988486	36.77386721	-4.8493211	PantelleriaN
12.73983956	36.53734738	-10.9385648	PantelleriaN
12.98928843	36.49904294	-13.6904141	PantelleriaN
12.5219861	36.61537598	-5.2737894	PantelleriaN
11.82287551	36.94891966	-5.7156121	PantelleriaN
12.3855921	36.66568957	-6.5794109	PantelleriaN
13.17176923	36.47065004	-17.5946336	PantelleriaN
12.22844951	36.72243035	-9.0866523	PantelleriaN
12.05005834	36.80042928	-13.4163875	PantelleriaN
12.75659472	36.54827387	-7.3306817	PantelleriaN
13.30968077	36.49617146	-7.9948345	PantelleriaN
11.77225195	36.93767959	-13.6767833	PantelleriaN
12.38049412	36.67501787	-5.0061204	PantelleriaN
12.98134705	36.50572911	-12.0711009	PantelleriaN
12.42082592	36.62498204	-12.1288021	PantelleriaN
12.03927972	36.78691723	-17.5945818	PantelleriaN
12.77421533	36.5568144	-4.5140457	PantelleriaN
11.91259419	36.86738634	-13.9368228	PantelleriaN
13.128515	36.52485708	-4.000116	PantelleriaN
13.01723615	36.48237224	-17.5946126	PantelleriaN
12.6120209	36.5622011	-11.2247064	PantelleriaN
13.05206016	36.50899631	-9.7493901	PantelleriaN
11.92067347	36.88207182	-9.8272795	PantelleriaN
12.76605146	36.50798517	-17.5946492	PantelleriaN
13.28184251	36.47149506	-15.1844041	PantelleriaN
12.45231747	36.60131567	-14.2384441	PantelleriaN
12.4349164	36.64437001	-6.3634808	PantelleriaN
12.74388953	36.52161144	-14.717094	PantelleriaN
12.34301796	36.63569833	-17.594617	PantelleriaN
13.24021404	36.50099538	-8.0274156	PantelleriaN
13.28265489	36.50849964	-5.1891751	PantelleriaN
11.7812499	36.91961027	-16.6833523	PantelleriaN
12.96305861	36.5057324	-12.4690208	PantelleriaN
12.83266716	36.50205891	-17.0430276	PantelleriaN
12.05786882	36.82885922	-6.4017029	PantelleriaN
12.71253182	36.5495734	-9.2608338	PantelleriaN
13.16777471	36.50272251	-9.0809877	PantelleriaN
13.01666809	36.51148105	-9.7573619	PantelleriaN
13.12434217	36.52260019	-4.694055	PantelleriaN
12.26614162	36.68581036	-13.2910706	PantelleriaN
12.42267221	36.63080483	-10.6387045	PantelleriaN
12.35361403	36.66134008	-10.7519931	PantelleriaN
13.14771212	36.47260606	-17.5946165	PantelleriaN
13.19453215	36.46879068	-17.5941717	PantelleriaN
11.83056133	36.93694333	-7.5215013	PantelleriaN
12.56882458	36.60240165	-4.7370828	PantelleriaN
12.29037344	36.71661175	-3.9999998	PantelleriaN
12.48968028	36.61759926	-7.2379141	PantelleriaN
12.939882	36.53077129	-6.2597283	PantelleriaN
13.23339031	36.49551017	-9.6375242	PantelleriaN
13.13439721	36.50761203	-8.4968191	PantelleriaN
11.94608775	36.83593367	-17.2002313	PantelleriaN
12.74031506	36.51375237	-16.8919314	PantelleriaN
12.04929813	36.83650967	-5.7900315	PantelleriaN
12.36510091	36.66802396	-8.1294922	PantelleriaN
12.76528903	36.55984586	-3.9999998	PantelleriaN
12.03508761	36.84187958	-6.1871795	PantelleriaN
12.8471087	36.54890915	-4.2832005	PantelleriaN
11.86602493	36.9138095	-8.7736937	PantelleriaN
12.15105276	36.7782397	-6.1049642	PantelleriaN
12.60739419	36.59295371	-3.9999998	PantelleriaN
12.43948142	36.63693861	-7.5650467	PantelleriaN
12.12707693	36.76481869	-11.8197059	PantelleriaN
12.47144102	36.63841689	-3.9999998	PantelleriaN
12.77892738	36.53093023	-11.1626642	PantelleriaN
11.85703482	36.89117422	-14.733553	PantelleriaN
12.75088804	36.56267158	-3.9999993	PantelleriaN
12.59533924	36.54923674	-15.3401756	PantelleriaN
12.11513252	36.77090725	-11.9471871	PantelleriaN
11.8218378	36.91901874	-12.4157398	PantelleriaN
11.77768853	36.94906392	-10.5792282	PantelleriaN
13.05141819	36.48906518	-15.1355501	PantelleriaN
11.87281176	36.9201	-6.6523631	PantelleriaN
12.07044782	36.81112853	-8.6904974	PantelleriaN
11.99966575	36.86940928	-3.9999998	PantelleriaN
12.64708762	36.52976522	-17.594617	PantelleriaN
12.21243268	36.74554413	-5.9811326	PantelleriaN
12.89355835	36.53312613	-6.9593067	PantelleriaN
12.91674079	36.516492	-10.5933903	PantelleriaN
13.17744248	36.47856281	-15.3490252	PantelleriaN
13.21106227	36.47377626	-15.925638	PantelleriaN
12.69388479	36.5742701	-4.0000008	PantelleriaN
12.08873717	36.79447793	-10.0644732	PantelleriaN
12.31575359	36.68762279	-8.2667271	PantelleriaN
12.30043982	36.68107274	-11.1867375	PantelleriaN
12.01075804	36.82859604	-11.7602605	PantelleriaN
12.64739148	36.55948249	-10.1005842	PantelleriaN
12.1850299	36.759714	-6.1294686	PantelleriaN
13.0011699	36.50558711	-11.6759106	PantelleriaN
12.76324617	36.56015515	-3.9999998	PantelleriaN
12.09442289	36.81619852	-4.7395613	PantelleriaN
12.98977128	36.52821749	-5.857221	PantelleriaN
13.08228437	36.52607148	-4.5652054	PantelleriaN
12.25569815	36.70275696	-10.388054	PantelleriaN
12.44952712	36.62691465	-8.7921025	PantelleriaN
12.03074542	36.80861768	-13.9693797	PantelleriaN
11.75668348	36.92755259	-17.594617	PantelleriaN
12.4020708	36.64625108	-9.265082	PantelleriaN
12.55238912	36.56544909	-14.7691312	PantelleriaN
12.64046112	36.54146393	-14.9896902	PantelleriaN
11.79543974	36.90849514	-17.5946175	PantelleriaN
12.72821926	36.56449201	-4.703097	PantelleriaN
12.60891531	36.57353119	-8.5315386	PantelleriaN
12.24909961	36.73037195	-4.9650975	PantelleriaN
13.20127169	36.49944225	-9.2296869	PantelleriaN
13.18547111	36.49717479	-10.1827163	PantelleriaN
12.42552109	36.65554438	-4.8124905	PantelleriaN
12.46155777	36.6101853	-11.3184353	PantelleriaN
12.45311434	36.64670281	-3.9999998	PantelleriaN
13.27014371	36.5043039	-6.5610276	PantelleriaN
12.62136882	36.54301358	-15.5759568	PantelleriaN
12.29423689	36.70334987	-6.6721917	PantelleriaN
12.5216798	36.59365248	-10.4503624	PantelleriaN
12.61595792	36.59016482	-3.9999998	PantelleriaN
12.3552811	36.65768636	-11.4317443	PantelleriaN
11.83433193	36.9016842	-14.8799417	PantelleriaN
13.10689266	36.51064925	-8.2511492	PantelleriaN
12.54905175	36.58810426	-9.6541572	PantelleriaN
12.39006434	36.67518994	-3.9999983	PantelleriaN
13.19254141	36.47951081	-14.7652378	PantelleriaN
12.58278748	36.5513776	-15.758636	PantelleriaN
12.73705273	36.51335045	-17.118805	PantelleriaN
12.99018343	36.48440704	-17.5946219	PantelleriaN
13.10117478	36.47917241	-16.8471121	PantelleriaN
12.97153992	36.51261244	-10.4393871	PantelleriaN
12.35044133	36.69218387	-3.9999998	PantelleriaN
12.23042449	36.68415836	-17.091575	PantelleriaN
12.2548043	36.71877587	-6.8095789	PantelleriaN
12.19098701	36.73145874	-11.5181064	PantelleriaN
12.22076142	36.74666662	-4.7668216	PantelleriaN
12.10157134	36.79841612	-7.6875391	PantelleriaN
12.84407026	36.54468127	-5.4897215	PantelleriaN
12.39379472	36.67111479	-4.5352879	PantelleriaN
12.20996543	36.7385491	-7.7753382	PantelleriaN
12.50883168	36.62502209	-3.9999983	PantelleriaN
12.87244292	36.50899439	-13.9644295	PantelleriaN
12.25862854	36.72968353	-3.9999998	PantelleriaN
11.9531704	36.87445787	-7.9594327	PantelleriaN
13.28781628	36.46408983	-17.0664095	PantelleriaN
12.61487936	36.58420001	-5.5406404	PantelleriaN
13.20838515	36.48484391	-12.9919349	PantelleriaN
13.28763039	36.46214407	-17.5946175	PantelleriaN
12.24020035	36.69663102	-13.2669971	PantelleriaN
12.15326328	36.78376554	-4.6570569	PantelleriaN
13.01867856	36.49274242	-14.7708387	PantelleriaN
12.61480564	36.53632526	-17.5946175	PantelleriaN
12.54168436	36.60381569	-6.496241	PantelleriaN
12.33902632	36.6940795	-4.6280428	PantelleriaN
11.93477554	36.87267305	-10.3568966	PantelleriaN
12.20237087	36.75601198	-4.9020594	PantelleriaN
11.86702628	36.89646734	-12.4845984	PantelleriaN
11.7978682	36.93087485	-12.4010494	PantelleriaN
11.89308074	36.90264002	-8.3001941	PantelleriaN
12.50961553	36.60353428	-9.0370889	PantelleriaN
12.14258888	36.7560322	-11.8763432	PantelleriaN
12.01127391	36.86031605	-4.7328343	PantelleriaN
12.29765885	36.6680101	-14.4299739	PantelleriaN
12.2379984	36.6886299	-15.2608567	PantelleriaN
13.07136665	36.4785244	-17.5946175	PantelleriaN
12.90274213	36.49151537	-17.594617	PantelleriaN
12.80465313	36.5343199	-9.4587349	PantelleriaN
13.02296827	36.52336668	-6.4325135	PantelleriaN
11.85373301	36.92386411	-7.8914585	PantelleriaN
12.95941405	36.5005225	-13.9453113	PantelleriaN
12.76039543	36.55506331	-5.4274349	PantelleriaN
12.88221841	36.52346929	-9.8541816	PantelleriaN
13.15032167	36.50513908	-8.8133442	PantelleriaN
12.99447588	36.48863854	-16.3664949	PantelleriaN
12.02827178	36.80417433	-15.2155706	PantelleriaN
12.35028324	36.6374013	-16.4841478	PantelleriaN
12.23858972	36.73525862	-5.1406736	PantelleriaN
12.45737447	36.5844349	-17.5942493	PantelleriaN
11.95343289	36.89233566	-3.9999998	PantelleriaN
12.39536864	36.63901975	-11.561829	PantelleriaN
11.79483603	36.91875239	-15.4003616	PantelleriaN
12.63977528	36.58526654	-3.9999998	PantelleriaN
12.36209669	36.62710149	-17.5945696	PantelleriaN
12.83239536	36.52348869	-11.4244247	PantelleriaN
11.8562741	36.88247934	-16.7307928	PantelleriaN
12.1047143	36.75762248	-16.0333606	PantelleriaN
12.80106067	36.5232914	-12.4683132	PantelleriaN
12.99965981	36.53224757	-4.5607981	PantelleriaN
13.10701875	36.52449358	-4.5154393	PantelleriaN
12.08204777	36.76300135	-17.5946165	PantelleriaN
11.81088526	36.90089676	-17.5946175	PantelleriaN
12.67559678	36.57798814	-3.9999998	PantelleriaN
12.44074768	36.60921254	-13.6422654	PantelleriaN
12.87950943	36.54608671	-3.9999998	PantelleriaN
12.39145824	36.6183878	-16.5757278	PantelleriaN
12.04255425	36.82982325	-8.0217283	PantelleriaN
12.07726504	36.78143328	-14.2257007	PantelleriaN
11.92535112	36.84442382	-17.5946165	PantelleriaN
12.72757961	36.5333839	-12.5639	PantelleriaN
12.48085902	36.63415783	-3.9999998	PantelleriaN
12.64884246	36.53113059	-17.1612889	PantelleriaN
12.93178452	36.53580996	-5.0847083	PantelleriaN
12.39683697	36.65306715	-8.2684996	PantelleriaN
11.8440772	36.94160673	-5.0293328	PantelleriaN
12.60023364	36.56203358	-11.8848776	PantelleriaN
13.03809668	36.52211965	-6.4781888	PantelleriaN
12.95176188	36.49034284	-16.8412474	PantelleriaN
11.84943755	36.88192255	-17.594618	PantelleriaN
11.88537073	36.86630659	-17.1373392	PantelleriaN
13.04860972	36.4841816	-16.5059861	PantelleriaN
12.59004774	36.59304696	-5.3173323	PantelleriaN
12.24441823	36.70014772	-12.0321528	PantelleriaN
12.66240217	36.52864946	-17.0918997	PantelleriaN
12.10276274	36.78364318	-10.7038447	PantelleriaN
12.20532614	36.70539318	-15.4548807	PantelleriaN
12.78363441	36.53713122	-9.3854511	PantelleriaN
13.04015773	36.48074427	-17.594618	PantelleriaN
12.4996852	36.58030927	-15.3118548	PantelleriaN
12.81744332	36.5513338	-4.5859144	PantelleriaN
12.90456535	36.49476915	-16.6826473	PantelleriaN
11.91807615	36.8523549	-16.6440535	PantelleriaN
13.09850653	36.50179192	-10.800909	PantelleriaN
12.94534613	36.53668448	-4.555118	PantelleriaN
12.68112883	36.57300759	-4.9705633	PantelleriaN
11.80215736	36.96689106	-4.0000013	PantelleriaN
12.85169382	36.49766799	-17.5946194	PantelleriaN
12.88584497	36.5409777	-5.1413807	PantelleriaN
12.830219	36.50025288	-17.5946028	PantelleriaN
12.24030168	36.70172402	-12.1579711	PantelleriaN
12.27938835	36.71501447	-5.385659	PantelleriaN
11.92746687	36.86599087	-12.6226696	PantelleriaN
12.64401852	36.56648066	-8.5117137	PantelleriaN
12.07141011	36.82353106	-5.922719	PantelleriaN
13.17261796	36.48443304	-13.8801707	PantelleriaN
12.60580087	36.55621072	-13.0503331	PantelleriaN
12.65861707	36.56877479	-7.1876544	PantelleriaN
12.47952754	36.63177285	-4.6683685	PantelleriaN
12.27021223	36.69231309	-11.4267674	PantelleriaN
12.21473189	36.7310913	-8.8243176	PantelleriaN
12.3642889	36.67383063	-6.9058582	PantelleriaN
12.62122764	36.58902621	-3.9997981	PantelleriaN
12.52702048	36.60165881	-8.1392774	PantelleriaN
12.77001822	36.51657609	-15.2134339	PantelleriaN
12.63400451	36.55984213	-10.6946408	PantelleriaN
13.21362419	36.49721641	-9.5565564	PantelleriaN
11.88228439	36.92747935	-3.9999988	PantelleriaN
11.93112811	36.85887463	-13.7881243	PantelleriaN
12.24988527	36.7344283	-3.9999998	PantelleriaN
12.36403272	36.68665326	-3.9999998	PantelleriaN
11.98449299	36.85250047	-9.3712902	PantelleriaN
12.56347475	36.56627595	-13.7173191	PantelleriaN
13.10929719	36.47572465	-17.5945765	PantelleriaN
12.36035139	36.65661414	-11.1641313	PantelleriaN
12.24515267	36.67551102	-17.594617	PantelleriaN
12.6055727	36.54884405	-14.9160521	PantelleriaN
13.02798793	36.52804343	-5.0731458	PantelleriaN
12.07842695	36.81434361	-7.0488768	PantelleriaN
12.07397727	36.77414405	-16.1774481	PantelleriaN
12.30299432	36.69239367	-8.3623143	PantelleriaN
12.35816111	36.6608102	-10.4467156	PantelleriaN
11.86443414	36.87453838	-17.5946141	PantelleriaN
13.00259987	36.48695029	-16.6412239	PantelleriaN
12.00602075	36.82461286	-13.1522928	PantelleriaN
12.46727321	36.60982762	-10.8199662	PantelleriaN
12.53405054	36.61472081	-4.498469	PantelleriaN
11.89164513	36.8611322	-17.5946619	PantelleriaN
13.24839635	36.46493693	-17.594617	PantelleriaN
12.19304704	36.70582547	-16.7959329	PantelleriaN
12.47044526	36.61142647	-10.1855502	PantelleriaN
12.36769414	36.64154797	-13.794462	PantelleriaN
12.6028992	36.56680344	-10.5480739	PantelleriaN
12.68947567	36.54922468	-10.5289567	PantelleriaN
11.90858526	36.89228622	-8.8984784	PantelleriaN
12.40249792	36.62818709	-13.2655814	PantelleriaN
11.94023402	36.88490936	-7.0715345	PantelleriaN
12.71008015	36.55925016	-6.9511648	PantelleriaN
12.14186191	36.77913209	-6.9905994	PantelleriaN
13.20075878	36.47089177	-16.9002537	PantelleriaN
12.24146747	36.69485378	-13.5162317	PantelleriaN
13.28178702	36.48026242	-12.8212784	PantelleriaN
12.25820492	36.72487614	-5.0988646	PantelleriaN
12.06448727	36.80091507	-11.5874961	PantelleriaN
12.16447428	36.73841663	-13.1154739	PantelleriaN
12.25675847	36.7263299	-4.940283	PantelleriaN
12.6657269	36.53447919	-15.4548807	PantelleriaN
12.5505773	36.6114464	-3.9999998	PantelleriaN
12.73857236	36.52858757	-13.2075208	PantelleriaN
11.96829668	36.83245748	-15.5426785	PantelleriaN
12.08783037	36.77176523	-15.0293406	PantelleriaN
12.98049319	36.51995521	-8.2752244	PantelleriaN
12.86142152	36.51569341	-12.5539876	PantelleriaN
13.28281019	36.4910764	-9.8853367	PantelleriaN
12.29267527	36.67690854	-12.8598665	PantelleriaN
12.35951436	36.67712812	-6.5964319	PantelleriaN
13.27167127	36.4666315	-16.6911414	PantelleriaN
12.25310891	36.72230576	-6.231532	PantelleriaN
13.02940818	36.51333037	-9.0143874	PantelleriaN
13.11873879	36.51418792	-7.0702952	PantelleriaN
13.21358626	36.49265495	-10.785719	PantelleriaN
12.81118586	36.50859577	-16.0060672	PantelleriaN
11.84406733	36.92075318	-9.6244179	PantelleriaN
13.30001777	36.50810687	-4.9615359	PantelleriaN
12.88143988	36.51345973	-12.5072563	PantelleriaN
13.08175697	36.52820482	-4.0000003	PantelleriaN
13.06362243	36.52949501	-3.9999993	PantelleriaN
13.10605369	36.49089082	-13.5957313	PantelleriaN
11.94455911	36.86234754	-11.5605898	PantelleriaN
13.07240948	36.51444189	-7.8907503	PantelleriaN
13.05766771	36.49899822	-12.3376785	PantelleriaN
12.61376166	36.57061194	-9.0186799	PantelleriaN
12.85883015	36.50615114	-15.1415677	PantelleriaN
12.91968206	36.50301454	-14.1421053	PantelleriaN
12.95407575	36.51064552	-11.347465	PantelleriaN
12.71103697	36.57078162	-3.9999998	PantelleriaN
12.27201284	36.72407362	-3.9999998	PantelleriaN
13.14007714	36.48543606	-14.3205804	PantelleriaN
12.57118751	36.59262272	-6.8739869	PantelleriaN
12.74488397	36.51553793	-16.2804866	PantelleriaN
13.12598269	36.47437132	-17.5946229	PantelleriaN
12.59627548	36.57261588	-9.6814168	PantelleriaN
12.22033526	36.69315437	-16.3360731	PantelleriaN
11.78566217	36.94030519	-11.6455558	PantelleriaN
12.45683584	36.61700051	-10.2712246	PantelleriaN
11.97682329	36.86904116	-6.5716487	PantelleriaN
12.1017277	36.79024908	-9.415189	PantelleriaN
12.71337683	36.54236351	-11.0318509	PantelleriaN
13.18441108	36.48691388	-12.9575809	PantelleriaN
11.96987499	36.84271149	-13.1168892	PantelleriaN
11.80414818	36.94763332	-8.0281124	PantelleriaN
12.61802814	36.53857431	-16.8639061	PantelleriaN
13.05752225	36.52843734	-4.4021688	PantelleriaN
13.15755942	36.51581799	-5.7913729	PantelleriaN
12.20162293	36.74653639	-7.0297584	PantelleriaN
12.44646303	36.64035904	-6.0930047	PantelleriaN
13.27324725	36.48845968	-10.7746507	PantelleriaN
12.16900525	36.72974503	-14.4536946	PantelleriaN
12.65743414	36.58167923	-3.9999998	PantelleriaN
12.68347104	36.54115232	-12.8676561	PantelleriaN
12.29384938	36.71208035	-4.7127879	PantelleriaN
13.12611778	36.50374149	-9.7154168	PantelleriaN
12.58691203	36.55528436	-14.5138782	PantelleriaN
12.69678387	36.54023662	-12.4166255	PantelleriaN
13.02009283	36.53086464	-4.4841282	PantelleriaN
11.83305669	36.951699	-3.9999993	PantelleriaN
12.44334422	36.59037556	-17.594617	PantelleriaN
12.72135886	36.51753986	-16.8688636	PantelleriaN
12.34912454	36.67288465	-8.5318692	PantelleriaN
12.50646497	36.59581873	-11.1102681	PantelleriaN
12.35203914	36.65353008	-12.6837718	PantelleriaN
12.97427369	36.48570193	-17.594617	PantelleriaN
12.0023852	36.84225977	-9.6707962	PantelleriaN
11.77567305	36.95541371	-9.3981971	PantelleriaN
12.08152312	36.78807198	-12.2969647	PantelleriaN
12.49915833	36.62611367	-4.4871595	PantelleriaN
12.02655718	36.79403386	-17.5948191	PantelleriaN
12.35890618	36.63001125	-17.2660804	PantelleriaN
12.0913063	36.7774874	-13.3901985	PantelleriaN
11.90745662	36.91189524	-4.7031273	PantelleriaN
12.55558031	36.60199775	-5.8550989	PantelleriaN
12.86378684	36.52653083	-9.633269	PantelleriaN
12.68360926	36.53532486	-14.3269524	PantelleriaN
12.58761215	36.5993944	-3.9999998	PantelleriaN
12.53429003	36.6167442	-3.9999998	PantelleriaN
12.07455271	36.82856554	-4.4701473	PantelleriaN
11.81963526	36.95562541	-4.5890984	PantelleriaN
13.09014353	36.47718762	-17.5946458	PantelleriaN
12.35447057	36.64884207	-13.4993641	PantelleriaN
13.01387411	36.50446078	-11.7036207	PantelleriaN
12.97619819	36.4946467	-15.1546673	PantelleriaN
12.75342798	36.52085729	-14.6137122	PantelleriaN
12.12660914	36.75112645	-14.8017708	PantelleriaN
12.04570361	36.79433182	-15.2410369	PantelleriaN
12.25642066	36.67712726	-16.178511	PantelleriaN
12.13308702	36.76099242	-11.9186022	PantelleriaN
12.02528042	36.7988012	-16.7222908	PantelleriaN
12.58182844	36.54600062	-17.1074769	PantelleriaN
12.54952856	36.57250579	-13.3165613	PantelleriaN
12.48357869	36.5868843	-14.9946458	PantelleriaN
13.18795496	36.47220948	-16.8232	PantelleriaN
12.98103513	36.53585378	-3.9999949	PantelleriaN
12.23498091	36.68321434	-16.7789398	PantelleriaN
12.1436068	36.73161163	-17.016846	PantelleriaN
13.2060826	36.50692827	-7.1168487	PantelleriaN
12.46461065	36.60505798	-12.15677	PantelleriaN
13.18394402	36.50517986	-8.0691819	PantelleriaN
13.14463077	36.49340417	-12.084548	PantelleriaN
13.06468831	36.48060188	-17.1627049	PantelleriaN
12.93911377	36.53925987	-3.9999769	PantelleriaN
13.00636497	36.49300007	-14.9378191	PantelleriaN
12.04606383	36.83612349	-6.2544241	PantelleriaN
12.83530301	36.5171143	-13.0064153	PantelleriaN
12.1318697	36.78428906	-7.0842967	PantelleriaN
12.27228893	36.69916912	-9.666902	PantelleriaN
12.42873482	36.59882473	-17.1825301	PantelleriaN
13.25167819	36.46629741	-17.164824	PantelleriaN
12.91966334	36.52170484	-9.131967	PantelleriaN
12.51656339	36.57581926	-15.074657	PantelleriaN
12.37007309	36.68419492	-3.9999998	PantelleriaN
11.93655997	36.88023946	-8.4987928	PantelleriaN
12.51660407	36.56998851	-16.4542977	PantelleriaN
12.93308927	36.50620528	-12.9951063	PantelleriaN
12.25135906	36.69270819	-13.0878604	PantelleriaN
12.72894518	36.567138	-3.9999993	PantelleriaN
12.31876787	36.65665926	-15.0612034	PantelleriaN
12.43428566	36.6169689	-12.5603602	PantelleriaN
11.82469801	36.92966356	-9.7607201	PantelleriaN
13.19087413	36.51978731	-3.9999988	PantelleriaN
12.48039708	36.59521285	-13.2645284	PantelleriaN
13.26681678	36.49737635	-8.493304	PantelleriaN
12.02593585	36.85265817	-4.8167396	PantelleriaN
12.72551284	36.51380923	-17.5946175	PantelleriaN
12.03339198	36.80357337	-14.737046	PantelleriaN
12.49537914	36.57208468	-17.594616	PantelleriaN
12.59133446	36.54610571	-16.3484432	PantelleriaN
12.65290429	36.54161627	-14.3149153	PantelleriaN
12.37818897	36.64842758	-11.1931029	PantelleriaN
12.01745471	36.79871728	-17.5946175	PantelleriaN
12.23501982	36.68733535	-15.872598	PantelleriaN
13.2029298	36.47809537	-14.9179305	PantelleriaN
12.25866191	36.7074816	-9.0328408	PantelleriaN
13.22434571	36.48287342	-13.2188736	PantelleriaN
12.10428874	36.76877735	-13.6996187	PantelleriaN
12.95590603	36.4871958	-17.5946175	PantelleriaN
12.38670858	36.65214746	-9.4987415	PantelleriaN
12.64385532	36.54687681	-13.4539229	PantelleriaN
12.22584927	36.73590861	-6.488806	PantelleriaN
12.03016211	36.82146296	-11.2108127	PantelleriaN
12.75141915	36.53200561	-11.748718	PantelleriaN
12.1828105	36.70766863	-17.5946155	PantelleriaN
12.26705273	36.66660744	-17.594617	PantelleriaN
12.1777281	36.71270812	-17.1032278	PantelleriaN
11.78232056	36.97365886	-4.6570735	PantelleriaN
12.16188641	36.78214377	-3.9999822	PantelleriaN
11.77459656	36.95977241	-8.5541976	PantelleriaN
12.61487333	36.58822495	-4.5437845	PantelleriaN
11.99107267	36.86960381	-4.8942713	PantelleriaN
12.13727761	36.79569045	-4.0000701	PantelleriaN
11.92260376	36.89123515	-7.6018536	PantelleriaN
12.51709513	36.60961937	-7.01666	PantelleriaN
12.19936134	36.73786795	-9.1602898	PantelleriaN
12.92301654	36.52768523	-7.455296	PantelleriaN
12.45533815	36.58844592	-16.8130467	PantelleriaN
13.21896625	36.50701273	-6.812098	PantelleriaN
12.95505424	36.5156915	-9.9731352	PantelleriaN
12.28832904	36.68962592	-10.3576076	PantelleriaN
12.43086871	36.63323674	-9.2650821	PantelleriaN
12.27384802	36.6766896	-14.6593831	PantelleriaN
12.9575405	36.52876052	-6.4144598	PantelleriaN
13.28461273	36.50245884	-6.780878	PantelleriaN
12.06166414	36.78855127	-14.569108	PantelleriaN
12.92992758	36.54000873	-3.9999998	PantelleriaN
12.82269074	36.53558474	-8.5556138	PantelleriaN
12.64637346	36.55216645	-11.9939183	PantelleriaN
12.13471523	36.76756499	-10.3185348	PantelleriaN
12.89920935	36.51259789	-12.1711082	PantelleriaN
12.91698749	36.53621664	-5.4058392	PantelleriaN
12.49145614	36.6306703	-4.0000257	PantelleriaN
12.45055716	36.61074049	-12.3075865	PantelleriaN
12.87089992	36.52088014	-10.8921868	PantelleriaN
12.76392718	36.52737725	-12.5699268	PantelleriaN
12.05276192	36.8400833	-4.6119017	PantelleriaN
12.60566214	36.56771068	-10.1628931	PantelleriaN
12.79350615	36.51311868	-15.3783216	PantelleriaN
11.98533091	36.83551956	-13.0120975	PantelleriaN
12.69605275	36.55615317	-8.4486961	PantelleriaN
12.73695792	36.5572974	-6.0660989	PantelleriaN
12.36824608	36.68092171	-4.9176136	PantelleriaN
12.40924821	36.66652548	-3.9999998	PantelleriaN
11.93159668	36.90000257	-4.6938909	PantelleriaN
11.79448014	36.95884782	-6.6042186	PantelleriaN
13.15859428	36.47978702	-15.4318689	PantelleriaN
12.31931156	36.70069177	-4.9494988	PantelleriaN
11.79433665	36.94138098	-10.4687726	PantelleriaN
11.94764145	36.84166526	-15.7710267	PantelleriaN
12.54927975	36.55806295	-16.7605301	PantelleriaN
12.31024298	36.70853407	-3.9999998	PantelleriaN
12.86573203	36.53308009	-7.8518108	PantelleriaN
12.28697354	36.69973493	-8.173264	PantelleriaN
12.00084055	36.83669874	-11.0614119	PantelleriaN
12.80200243	36.54788197	-5.9811321	PantelleriaN
12.75247757	36.55277588	-6.4087957	PantelleriaN
12.76427545	36.53948891	-9.3783691	PantelleriaN
12.94697676	36.50703154	-12.471147	PantelleriaN
12.61175552	36.58264722	-6.1071487	PantelleriaN
13.2801661	36.49767062	-8.1576876	PantelleriaN
12.05990939	36.77731753	-17.1811131	PantelleriaN
13.00600614	36.53382248	-4.0000462	PantelleriaN
12.06059226	36.82096385	-7.7650706	PantelleriaN
11.99713067	36.86050743	-6.233199	PantelleriaN
12.40636421	36.66064326	-5.6086961	PantelleriaN
12.57024099	36.55985648	-14.7170899	PantelleriaN
12.17867645	36.73506985	-12.1780116	PantelleriaN
11.81821646	36.93994104	-8.1987535	PantelleriaN
12.23008422	36.68200852	-17.5943484	PantelleriaN
12.49832574	36.58738474	-13.7385601	PantelleriaN
11.79153789	36.96729151	-5.0620794	PantelleriaN
11.89417157	36.86745428	-15.9293504	PantelleriaN
12.46669209	36.63350806	-5.5793162	PantelleriaN
13.06483764	36.50467652	-10.6691505	PantelleriaN
13.23887804	36.50778443	-6.2218826	PantelleriaN
12.74559111	36.56108272	-4.6712342	PantelleriaN
13.11366861	36.47994916	-16.3668431	PantelleriaN
13.1544574	36.51011989	-7.3873257	PantelleriaN
13.15118029	36.52092418	-4.5607776	PantelleriaN
13.00729922	36.51920051	-7.8925279	PantelleriaN
12.58242328	36.57713266	-9.680001	PantelleriaN
12.83331245	36.54897693	-4.7023856	PantelleriaN
11.88595644	36.88928462	-12.0137503	PantelleriaN
11.89843114	36.90723458	-6.7083445	PantelleriaN
13.17331032	36.49485357	-11.0706204	PantelleriaN
11.8072033	36.93928974	-9.5355584	PantelleriaN
12.4587409	36.58785952	-16.6775115	PantelleriaN
12.3417053	36.65497353	-13.3137247	PantelleriaN
12.75157958	36.53535461	-10.8652814	PantelleriaN
12.46645351	36.59839105	-13.5847183	PantelleriaN
12.18204756	36.74376043	-9.9131277	PantelleriaN
12.40046513	36.65698155	-7.0251561	PantelleriaN
12.8651524	36.54487319	-4.7728397	PantelleriaN
11.75807499	36.93005621	-16.8922283	PantelleriaN
12.76797048	36.55232784	-5.8897938	PantelleriaN
12.1538781	36.75761972	-10.2170736	PantelleriaN
12.02617208	36.81441622	-13.1944227	PantelleriaN
12.04602714	36.82582205	-8.4680015	PantelleriaN
11.80664846	36.92006472	-13.8313157	PantelleriaN
11.76730036	36.94665139	-12.236072	PantelleriaN
12.89713043	36.54396362	-3.9999998	PantelleriaN
12.2349672	36.69786662	-13.6125425	PantelleriaN
13.22425145	36.51706544	-3.9995413	PantelleriaN
12.37363593	36.62586523	-16.7045901	PantelleriaN
13.08017273	36.49438827	-13.1487444	PantelleriaN
13.17078252	36.47328613	-16.90922	PantelleriaN
11.86661738	36.93518956	-4.0000008	PantelleriaN
12.27027985	36.70575864	-8.3474451	PantelleriaN
11.85486425	36.91138168	-10.5183366	PantelleriaN
12.32036581	36.67409157	-10.9298929	PantelleriaN
12.24580914	36.70858097	-10.0387997	PantelleriaN
12.14131098	36.74291748	-14.850211	PantelleriaN
12.63071384	36.58589172	-4.3058797	PantelleriaN
11.94361957	36.85566322	-13.1324673	PantelleriaN
12.97253378	36.48804094	-17.0055154	PantelleriaN
12.78813737	36.5196711	-13.8277747	PantelleriaN
13.09686266	36.49017205	-13.9651734	PantelleriaN
12.42112677	36.64486443	-7.6478887	PantelleriaN
12.74493419	36.52743831	-13.1707029	PantelleriaN
13.17728997	36.5208925	-3.9999988	PantelleriaN
12.03177467	36.83694792	-7.6323135	PantelleriaN
12.12428715	36.7393942	-17.594348	PantelleriaN
13.20885581	36.48921877	-11.8053014	PantelleriaN
12.3741712	36.68236692	-4.0000462	PantelleriaN
12.71318701	36.53401731	-13.1416727	PantelleriaN
11.81764518	36.91349178	-14.0876299	PantelleriaN
13.21162136	36.50276484	-8.1123567	PantelleriaN
12.2437482	36.71431296	-9.0470314	PantelleriaN
13.04691249	36.5306831	-4.0000159	PantelleriaN
11.7708698	36.95307077	-10.4347853	PantelleriaN
12.13080404	36.77696632	-8.7772458	PantelleriaN
13.29422332	36.49746489	-7.9431468	PantelleriaN
12.45378135	36.58565401	-17.594617	PantelleriaN
12.734365	36.52214975	-15.0427938	PantelleriaN
12.10893659	36.75067269	-17.0140442	PantelleriaN
12.04896622	36.84133322	-4.7930086	PantelleriaN
12.7451122	36.54928678	-7.6641744	PantelleriaN
12.47031973	36.61528415	-9.2905743	PantelleriaN
12.87400025	36.49762363	-16.9007244	PantelleriaN
13.21411016	36.51371858	-5.1196937	PantelleriaN
12.76342965	36.54469186	-8.0387337	PantelleriaN
12.59690312	36.57914344	-8.0851116	PantelleriaN
12.78113055	36.54430677	-7.5802693	PantelleriaN
12.32543022	36.66474907	-12.593639	PantelleriaN
12.24745925	36.70560307	-10.5027587	PantelleriaN
12.53522784	36.5845461	-11.5648379	PantelleriaN
12.28350871	36.6844318	-11.992502	PantelleriaN
13.28599931	36.4852412	-11.3977377	PantelleriaN
13.0094344	36.49919356	-13.2102349	PantelleriaN
12.82727489	36.53014142	-9.839637	PantelleriaN
13.21269769	36.4789684	-14.4947547	PantelleriaN
13.11376011	36.50051132	-10.8514352	PantelleriaN
12.25022176	36.71829169	-7.4322901	PantelleriaN
12.36805405	36.67439861	-6.403222	PantelleriaN
13.07143458	36.5225539	-5.7219852	PantelleriaN
12.39960434	36.61015374	-17.594617	PantelleriaN
12.84841191	36.52601189	-10.2556449	PantelleriaN
13.13522871	36.48032732	-15.7961653	PantelleriaN
12.43845187	36.62343101	-10.6925164	PantelleriaN
13.15371152	36.48676522	-13.6670474	PantelleriaN
12.50050561	36.61970396	-5.9039778	PantelleriaN
12.41680854	36.63783606	-9.6580512	PantelleriaN
12.0380327	36.82170489	-10.2988216	PantelleriaN
12.91302544	36.49067779	-17.5945867	PantelleriaN
12.46762782	36.6266894	-7.0106397	PantelleriaN
12.8108242	36.55436256	-3.9999998	PantelleriaN
12.29551374	36.65503165	-17.5946175	PantelleriaN
12.1317564	36.74813367	-14.8416482	PantelleriaN
12.94831946	36.52252584	-8.2872637	PantelleriaN
12.13476576	36.73372149	-17.5946399	PantelleriaN
12.34730065	36.64337833	-15.4421351	PantelleriaN
12.20530275	36.69880715	-16.8752352	PantelleriaN
13.10050218	36.47644383	-17.5949002	PantelleriaN
11.78892918	36.97339249	-3.9999998	PantelleriaN
12.37172979	36.68028425	-4.7138582	PantelleriaN
13.01491817	36.52686071	-5.671658	PantelleriaN
12.42018205	36.61881478	-13.5742923	PantelleriaN
13.18880425	36.51189766	-6.1613299	PantelleriaN
12.05054134	36.84416021	-3.9999998	PantelleriaN
12.70687108	36.56832627	-4.8312537	PantelleriaN
12.89961481	36.50063313	-15.2998172	PantelleriaN
12.62700132	36.5690148	-8.7439554	PantelleriaN
11.80133339	36.90810315	-17.0423348	PantelleriaN
12.58885019	36.54165845	-17.594617	PantelleriaN
12.31351778	36.64770613	-17.594617	PantelleriaN
12.78649797	36.50552165	-17.594617	PantelleriaN
11.81225111	36.93137948	-10.7314587	PantelleriaN
12.58141568	36.56134489	-13.5013628	PantelleriaN
11.96817992	36.88502467	-4.0000003	PantelleriaN
12.97393839	36.52780247	-6.3139168	PantelleriaN
12.23431598	36.71120915	-10.8167775	PantelleriaN
12.19813872	36.69935242	-17.5946175	PantelleriaN
11.96190022	36.86067611	-10.037567	PantelleriaN
12.09953455	36.81679858	-3.9999993	PantelleriaN
13.0253875	36.50658674	-10.9094401	PantelleriaN
12.91354655	36.51079383	-12.1907535	PantelleriaN
13.0013074	36.4835037	-17.5940862	PantelleriaN
13.0615452	36.51854159	-6.9936478	PantelleriaN
13.11943377	36.48537447	-14.7864588	PantelleriaN
12.78766676	36.54910667	-6.1130071	PantelleriaN
12.91406439	36.49511075	-16.3834529	PantelleriaN
11.95826751	36.87791111	-6.6445779	PantelleriaN
12.0111262	36.84469063	-8.1831768	PantelleriaN
13.01782977	36.52118312	-7.1292991	PantelleriaN
12.20438267	36.73004702	-10.257772	PantelleriaN
12.44669521	36.59478964	-16.2677137	PantelleriaN
12.42326253	36.59945783	-17.594617	PantelleriaN
12.02354898	36.79569052	-17.594617	PantelleriaN
13.26492133	36.51417035	-3.9999998	PantelleriaN
13.02946727	36.51778332	-7.8120367	PantelleriaN
13.09637467	36.50725749	-9.3677338	PantelleriaN
12.61890946	36.58742961	-4.5208763	PantelleriaN
12.58330312	36.54346547	-17.594616	PantelleriaN
12.92376349	36.51074041	-11.9818455	PantelleriaN
13.08918862	36.51432667	-7.5997444	PantelleriaN
12.69807638	36.52290516	-16.7113211	PantelleriaN
12.38181537	36.63767073	-13.2346021	PantelleriaN
