9.241164998	45.134	-2	Rivanazzano-Stradella
9.243484673	45.13265153	-2.1746226	Rivanazzano-Stradella
9.228598493	45.1067217	-3.1060806	Rivanazzano-Stradella
9.181676602	45.03676406	-4.8579866	Rivanazzano-Stradella
9.084255821	44.94697709	-4.6714394	Rivanazzano-Stradella
9.23300086	45.09332655	-4.079975	Rivanazzano-Stradella
9.215676648	45.047727	-6.0070797	Rivanazzano-Stradella
9.25217992	45.02202547	-8.9607585	Rivanazzano-Stradella
9.241640256	45.0355117	-7.829491	Rivanazzano-Stradella
9.187149357	44.94837656	-9.2266797	Rivanazzano-Stradella
9.11610075	45.02460421	-2.2657122	Rivanazzano-Stradella
9.178307422	44.92513588	-9.8813284	Rivanazzano-Stradella
9.132829748	44.98574419	-4.8718207	Rivanazzano-Stradella
9.249105265	45.12938395	-2.5977456	Rivanazzano-Stradella
9.259116027	45.03648992	-8.5710066	Rivanazzano-Stradella
9.074602458	44.97322819	-2.770375	Rivanazzano-Stradella
9.209667238	45.03716778	-6.199752	Rivanazzano-Stradella
9.099031452	44.97765474	-3.6005671	Rivanazzano-Stradella
9.256777436	45.12492308	-3.1753428	Rivanazzano-Stradella
9.105723113	44.93853633	-6.0573441	Rivanazzano-Stradella
9.275811554	45.07023769	-7.1960198	Rivanazzano-Stradella
9.226629186	45.09740618	-3.5781875	Rivanazzano-Stradella
9.267113629	45.09336572	-5.4693606	Rivanazzano-Stradella
9.200522645	44.98316358	-8.2633181	Rivanazzano-Stradella
9.171561862	44.92212229	-9.768636	Rivanazzano-Stradella
9.123381908	44.88387375	-9.9125749	Rivanazzano-Stradella
9.117253512	44.95501882	-5.6057854	Rivanazzano-Stradella
9.098555884	44.92038639	-6.7878431	Rivanazzano-Stradella
9.263363345	45.04155075	-8.4341626	Rivanazzano-Stradella
9.213902918	44.95853086	-10.0596435	Rivanazzano-Stradella
9.052524303	44.91105325	-5.3772232	Rivanazzano-Stradella
9.319725889	45.06811753	-9.1129233	Rivanazzano-Stradella
9.130909869	45.01639615	-3.3617161	Rivanazzano-Stradella
9.130033439	45.00302477	-3.9426404	Rivanazzano-Stradella
9.219171567	45.00480206	-8.1468508	Rivanazzano-Stradella
9.152558541	44.96379925	-6.8377953	Rivanazzano-Stradella
9.297642641	45.08889126	-6.979886	Rivanazzano-Stradella
9.263913947	45.12077305	-3.7126426	Rivanazzano-Stradella
9.090254735	44.98211157	-2.9695039	Rivanazzano-Stradella
9.112654375	44.87333998	-10.0594956	Rivanazzano-Stradella
9.092522939	44.86746045	-9.5448618	Rivanazzano-Stradella
9.245402548	45.11193094	-3.4824016	Rivanazzano-Stradella
9.103654133	45.01742248	-2.0000535	Rivanazzano-Stradella
9.10686799	45.02079985	-2.0000947	Rivanazzano-Stradella
9.285844758	45.06160699	-8.1174314	Rivanazzano-Stradella
9.270782485	45.11677833	-4.2297936	Rivanazzano-Stradella
9.136109488	44.95154678	-6.6006395	Rivanazzano-Stradella
9.268064607	45.02770453	-9.4617485	Rivanazzano-Stradella
9.016572486	44.9243071	-3.1065012	Rivanazzano-Stradella
9.130421241	45.00973716	-3.6498662	Rivanazzano-Stradella
9.114546156	44.97565866	-4.4461825	Rivanazzano-Stradella
9.300599611	45.07168915	-8.1210181	Rivanazzano-Stradella
9.13858348	45.02783117	-3.1952817	Rivanazzano-Stradella
9.232863181	44.99700499	-9.1701457	Rivanazzano-Stradella
9.277516867	45.11286109	-4.7368699	Rivanazzano-Stradella
9.058719695	44.89737746	-6.4167709	Rivanazzano-Stradella
9.299329602	45.03848183	-10.0594941	Rivanazzano-Stradella
9.25921911	45.08059275	-5.9050804	Rivanazzano-Stradella
9.087016178	44.96960833	-3.5000459	Rivanazzano-Stradella
9.264538078	45.0735602	-6.5399869	Rivanazzano-Stradella
9.340038637	45.07062115	-9.7927334	Rivanazzano-Stradella
9.092907849	44.94116125	-5.3673566	Rivanazzano-Stradella
9.081228855	44.86544606	-9.1830239	Rivanazzano-Stradella
9.285276606	45.1083468	-5.3211832	Rivanazzano-Stradella
9.159910471	44.93767695	-8.3938726	Rivanazzano-Stradella
9.237453654	45.04453485	-7.2118064	Rivanazzano-Stradella
9.24708667	44.99269283	-10.0595234	Rivanazzano-Stradella
9.101299608	44.88395587	-8.9765002	Rivanazzano-Stradella
9.292857521	45.10393588	-5.8920636	Rivanazzano-Stradella
9.051900706	44.89470511	-6.2811866	Rivanazzano-Stradella
9.211592057	45.05958767	-5.2640952	Rivanazzano-Stradella
9.232370907	45.04749388	-6.8289804	Rivanazzano-Stradella
9.242523482	45.12312794	-2.7005886	Rivanazzano-Stradella
9.275875466	45.07551534	-6.8856526	Rivanazzano-Stradella
9.106497646	44.92204974	-7.0281509	Rivanazzano-Stradella
9.246646039	45.05012649	-7.2451776	Rivanazzano-Stradella
9.207670975	45.05872013	-5.1133993	Rivanazzano-Stradella
9.06214347	44.94757496	-3.7046675	Rivanazzano-Stradella
9.043407025	44.9093519	-5.0894727	Rivanazzano-Stradella
9.300727861	45.09935588	-6.4847725	Rivanazzano-Stradella
9.197471025	44.98742374	-7.9172255	Rivanazzano-Stradella
9.140457473	44.94288748	-7.2749424	Rivanazzano-Stradella
9.126145999	44.95622446	-5.9121487	Rivanazzano-Stradella
9.032015571	44.89617039	-5.3589622	Rivanazzano-Stradella
9.049042413	44.95667278	-2.6342583	Rivanazzano-Stradella
9.00778629	44.92624389	-2.6256601	Rivanazzano-Stradella
9.182342688	44.99537068	-6.8180687	Rivanazzano-Stradella
9.092781425	44.92542997	-6.2572603	Rivanazzano-Stradella
9.141031502	45.05599682	-1.9999958	Rivanazzano-Stradella
9.117964969	44.88696243	-9.5083332	Rivanazzano-Stradella
9.139750461	45.0229901	-3.4779936	Rivanazzano-Stradella
9.133330224	44.99299071	-4.563499	Rivanazzano-Stradella
9.171423243	45.08512586	-2.1129663	Rivanazzano-Stradella
9.068528736	44.87285174	-8.2259587	Rivanazzano-Stradella
9.307750572	45.09526854	-7.0136769	Rivanazzano-Stradella
9.098622804	44.86532804	-9.9234905	Rivanazzano-Stradella
9.195369469	44.95441562	-9.3489211	Rivanazzano-Stradella
9.184030523	45.04533462	-4.5790383	Rivanazzano-Stradella
9.254929712	45.03435856	-8.5281904	Rivanazzano-Stradella
9.144182289	44.9384372	-7.6853104	Rivanazzano-Stradella
9.149418817	45.02516467	-3.8408809	Rivanazzano-Stradella
9.200398682	45.06610046	-4.4212064	Rivanazzano-Stradella
9.005079816	44.91262234	-3.2865808	Rivanazzano-Stradella
9.275743048	45.09490056	-5.7302444	Rivanazzano-Stradella
9.054173679	44.91886579	-5.0021528	Rivanazzano-Stradella
9.109597845	44.89422183	-8.742375	Rivanazzano-Stradella
9.314438528	45.09137551	-7.5173954	Rivanazzano-Stradella
9.112355159	44.93107593	-6.7616061	Rivanazzano-Stradella
9.07336039	44.90831757	-6.4117164	Rivanazzano-Stradella
9.263226452	45.05720978	-7.4791952	Rivanazzano-Stradella
9.01557615	44.93933771	-2.209029	Rivanazzano-Stradella
9.266415642	45.01758622	-9.8563276	Rivanazzano-Stradella
9.28359842	45.03939141	-9.3748567	Rivanazzano-Stradella
9.236398665	45.12790945	-2.1670669	Rivanazzano-Stradella
9.157012041	44.97726167	-6.4362836	Rivanazzano-Stradella
9.108688508	44.87551997	-9.7681777	Rivanazzano-Stradella
9.254342337	45.12092255	-3.3134458	Rivanazzano-Stradella
9.097520427	44.9047466	-7.6340904	Rivanazzano-Stradella
9.30105627	45.0421029	-9.9090095	Rivanazzano-Stradella
9.322463636	45.08670347	-8.1218579	Rivanazzano-Stradella
9.322049292	45.05793827	-9.8115168	Rivanazzano-Stradella
9.144393476	44.92288504	-8.5791916	Rivanazzano-Stradella
9.143042561	44.99890003	-4.7639412	Rivanazzano-Stradella
9.106667248	44.93395957	-6.3575825	Rivanazzano-Stradella
9.118063001	44.90064742	-8.7338755	Rivanazzano-Stradella
9.108437073	44.979356	-3.979613	Rivanazzano-Stradella
9.119705007	44.90914017	-8.3198833	Rivanazzano-Stradella
9.02950747	44.90970032	-4.4833314	Rivanazzano-Stradella
9.330488267	45.08203098	-8.7263196	Rivanazzano-Stradella
9.229809636	45.03726691	-7.1740272	Rivanazzano-Stradella
9.269027304	45.07289314	-6.761732	Rivanazzano-Stradella
9.038718201	44.94303863	-2.9746958	Rivanazzano-Stradella
9.223846396	45.04206	-6.6642224	Rivanazzano-Stradella
9.335436541	45.07914938	-9.0990715	Rivanazzano-Stradella
9.030287514	44.89513988	-5.3446901	Rivanazzano-Stradella
9.245495762	45.04422303	-7.557063	Rivanazzano-Stradella
9.102944207	44.92696166	-6.5987226	Rivanazzano-Stradella
9.328414727	45.0674746	-9.5054043	Rivanazzano-Stradella
9.142439038	44.94785878	-7.077467	Rivanazzano-Stradella
9.152781422	45.06475373	-2.1691653	Rivanazzano-Stradella
9.214783656	45.11126141	-2.2732869	Rivanazzano-Stradella
9.170417048	45.07115624	-2.7322805	Rivanazzano-Stradella
9.293132911	45.0411353	-9.650644	Rivanazzano-Stradella
9.176482557	44.93137271	-9.4886138	Rivanazzano-Stradella
9.108574747	44.95963534	-4.9769756	Rivanazzano-Stradella
9.228691844	45.12542815	-1.9999995	Rivanazzano-Stradella
9.161846389	45.07803609	-2	Rivanazzano-Stradella
9.045555248	44.94211726	-3.3155444	Rivanazzano-Stradella
9.039750679	44.91518355	-4.6033851	Rivanazzano-Stradella
9.342724898	45.07490456	-9.6481238	Rivanazzano-Stradella
9.348185322	45.07172394	-10.0594941	Rivanazzano-Stradella
9.104607084	44.89858002	-8.2838852	Rivanazzano-Stradella
9.160863881	44.94284911	-8.2028713	Rivanazzano-Stradella
9.243409185	44.99121138	-9.9484809	Rivanazzano-Stradella
9.164608455	45.04871319	-3.4800911	Rivanazzano-Stradella
9.276572866	45.04731287	-8.6134023	Rivanazzano-Stradella
9.227198785	45.05050463	-6.439438	Rivanazzano-Stradella
9.157151658	44.94570024	-7.8916153	Rivanazzano-Stradella
9.222922839	45.1011622	-3.2041404	Rivanazzano-Stradella
9.191339863	45.03845429	-5.2500332	Rivanazzano-Stradella
9.086675117	44.99944737	-2	Rivanazzano-Stradella
9.237438218	45.04554021	-7.1547181	Rivanazzano-Stradella
9.244946624	45.09059965	-4.7293147	Rivanazzano-Stradella
9.23166748	45.08957804	-4.2532507	Rivanazzano-Stradella
9.269679159	45.09878722	-5.2523418	Rivanazzano-Stradella
9.285831051	45.09650189	-6.0466426	Rivanazzano-Stradella
9.192639095	44.96153137	-8.8895969	Rivanazzano-Stradella
9.173525733	44.9184657	-10.0594939	Rivanazzano-Stradella
9.133090156	44.90797983	-8.9504751	Rivanazzano-Stradella
9.126136847	45.00709647	-3.5667839	Rivanazzano-Stradella
9.177246001	44.92757063	-9.7001597	Rivanazzano-Stradella
9.252160083	45.10819946	-3.9794033	Rivanazzano-Stradella
9.023571823	44.93977638	-2.521333	Rivanazzano-Stradella
9.084871233	44.90985051	-6.8100908	Rivanazzano-Stradella
9.157052401	44.99663481	-5.5431995	Rivanazzano-Stradella
9.220494866	45.05540282	-5.8786316	Rivanazzano-Stradella
9.232868204	45.07257608	-5.3325163	Rivanazzano-Stradella
9.024812561	44.94595428	-2.2221582	Rivanazzano-Stradella
9.216107521	44.96352061	-9.9318957	Rivanazzano-Stradella
9.126330975	44.92144098	-7.8993711	Rivanazzano-Stradella
9.081534673	44.98753409	-2.2968801	Rivanazzano-Stradella
9.149495471	45.04375246	-2.9740225	Rivanazzano-Stradella
9.145655982	44.95109027	-7.0855622	Rivanazzano-Stradella
9.197437583	45.01341809	-6.6986849	Rivanazzano-Stradella
9.239900469	45.01109562	-8.8656809	Rivanazzano-Stradella
9.179776318	45.08328503	-2.5582556	Rivanazzano-Stradella
9.127000506	45.03668376	-2.2241548	Rivanazzano-Stradella
9.189912176	45.02728279	-5.6932741	Rivanazzano-Stradella
9.138532491	45.01581194	-3.7554604	Rivanazzano-Stradella
9.115208885	44.89134166	-9.1429326	Rivanazzano-Stradella
9.091842031	44.99850687	-2.2942556	Rivanazzano-Stradella
9.208138334	45.10769163	-2.2136387	Rivanazzano-Stradella
9.24403663	45.04169843	-7.6517201	Rivanazzano-Stradella
9.205584438	44.94975022	-10.0594929	Rivanazzano-Stradella
9.299111997	45.05467521	-9.0693579	Rivanazzano-Stradella
9.274508893	45.11148729	-4.6957329	Rivanazzano-Stradella
9.279281915	45.09148556	-6.0771804	Rivanazzano-Stradella
9.211783685	45.08279884	-3.8687952	Rivanazzano-Stradella
9.224654409	45.06807609	-5.2766882	Rivanazzano-Stradella
9.118965004	44.93600244	-6.7601387	Rivanazzano-Stradella
9.176187526	45.04305227	-4.3026243	Rivanazzano-Stradella
9.141023973	44.90436483	-9.4908108	Rivanazzano-Stradella
9.222216821	45.01330954	-7.9046293	Rivanazzano-Stradella
9.172317984	45.00608758	-5.8345558	Rivanazzano-Stradella
9.166823015	44.98676919	-6.4747963	Rivanazzano-Stradella
9.233646401	45.09631609	-3.9291575	Rivanazzano-Stradella
9.055248058	44.88059399	-7.2252386	Rivanazzano-Stradella
9.214296634	45.05900996	-5.4118527	Rivanazzano-Stradella
9.2627601	45.03079445	-9.0621318	Rivanazzano-Stradella
9.200717774	44.97628352	-8.5946916	Rivanazzano-Stradella
9.063089917	44.95391662	-3.3836411	Rivanazzano-Stradella
9.143425559	44.91753063	-8.8430142	Rivanazzano-Stradella
9.219851862	44.96463958	-10.0594836	Rivanazzano-Stradella
9.142458403	44.97950874	-5.6259329	Rivanazzano-Stradella
9.1159076	44.96007554	-5.2610048	Rivanazzano-Stradella
9.253377085	45.08194692	-5.5862444	Rivanazzano-Stradella
9.13487755	44.98008847	-5.2309336	Rivanazzano-Stradella
9.098354481	44.89999755	-7.9394656	Rivanazzano-Stradella
9.076778648	44.9889666	-1.9999997	Rivanazzano-Stradella
9.162199259	45.00867348	-5.2271561	Rivanazzano-Stradella
9.100589244	44.94151531	-5.6712678	Rivanazzano-Stradella
9.074173667	44.95078253	-4.0295548	Rivanazzano-Stradella
9.340229276	45.06625589	-10.0594944	Rivanazzano-Stradella
9.102083405	44.90977468	-7.5404823	Rivanazzano-Stradella
9.21850342	45.08220796	-4.1735449	Rivanazzano-Stradella
9.09895944	44.98329575	-3.3382119	Rivanazzano-Stradella
9.177427552	45.02912363	-5.0019581	Rivanazzano-Stradella
9.195687267	44.99997944	-7.2437082	Rivanazzano-Stradella
9.299491811	45.07630885	-7.8017862	Rivanazzano-Stradella
9.207213005	44.98792589	-8.3619634	Rivanazzano-Stradella
9.130572419	44.90224841	-9.1704304	Rivanazzano-Stradella
9.15236826	44.92783409	-8.6339714	Rivanazzano-Stradella
9.1736901	44.92822746	-9.5107429	Rivanazzano-Stradella
8.999148952	44.93083577	-2.0000002	Rivanazzano-Stradella
9.070628119	44.88365691	-7.6997834	Rivanazzano-Stradella
9.150015014	44.97926901	-6.0041407	Rivanazzano-Stradella
9.162156665	45.03262264	-4.1038326	Rivanazzano-Stradella
9.131157974	44.97281174	-5.3841481	Rivanazzano-Stradella
9.163470592	44.93295663	-8.8105688	Rivanazzano-Stradella
9.093546528	44.95523426	-4.5935172	Rivanazzano-Stradella
9.158454121	44.91106989	-9.8445754	Rivanazzano-Stradella
9.12707705	44.93351793	-7.2437084	Rivanazzano-Stradella
9.326333085	45.07691497	-8.8604341	Rivanazzano-Stradella
9.117110894	44.99187208	-3.8267124	Rivanazzano-Stradella
9.212956811	45.06460051	-5.0192673	Rivanazzano-Stradella
9.210549025	45.10110675	-2.7089468	Rivanazzano-Stradella
9.064624532	44.95962615	-3.1234958	Rivanazzano-Stradella
9.251660073	45.03725925	-8.2259592	Rivanazzano-Stradella
9.170664516	44.97502788	-7.2022987	Rivanazzano-Stradella
9.143493506	44.98534155	-5.4084977	Rivanazzano-Stradella
9.10507105	44.88889018	-8.8547563	Rivanazzano-Stradella
9.260770659	45.08715801	-5.5789199	Rivanazzano-Stradella
9.08180285	44.9942878	-2	Rivanazzano-Stradella
9.284143518	45.07520665	-7.2411887	Rivanazzano-Stradella
9.08849505	44.97927432	-3.0141313	Rivanazzano-Stradella
9.24709011	45.05497149	-6.969182	Rivanazzano-Stradella
9.073364414	44.97981723	-2.3432078	Rivanazzano-Stradella
9.105790016	44.96695442	-4.442686	Rivanazzano-Stradella
9.226927797	44.97190599	-10.0594946	Rivanazzano-Stradella
9.149682532	45.00087093	-4.9907067	Rivanazzano-Stradella
9.153046958	44.94167728	-7.8767246	Rivanazzano-Stradella
9.167835005	45.0642894	-2.9220146	Rivanazzano-Stradella
9.227991475	44.98047406	-9.7095151	Rivanazzano-Stradella
9.203550957	44.95913291	-9.5299834	Rivanazzano-Stradella
9.180046389	45.09267008	-2	Rivanazzano-Stradella
9.196516669	44.96822637	-8.7701924	Rivanazzano-Stradella
9.274515981	45.05398028	-8.1267888	Rivanazzano-Stradella
9.275608605	45.06578651	-7.4540962	Rivanazzano-Stradella
9.13237807	44.88796177	-10.0594941	Rivanazzano-Stradella
9.124208587	44.95161598	-6.0928375	Rivanazzano-Stradella
9.185737362	45.03182072	-5.2820767	Rivanazzano-Stradella
9.106590351	44.94642538	-5.6450319	Rivanazzano-Stradella
9.145002071	45.0473662	-2.5890124	Rivanazzano-Stradella
9.10060631	44.95155316	-5.1008063	Rivanazzano-Stradella
9.080285427	44.89284834	-7.5841379	Rivanazzano-Stradella
9.131044148	44.94492678	-6.7618163	Rivanazzano-Stradella
9.039112428	44.9604577	-2.0000007	Rivanazzano-Stradella
9.177024526	44.96225523	-8.0976135	Rivanazzano-Stradella
9.186553565	44.95489505	-8.898529	Rivanazzano-Stradella
9.137619823	45.04976955	-2.1214941	Rivanazzano-Stradella
9.210726014	44.9551926	-10.0594919	Rivanazzano-Stradella
9.1605641	45.06831126	-2.3840852	Rivanazzano-Stradella
9.016178318	44.90335897	-4.2818446	Rivanazzano-Stradella
9.161948315	45.05765877	-2.9402744	Rivanazzano-Stradella
9.185454368	44.93568854	-9.7266199	Rivanazzano-Stradella
9.246655345	45.09609099	-4.4732565	Rivanazzano-Stradella
9.165820802	45.01444967	-5.1308197	Rivanazzano-Stradella
9.075437096	44.98476299	-2.1489121	Rivanazzano-Stradella
9.305528384	45.08633086	-7.4533809	Rivanazzano-Stradella
9.155586548	44.98362581	-6.0748599	Rivanazzano-Stradella
9.148857737	44.97118498	-6.3189657	Rivanazzano-Stradella
9.232221671	45.04857707	-6.7618177	Rivanazzano-Stradella
9.058228701	44.93139241	-4.4604547	Rivanazzano-Stradella
9.163375559	44.92307668	-9.3689807	Rivanazzano-Stradella
9.181370769	45.00550967	-6.2967178	Rivanazzano-Stradella
9.051423854	44.93135282	-4.1756433	Rivanazzano-Stradella
9.116929876	45.00522859	-3.2048584	Rivanazzano-Stradella
9.052239408	44.94148813	-3.6333066	Rivanazzano-Stradella
9.031190227	44.94288337	-2.665957	Rivanazzano-Stradella
9.19432423	44.97156935	-8.5080508	Rivanazzano-Stradella
9.270714363	45.08938116	-5.8526056	Rivanazzano-Stradella
9.159247403	45.01781082	-4.6575344	Rivanazzano-Stradella
9.237432733	45.13143534	-1.9999997	Rivanazzano-Stradella
9.219551713	45.05495554	-5.86352	Rivanazzano-Stradella
9.204686868	45.09536397	-2.8227383	Rivanazzano-Stradella
9.13312635	44.89470634	-9.707311	Rivanazzano-Stradella
9.282202142	45.10117866	-5.6211581	Rivanazzano-Stradella
9.1826383	44.976016	-7.738374	Rivanazzano-Stradella
9.309108664	45.08278151	-7.8099719	Rivanazzano-Stradella
9.166177029	45.05389574	-3.3184831	Rivanazzano-Stradella
9.089472139	44.86063825	-9.8042771	Rivanazzano-Stradella
9.31129095	45.07003867	-8.6549592	Rivanazzano-Stradella
9.15518306	45.04227122	-3.3173769	Rivanazzano-Stradella
9.122511971	44.89763062	-9.0931941	Rivanazzano-Stradella
9.046945072	44.90449459	-5.5151146	Rivanazzano-Stradella
9.244343907	44.98979145	-10.059259	Rivanazzano-Stradella
9.143973814	44.96409746	-6.4069062	Rivanazzano-Stradella
9.168515038	45.05921575	-3.1879358	Rivanazzano-Stradella
9.305380643	45.04996499	-9.6049741	Rivanazzano-Stradella
9.249648375	45.08174344	-5.4477367	Rivanazzano-Stradella
9.14006746	45.03394318	-2.9804668	Rivanazzano-Stradella
9.255651048	45.07921432	-5.8415133	Rivanazzano-Stradella
9.170070363	44.99303633	-6.3374327	Rivanazzano-Stradella
9.237537196	45.04144148	-7.3578845	Rivanazzano-Stradella
9.220692676	44.97625984	-9.5559856	Rivanazzano-Stradella
9.056885766	44.96951654	-2.2342285	Rivanazzano-Stradella
9.2436512	45.06481634	-6.2345928	Rivanazzano-Stradella
9.219448806	45.10722694	-2.7029009	Rivanazzano-Stradella
9.17530593	44.94189008	-8.9487949	Rivanazzano-Stradella
9.182023487	45.07678887	-3.0376599	Rivanazzano-Stradella
9.175623469	45.02331539	-5.1868642	Rivanazzano-Stradella
9.251197395	44.99704641	-10.0594905	Rivanazzano-Stradella
9.234383857	44.98293225	-9.9016623	Rivanazzano-Stradella
9.217846872	45.08853017	-3.7638828	Rivanazzano-Stradella
9.292462657	45.07357429	-7.6773257	Rivanazzano-Stradella
9.029984629	44.95369242	-2.0000005	Rivanazzano-Stradella
9.31333754	45.06510548	-9.0310696	Rivanazzano-Stradella
9.128943264	44.97893604	-4.9954454	Rivanazzano-Stradella
9.202866564	45.07184654	-4.1760632	Rivanazzano-Stradella
9.13223649	44.92770097	-7.7923425	Rivanazzano-Stradella
9.008443259	44.90786396	-3.69921	Rivanazzano-Stradella
9.151411004	44.99431307	-5.380925	Rivanazzano-Stradella
9.13906781	44.99680537	-4.6672002	Rivanazzano-Stradella
9.237329529	45.06601614	-5.9088549	Rivanazzano-Stradella
9.238292864	45.08974987	-4.508248	Rivanazzano-Stradella
9.229464435	45.024117	-7.7608589	Rivanazzano-Stradella
9.210625033	44.95833841	-9.9105344	Rivanazzano-Stradella
9.185318445	44.9664695	-8.3071675	Rivanazzano-Stradella
9.143252298	44.94600798	-7.2150539	Rivanazzano-Stradella
9.150282462	44.93535743	-8.1178857	Rivanazzano-Stradella
9.171319175	44.93102628	-9.2535449	Rivanazzano-Stradella
9.239902684	45.0272944	-8.1222773	Rivanazzano-Stradella
9.137541873	44.94817706	-6.8505648	Rivanazzano-Stradella
9.175818585	45.05618652	-3.6818948	Rivanazzano-Stradella
9.102981423	44.86616914	-10.0594939	Rivanazzano-Stradella
9.267713665	45.07772945	-6.4213488	Rivanazzano-Stradella
9.211659275	45.05527923	-5.4651627	Rivanazzano-Stradella
9.149779187	45.03933014	-3.1949331	Rivanazzano-Stradella
9.105474694	44.98371711	-3.6355107	Rivanazzano-Stradella
9.275256147	45.02251814	-10.0594941	Rivanazzano-Stradella
9.13635954	44.92409227	-8.1716006	Rivanazzano-Stradella
9.247477472	45.06907173	-6.1296498	Rivanazzano-Stradella
9.260823848	45.07695138	-6.1860935	Rivanazzano-Stradella
9.22415086	45.06234574	-5.6040003	Rivanazzano-Stradella
9.15452164	45.03606879	-3.5755681	Rivanazzano-Stradella
9.075259595	44.87675991	-8.2875596	Rivanazzano-Stradella
9.091742013	44.98780893	-2.7803437	Rivanazzano-Stradella
9.289778118	45.0345045	-9.9184531	Rivanazzano-Stradella
9.151979172	45.01850388	-4.2757576	Rivanazzano-Stradella
9.194464633	44.9379771	-10.0594941	Rivanazzano-Stradella
9.219016237	45.03426042	-6.7875284	Rivanazzano-Stradella
9.244691545	45.07370865	-5.7369594	Rivanazzano-Stradella
9.208141152	45.00686412	-7.5199394	Rivanazzano-Stradella
9.161167727	44.98601844	-6.2363848	Rivanazzano-Stradella
9.231814302	45.05998438	-6.0538836	Rivanazzano-Stradella
9.271443687	45.06261813	-7.4800636	Rivanazzano-Stradella
9.26705462	45.0272962	-9.4415996	Rivanazzano-Stradella
9.156380222	45.06063008	-2.5333115	Rivanazzano-Stradella
9.256970331	45.0924525	-5.1098312	Rivanazzano-Stradella
9.201314104	45.10411076	-2.1570918	Rivanazzano-Stradella
9.090750044	44.86246398	-9.7543247	Rivanazzano-Stradella
9.122885559	44.97345435	-4.9526293	Rivanazzano-Stradella
9.117366774	44.8802555	-9.86471	Rivanazzano-Stradella
9.189158828	45.05193511	-4.5253081	Rivanazzano-Stradella
9.083852691	44.96282691	-3.7525203	Rivanazzano-Stradella
9.153886902	45.01272852	-4.6378053	Rivanazzano-Stradella
9.14147192	45.00512677	-4.3968392	Rivanazzano-Stradella
9.231650609	45.07825825	-4.9391968	Rivanazzano-Stradella
9.073094108	44.89233486	-7.3100312	Rivanazzano-Stradella
9.259254674	45.06296477	-6.9713021	Rivanazzano-Stradella
9.060754287	44.9237372	-5.0025791	Rivanazzano-Stradella
9.159016932	45.02536131	-4.2929673	Rivanazzano-Stradella
9.203243418	45.00285879	-7.472061	Rivanazzano-Stradella
9.204328127	45.10869352	-1.9998418	Rivanazzano-Stradella
9.155421382	44.99077488	-5.7388523	Rivanazzano-Stradella
9.162910602	44.97948897	-6.6206744	Rivanazzano-Stradella
9.181909834	45.08892975	-2.3013606	Rivanazzano-Stradella
9.075313786	44.96772753	-3.1134258	Rivanazzano-Stradella
9.058425549	44.9602991	-2.8236692	Rivanazzano-Stradella
9.185288241	44.92825878	-10.0594954	Rivanazzano-Stradella
9.155524834	44.93923146	-8.1184941	Rivanazzano-Stradella
9.161888529	44.91667401	-9.6705781	Rivanazzano-Stradella
9.308757139	45.09087037	-7.315698	Rivanazzano-Stradella
9.270166417	45.10373489	-4.9786544	Rivanazzano-Stradella
9.105737671	44.91479988	-7.4086757	Rivanazzano-Stradella
9.250611612	45.06467479	-6.521712	Rivanazzano-Stradella
9.000032003	44.92464956	-2.3892795	Rivanazzano-Stradella
9.032936328	44.91509872	-4.3207776	Rivanazzano-Stradella
9.333931638	45.07400473	-9.3429548	Rivanazzano-Stradella
9.201308754	45.0306004	-6.0949867	Rivanazzano-Stradella
9.294929639	45.09595572	-6.4500893	Rivanazzano-Stradella
9.262951306	45.09688986	-5.0905221	Rivanazzano-Stradella
9.096408301	44.91498441	-7.0046522	Rivanazzano-Stradella
9.273079915	45.03786473	-9.0464956	Rivanazzano-Stradella
9.174550357	45.06192454	-3.3568913	Rivanazzano-Stradella
9.235801477	45.10712434	-3.3759888	Rivanazzano-Stradella
9.192360218	45.0462204	-4.9431846	Rivanazzano-Stradella
9.193887371	45.06988837	-3.9309202	Rivanazzano-Stradella
9.116917046	45.01463303	-2.7718296	Rivanazzano-Stradella
9.275998689	45.02308228	-10.0594941	Rivanazzano-Stradella
9.189548077	44.99699414	-7.0883951	Rivanazzano-Stradella
9.237697029	44.99303966	-9.5874521	Rivanazzano-Stradella
9.156677536	44.97054741	-6.7282365	Rivanazzano-Stradella
9.231739188	45.04314058	-6.9981457	Rivanazzano-Stradella
9.040051927	44.93584642	-3.4402131	Rivanazzano-Stradella
9.118271369	45.01125977	-2.9934004	Rivanazzano-Stradella
9.046659934	44.91681926	-4.8017203	Rivanazzano-Stradella
9.085872767	44.93860533	-5.2160163	Rivanazzano-Stradella
9.214448478	45.00614649	-7.8564238	Rivanazzano-Stradella
9.066514903	44.88716244	-7.3268218	Rivanazzano-Stradella
9.259056067	45.06994393	-6.5400951	Rivanazzano-Stradella
9.11188198	45.02594863	-1.9999944	Rivanazzano-Stradella
9.015877405	44.91666793	-3.5118899	Rivanazzano-Stradella
9.174822192	45.03477772	-4.6159725	Rivanazzano-Stradella
9.126454438	44.96729102	-5.4089141	Rivanazzano-Stradella
9.004398785	44.93472707	-2	Rivanazzano-Stradella
9.106151749	44.99367422	-3.2114424	Rivanazzano-Stradella
9.307470139	45.07359632	-8.2880842	Rivanazzano-Stradella
9.208476368	44.96329193	-9.5759934	Rivanazzano-Stradella
9.198143297	44.96454291	-9.0190937	Rivanazzano-Stradella
9.023288825	44.89921714	-4.8174646	Rivanazzano-Stradella
9.105336722	44.9042928	-7.9896312	Rivanazzano-Stradella
9.068230358	44.94855308	-3.9057336	Rivanazzano-Stradella
9.262970616	45.10225192	-4.7731794	Rivanazzano-Stradella
9.092858428	44.85866303	-10.0594941	Rivanazzano-Stradella
9.253847486	45.05675908	-7.1312112	Rivanazzano-Stradella
9.112051243	44.96934806	-4.6145084	Rivanazzano-Stradella
9.182336568	44.94240237	-9.2669773	Rivanazzano-Stradella
9.204462498	45.01099296	-7.1494324	Rivanazzano-Stradella
9.091693042	44.97536126	-3.3696423	Rivanazzano-Stradella
9.042144351	44.88823113	-6.2379506	Rivanazzano-Stradella
9.056704213	44.97349796	-2	Rivanazzano-Stradella
9.211784136	45.01102605	-7.5019076	Rivanazzano-Stradella
9.004138863	44.93118574	-2.1905735	Rivanazzano-Stradella
9.018034477	44.93482428	-2.5696196	Rivanazzano-Stradella
9.130503669	45.02331934	-3.0181411	Rivanazzano-Stradella
9.090476571	44.90374399	-7.3939805	Rivanazzano-Stradella
9.241476088	45.13195036	-2.1343252	Rivanazzano-Stradella
9.084789733	44.9796795	-2.8326069	Rivanazzano-Stradella
9.159231821	44.92806041	-8.9105962	Rivanazzano-Stradella
9.123308447	45.01147669	-3.2267466	Rivanazzano-Stradella
9.222139399	45.11705429	-2.2296118	Rivanazzano-Stradella
9.078838691	44.89788004	-7.2367827	Rivanazzano-Stradella
9.223618319	44.99030093	-9.0392534	Rivanazzano-Stradella
9.133837487	44.9640923	-5.9145212	Rivanazzano-Stradella
9.238894223	45.00062248	-9.2974055	Rivanazzano-Stradella
9.14639637	45.06167854	-2.0000002	Rivanazzano-Stradella
9.289876741	45.06307754	-8.1944595	Rivanazzano-Stradella
9.080001479	44.88229524	-8.1726492	Rivanazzano-Stradella
9.063012197	44.93759763	-4.309129	Rivanazzano-Stradella
9.125423898	45.01714772	-3.0628437	Rivanazzano-Stradella
9.197364889	45.07483318	-3.7747678	Rivanazzano-Stradella
9.123814437	45.03820097	-2	Rivanazzano-Stradella
9.113267515	44.96331874	-4.9651008	Rivanazzano-Stradella
9.036731986	44.94860337	-2.5742393	Rivanazzano-Stradella
9.085224373	44.8754679	-8.7814141	Rivanazzano-Stradella
9.094376641	44.91038355	-7.1807435	Rivanazzano-Stradella
9.274381953	45.02549246	-9.8490693	Rivanazzano-Stradella
9.268572996	45.04675463	-8.3271228	Rivanazzano-Stradella
9.210204458	44.99303243	-8.2666765	Rivanazzano-Stradella
9.266363603	45.08402999	-5.9925943	Rivanazzano-Stradella
9.208043652	45.04872724	-5.5902529	Rivanazzano-Stradella
9.261989257	45.11883153	-3.7493723	Rivanazzano-Stradella
9.219056565	44.969011	-9.8166621	Rivanazzano-Stradella
9.214975313	45.00279746	-8.0387036	Rivanazzano-Stradella
9.066936266	44.87730988	-7.9051536	Rivanazzano-Stradella
9.195062046	45.06402729	-4.2570782	Rivanazzano-Stradella
9.165904127	44.98349807	-6.5823638	Rivanazzano-Stradella
9.129270151	44.93860339	-7.0468368	Rivanazzano-Stradella
9.17126081	45.0323927	-4.5523079	Rivanazzano-Stradella
9.194203386	45.09935436	-2.1611902	Rivanazzano-Stradella
9.198014101	45.04312514	-5.3600115	Rivanazzano-Stradella
9.24530586	45.00689602	-9.3211257	Rivanazzano-Stradella
9.167629035	45.08017005	-2.1830178	Rivanazzano-Stradella
9.151436747	44.94846216	-7.4871227	Rivanazzano-Stradella
9.136797843	45.05152878	-1.9996016	Rivanazzano-Stradella
9.202727424	44.96439578	-9.2478738	Rivanazzano-Stradella
9.249654717	45.03366709	-8.303616	Rivanazzano-Stradella
9.281672767	45.07996847	-6.857944	Rivanazzano-Stradella
9.091403692	44.8829851	-8.6143486	Rivanazzano-Stradella
9.188599277	45.09531042	-2.182178	Rivanazzano-Stradella
9.047671228	44.88501017	-6.6543574	Rivanazzano-Stradella
9.280152146	45.06028613	-7.969909	Rivanazzano-Stradella
9.221512459	45.00045982	-8.4620508	Rivanazzano-Stradella
9.066226158	44.97160913	-2.509175	Rivanazzano-Stradella
9.110783133	44.8844122	-9.3505061	Rivanazzano-Stradella
9.227151813	44.99955911	-8.7754568	Rivanazzano-Stradella
9.110341086	45.00921106	-2.7018342	Rivanazzano-Stradella
9.146070006	44.99147527	-5.2521749	Rivanazzano-Stradella
9.185308299	45.07587429	-3.229073	Rivanazzano-Stradella
9.316757208	45.05011869	-10.0595029	Rivanazzano-Stradella
9.077234316	44.92239959	-5.7739002	Rivanazzano-Stradella
9.178297118	45.06677794	-3.3161743	Rivanazzano-Stradella
9.136260067	45.00303964	-4.2441829	Rivanazzano-Stradella
9.184264536	45.06159579	-3.8440293	Rivanazzano-Stradella
9.212731085	44.98546755	-8.7422705	Rivanazzano-Stradella
9.072311846	44.91519041	-5.9764204	Rivanazzano-Stradella
9.298927046	45.048281	-9.4491352	Rivanazzano-Stradella
9.291254078	45.07921089	-7.2936601	Rivanazzano-Stradella
9.279503047	45.0253958	-10.0594946	Rivanazzano-Stradella
9.274190087	45.02138984	-10.0594941	Rivanazzano-Stradella
9.237645161	45.02105432	-8.2989983	Rivanazzano-Stradella
9.015726675	44.92933762	-2.784541	Rivanazzano-Stradella
9.290484595	45.10260939	-5.8740142	Rivanazzano-Stradella
9.223782242	45.07435007	-4.8613304	Rivanazzano-Stradella
9.190482058	45.07286509	-3.6186152	Rivanazzano-Stradella
9.212892059	45.07579975	-4.3375944	Rivanazzano-Stradella
9.022465424	44.94811838	-2.0000002	Rivanazzano-Stradella
9.121648616	44.95896925	-5.5663262	Rivanazzano-Stradella
9.164082266	44.97124895	-7.0558658	Rivanazzano-Stradella
9.220609814	44.98480515	-9.1519607	Rivanazzano-Stradella
9.112670069	45.01981612	-2.3248835	Rivanazzano-Stradella
9.245985711	45.05976345	-6.634419	Rivanazzano-Stradella
9.094496781	44.9368432	-5.6800697	Rivanazzano-Stradella
9.217080883	45.04155064	-6.3588429	Rivanazzano-Stradella
9.142720421	44.95888268	-6.5853066	Rivanazzano-Stradella
9.17436389	44.93615411	-9.1662361	Rivanazzano-Stradella
9.214983889	44.99779517	-8.2733921	Rivanazzano-Stradella
9.131009986	44.95351619	-6.2715319	Rivanazzano-Stradella
9.202106278	45.05144695	-5.1768888	Rivanazzano-Stradella
9.316225523	45.05339089	-9.8437595	Rivanazzano-Stradella
9.080098461	44.98272266	-2.4615806	Rivanazzano-Stradella
9.192254368	44.96738892	-8.6022214	Rivanazzano-Stradella
9.131578156	44.95775673	-6.0954387	Rivanazzano-Stradella
9.286555574	45.05796264	-8.3669455	Rivanazzano-Stradella
9.129299716	44.91456418	-8.4158896	Rivanazzano-Stradella
9.262502388	45.02224024	-9.4525134	Rivanazzano-Stradella
9.285956616	45.0680957	-7.7369112	Rivanazzano-Stradella
9.152496849	45.03000559	-3.7621765	Rivanazzano-Stradella
9.291128744	45.04884995	-9.1026445	Rivanazzano-Stradella
9.29532467	45.0530268	-9.0172021	Rivanazzano-Stradella
9.313891344	45.05909262	-9.4103274	Rivanazzano-Stradella
9.076003955	44.8877419	-7.6941167	Rivanazzano-Stradella
9.160194161	44.96199519	-7.2916665	Rivanazzano-Stradella
9.048066444	44.96316249	-2.2237168	Rivanazzano-Stradella
9.216941983	45.05307121	-5.8232226	Rivanazzano-Stradella
9.215943523	45.01865757	-7.3543406	Rivanazzano-Stradella
9.175049395	45.08184027	-2.4567043	Rivanazzano-Stradella
9.203760973	44.99372038	-7.9247777	Rivanazzano-Stradella
9.010216483	44.93903875	-2.0000005	Rivanazzano-Stradella
9.033522566	44.92708208	-3.6635298	Rivanazzano-Stradella
9.193225361	45.01889658	-6.2395371	Rivanazzano-Stradella
9.188011	44.99139863	-7.2764515	Rivanazzano-Stradella
9.143803327	44.9288029	-8.217564	Rivanazzano-Stradella
9.230301638	45.06565257	-5.6496494	Rivanazzano-Stradella
9.161495312	44.99225305	-5.9620854	Rivanazzano-Stradella
9.201052152	45.09907006	-2.4525063	Rivanazzano-Stradella
9.080379157	44.91561285	-6.2927298	Rivanazzano-Stradella
9.121786432	45.02072581	-2.7205139	Rivanazzano-Stradella
9.077025986	44.94339989	-4.5700012	Rivanazzano-Stradella
9.152901039	44.92169497	-9.0057781	Rivanazzano-Stradella
9.18255313	44.92872811	-9.9050212	Rivanazzano-Stradella
9.255721566	45.01677893	-9.3737029	Rivanazzano-Stradella
9.055708263	44.96453461	-2.4680254	Rivanazzano-Stradella
9.251723463	45.0103854	-9.4728721	Rivanazzano-Stradella
9.118217208	45.03245422	-2	Rivanazzano-Stradella
9.255795807	45.04676415	-7.8152187	Rivanazzano-Stradella
9.151150122	45.05054081	-2.7421528	Rivanazzano-Stradella
9.208856219	45.06217571	-5.0021616	Rivanazzano-Stradella
9.173431452	44.95167201	-8.4087671	Rivanazzano-Stradella
9.151108552	44.90184611	-10.0594761	Rivanazzano-Stradella
9.275810043	45.08302434	-6.4375512	Rivanazzano-Stradella
9.158202423	44.90710575	-10.0594956	Rivanazzano-Stradella
9.09803402	44.94524967	-5.3509866	Rivanazzano-Stradella
9.026094944	44.91729887	-3.9069939	Rivanazzano-Stradella
9.168240442	45.08480362	-2	Rivanazzano-Stradella
9.217988713	45.05973718	-5.5155345	Rivanazzano-Stradella
9.185833579	44.98385108	-7.5250275	Rivanazzano-Stradella
9.228634872	45.0101823	-8.3600769	Rivanazzano-Stradella
9.086438125	44.99324183	-2.2732671	Rivanazzano-Stradella
9.058476284	44.88651632	-7.0244857	Rivanazzano-Stradella
9.123944593	44.98698713	-4.3830079	Rivanazzano-Stradella
9.037657434	44.90120379	-5.3105843	Rivanazzano-Stradella
9.224133327	45.08703358	-4.1061752	Rivanazzano-Stradella
9.246304517	45.01515127	-8.9907717	Rivanazzano-Stradella
9.134969852	45.00016699	-4.3137618	Rivanazzano-Stradella
9.180094005	45.07275352	-3.1291692	Rivanazzano-Stradella
9.254111677	45.08635801	-5.3547658	Rivanazzano-Stradella
9.06142477	44.88095741	-7.4651343	Rivanazzano-Stradella
9.174392456	45.07632881	-2.6879951	Rivanazzano-Stradella
9.216975196	44.99143409	-8.6669219	Rivanazzano-Stradella
9.226237236	45.08155245	-4.5227927	Rivanazzano-Stradella
9.104674987	45.0146624	-2.1763325	Rivanazzano-Stradella
9.246173739	45.02406171	-8.5754138	Rivanazzano-Stradella
9.065003425	44.9796498	-2.0000344	Rivanazzano-Stradella
8.985882006	44.921	-2	Rivanazzano-Stradella
9.062111396	44.87659312	-7.7423894	Rivanazzano-Stradella
9.178003858	44.97160649	-7.7159648	Rivanazzano-Stradella
9.226597946	44.99581134	-8.9244536	Rivanazzano-Stradella
9.095484903	44.86061071	-10.0594936	Rivanazzano-Stradella
9.204882072	44.95314881	-9.8693179	Rivanazzano-Stradella
9.115834714	44.98464698	-4.096308	Rivanazzano-Stradella
9.146092829	45.03076576	-3.4188069	Rivanazzano-Stradella
9.229251463	45.01729275	-8.0637198	Rivanazzano-Stradella
9.238423287	44.9883066	-9.8441301	Rivanazzano-Stradella
9.046783239	44.89985435	-5.7723262	Rivanazzano-Stradella
9.227406225	45.05138015	-6.3991405	Rivanazzano-Stradella
9.032071111	44.95232549	-2.1658071	Rivanazzano-Stradella
9.122122092	44.94284265	-6.5040807	Rivanazzano-Stradella
9.167831379	44.92964534	-9.1827925	Rivanazzano-Stradella
9.260941761	45.00736518	-10.0594944	Rivanazzano-Stradella
9.13239334	45.04365887	-2.1567954	Rivanazzano-Stradella
9.243650782	45.04092667	-7.6785852	Rivanazzano-Stradella
9.028382151	44.90072138	-4.9467524	Rivanazzano-Stradella
9.079966949	44.95473852	-4.0488751	Rivanazzano-Stradella
9.26973975	45.06992229	-6.9686374	Rivanazzano-Stradella
9.304681024	45.05872182	-9.0566904	Rivanazzano-Stradella
9.284459829	45.08462293	-6.6954949	Rivanazzano-Stradella
8.991859628	44.92213074	-2.1878452	Rivanazzano-Stradella
9.207424181	44.98209897	-8.644885	Rivanazzano-Stradella
9.107844203	45.01979418	-2.0942012	Rivanazzano-Stradella
9.100775311	44.99817932	-2.7434043	Rivanazzano-Stradella
9.101722109	44.9580277	-4.779433	Rivanazzano-Stradella
9.016412507	44.94363079	-1.9999956	Rivanazzano-Stradella
9.121661807	44.97999713	-4.5928903	Rivanazzano-Stradella
9.207723994	45.02258887	-6.774408	Rivanazzano-Stradella
9.164983265	44.93790447	-8.6299856	Rivanazzano-Stradella
9.187479595	45.07020176	-3.6051824	Rivanazzano-Stradella
9.164799692	44.91199711	-10.0594936	Rivanazzano-Stradella
9.00908851	44.93526738	-2.1670684	Rivanazzano-Stradella
9.208791183	45.00001837	-7.8716768	Rivanazzano-Stradella
9.039739979	44.92443957	-4.0761437	Rivanazzano-Stradella
9.196055149	45.05625005	-4.6623617	Rivanazzano-Stradella
9.139721949	44.91177049	-9.0144739	Rivanazzano-Stradella
9.290819646	45.08623545	-6.8592035	Rivanazzano-Stradella
9.138537313	44.96831479	-5.9491521	Rivanazzano-Stradella
9.163812241	45.07378001	-2.2908972	Rivanazzano-Stradella
9.045584735	44.89047138	-6.2556335	Rivanazzano-Stradella
9.098927348	45.00971213	-2.124251	Rivanazzano-Stradella
9.226830063	44.97438815	-9.9386016	Rivanazzano-Stradella
9.188202638	44.97160159	-8.2119988	Rivanazzano-Stradella
9.044802326	44.95211984	-2.7145454	Rivanazzano-Stradella
9.138133263	45.00935281	-4.0385863	Rivanazzano-Stradella
9.133532825	45.04817685	-2.000001	Rivanazzano-Stradella
9.074857951	44.93175095	-5.1415236	Rivanazzano-Stradella
9.1344956	45.03826308	-2.5104321	Rivanazzano-Stradella
9.108564962	44.95427329	-5.2817261	Rivanazzano-Stradella
9.287524123	45.09128587	-6.4251658	Rivanazzano-Stradella
9.233341002	45.00388136	-8.877967	Rivanazzano-Stradella
9.079398156	44.98456858	-2.3290498	Rivanazzano-Stradella
9.127937937	44.88893421	-9.8168708	Rivanazzano-Stradella
9.176046548	45.08026469	-2.5876711	Rivanazzano-Stradella
9.279357911	45.10669168	-5.178043	Rivanazzano-Stradella
9.209166437	45.02859831	-6.5687258	Rivanazzano-Stradella
9.179024432	45.05057922	-4.0950487	Rivanazzano-Stradella
9.18559554	44.95979972	-8.626835	Rivanazzano-Stradella
9.08342299	44.86951357	-9.0441865	Rivanazzano-Stradella
9.129373209	45.04390735	-2	Rivanazzano-Stradella
9.054553776	44.94732306	-3.3988684	Rivanazzano-Stradella
9.068166725	44.89427125	-6.9920066	Rivanazzano-Stradella
9.266225404	45.10915118	-4.4965539	Rivanazzano-Stradella
9.013302704	44.90989195	-3.7888298	Rivanazzano-Stradella
8.99644969	44.91484779	-2.795875	Rivanazzano-Stradella
9.231043391	45.09962173	-3.6270249	Rivanazzano-Stradella
9.257544534	45.03383223	-8.6692314	Rivanazzano-Stradella
9.223566567	45.04926618	-6.3198048	Rivanazzano-Stradella
9.067370462	44.91970115	-5.5113362	Rivanazzano-Stradella
9.211032223	45.08917601	-3.4519683	Rivanazzano-Stradella
9.14912397	44.91548453	-9.1998149	Rivanazzano-Stradella
9.175937952	44.98779889	-6.8645784	Rivanazzano-Stradella
9.293821891	45.03484714	-10.0594944	Rivanazzano-Stradella
9.208235558	45.01625134	-7.0900093	Rivanazzano-Stradella
9.315004466	45.07911502	-8.2679355	Rivanazzano-Stradella
9.149172295	45.05659182	-2.3683462	Rivanazzano-Stradella
9.041278507	44.89541907	-5.7924744	Rivanazzano-Stradella
9.147698521	44.94479384	-7.4737068	Rivanazzano-Stradella
9.111803342	44.90280139	-8.3472712	Rivanazzano-Stradella
9.142911447	45.05258593	-2.2478381	Rivanazzano-Stradella
9.171763431	44.98195266	-6.9376334	Rivanazzano-Stradella
9.2398497	45.11630294	-2.9965227	Rivanazzano-Stradella
9.13088965	45.03161577	-2.6483276	Rivanazzano-Stradella
9.258243255	45.11350189	-3.9128706	Rivanazzano-Stradella
9.294257721	45.06805758	-8.0777805	Rivanazzano-Stradella
9.202125411	45.06191176	-4.6974121	Rivanazzano-Stradella
9.096535237	45.00398812	-2.2707485	Rivanazzano-Stradella
9.247598855	45.00078375	-9.7130808	Rivanazzano-Stradella
9.032296326	44.93770949	-3.0070068	Rivanazzano-Stradella
9.332273784	45.06078731	-10.0594946	Rivanazzano-Stradella
9.04772414	44.93642589	-3.7309023	Rivanazzano-Stradella
9.270934152	45.05808719	-7.7344132	Rivanazzano-Stradella
9.260669715	45.01091351	-9.8834028	Rivanazzano-Stradella
9.307548313	45.05331199	-9.4944976	Rivanazzano-Stradella
9.161099149	44.95508095	-7.6529795	Rivanazzano-Stradella
9.16082508	45.0031015	-5.4219321	Rivanazzano-Stradella
9.131685168	45.00610888	-3.8807644	Rivanazzano-Stradella
9.033047844	44.93247573	-3.336519	Rivanazzano-Stradella
9.157888444	45.07384634	-1.9999997	Rivanazzano-Stradella
9.073116116	44.98565987	-1.999738	Rivanazzano-Stradella
9.323876934	45.05501432	-10.0594893	Rivanazzano-Stradella
9.091281227	45.00432444	-2	Rivanazzano-Stradella
9.139422292	44.93258537	-7.8175266	Rivanazzano-Stradella
9.317007304	45.08649805	-7.9115546	Rivanazzano-Stradella
9.150584652	45.00620556	-4.784409	Rivanazzano-Stradella
9.197748049	44.99545555	-7.5545445	Rivanazzano-Stradella
9.064977183	44.97672414	-2.165383	Rivanazzano-Stradella
9.189025982	45.07271614	-3.5648852	Rivanazzano-Stradella
9.190086539	45.00419332	-6.7772423	Rivanazzano-Stradella
9.110281539	44.99939094	-3.149741	Rivanazzano-Stradella
9.202452408	45.01432064	-6.8974897	Rivanazzano-Stradella
9.043998347	44.930982	-3.8834868	Rivanazzano-Stradella
9.007996303	44.91952178	-3.0170388	Rivanazzano-Stradella
9.207232924	45.06832329	-4.5644512	Rivanazzano-Stradella
9.132574122	44.94996807	-6.5390939	Rivanazzano-Stradella
9.322653433	45.08153512	-8.4362617	Rivanazzano-Stradella
9.025548199	44.93043034	-3.1366162	Rivanazzano-Stradella
9.165630287	44.94856496	-8.1722295	Rivanazzano-Stradella
8.991582078	44.92522625	-2	Rivanazzano-Stradella
9.198950956	45.0058045	-7.1278757	Rivanazzano-Stradella
9.20819417	45.04232075	-5.8916443	Rivanazzano-Stradella
9.198370951	45.10476161	-2.0000115	Rivanazzano-Stradella
9.149082492	44.90944064	-9.5419155	Rivanazzano-Stradella
9.085895517	44.95854714	-4.082246	Rivanazzano-Stradella
9.170528136	44.95825125	-7.9657047	Rivanazzano-Stradella
9.065398917	44.90088263	-6.4990446	Rivanazzano-Stradella
9.260814002	45.03093137	-8.9714626	Rivanazzano-Stradella
9.268449407	45.03100506	-9.2770266	Rivanazzano-Stradella
9.190560278	44.97775958	-8.0373658	Rivanazzano-Stradella
9.255483417	45.05135218	-7.5245315	Rivanazzano-Stradella
9.023663017	44.92371527	-3.4392703	Rivanazzano-Stradella
9.305567151	45.04691687	-9.7975505	Rivanazzano-Stradella
9.264065353	45.02735075	-9.2938415	Rivanazzano-Stradella
9.138536079	44.8991609	-9.6820217	Rivanazzano-Stradella
9.191842498	45.09015013	-2.6249255	Rivanazzano-Stradella
9.310146582	45.04857491	-9.881177	Rivanazzano-Stradella
8.997985616	44.91657501	-2.7623987	Rivanazzano-Stradella
9.19840032	45.01741446	-6.5584562	Rivanazzano-Stradella
9.099733544	44.99154285	-2.9973623	Rivanazzano-Stradella
9.118851207	44.87793307	-10.0594946	Rivanazzano-Stradella
9.181043273	45.01989073	-5.6076702	Rivanazzano-Stradella
9.044693431	44.96459367	-1.9999941	Rivanazzano-Stradella
9.259426326	45.10724064	-4.3326361	Rivanazzano-Stradella
9.036986661	44.90793427	-4.8993191	Rivanazzano-Stradella
9.306638871	45.07798489	-7.9938292	Rivanazzano-Stradella
9.216853764	45.10211037	-2.9005183	Rivanazzano-Stradella
9.140718403	45.04430996	-2.5264106	Rivanazzano-Stradella
9.094596761	44.87701999	-9.0884458	Rivanazzano-Stradella
9.227360389	45.09368414	-3.8315681	Rivanazzano-Stradella
9.086778659	44.95203173	-4.4902585	Rivanazzano-Stradella
9.249669303	45.03742205	-8.1319321	Rivanazzano-Stradella
9.203070198	44.96892889	-9.0520913	Rivanazzano-Stradella
9.190009421	45.09924475	-2.0000002	Rivanazzano-Stradella
8.98895875	44.91920893	-2.23171	Rivanazzano-Stradella
9.305137998	45.04231451	-10.0594968	Rivanazzano-Stradella
9.239551343	45.06026926	-6.3462498	Rivanazzano-Stradella
9.256411979	45.00256876	-10.0594941	Rivanazzano-Stradella
9.171886335	45.0872842	-2	Rivanazzano-Stradella
9.228041201	45.03206623	-7.3268219	Rivanazzano-Stradella
9.153423648	44.95738908	-7.1740273	Rivanazzano-Stradella
9.089646101	44.89654601	-7.7685055	Rivanazzano-Stradella
9.124373635	44.92839307	-7.4212694	Rivanazzano-Stradella
9.238875222	45.0933526	-4.3183809	Rivanazzano-Stradella
9.114963569	44.92784182	-7.0556428	Rivanazzano-Stradella
9.189838297	45.05990617	-4.1924342	Rivanazzano-Stradella
9.134996079	44.93503971	-7.4911584	Rivanazzano-Stradella
9.217648173	45.06968914	-4.8984796	Rivanazzano-Stradella
9.251302448	45.12533415	-2.9276814	Rivanazzano-Stradella
9.096331985	44.93126621	-6.0748553	Rivanazzano-Stradella
9.022601917	44.91099892	-4.1181357	Rivanazzano-Stradella
9.256534683	45.02895535	-8.8542429	Rivanazzano-Stradella
9.125507118	44.96180076	-5.6148103	Rivanazzano-Stradella
9.074641921	44.96165487	-3.4306641	Rivanazzano-Stradella
9.070877789	44.9252339	-5.3444805	Rivanazzano-Stradella
9.116367701	44.9484763	-5.9407569	Rivanazzano-Stradella
9.111509788	45.01530341	-2.4791833	Rivanazzano-Stradella
9.209195743	44.97279264	-9.165656	Rivanazzano-Stradella
9.167436194	45.04047049	-3.9957685	Rivanazzano-Stradella
9.21389694	45.09499384	-3.2137624	Rivanazzano-Stradella
9.184399887	45.05468843	-4.1676681	Rivanazzano-Stradella
9.12414243	44.90538276	-8.7208625	Rivanazzano-Stradella
9.230050048	45.05334703	-6.385708	Rivanazzano-Stradella
9.167028729	44.96453066	-7.507426	Rivanazzano-Stradella
9.118463711	44.92358683	-7.4453935	Rivanazzano-Stradella
9.049409366	44.92611514	-4.3886611	Rivanazzano-Stradella
9.219287971	45.02759073	-7.106865	Rivanazzano-Stradella
9.108648493	44.96754141	-4.5320245	Rivanazzano-Stradella
9.238160154	45.04809738	-7.0285788	Rivanazzano-Stradella
9.176320746	45.01114753	-5.790061	Rivanazzano-Stradella
9.197099411	44.94733337	-9.7581023	Rivanazzano-Stradella
9.171192869	45.02818071	-4.7460695	Rivanazzano-Stradella
9.298132333	45.06169188	-8.6134092	Rivanazzano-Stradella
9.219755226	45.11928528	-2.0000005	Rivanazzano-Stradella
9.190238023	44.93350119	-10.0594941	Rivanazzano-Stradella
9.224934184	45.0573468	-5.9384483	Rivanazzano-Stradella
9.193399189	45.08357719	-3.0858281	Rivanazzano-Stradella
9.145802722	45.02033576	-3.8931416	Rivanazzano-Stradella
9.272626365	45.02405029	-9.8613647	Rivanazzano-Stradella
9.186964558	45.0152238	-6.1107671	Rivanazzano-Stradella
9.239681848	44.98499953	-10.0594851	Rivanazzano-Stradella
9.149182755	44.90331765	-9.8945019	Rivanazzano-Stradella
9.156711215	45.05246047	-2.9243249	Rivanazzano-Stradella
9.156459574	44.9339351	-8.4593484	Rivanazzano-Stradella
9.293126551	45.05798613	-8.6289067	Rivanazzano-Stradella
9.175180886	45.0173698	-5.4439648	Rivanazzano-Stradella
9.275939707	45.10123682	-5.36232	Rivanazzano-Stradella
9.310646317	45.04594865	-10.0594814	Rivanazzano-Stradella
9.168982892	45.08536762	-2	Rivanazzano-Stradella
9.226406674	45.00405313	-8.532967	Rivanazzano-Stradella
9.031693891	44.92138621	-3.9105625	Rivanazzano-Stradella
9.119036364	44.96149224	-5.3144691	Rivanazzano-Stradella
9.066936535	44.94228024	-4.2081766	Rivanazzano-Stradella
9.160498809	44.93617575	-8.5020876	Rivanazzano-Stradella
9.059690925	44.94236811	-3.8975491	Rivanazzano-Stradella
9.128353211	44.95606534	-6.0163317	Rivanazzano-Stradella
9.243306079	45.10685684	-3.6979512	Rivanazzano-Stradella
9.121214777	45.00128946	-3.5938367	Rivanazzano-Stradella
9.080580038	44.97632548	-2.8462722	Rivanazzano-Stradella
9.280221919	45.0649046	-7.6924249	Rivanazzano-Stradella
9.116876496	44.91659974	-7.7760714	Rivanazzano-Stradella
9.265973892	45.05241201	-7.8800726	Rivanazzano-Stradella
9.097715097	45.01113562	-1.9999917	Rivanazzano-Stradella
9.317415476	45.07396229	-8.6719597	Rivanazzano-Stradella
9.323781526	45.07235944	-9.0266616	Rivanazzano-Stradella
9.102900787	44.97421509	-3.9464519	Rivanazzano-Stradella
9.202866235	45.08777951	-3.2098686	Rivanazzano-Stradella
9.136005227	44.9185213	-8.4736213	Rivanazzano-Stradella
9.320342074	45.06287324	-9.449155	Rivanazzano-Stradella
9.023869527	44.90469232	-4.5304501	Rivanazzano-Stradella
9.096922379	44.97436861	-3.6488247	Rivanazzano-Stradella
9.231603761	44.98964466	-9.4537856	Rivanazzano-Stradella
9.137959066	44.89209933	-10.0594944	Rivanazzano-Stradella
9.103980032	44.86982372	-9.8936875	Rivanazzano-Stradella
9.137788547	44.95345329	-6.5947512	Rivanazzano-Stradella
9.169238338	44.94471177	-8.5244121	Rivanazzano-Stradella
9.180337555	44.92351366	-10.0593645	Rivanazzano-Stradella
9.088360651	44.91718488	-6.5399716	Rivanazzano-Stradella
9.301787582	45.09506151	-6.782806	Rivanazzano-Stradella
9.155700415	45.04589212	-3.1765823	Rivanazzano-Stradella
9.237350594	45.01544712	-8.5420425	Rivanazzano-Stradella
9.281265035	45.0446151	-8.9647466	Rivanazzano-Stradella
9.190018257	45.01016389	-6.494423	Rivanazzano-Stradella
9.216014877	44.98063452	-9.1263562	Rivanazzano-Stradella
9.178482324	45.00030685	-6.4014492	Rivanazzano-Stradella
9.256423219	45.00539759	-9.9302065	Rivanazzano-Stradella
9.282783412	45.05218636	-8.5663909	Rivanazzano-Stradella
9.199376938	44.94317848	-10.0594941	Rivanazzano-Stradella
9.036750956	44.89137396	-5.8316176	Rivanazzano-Stradella
9.237897996	45.08452173	-4.8092031	Rivanazzano-Stradella
9.330468354	45.0630824	-9.8497163	Rivanazzano-Stradella
9.060704067	44.91540793	-5.4743804	Rivanazzano-Stradella
9.040310177	44.95767985	-2.208623	Rivanazzano-Stradella
9.187203408	45.02065913	-5.8676704	Rivanazzano-Stradella
9.085697323	44.92492393	-5.9872469	Rivanazzano-Stradella
9.269621441	45.01655407	-10.0594946	Rivanazzano-Stradella
9.165604483	44.99948993	-5.8207046	Rivanazzano-Stradella
9.172742531	45.04890748	-3.8664866	Rivanazzano-Stradella
9.195923212	45.06970003	-4.028306	Rivanazzano-Stradella
9.058409155	44.90540177	-5.9470531	Rivanazzano-Stradella
9.162447846	45.03731041	-3.8984407	Rivanazzano-Stradella
9.19184637	45.02323298	-5.9728284	Rivanazzano-Stradella
9.051286307	44.88778667	-6.648901	Rivanazzano-Stradella
9.180312755	45.07877955	-2.8529631	Rivanazzano-Stradella
9.269260621	45.02266861	-9.7612505	Rivanazzano-Stradella
9.047215388	44.94654915	-3.1333662	Rivanazzano-Stradella
9.122627308	45.03020534	-2.3172388	Rivanazzano-Stradella
9.11024096	44.90953301	-7.8983326	Rivanazzano-Stradella
9.075027874	44.98711215	-2	Rivanazzano-Stradella
9.081058237	44.90429738	-6.9651813	Rivanazzano-Stradella
9.002691835	44.91121321	-3.2660117	Rivanazzano-Stradella
9.103610406	44.97047489	-4.1525499	Rivanazzano-Stradella
9.100291585	44.96274544	-4.450605	Rivanazzano-Stradella
9.152142186	45.06776271	-1.9999995	Rivanazzano-Stradella
9.31273177	45.04734936	-10.059363	Rivanazzano-Stradella
9.093604745	44.96448945	-4.0693225	Rivanazzano-Stradella
9.1035471	45.00589217	-2.5240767	Rivanazzano-Stradella
9.189841788	45.07834251	-3.2608733	Rivanazzano-Stradella
9.071871246	44.93824837	-4.6457814	Rivanazzano-Stradella
9.085947926	44.8881391	-8.0909546	Rivanazzano-Stradella
9.246281048	45.08567358	-5.0756181	Rivanazzano-Stradella
9.06439397	44.90749551	-6.080322	Rivanazzano-Stradella
9.151302234	44.9868862	-5.7170184	Rivanazzano-Stradella
9.265357599	45.01204038	-10.0594939	Rivanazzano-Stradella
9.125718223	44.99675227	-4.0209618	Rivanazzano-Stradella
9.124669203	44.88224584	-10.0594812	Rivanazzano-Stradella
9.140583803	44.97366463	-5.8030738	Rivanazzano-Stradella
9.221122123	45.09700531	-3.3807253	Rivanazzano-Stradella
9.203460184	45.06531531	-4.5958286	Rivanazzano-Stradella
9.288214299	45.03114611	-10.0594941	Rivanazzano-Stradella
9.198341154	45.09457521	-2.6166355	Rivanazzano-Stradella
9.2555882	45.10126299	-4.5307654	Rivanazzano-Stradella
9.051171649	44.96939645	-2.0000002	Rivanazzano-Stradella
9.098606684	44.97112023	-3.9026306	Rivanazzano-Stradella
9.071654546	44.95693386	-3.5732817	Rivanazzano-Stradella
9.093656942	44.94851113	-4.9807535	Rivanazzano-Stradella
9.197059533	45.0214198	-6.3097074	Rivanazzano-Stradella
9.114523156	44.94177579	-6.2442471	Rivanazzano-Stradella
9.3461226	45.07030634	-10.0594941	Rivanazzano-Stradella
9.252632023	45.07677416	-5.8687497	Rivanazzano-Stradella
9.16626127	45.08270897	-2.0000005	Rivanazzano-Stradella
9.143067353	44.89588601	-10.0594946	Rivanazzano-Stradella
9.119655015	44.96592575	-5.1411059	Rivanazzano-Stradella
9.14927871	44.94232398	-7.6788857	Rivanazzano-Stradella
9.078390686	44.93649367	-5.0206311	Rivanazzano-Stradella
9.206989838	45.11050859	-2	Rivanazzano-Stradella
9.166684561	44.93372804	-8.9042737	Rivanazzano-Stradella
9.075658779	44.8686943	-8.763259	Rivanazzano-Stradella
9.054859173	44.93604259	-4.0537017	Rivanazzano-Stradella
9.233537839	44.9786926	-10.0594941	Rivanazzano-Stradella
9.230437685	45.11487743	-2.6972302	Rivanazzano-Stradella
9.100332173	44.89231089	-8.4602244	Rivanazzano-Stradella
9.245504514	45.1283703	-2.5110642	Rivanazzano-Stradella
9.299437003	45.08284791	-7.4116143	Rivanazzano-Stradella
9.17801474	44.97881146	-7.3853354	Rivanazzano-Stradella
9.170827658	45.08329934	-2.1947715	Rivanazzano-Stradella
9.244226344	44.99508233	-9.8107256	Rivanazzano-Stradella
9.248846519	45.10107163	-4.2671526	Rivanazzano-Stradella
9.234797464	45.03229169	-7.6447942	Rivanazzano-Stradella
9.303973183	45.06595047	-8.5990254	Rivanazzano-Stradella
9.205973189	45.06285715	-4.8409717	Rivanazzano-Stradella
9.222889404	45.01819276	-7.7132162	Rivanazzano-Stradella
9.113641816	44.96463367	-4.908134	Rivanazzano-Stradella
9.267302432	45.11447179	-4.2247559	Rivanazzano-Stradella
9.242440696	45.07917237	-5.3154883	Rivanazzano-Stradella
9.237892385	45.05575095	-6.5538241	Rivanazzano-Stradella
9.081292134	44.93027056	-5.4971695	Rivanazzano-Stradella
9.252176971	45.04129094	-8.0022242	Rivanazzano-Stradella
9.124586136	44.89321462	-9.4319453	Rivanazzano-Stradella
9.201984039	45.08106282	-3.5818855	Rivanazzano-Stradella
9.172775558	44.96893414	-7.5845577	Rivanazzano-Stradella
9.06457367	44.96565594	-2.7782468	Rivanazzano-Stradella
9.197170583	45.0352674	-5.6796682	Rivanazzano-Stradella
9.07288389	44.90111573	-6.8014855	Rivanazzano-Stradella
9.280493747	45.03233497	-9.6784524	Rivanazzano-Stradella
9.167041199	45.0217053	-4.8497905	Rivanazzano-Stradella
9.102333484	44.87789494	-9.3649934	Rivanazzano-Stradella
9.230293854	45.12198935	-2.2693848	Rivanazzano-Stradella
9.053150864	44.95352235	-2.9868657	Rivanazzano-Stradella
9.218706588	45.0083062	-7.9635773	Rivanazzano-Stradella
9.18201396	44.92479051	-10.0594941	Rivanazzano-Stradella
9.211752151	45.11378313	-1.9999983	Rivanazzano-Stradella
9.067579511	44.9316041	-4.8428608	Rivanazzano-Stradella
9.191575911	44.94205671	-9.7318669	Rivanazzano-Stradella
9.178844566	44.94786456	-8.8465825	Rivanazzano-Stradella
9.239004726	45.10113316	-3.8620788	Rivanazzano-Stradella
9.145900497	45.01363442	-4.2115359	Rivanazzano-Stradella
9.183564551	45.02470826	-5.5032035	Rivanazzano-Stradella
