16.208598	38.949	-0.4999996	Sant'Eufemia
16.22205753	38.84707545	-6.7651698	Sant'Eufemia
16.07950266	38.78066283	-0.5000011	Sant'Eufemia
16.20304653	38.85686157	-4.9535632	Sant'Eufemia
16.18814764	38.88172199	-2.6282115	Sant'Eufemia
16.18913475	38.85219186	-4.2550275	Sant'Eufemia
16.21218958	38.94716465	-0.8414801	Sant'Eufemia
16.25639215	38.83477584	-9.7521244	Sant'Eufemia
16.17133639	38.89513762	-0.7832208	Sant'Eufemia
16.17508305	38.85338479	-3.2362367	Sant'Eufemia
16.15400109	38.80392469	-4.3715616	Sant'Eufemia
16.15323082	38.86499519	-1.1347491	Sant'Eufemia
16.18230781	38.82755544	-5.0951169	Sant'Eufemia
16.15778475	38.88281309	-0.5000001	Sant'Eufemia
16.19147991	38.82716835	-5.7411248	Sant'Eufemia
16.15385084	38.68085794	-10.8331295	Sant'Eufemia
16.16693172	38.88045297	-1.24713	Sant'Eufemia
16.30117123	38.89326257	-9.7491114	Sant'Eufemia
16.2205978	38.94286743	-1.6409479	Sant'Eufemia
16.23007435	38.85312283	-6.9895643	Sant'Eufemia
16.14018822	38.85182368	-0.9459332	Sant'Eufemia
16.21430001	38.92227274	-2.304319	Sant'Eufemia
16.17456638	38.72426861	-9.9409357	Sant'Eufemia
16.23168167	38.81566254	-9.0851075	Sant'Eufemia
16.030879	38.717	-0.4999996	Sant'Eufemia
16.22735789	38.93941213	-2.2837355	Sant'Eufemia
16.16536939	38.72080452	-9.4990509	Sant'Eufemia
16.08277064	38.76307057	-1.639943	Sant'Eufemia
16.17234793	38.7281669	-9.5886791	Sant'Eufemia
16.07410531	38.72071325	-3.2932652	Sant'Eufemia
16.17226386	38.88563735	-1.3342164	Sant'Eufemia
16.20949293	38.89022598	-3.666232	Sant'Eufemia
16.25019341	38.79462512	-11.4596603	Sant'Eufemia
16.12141334	38.80822615	-1.9271876	Sant'Eufemia
16.21892687	38.86361485	-5.6762491	Sant'Eufemia
16.08857355	38.69478749	-5.6163132	Sant'Eufemia
16.28202896	38.82991015	-11.7530372	Sant'Eufemia
16.1372447	38.76642616	-5.211473	Sant'Eufemia
16.19812473	38.80846758	-7.1613869	Sant'Eufemia
16.20559768	38.92120378	-1.7692438	Sant'Eufemia
16.1717635	38.87407033	-1.9140113	Sant'Eufemia
16.2339487	38.93604291	-2.910454	Sant'Eufemia
16.09821632	38.70761251	-5.6262212	Sant'Eufemia
16.18013982	38.80584419	-6.0545898	Sant'Eufemia
16.0957444	38.71685787	-4.9726171	Sant'Eufemia
16.14932811	38.69416374	-9.8207809	Sant'Eufemia
16.14192245	38.6781026	-10.1504159	Sant'Eufemia
16.13058469	38.77036616	-4.5505817	Sant'Eufemia
16.19660282	38.71800133	-11.7817833	Sant'Eufemia
16.09550795	38.74030491	-3.7133058	Sant'Eufemia
16.24032804	38.93278148	-3.5170846	Sant'Eufemia
16.11075518	38.69457366	-7.1578739	Sant'Eufemia
16.23560969	38.87028878	-6.4864624	Sant'Eufemia
16.20063273	38.88004219	-3.5753375	Sant'Eufemia
16.29374516	38.83949923	-12.0701759	Sant'Eufemia
16.10963353	38.82003639	-0.4999996	Sant'Eufemia
16.24683385	38.929455	-4.1357674	Sant'Eufemia
16.15943006	38.67929048	-11.2970079	Sant'Eufemia
16.2413341	38.87838212	-6.4680583	Sant'Eufemia
16.13803577	38.79706675	-3.6492706	Sant'Eufemia
16.18495579	38.69744283	-12.0701734	Sant'Eufemia
16.10203299	38.74239842	-4.046129	Sant'Eufemia
16.14256402	38.76582491	-5.6091984	Sant'Eufemia
16.16056924	38.7582968	-7.2364471	Sant'Eufemia
16.13066011	38.72218617	-7.0649633	Sant'Eufemia
16.26032839	38.84914477	-9.2720533	Sant'Eufemia
16.295361	38.88303036	-9.8964991	Sant'Eufemia
16.22982355	38.87782879	-5.7020599	Sant'Eufemia
16.25308597	38.92625789	-4.7303459	Sant'Eufemia
16.1809733	38.8514465	-3.7395436	Sant'Eufemia
16.13364846	38.85178557	-0.5000133	Sant'Eufemia
16.13768887	38.6980208	-8.8244945	Sant'Eufemia
16.06016	38.72292462	-2.2178819	Sant'Eufemia
16.19614895	38.85595641	-4.5324879	Sant'Eufemia
16.09181158	38.71490874	-4.8089574	Sant'Eufemia
16.26026716	38.92258526	-5.4133078	Sant'Eufemia
16.14991951	38.81402823	-3.5582604	Sant'Eufemia
16.15299853	38.82072208	-3.4219405	Sant'Eufemia
16.2075361	38.75789934	-10.452776	Sant'Eufemia
16.14551482	38.73992156	-7.1360436	Sant'Eufemia
16.24697469	38.80415442	-10.7352848	Sant'Eufemia
16.19311611	38.71434545	-11.7285152	Sant'Eufemia
16.17759608	38.90913436	-0.500004	Sant'Eufemia
16.22057454	38.90269053	-3.7689925	Sant'Eufemia
16.21924261	38.77254707	-10.4722521	Sant'Eufemia
16.24699733	38.77839115	-12.0701759	Sant'Eufemia
16.13322476	38.7466465	-5.9443659	Sant'Eufemia
16.26778597	38.91873949	-6.1284089	Sant'Eufemia
16.15877749	38.69773962	-10.2738863	Sant'Eufemia
16.05544119	38.71090351	-2.5064513	Sant'Eufemia
16.2242909	38.76378674	-11.2801261	Sant'Eufemia
16.20560097	38.83080192	-6.5088094	Sant'Eufemia
16.23027941	38.77546759	-11.0676246	Sant'Eufemia
16.22947503	38.8052264	-9.4887074	Sant'Eufemia
16.1450957	38.68753212	-9.8848607	Sant'Eufemia
16.07013683	38.72525223	-2.7861224	Sant'Eufemia
16.15573703	38.79526304	-4.9487892	Sant'Eufemia
16.10374507	38.72725843	-4.9653624	Sant'Eufemia
16.26950062	38.91208204	-6.5979452	Sant'Eufemia
16.27429073	38.91541198	-6.747092	Sant'Eufemia
16.20869608	38.86120489	-5.1074828	Sant'Eufemia
16.19962952	38.89237024	-2.8763033	Sant'Eufemia
16.18632839	38.90841931	-1.1369718	Sant'Eufemia
16.07492729	38.74909223	-1.8475841	Sant'Eufemia
16.09822818	38.76691511	-2.4943922	Sant'Eufemia
16.16331149	38.66941976	-12.0701627	Sant'Eufemia
16.15021792	38.75354722	-6.7646679	Sant'Eufemia
16.17901149	38.73450191	-9.7246962	Sant'Eufemia
16.28918758	38.83334697	-12.0701764	Sant'Eufemia
16.28079525	38.91208423	-7.3657753	Sant'Eufemia
16.06263335	38.75873837	-0.4999884	Sant'Eufemia
16.18500283	38.75578756	-9.0322555	Sant'Eufemia
16.1178681	38.73641495	-5.4404243	Sant'Eufemia
16.17534523	38.86259513	-2.7658143	Sant'Eufemia
16.30061535	38.84877139	-12.0701764	Sant'Eufemia
16.26393345	38.83596147	-10.2020875	Sant'Eufemia
16.20212152	38.89903853	-2.7077045	Sant'Eufemia
16.22579418	38.88369905	-5.1242027	Sant'Eufemia
16.1787434	38.75824734	-8.4760812	Sant'Eufemia
16.2882709	38.90825918	-8.076859	Sant'Eufemia
16.30363327	38.85264232	-12.070171	Sant'Eufemia
16.13598978	38.75928739	-5.4896406	Sant'Eufemia
16.21929835	38.92711273	-2.3876864	Sant'Eufemia
16.16445565	38.67645193	-11.7891876	Sant'Eufemia
16.17333757	38.76921355	-7.5269728	Sant'Eufemia
16.17206966	38.74240721	-8.8416529	Sant'Eufemia
16.14621803	38.82027545	-2.976513	Sant'Eufemia
16.21367124	38.78420693	-9.4746805	Sant'Eufemia
16.28695244	38.87823913	-9.5787364	Sant'Eufemia
16.31166222	38.88199604	-11.059795	Sant'Eufemia
16.29409915	38.90527672	-8.6312635	Sant'Eufemia
16.11344093	38.67471622	-8.3580785	Sant'Eufemia
16.2141164	38.85270103	-5.926911	Sant'Eufemia
16.29980051	38.90235891	-9.1736153	Sant'Eufemia
16.10794779	38.76775285	-3.122245	Sant'Eufemia
16.2635682	38.90612602	-6.510316	Sant'Eufemia
16.22163941	38.82859297	-7.7166084	Sant'Eufemia
16.14250485	38.8099923	-3.2680094	Sant'Eufemia
16.2905145	38.89860546	-8.7412399	Sant'Eufemia
16.12365971	38.67940555	-8.8235973	Sant'Eufemia
16.12675609	38.75804047	-4.9163121	Sant'Eufemia
16.04974548	38.70988945	-2.1652213	Sant'Eufemia
16.17143232	38.68009967	-12.0701505	Sant'Eufemia
16.08273171	38.73543084	-3.102788	Sant'Eufemia
16.21220335	38.77288969	-9.9753397	Sant'Eufemia
16.16868234	38.85457835	-2.7377052	Sant'Eufemia
16.16761829	38.89090118	-0.7429108	Sant'Eufemia
16.03987159	38.71239737	-1.3557106	Sant'Eufemia
16.16172808	38.69286939	-10.7328766	Sant'Eufemia
16.30742312	38.89845738	-9.8987601	Sant'Eufemia
16.18420602	38.87629312	-2.6423251	Sant'Eufemia
16.17954748	38.89107228	-1.5573443	Sant'Eufemia
16.12299312	38.7015469	-7.6379213	Sant'Eufemia
16.19541217	38.90638993	-1.8619513	Sant'Eufemia
16.07094743	38.74017268	-2.0498448	Sant'Eufemia
16.2528258	38.86926616	-7.7264099	Sant'Eufemia
16.1997961	38.81948053	-6.7140704	Sant'Eufemia
16.22570153	38.8719739	-5.7168742	Sant'Eufemia
16.31415862	38.8950095	-10.5395392	Sant'Eufemia
16.10939304	38.73555886	-4.9093653	Sant'Eufemia
16.15921762	38.73739405	-8.2109973	Sant'Eufemia
16.17220281	38.76179566	-7.8430769	Sant'Eufemia
16.26304228	38.79958735	-12.0701759	Sant'Eufemia
16.15647681	38.8415245	-2.5992264	Sant'Eufemia
16.24508081	38.90431817	-5.3490177	Sant'Eufemia
16.3187614	38.89265312	-10.9774381	Sant'Eufemia
16.26982353	38.90242198	-7.1320119	Sant'Eufemia
16.17904724	38.72160286	-10.3866739	Sant'Eufemia
16.32604536	38.88892374	-11.670443	Sant'Eufemia
16.29352352	38.88852634	-9.4801932	Sant'Eufemia
16.11083039	38.81410895	-0.8955817	Sant'Eufemia
16.16912455	38.81907816	-4.6184928	Sant'Eufemia
16.1497746	38.68380951	-10.4004293	Sant'Eufemia
16.31520797	38.87378021	-11.7364786	Sant'Eufemia
16.27927637	38.90248767	-7.7712843	Sant'Eufemia
16.27392979	38.86758664	-9.2579476	Sant'Eufemia
16.11891762	38.72847975	-5.9325552	Sant'Eufemia
16.14027923	38.84937852	-1.0807496	Sant'Eufemia
16.25339793	38.79147569	-11.8434859	Sant'Eufemia
16.23690034	38.9030238	-4.8614134	Sant'Eufemia
16.33024669	38.88677244	-12.0701764	Sant'Eufemia
16.08801968	38.74254505	-3.0852025	Sant'Eufemia
16.08028537	38.7688823	-1.162735	Sant'Eufemia
16.25747764	38.89091285	-6.9026415	Sant'Eufemia
16.29078866	38.8622438	-10.6876813	Sant'Eufemia
16.09332446	38.77970628	-1.5025353	Sant'Eufemia
16.24579769	38.7961077	-11.0819147	Sant'Eufemia
16.1919624	38.78116967	-8.1597187	Sant'Eufemia
16.20533289	38.78897002	-8.6551915	Sant'Eufemia
16.27510951	38.8430173	-10.6048214	Sant'Eufemia
16.07429729	38.73412966	-2.598099	Sant'Eufemia
16.1373678	38.70375659	-8.4985648	Sant'Eufemia
16.13182299	38.69334898	-8.6736551	Sant'Eufemia
16.04545333	38.73668579	-0.5003541	Sant'Eufemia
16.17287868	38.73419459	-9.3172379	Sant'Eufemia
16.24211039	38.85932083	-7.4953756	Sant'Eufemia
16.25883325	38.82975935	-10.1841327	Sant'Eufemia
16.22755074	38.81035222	-9.0857733	Sant'Eufemia
16.12118862	38.82115309	-1.2266534	Sant'Eufemia
16.15242857	38.6547281	-12.0701764	Sant'Eufemia
16.30918824	38.86289211	-11.9044576	Sant'Eufemia
16.17980439	38.69722276	-11.7314503	Sant'Eufemia
16.17966616	38.9118865	-0.5002604	Sant'Eufemia
16.15655274	38.7668528	-6.5105866	Sant'Eufemia
16.16217371	38.88844266	-0.4999562	Sant'Eufemia
16.12526723	38.6723375	-9.2957701	Sant'Eufemia
16.14289132	38.78210472	-4.7727782	Sant'Eufemia
16.11046959	38.77375031	-2.9897963	Sant'Eufemia
16.2368812	38.79572753	-10.4863805	Sant'Eufemia
16.07027062	38.72951758	-2.5687054	Sant'Eufemia
16.08980769	38.68682599	-6.1083221	Sant'Eufemia
16.21185692	38.90423634	-3.0942318	Sant'Eufemia
16.14998156	38.65598301	-11.8371661	Sant'Eufemia
16.07787056	38.72999522	-3.0603536	Sant'Eufemia
16.18890251	38.8944678	-2.0291925	Sant'Eufemia
16.12136977	38.75188628	-4.8587003	Sant'Eufemia
16.1261871	38.79207365	-3.1081866	Sant'Eufemia
16.20564736	38.84742351	-5.6307451	Sant'Eufemia
16.14068494	38.71322574	-8.2219809	Sant'Eufemia
16.09159048	38.7943099	-0.63659	Sant'Eufemia
16.2416176	38.92852436	-3.830443	Sant'Eufemia
16.21905633	38.81405175	-8.3118799	Sant'Eufemia
16.16417737	38.7412051	-8.3585826	Sant'Eufemia
16.18194874	38.80197382	-6.3767874	Sant'Eufemia
16.21137295	38.79429194	-8.7997257	Sant'Eufemia
16.2018952	38.72444128	-11.8178263	Sant'Eufemia
16.15255307	38.75951058	-6.6210875	Sant'Eufemia
16.17966442	38.8974281	-1.2407106	Sant'Eufemia
16.16932713	38.71375972	-10.1418109	Sant'Eufemia
16.12572666	38.80392687	-2.448442	Sant'Eufemia
16.14947591	38.74431064	-7.1855028	Sant'Eufemia
16.2541774	38.86432868	-8.0718376	Sant'Eufemia
16.17858949	38.82475445	-4.9814151	Sant'Eufemia
16.22547278	38.89687716	-4.4102007	Sant'Eufemia
16.14693036	38.76189376	-6.1114037	Sant'Eufemia
16.20454518	38.8942504	-3.1194156	Sant'Eufemia
16.24342998	38.77357472	-12.0701774	Sant'Eufemia
16.17436082	38.71974639	-10.1666964	Sant'Eufemia
16.23532266	38.78556493	-10.8980978	Sant'Eufemia
16.16762758	38.89567403	-0.5000192	Sant'Eufemia
16.08889919	38.71921036	-4.3823545	Sant'Eufemia
16.25940654	38.85521186	-8.8984183	Sant'Eufemia
16.11658688	38.67623259	-8.4976837	Sant'Eufemia
16.28179085	38.89702408	-8.231907	Sant'Eufemia
16.16565627	38.78426003	-6.2067413	Sant'Eufemia
16.06472918	38.71523497	-2.9260113	Sant'Eufemia
16.22643309	38.77923829	-10.6075484	Sant'Eufemia
16.18002885	38.88245108	-2.0313775	Sant'Eufemia
16.26668934	38.8702929	-8.6222953	Sant'Eufemia
16.25304353	38.84870489	-8.7919686	Sant'Eufemia
16.21127341	38.73216389	-12.0703014	Sant'Eufemia
16.2011565	38.9284532	-1.0830216	Sant'Eufemia
16.18248715	38.74740804	-9.3051051	Sant'Eufemia
16.11094915	38.78950685	-2.2079449	Sant'Eufemia
16.22680487	38.83426744	-7.7670107	Sant'Eufemia
16.15786162	38.81367214	-4.1174515	Sant'Eufemia
16.18572827	38.87987482	-2.555828	Sant'Eufemia
16.1360117	38.85488184	-0.5002677	Sant'Eufemia
16.27224484	38.83872704	-10.6264005	Sant'Eufemia
16.2509789	38.82685267	-9.804099	Sant'Eufemia
16.20734689	38.87106081	-4.4973351	Sant'Eufemia
16.23074988	38.85890189	-6.7330773	Sant'Eufemia
16.05018609	38.73914277	-0.6923736	Sant'Eufemia
16.27308563	38.85724196	-9.7383536	Sant'Eufemia
16.28775051	38.85606749	-10.8089689	Sant'Eufemia
16.14708256	38.7010537	-9.3026756	Sant'Eufemia
16.30031078	38.86137597	-11.3811778	Sant'Eufemia
16.20295827	38.74203004	-10.9829679	Sant'Eufemia
16.15369586	38.78743956	-5.2247298	Sant'Eufemia
16.26329415	38.91675824	-5.9280401	Sant'Eufemia
16.30469481	38.88261716	-10.5530973	Sant'Eufemia
16.17992078	38.78102921	-7.3481932	Sant'Eufemia
16.16608768	38.79017236	-5.9226388	Sant'Eufemia
16.12368554	38.81449503	-1.7494176	Sant'Eufemia
16.21877522	38.91906998	-2.7783741	Sant'Eufemia
16.07275283	38.77172045	-0.5000201	Sant'Eufemia
16.25087611	38.84586364	-8.7886561	Sant'Eufemia
16.25451078	38.7997445	-11.4816095	Sant'Eufemia
16.22163243	38.86787821	-5.6454588	Sant'Eufemia
16.2158956	38.84556163	-6.4263875	Sant'Eufemia
16.14172949	38.66315536	-10.901107	Sant'Eufemia
16.28297289	38.8251478	-12.0701695	Sant'Eufemia
16.1988038	38.74629932	-10.4739894	Sant'Eufemia
16.1367362	38.77427021	-4.769552	Sant'Eufemia
16.14714931	38.8466105	-1.6957223	Sant'Eufemia
16.22645213	38.9162182	-3.4515343	Sant'Eufemia
16.09447767	38.76503653	-2.3318319	Sant'Eufemia
16.12736016	38.69437427	-8.3140513	Sant'Eufemia
16.08823704	38.79245893	-0.5000914	Sant'Eufemia
16.11126532	38.68060249	-7.9071229	Sant'Eufemia
16.1950248	38.93158703	-0.4999923	Sant'Eufemia
16.32825745	38.88422178	-12.0701764	Sant'Eufemia
16.24154159	38.90886577	-4.867306	Sant'Eufemia
16.28445765	38.90756502	-7.8543939	Sant'Eufemia
16.18761435	38.84669902	-4.4428487	Sant'Eufemia
16.07535847	38.77506547	-0.4999996	Sant'Eufemia
16.27302701	38.87568128	-8.7674747	Sant'Eufemia
16.19653461	38.741626	-10.56794	Sant'Eufemia
16.24138216	38.77080961	-12.0701764	Sant'Eufemia
16.20719505	38.77903824	-9.3087123	Sant'Eufemia
16.09666603	38.79245172	-1.080818	Sant'Eufemia
16.19535113	38.87178491	-3.6391066	Sant'Eufemia
16.19039434	38.79760377	-7.1828019	Sant'Eufemia
16.15927885	38.66397646	-12.0701759	Sant'Eufemia
16.0744443	38.69469563	-4.6459798	Sant'Eufemia
16.18992292	38.8334811	-5.3005729	Sant'Eufemia
16.08128257	38.70135549	-4.7775505	Sant'Eufemia
16.1908019	38.75040709	-9.7119388	Sant'Eufemia
16.14465315	38.84978617	-1.35792	Sant'Eufemia
16.17672993	38.88548995	-1.6477887	Sant'Eufemia
16.18641664	38.7645429	-8.6641539	Sant'Eufemia
16.11827124	38.70016992	-7.3899903	Sant'Eufemia
16.26709112	38.81050446	-11.7666026	Sant'Eufemia
16.0853647	38.7700227	-1.4478873	Sant'Eufemia
16.15684503	38.74389308	-7.7152922	Sant'Eufemia
16.21733845	38.89555109	-3.9273658	Sant'Eufemia
16.21167241	38.76586827	-10.3115509	Sant'Eufemia
16.24155617	38.85078858	-7.8937853	Sant'Eufemia
16.23528495	38.85399852	-7.2972655	Sant'Eufemia
16.30130557	38.8987199	-9.4688956	Sant'Eufemia
16.14514921	38.66929767	-10.8231417	Sant'Eufemia
16.21283925	38.89822497	-3.47965	Sant'Eufemia
16.17021627	38.69519527	-11.186837	Sant'Eufemia
16.10208537	38.77601141	-2.2957855	Sant'Eufemia
16.08444774	38.78282952	-0.7304967	Sant'Eufemia
16.22209518	38.80933267	-8.7690526	Sant'Eufemia
16.06235156	38.70803945	-3.1296556	Sant'Eufemia
16.09462501	38.70215992	-5.6571108	Sant'Eufemia
16.04736732	38.73915375	-0.5000152	Sant'Eufemia
16.21049597	38.7871254	-9.1051703	Sant'Eufemia
16.30064072	38.87319275	-10.7770597	Sant'Eufemia
16.19217324	38.72962624	-10.8820245	Sant'Eufemia
16.17548498	38.74775726	-8.8038854	Sant'Eufemia
16.15834173	38.66654263	-11.8743214	Sant'Eufemia
16.11024917	38.78131997	-2.5878292	Sant'Eufemia
16.14204073	38.82336552	-2.5307662	Sant'Eufemia
16.1523973	38.73881126	-7.6680895	Sant'Eufemia
16.16418274	38.67319025	-11.9376788	Sant'Eufemia
16.21209321	38.87556297	-4.5947569	Sant'Eufemia
16.30225292	38.88716712	-10.1458317	Sant'Eufemia
16.19811607	38.85005804	-4.9789158	Sant'Eufemia
16.25031201	38.90242658	-5.8050041	Sant'Eufemia
16.23263966	38.91499451	-3.9371549	Sant'Eufemia
16.22657761	38.86232032	-6.2705302	Sant'Eufemia
16.16180525	38.8673125	-1.5949899	Sant'Eufemia
16.12028683	38.71627281	-6.6730194	Sant'Eufemia
16.12168689	38.83030968	-0.7746627	Sant'Eufemia
16.29364942	38.89498214	-9.1464977	Sant'Eufemia
16.22782726	38.92535842	-3.0606051	Sant'Eufemia
16.22470796	38.74942286	-12.070172	Sant'Eufemia
16.18057399	38.75147466	-8.9596832	Sant'Eufemia
16.10891898	38.70005317	-6.751121	Sant'Eufemia
16.20215866	38.75249444	-10.3736981	Sant'Eufemia
16.15553173	38.81012548	-4.1467635	Sant'Eufemia
16.11816719	38.67229388	-8.8080299	Sant'Eufemia
16.20288715	38.88734734	-3.3576432	Sant'Eufemia
16.20574969	38.77405208	-9.4747977	Sant'Eufemia
16.18289482	38.74260734	-9.5783981	Sant'Eufemia
16.14447129	38.81772364	-2.991776	Sant'Eufemia
16.21420786	38.73595636	-12.0701925	Sant'Eufemia
16.23427547	38.77263481	-11.4898609	Sant'Eufemia
16.0740414	38.70097191	-4.2974691	Sant'Eufemia
16.16097527	38.68748674	-10.9671481	Sant'Eufemia
16.06744173	38.70438807	-3.6674881	Sant'Eufemia
16.15689081	38.75668931	-7.0644498	Sant'Eufemia
16.1372532	38.71930719	-7.666073	Sant'Eufemia
16.25048692	38.83275229	-9.457848	Sant'Eufemia
16.15629264	38.76125602	-6.7896357	Sant'Eufemia
16.20819227	38.94257257	-0.8131075	Sant'Eufemia
16.16419526	38.89103817	-0.4999996	Sant'Eufemia
16.20763102	38.86841053	-4.6528788	Sant'Eufemia
16.25329001	38.8786391	-7.2686646	Sant'Eufemia
16.13099492	38.66571831	-10.0293263	Sant'Eufemia
16.19413857	38.79467181	-7.5916058	Sant'Eufemia
16.2957324	38.84667185	-11.8406842	Sant'Eufemia
16.14975042	38.67794282	-10.6987257	Sant'Eufemia
16.15160624	38.73603242	-7.7554233	Sant'Eufemia
16.19443412	38.9170301	-1.2314215	Sant'Eufemia
16.09553859	38.80195285	-0.4999884	Sant'Eufemia
16.25703167	38.90439869	-6.1574103	Sant'Eufemia
16.19029459	38.90525472	-1.5740275	Sant'Eufemia
16.13136283	38.70465054	-8.0427143	Sant'Eufemia
16.17458853	38.81540371	-5.1831844	Sant'Eufemia
16.05812161	38.73012963	-1.7092189	Sant'Eufemia
16.10206871	38.78509454	-1.830525	Sant'Eufemia
16.28394006	38.88235789	-9.155526	Sant'Eufemia
16.19106502	38.78835561	-7.7177029	Sant'Eufemia
16.18003804	38.76989973	-7.946293	Sant'Eufemia
16.27043361	38.83550686	-10.6679073	Sant'Eufemia
16.2292438	38.93602864	-2.5913197	Sant'Eufemia
16.21285705	38.86493738	-5.1920181	Sant'Eufemia
16.22468852	38.7774852	-10.5807091	Sant'Eufemia
16.13172538	38.71606438	-7.462064	Sant'Eufemia
16.22531593	38.81662532	-8.6011156	Sant'Eufemia
16.16206287	38.82257068	-3.95285	Sant'Eufemia
16.16688747	38.73318003	-8.9556422	Sant'Eufemia
16.05891068	38.70265037	-3.1675687	Sant'Eufemia
16.25607358	38.87234551	-7.7918376	Sant'Eufemia
16.2002344	38.93827117	-0.4999996	Sant'Eufemia
16.11694055	38.77190302	-3.5306244	Sant'Eufemia
16.18562839	38.79881382	-6.7930726	Sant'Eufemia
16.24184308	38.92307754	-4.1345121	Sant'Eufemia
16.22487673	38.80627014	-9.1195799	Sant'Eufemia
16.04472767	38.73206698	-0.6858707	Sant'Eufemia
16.04635319	38.7154558	-1.6467237	Sant'Eufemia
16.27901504	38.82584009	-11.7643741	Sant'Eufemia
16.17426182	38.79457926	-6.2449186	Sant'Eufemia
16.08797932	38.71200931	-4.6952369	Sant'Eufemia
16.16498325	38.80396685	-5.1161327	Sant'Eufemia
16.21760985	38.85899764	-5.830588	Sant'Eufemia
16.15501037	38.74890875	-7.332381	Sant'Eufemia
16.11760409	38.78100017	-3.1114735	Sant'Eufemia
16.18576461	38.8179848	-5.8222929	Sant'Eufemia
16.15802009	38.72714961	-8.6626554	Sant'Eufemia
16.2253018	38.79226695	-9.8642384	Sant'Eufemia
16.09075886	38.76798504	-1.923922	Sant'Eufemia
16.21180858	38.82699546	-7.1327646	Sant'Eufemia
16.13190298	38.671533	-9.7948089	Sant'Eufemia
16.23601159	38.79986001	-10.2152804	Sant'Eufemia
16.29984311	38.85307551	-11.7894381	Sant'Eufemia
16.17513134	38.68904785	-11.8472081	Sant'Eufemia
16.08343898	38.71774943	-4.0884149	Sant'Eufemia
16.11994217	38.70851525	-7.0609554	Sant'Eufemia
16.2809226	38.87156457	-9.52263	Sant'Eufemia
16.20687827	38.89760532	-3.1074974	Sant'Eufemia
16.16902405	38.839029	-3.5853524	Sant'Eufemia
16.23439304	38.9230469	-3.6295724	Sant'Eufemia
16.05948869	38.74967022	-0.7669073	Sant'Eufemia
16.24036889	38.79925801	-10.5458624	Sant'Eufemia
16.28526085	38.8526919	-10.8107731	Sant'Eufemia
16.24771692	38.79229479	-11.409402	Sant'Eufemia
16.11182958	38.75302277	-4.1490948	Sant'Eufemia
16.16329745	38.763041	-7.1714995	Sant'Eufemia
16.2597129	38.89802089	-6.6777819	Sant'Eufemia
16.11841833	38.80180748	-2.0637784	Sant'Eufemia
16.16051396	38.75304192	-7.5008453	Sant'Eufemia
16.1027158	38.7908496	-1.5766153	Sant'Eufemia
16.19735657	38.76590507	-9.3359335	Sant'Eufemia
16.23423767	38.85660946	-7.0903696	Sant'Eufemia
16.09834135	38.78974971	-1.3358692	Sant'Eufemia
16.1055701	38.7538066	-3.6818163	Sant'Eufemia
16.14912231	38.77017834	-5.8288546	Sant'Eufemia
16.15669598	38.70982229	-9.4914874	Sant'Eufemia
16.26719034	38.86059926	-9.1600575	Sant'Eufemia
16.18762711	38.87072531	-3.1700985	Sant'Eufemia
16.20805158	38.73730239	-11.5800348	Sant'Eufemia
16.11632079	38.82861552	-0.5000065	Sant'Eufemia
16.22387203	38.85968557	-6.2194845	Sant'Eufemia
16.27907471	38.83793877	-11.1378902	Sant'Eufemia
16.27122519	38.88613134	-8.0909197	Sant'Eufemia
16.19152548	38.82303766	-5.9618758	Sant'Eufemia
16.27622165	38.86166287	-9.7282035	Sant'Eufemia
16.18364424	38.91698729	-0.5000025	Sant'Eufemia
16.28628408	38.82942218	-12.0698209	Sant'Eufemia
16.04954174	38.72880363	-1.1847672	Sant'Eufemia
16.24165958	38.89559883	-5.5786539	Sant'Eufemia
16.18116125	38.71719287	-10.7643946	Sant'Eufemia
16.24944098	38.91123806	-5.2787245	Sant'Eufemia
16.1376654	38.81310502	-2.7738675	Sant'Eufemia
16.14301697	38.7458422	-6.6615058	Sant'Eufemia
16.10599269	38.74695203	-4.0739991	Sant'Eufemia
16.19761561	38.83409461	-5.7911961	Sant'Eufemia
16.18173378	38.82084721	-5.3979579	Sant'Eufemia
16.0804853	38.75648313	-1.8337838	Sant'Eufemia
16.15965274	38.81712126	-4.0649591	Sant'Eufemia
16.15527962	38.65857744	-12.0701764	Sant'Eufemia
16.15218493	38.8517258	-1.7669869	Sant'Eufemia
16.22235428	38.83912969	-7.2065737	Sant'Eufemia
16.18351993	38.7032947	-11.6621515	Sant'Eufemia
16.22298215	38.82237926	-8.1373716	Sant'Eufemia
16.12484941	38.83359592	-0.8221339	Sant'Eufemia
16.08153791	38.71505403	-4.0950841	Sant'Eufemia
16.14059371	38.82035415	-2.5883514	Sant'Eufemia
16.12565444	38.70932696	-7.4064571	Sant'Eufemia
16.1258909	38.77556738	-3.9611827	Sant'Eufemia
16.1723637	38.77654001	-7.0722438	Sant'Eufemia
16.14123346	38.83417587	-1.9229322	Sant'Eufemia
16.21869412	38.88172269	-4.7353334	Sant'Eufemia
16.10757058	38.75802774	-3.5936522	Sant'Eufemia
16.29418205	38.87501683	-10.2411656	Sant'Eufemia
16.23824422	38.85395943	-7.5021463	Sant'Eufemia
16.13743802	38.69070238	-9.1958924	Sant'Eufemia
16.28834505	38.90257662	-8.3831874	Sant'Eufemia
16.20432906	38.80533135	-7.7496893	Sant'Eufemia
16.13991469	38.74072808	-6.7105826	Sant'Eufemia
16.16832251	38.72688319	-9.3770909	Sant'Eufemia
16.26539042	38.85504964	-9.3194982	Sant'Eufemia
16.11643922	38.82363608	-0.7720963	Sant'Eufemia
16.29036399	38.85325325	-11.1343097	Sant'Eufemia
16.24594816	38.79888602	-10.9447765	Sant'Eufemia
16.29560162	38.90194687	-8.9099718	Sant'Eufemia
16.08094437	38.69136633	-5.2646633	Sant'Eufemia
16.18454487	38.90560542	-1.1596324	Sant'Eufemia
16.26444125	38.89439038	-7.1917591	Sant'Eufemia
16.1774691	38.80354461	-5.9877998	Sant'Eufemia
16.23293867	38.82160557	-8.8554867	Sant'Eufemia
16.06265664	38.7427236	-1.3506891	Sant'Eufemia
16.23797337	38.84583705	-7.9131699	Sant'Eufemia
16.10911348	38.76206084	-3.4934532	Sant'Eufemia
16.24959984	38.78681242	-11.8193243	Sant'Eufemia
16.23031793	38.7566179	-12.070173	Sant'Eufemia
16.18383137	38.84011272	-4.5347418	Sant'Eufemia
16.15777132	38.85918198	-1.7516778	Sant'Eufemia
16.1623149	38.84962115	-2.5674674	Sant'Eufemia
16.28707865	38.86823601	-10.117713	Sant'Eufemia
16.14748832	38.7961994	-4.3381395	Sant'Eufemia
16.18157625	38.7252532	-10.3743094	Sant'Eufemia
16.10843716	38.70949665	-6.2263208	Sant'Eufemia
16.10858989	38.68878615	-7.3042587	Sant'Eufemia
16.06297138	38.75610299	-0.6626993	Sant'Eufemia
16.17072985	38.75155441	-8.2817667	Sant'Eufemia
16.3080702	38.89461798	-10.1463338	Sant'Eufemia
16.20639147	38.73428164	-11.6255782	Sant'Eufemia
16.23830866	38.88140555	-6.1035029	Sant'Eufemia
16.22219605	38.85266236	-6.4784819	Sant'Eufemia
16.18930927	38.7350247	-10.4084405	Sant'Eufemia
16.1934144	38.81932673	-6.281625	Sant'Eufemia
16.13846325	38.66188935	-10.7404098	Sant'Eufemia
16.23045634	38.90865507	-4.1247128	Sant'Eufemia
16.11502839	38.69897715	-7.2277098	Sant'Eufemia
16.1151722	38.75771198	-4.1337692	Sant'Eufemia
16.21880731	38.74579498	-11.8612711	Sant'Eufemia
16.25088167	38.8959237	-6.1884738	Sant'Eufemia
16.13691335	38.84436897	-1.1040992	Sant'Eufemia
16.27624601	38.83216429	-11.2404317	Sant'Eufemia
16.16542355	38.75891952	-7.5345155	Sant'Eufemia
16.21667765	38.81119132	-8.3019696	Sant'Eufemia
16.17057096	38.80145877	-5.6290941	Sant'Eufemia
16.23788178	38.8510997	-7.6279775	Sant'Eufemia
16.20694284	38.8409104	-6.0641227	Sant'Eufemia
16.09366028	38.74701557	-3.2318473	Sant'Eufemia
16.10491143	38.68339678	-7.3258519	Sant'Eufemia
16.26314032	38.88364297	-7.6731073	Sant'Eufemia
16.2458593	38.88113397	-6.631197	Sant'Eufemia
16.24836924	38.83750956	-9.0616664	Sant'Eufemia
16.17768411	38.87187699	-2.4328829	Sant'Eufemia
16.20001968	38.75962576	-9.8500448	Sant'Eufemia
16.19034942	38.91105771	-1.2702159	Sant'Eufemia
16.16800357	38.86351696	-2.2176864	Sant'Eufemia
16.1285495	38.72952241	-6.5324126	Sant'Eufemia
16.15106389	38.73264967	-7.8978144	Sant'Eufemia
16.26597776	38.82861361	-10.7307897	Sant'Eufemia
16.25258079	38.78592714	-12.0700685	Sant'Eufemia
16.20582144	38.94543851	-0.4999996	Sant'Eufemia
16.25688801	38.86015545	-8.4720729	Sant'Eufemia
16.21531737	38.88675153	-4.2454587	Sant'Eufemia
16.17028545	38.83455247	-3.9079942	Sant'Eufemia
16.29582916	38.86685201	-10.7861075	Sant'Eufemia
16.27836254	38.90886503	-7.371048	Sant'Eufemia
16.20416285	38.73747027	-11.3071583	Sant'Eufemia
16.15087017	38.7068863	-9.2509486	Sant'Eufemia
16.25537401	38.9165843	-5.3987446	Sant'Eufemia
16.23015947	38.76786374	-11.4630499	Sant'Eufemia
16.09914471	38.7281669	-4.6042995	Sant'Eufemia
16.12557624	38.74082346	-5.7309661	Sant'Eufemia
16.11703752	38.68125292	-8.272206	Sant'Eufemia
16.09909973	38.71054493	-5.5361539	Sant'Eufemia
16.27274684	38.8960544	-7.6683389	Sant'Eufemia
16.10349331	38.71396521	-5.6530586	Sant'Eufemia
16.16063655	38.87304686	-1.2115841	Sant'Eufemia
16.19012538	38.70865503	-11.8271212	Sant'Eufemia
16.20120415	38.90684232	-2.2317665	Sant'Eufemia
16.0566283	38.71731725	-2.2606332	Sant'Eufemia
16.18246685	38.78787542	-7.1583772	Sant'Eufemia
16.1343773	38.73584465	-6.5935917	Sant'Eufemia
16.26133068	38.87196279	-8.1692684	Sant'Eufemia
16.12760144	38.823369	-1.5452794	Sant'Eufemia
16.25912336	38.91104884	-5.9471227	Sant'Eufemia
16.15141714	38.84312912	-2.168546	Sant'Eufemia
16.09063401	38.79566063	-0.5000812	Sant'Eufemia
16.32023247	38.87393047	-12.0701764	Sant'Eufemia
16.28857152	38.83955868	-11.7102413	Sant'Eufemia
16.15387891	38.67057796	-11.3600973	Sant'Eufemia
16.29843517	38.84582942	-12.0701783	Sant'Eufemia
16.08805289	38.76572338	-1.8585011	Sant'Eufemia
16.06924509	38.75835262	-0.9701651	Sant'Eufemia
16.07970428	38.7440345	-2.4406566	Sant'Eufemia
16.19874517	38.82450765	-6.3762256	Sant'Eufemia
16.15068127	38.6610125	-11.6283863	Sant'Eufemia
16.24453717	38.85345139	-7.962615	Sant'Eufemia
16.2252208	38.77102363	-10.95963	Sant'Eufemia
16.12460311	38.69707956	-7.9845851	Sant'Eufemia
16.09971395	38.75824716	-3.0480719	Sant'Eufemia
16.22029176	38.93730707	-1.9148859	Sant'Eufemia
16.26746765	38.80526283	-12.0701759	Sant'Eufemia
16.18138777	38.88442971	-2.0236256	Sant'Eufemia
16.19750759	38.89793355	-2.445671	Sant'Eufemia
16.131267	38.76290487	-4.9789223	Sant'Eufemia
16.13258829	38.83052155	-1.5131603	Sant'Eufemia
16.26389565	38.840558	-9.9565721	Sant'Eufemia
16.19201161	38.85981896	-4.04638	Sant'Eufemia
16.05203026	38.72314681	-1.645463	Sant'Eufemia
16.11456252	38.70578141	-6.8400027	Sant'Eufemia
16.07651647	38.7236911	-3.3028985	Sant'Eufemia
16.12942267	38.84607888	-0.4999859	Sant'Eufemia
16.12144909	38.69538351	-7.8544264	Sant'Eufemia
16.11615565	38.69394533	-7.5626246	Sant'Eufemia
16.16413255	38.70901038	-10.0403744	Sant'Eufemia
16.05745317	38.75209309	-0.4999986	Sant'Eufemia
16.1762331	38.88043562	-1.8804518	Sant'Eufemia
16.13697387	38.66608807	-10.4230333	Sant'Eufemia
16.20492469	38.87538844	-4.1091429	Sant'Eufemia
16.30967391	38.88771003	-10.6216451	Sant'Eufemia
16.21317277	38.74007977	-11.7811022	Sant'Eufemia
16.16830101	38.83150236	-3.9268395	Sant'Eufemia
16.16192891	38.8316117	-3.4816651	Sant'Eufemia
16.21767817	38.89122122	-4.1799628	Sant'Eufemia
16.29816666	38.85002555	-11.8371686	Sant'Eufemia
16.13987224	38.85630724	-0.6868024	Sant'Eufemia
16.17383304	38.9040535	-0.4999986	Sant'Eufemia
16.12957689	38.7512925	-5.4556695	Sant'Eufemia
16.11487273	38.68702086	-7.8280325	Sant'Eufemia
16.14121735	38.6873033	-9.6319242	Sant'Eufemia
16.10496104	38.78774653	-1.894254	Sant'Eufemia
16.1273558	38.77867143	-3.8983475	Sant'Eufemia
16.19407434	38.90258478	-1.9715973	Sant'Eufemia
16.0997796	38.68701097	-6.787015	Sant'Eufemia
16.07813629	38.77338272	-0.7778785	Sant'Eufemia
16.06740137	38.76485556	-0.4999996	Sant'Eufemia
16.20134984	38.87181579	-4.0452504	Sant'Eufemia
16.13155312	38.82667078	-1.6387384	Sant'Eufemia
16.07138931	38.76519286	-0.7533463	Sant'Eufemia
16.04649964	38.70900453	-1.9864459	Sant'Eufemia
16.1512029	38.87002691	-0.7301105	Sant'Eufemia
16.18956715	38.74471912	-9.9300052	Sant'Eufemia
16.17473886	38.80865491	-5.5383501	Sant'Eufemia
16.13814869	38.75119601	-6.0520882	Sant'Eufemia
16.17447063	38.7869194	-6.6652317	Sant'Eufemia
16.17967002	38.69066424	-12.0701744	Sant'Eufemia
16.12386999	38.72528124	-6.4389982	Sant'Eufemia
16.25770037	38.84424531	-9.340505	Sant'Eufemia
16.27662638	38.83404622	-11.1676012	Sant'Eufemia
16.18878602	38.92358375	-0.4999982	Sant'Eufemia
16.05199849	38.74509546	-0.4999942	Sant'Eufemia
16.25900582	38.86878527	-8.1775117	Sant'Eufemia
16.13622115	38.82293697	-2.1541393	Sant'Eufemia
16.08696534	38.74763332	-2.7437303	Sant'Eufemia
16.14271281	38.76848617	-5.4829014	Sant'Eufemia
16.19888382	38.79863476	-7.7161617	Sant'Eufemia
16.30387623	38.86842044	-11.2501207	Sant'Eufemia
16.22137121	38.78723721	-9.8500282	Sant'Eufemia
16.06954799	38.69720325	-4.1799591	Sant'Eufemia
16.15888021	38.72004312	-9.098034	Sant'Eufemia
16.17273587	38.89038196	-1.1227057	Sant'Eufemia
16.2474809	38.86709139	-7.4687065	Sant'Eufemia
16.18113259	38.84557896	-4.0614452	Sant'Eufemia
16.03341218	38.71570353	-0.7410455	Sant'Eufemia
16.27782088	38.84963035	-10.4539132	Sant'Eufemia
16.11549622	38.77811975	-3.1133402	Sant'Eufemia
16.27278488	38.81208198	-12.0701739	Sant'Eufemia
16.22253547	38.75275745	-11.7455734	Sant'Eufemia
16.03828681	38.7270049	-0.4999996	Sant'Eufemia
16.26333108	38.86356625	-8.7422804	Sant'Eufemia
16.20500444	38.90058984	-2.821568	Sant'Eufemia
16.10410113	38.69359779	-6.748599	Sant'Eufemia
16.07353077	38.77044528	-0.620546	Sant'Eufemia
16.23981356	38.80525306	-10.1900094	Sant'Eufemia
16.21242903	38.91624886	-2.4964061	Sant'Eufemia
16.21564247	38.91176899	-2.9523859	Sant'Eufemia
16.05826818	38.73571093	-1.4240401	Sant'Eufemia
16.1999392	38.72934606	-11.4321354	Sant'Eufemia
16.08905156	38.73400046	-3.6084825	Sant'Eufemia
16.2430842	38.87286077	-6.8706214	Sant'Eufemia
16.13766408	38.72745776	-7.2618227	Sant'Eufemia
16.20770733	38.90949112	-2.5335702	Sant'Eufemia
16.11108739	38.72897177	-5.3738782	Sant'Eufemia
16.1768172	38.83054188	-4.5639192	Sant'Eufemia
16.26161498	38.87650728	-7.9476675	Sant'Eufemia
16.13479556	38.68883646	-9.1100016	Sant'Eufemia
16.09777811	38.69518121	-6.2313526	Sant'Eufemia
16.16421926	38.68140646	-11.5102438	Sant'Eufemia
16.16403114	38.70110364	-10.4527794	Sant'Eufemia
16.23530031	38.83144919	-8.4941669	Sant'Eufemia
16.1739707	38.70318224	-11.0186163	Sant'Eufemia
16.18901214	38.90040684	-1.7333683	Sant'Eufemia
16.19470533	38.92475352	-0.8404713	Sant'Eufemia
16.20816841	38.75022329	-10.9028649	Sant'Eufemia
16.15697813	38.70390619	-9.824433	Sant'Eufemia
16.14165358	38.75982449	-5.8529576	Sant'Eufemia
16.1554797	38.68427737	-10.7634855	Sant'Eufemia
16.21926994	38.76006243	-11.1361236	Sant'Eufemia
16.13435593	38.78066	-4.2688273	Sant'Eufemia
16.15824498	38.78244432	-5.7989758	Sant'Eufemia
16.21166089	38.8380726	-6.5354151	Sant'Eufemia
16.1017158	38.80361659	-0.8319415	Sant'Eufemia
16.13167339	38.81647731	-2.1875626	Sant'Eufemia
16.13362005	38.7097733	-7.9245735	Sant'Eufemia
16.2002369	38.71726548	-12.0701734	Sant'Eufemia
16.28179278	38.85556688	-10.4245812	Sant'Eufemia
16.15413645	38.69093476	-10.3190463	Sant'Eufemia
16.19419099	38.87964338	-3.1511327	Sant'Eufemia
16.13822433	38.67251701	-10.1807333	Sant'Eufemia
16.19842535	38.90208126	-2.295505	Sant'Eufemia
16.16198811	38.73114435	-8.7213512	Sant'Eufemia
16.19942235	38.79199697	-8.0927869	Sant'Eufemia
16.14215069	38.77421125	-5.1408619	Sant'Eufemia
16.12803118	38.68956024	-8.606233	Sant'Eufemia
16.25918237	38.83927164	-9.7033317	Sant'Eufemia
16.06679333	38.74987443	-1.2528775	Sant'Eufemia
16.12670744	38.74801488	-5.4260857	Sant'Eufemia
16.22201048	38.88826788	-4.6302036	Sant'Eufemia
16.23235413	38.8889549	-5.2980295	Sant'Eufemia
16.1150979	38.71224989	-6.5334165	Sant'Eufemia
16.18354441	38.83149082	-4.972566	Sant'Eufemia
16.31658398	38.89053349	-10.9417838	Sant'Eufemia
16.19733851	38.87519666	-3.5951498	Sant'Eufemia
16.24024502	38.86588811	-7.031073	Sant'Eufemia
16.24078717	38.83617612	-8.6166991	Sant'Eufemia
16.25132748	38.907159	-5.6232184	Sant'Eufemia
16.26329222	38.86775921	-8.5251691	Sant'Eufemia
16.13769286	38.74411223	-6.3822213	Sant'Eufemia
16.14262551	38.84174921	-1.6320192	Sant'Eufemia
16.22636465	38.80218291	-9.4309108	Sant'Eufemia
16.12415921	38.66922252	-9.3785038	Sant'Eufemia
16.20782198	38.88209237	-3.9665353	Sant'Eufemia
16.23677334	38.76872199	-11.867274	Sant'Eufemia
16.29393027	38.85262597	-11.4114703	Sant'Eufemia
16.09117383	38.77207792	-1.7439029	Sant'Eufemia
16.23488656	38.8377006	-8.1346059	Sant'Eufemia
16.10232501	38.70317727	-6.1364612	Sant'Eufemia
16.11755538	38.78618807	-2.833108	Sant'Eufemia
16.24381172	38.84376376	-8.42013	Sant'Eufemia
16.2387014	38.91462787	-4.3687765	Sant'Eufemia
16.22765338	38.75794497	-11.8185841	Sant'Eufemia
16.16445983	38.84502637	-2.9569288	Sant'Eufemia
16.13140548	38.8459255	-0.6446134	Sant'Eufemia
16.20752664	38.80029027	-8.2278898	Sant'Eufemia
16.09774208	38.68276093	-6.8635973	Sant'Eufemia
16.31912031	38.87934262	-11.7076041	Sant'Eufemia
16.24920338	38.81849157	-10.1266385	Sant'Eufemia
16.03646175	38.7171908	-0.8755035	Sant'Eufemia
16.10010643	38.75088505	-3.4651083	Sant'Eufemia
16.13270194	38.77379568	-4.5207018	Sant'Eufemia
16.23558132	38.79069966	-10.6535323	Sant'Eufemia
16.23394254	38.89698135	-4.9806167	Sant'Eufemia
16.16322413	38.81375647	-4.4832901	Sant'Eufemia
16.14764749	38.82380182	-2.8953856	Sant'Eufemia
16.20912997	38.92867754	-1.6133292	Sant'Eufemia
16.12307277	38.73348787	-5.9496336	Sant'Eufemia
16.18895486	38.91995376	-0.7038839	Sant'Eufemia
16.16322862	38.81013742	-4.6693547	Sant'Eufemia
16.17737884	38.8348498	-4.3749582	Sant'Eufemia
16.15078938	38.82973338	-2.8091378	Sant'Eufemia
16.08414252	38.78692879	-0.4999962	Sant'Eufemia
16.15107794	38.8170512	-3.4768988	Sant'Eufemia
16.14856248	38.87098087	-0.4999962	Sant'Eufemia
16.08527859	38.72603133	-3.7743649	Sant'Eufemia
16.15577175	38.83720533	-2.7710604	Sant'Eufemia
16.07639219	38.762004	-1.2626827	Sant'Eufemia
16.21107566	38.81392149	-7.7759452	Sant'Eufemia
16.08661754	38.70546124	-4.9358638	Sant'Eufemia
16.32393619	38.87868044	-12.0701769	Sant'Eufemia
16.2170608	38.76459699	-10.7454283	Sant'Eufemia
16.26912218	38.8650207	-9.0672274	Sant'Eufemia
16.12709968	38.78630329	-3.4761476	Sant'Eufemia
16.15972399	38.85338823	-2.1915851	Sant'Eufemia
16.04310991	38.73351766	-0.4999947	Sant'Eufemia
16.09422858	38.68810858	-6.3478606	Sant'Eufemia
16.11856332	38.76485646	-4.002693	Sant'Eufemia
16.2784477	38.8832655	-8.7339481	Sant'Eufemia
16.08834976	38.71471158	-4.5829391	Sant'Eufemia
16.17691782	38.75063027	-8.7558404	Sant'Eufemia
16.23937072	38.77337036	-11.7998473	Sant'Eufemia
16.23530207	38.88030036	-5.9536283	Sant'Eufemia
16.15065902	38.71606129	-8.7500226	Sant'Eufemia
16.1673561	38.68946818	-11.2960699	Sant'Eufemia
16.10394104	38.81273265	-0.4999942	Sant'Eufemia
16.16500506	38.74819601	-8.0584033	Sant'Eufemia
16.08182119	38.70799835	-4.4752389	Sant'Eufemia
16.18671698	38.82549108	-5.5050539	Sant'Eufemia
16.23095839	38.82656675	-8.4577567	Sant'Eufemia
16.0435899	38.72029418	-1.2088248	Sant'Eufemia
16.10622239	38.81000422	-0.7998004	Sant'Eufemia
16.18744701	38.80781213	-6.4582342	Sant'Eufemia
16.23767801	38.76605667	-12.0701559	Sant'Eufemia
16.1806148	38.908928	-0.7192325	Sant'Eufemia
16.16752234	38.67507982	-12.0709674	Sant'Eufemia
16.28255856	38.8628546	-10.0955751	Sant'Eufemia
16.1052871	38.70674464	-6.1582697	Sant'Eufemia
16.22770393	38.78655946	-10.3217062	Sant'Eufemia
16.1457611	38.78932345	-4.5852092	Sant'Eufemia
16.0628114	38.73218115	-1.9201798	Sant'Eufemia
16.1634935	38.77664034	-6.4636698	Sant'Eufemia
16.2478498	38.92667528	-4.352206	Sant'Eufemia
16.14033361	38.86042392	-0.5000006	Sant'Eufemia
16.11193819	38.74194916	-4.7436543	Sant'Eufemia
16.06477817	38.69964589	-3.7259903	Sant'Eufemia
16.18918596	38.86391009	-3.6373563	Sant'Eufemia
16.14388571	38.68413113	-9.9777648	Sant'Eufemia
16.15130031	38.7629204	-6.36065	Sant'Eufemia
16.18742753	38.80081422	-6.8143769	Sant'Eufemia
16.23393964	38.86384736	-6.7004072	Sant'Eufemia
16.20990103	38.81704644	-7.5305179	Sant'Eufemia
16.20724223	38.72672198	-12.0701549	Sant'Eufemia
16.25125632	38.87314339	-7.4203556	Sant'Eufemia
16.18795887	38.77011467	-8.4735743	Sant'Eufemia
16.18448087	38.73040312	-10.3115443	Sant'Eufemia
16.21561011	38.790957	-9.2624967	Sant'Eufemia
16.18435059	38.91318997	-0.749402	Sant'Eufemia
16.05057634	38.73369536	-1.0064171	Sant'Eufemia
16.12468864	38.83079659	-0.9538531	Sant'Eufemia
16.19794257	38.86778687	-4.0273009	Sant'Eufemia
16.23034343	38.77987261	-10.845277	Sant'Eufemia
16.19381015	38.88789675	-2.7034327	Sant'Eufemia
16.10632671	38.80091174	-1.2889225	Sant'Eufemia
16.2313365	38.79711454	-10.0328338	Sant'Eufemia
16.10011292	38.79484317	-1.1879757	Sant'Eufemia
16.26225535	38.82062339	-10.9012311	Sant'Eufemia
16.07903049	38.71912985	-3.7142115	Sant'Eufemia
16.19994736	38.93371004	-0.7222096	Sant'Eufemia
16.23252333	38.76240102	-11.9134967	Sant'Eufemia
16.22013443	38.90852645	-3.4297054	Sant'Eufemia
16.18550297	38.88846315	-2.1014488	Sant'Eufemia
16.2423279	38.82776628	-9.1673309	Sant'Eufemia
16.15855542	38.73130258	-8.4782689	Sant'Eufemia
16.0842504	38.75257077	-2.2972933	Sant'Eufemia
16.27103236	38.82617188	-11.2039366	Sant'Eufemia
16.13725837	38.77067899	-4.9949073	Sant'Eufemia
16.20046007	38.86257276	-4.4749481	Sant'Eufemia
16.157941	38.67506903	-11.4108287	Sant'Eufemia
16.20590796	38.78483503	-8.913704	Sant'Eufemia
16.15335258	38.84628905	-2.1346105	Sant'Eufemia
16.25895974	38.79435174	-12.0702384	Sant'Eufemia
16.21572314	38.82083478	-7.7255736	Sant'Eufemia
16.25766408	38.79600464	-11.8944659	Sant'Eufemia
16.28531017	38.89038636	-8.8230951	Sant'Eufemia
16.16523647	38.75624469	-7.6632825	Sant'Eufemia
16.21114069	38.73395553	-11.9678644	Sant'Eufemia
16.19025656	38.74076591	-10.1806312	Sant'Eufemia
16.16636187	38.76999968	-7.0108569	Sant'Eufemia
16.18035347	38.86709733	-2.8677684	Sant'Eufemia
16.30768013	38.85783269	-12.0701769	Sant'Eufemia
16.21520283	38.94026748	-1.4119547	Sant'Eufemia
16.10009974	38.80780492	-0.5000001	Sant'Eufemia
16.13407948	38.80244194	-3.0952491	Sant'Eufemia
16.14500287	38.8617296	-0.7483253	Sant'Eufemia
16.17555093	38.68538214	-12.0701764	Sant'Eufemia
16.05378071	38.73408583	-1.2052862	Sant'Eufemia
16.28432381	38.83312469	-11.7460572	Sant'Eufemia
16.03349715	38.7205363	-0.4999996	Sant'Eufemia
16.19963675	38.73813197	-10.9626954	Sant'Eufemia
16.2551936	38.80514767	-11.2415836	Sant'Eufemia
16.24575211	38.84931733	-8.2576402	Sant'Eufemia
16.16476717	38.88814004	-0.6921774	Sant'Eufemia
16.25488527	38.84257968	-9.2359293	Sant'Eufemia
16.21469661	38.86824581	-5.1481367	Sant'Eufemia
16.21170516	38.80729138	-8.1585333	Sant'Eufemia
16.18830787	38.79502546	-7.1764278	Sant'Eufemia
16.12044317	38.7574433	-4.5110983	Sant'Eufemia
16.24664658	38.9162118	-4.8250699	Sant'Eufemia
16.21479925	38.78641296	-9.4388021	Sant'Eufemia
16.21903819	38.80687671	-8.6854984	Sant'Eufemia
16.23357801	38.80843136	-9.597454	Sant'Eufemia
16.05262085	38.70587079	-2.5689728	Sant'Eufemia
16.07925108	38.77570294	-0.7360177	Sant'Eufemia
16.15120729	38.72239426	-8.4514838	Sant'Eufemia
16.12215379	38.77081458	-3.9459186	Sant'Eufemia
16.18387668	38.72025081	-10.788483	Sant'Eufemia
16.11674575	38.79396176	-2.3659664	Sant'Eufemia
16.14823402	38.72732828	-7.9875952	Sant'Eufemia
16.19850016	38.78309146	-8.5024735	Sant'Eufemia
16.16203251	38.71400609	-9.6326061	Sant'Eufemia
16.12482767	38.76444069	-4.4561588	Sant'Eufemia
16.30752364	38.87524567	-11.1362457	Sant'Eufemia
16.1074767	38.7200818	-5.5997458	Sant'Eufemia
16.14451651	38.86579052	-0.4999996	Sant'Eufemia
16.24240715	38.79167024	-11.0748756	Sant'Eufemia
16.20230707	38.79407954	-8.1850392	Sant'Eufemia
16.25913851	38.81390737	-11.0453512	Sant'Eufemia
16.14790857	38.76619514	-5.9579443	Sant'Eufemia
16.2683595	38.84618175	-9.9774879	Sant'Eufemia
16.21481749	38.83202941	-7.0704953	Sant'Eufemia
16.16611423	38.75338032	-7.869962	Sant'Eufemia
16.23441821	38.8029755	-9.94412	Sant'Eufemia
16.08565629	38.77446291	-1.2413463	Sant'Eufemia
16.14467174	38.70644354	-8.8528463	Sant'Eufemia
16.19512295	38.82279533	-6.2210205	Sant'Eufemia
16.10826217	38.79541136	-1.71213	Sant'Eufemia
16.18494499	38.71248506	-11.2715079	Sant'Eufemia
16.12908781	38.69832388	-8.2235605	Sant'Eufemia
16.22591025	38.88768693	-4.9273588	Sant'Eufemia
16.14719229	38.80848428	-3.6667333	Sant'Eufemia
16.22855384	38.85741263	-6.6584469	Sant'Eufemia
16.24591264	38.87602389	-6.9045405	Sant'Eufemia
16.17557289	38.84433898	-3.7490917	Sant'Eufemia
16.2713921	38.88043508	-8.4042792	Sant'Eufemia
16.25298597	38.85458302	-8.4876427	Sant'Eufemia
16.24396396	38.81126347	-10.1536068	Sant'Eufemia
16.23409035	38.77519198	-11.3428775	Sant'Eufemia
16.19311927	38.8035274	-7.068507	Sant'Eufemia
16.21757933	38.77943384	-9.9939327	Sant'Eufemia
16.20836103	38.73149498	-11.9035289	Sant'Eufemia
16.23723367	38.87579303	-6.3172258	Sant'Eufemia
16.17597419	38.71028739	-10.7780777	Sant'Eufemia
16.15652607	38.77528616	-6.0616213	Sant'Eufemia
16.10886811	38.78485559	-2.3119859	Sant'Eufemia
16.25271594	38.81280441	-10.6670914	Sant'Eufemia
16.31165867	38.86293479	-12.0701764	Sant'Eufemia
16.23320694	38.93147161	-3.1023483	Sant'Eufemia
16.30450266	38.85753661	-11.8698082	Sant'Eufemia
16.15019152	38.77821374	-5.4755827	Sant'Eufemia
16.11846925	38.75170965	-4.6697722	Sant'Eufemia
16.11698426	38.74661235	-4.8395627	Sant'Eufemia
16.0687417	38.72085586	-2.9158395	Sant'Eufemia
16.09435666	38.71183526	-5.1443234	Sant'Eufemia
16.22920983	38.86838082	-6.1424711	Sant'Eufemia
16.14424764	38.75449762	-6.3041717	Sant'Eufemia
16.26116346	38.80414806	-11.7005738	Sant'Eufemia
16.22417134	38.93147857	-2.4876197	Sant'Eufemia
16.20465947	38.81351637	-7.3542201	Sant'Eufemia
16.13190181	38.74374813	-6.0059445	Sant'Eufemia
16.12434792	38.79728492	-2.7068204	Sant'Eufemia
16.13073782	38.6800981	-9.27662	Sant'Eufemia
16.28285048	38.84544822	-11.0145963	Sant'Eufemia
16.12662144	38.83838339	-0.6998653	Sant'Eufemia
16.11309146	38.71773536	-6.106063	Sant'Eufemia
16.10431059	38.73753002	-4.45917	Sant'Eufemia
16.14437907	38.80258791	-3.7880089	Sant'Eufemia
16.16675042	38.82604765	-4.0986066	Sant'Eufemia
16.20849402	38.93493	-1.2387037	Sant'Eufemia
16.14719865	38.83690325	-2.1950785	Sant'Eufemia
16.1434813	38.73505965	-7.2542327	Sant'Eufemia
16.19208554	38.75809611	-9.3915636	Sant'Eufemia
16.17005581	38.68278499	-11.8341578	Sant'Eufemia
16.19116214	38.87640395	-3.1091395	Sant'Eufemia
16.19514986	38.71051502	-12.0701603	Sant'Eufemia
16.18845895	38.81409986	-6.2067498	Sant'Eufemia
16.31601453	38.86852051	-12.0701686	Sant'Eufemia
16.12129231	38.7782825	-3.5053094	Sant'Eufemia
16.27595536	38.8906825	-8.1712616	Sant'Eufemia
16.22901109	38.90353332	-4.2979712	Sant'Eufemia
16.18891192	38.71765459	-11.2683526	Sant'Eufemia
16.23097387	38.84632641	-7.4112322	Sant'Eufemia
16.20674634	38.82114093	-7.0988703	Sant'Eufemia
16.15944386	38.87964089	-0.7809698	Sant'Eufemia
16.20208544	38.91436804	-1.8927892	Sant'Eufemia
16.32331534	38.88536395	-11.6735826	Sant'Eufemia
16.07255898	38.71415253	-3.5215875	Sant'Eufemia
16.13634746	38.85183468	-0.6838365	Sant'Eufemia
16.21964999	38.78275928	-9.9596183	Sant'Eufemia
16.13669835	38.79028386	-3.9179452	Sant'Eufemia
16.156692	38.82735145	-3.338058	Sant'Eufemia
16.10109432	38.76165015	-2.9613243	Sant'Eufemia
16.16389388	38.79587582	-5.4710591	Sant'Eufemia
16.09045636	38.75850252	-2.4049	Sant'Eufemia
16.22067226	38.875784	-5.1752771	Sant'Eufemia
16.10043208	38.7215032	-5.0452113	Sant'Eufemia
16.18142741	38.7957125	-6.6721554	Sant'Eufemia
16.07962775	38.69500325	-4.9879632	Sant'Eufemia
16.18374453	38.86072348	-3.4362294	Sant'Eufemia
16.11210124	38.80564601	-1.4306583	Sant'Eufemia
16.20628236	38.81634458	-7.3216077	Sant'Eufemia
16.11978306	38.83305952	-0.4999996	Sant'Eufemia
16.21381873	38.75692032	-10.931984	Sant'Eufemia
16.28161574	38.85850124	-10.2623722	Sant'Eufemia
16.11250204	38.7843494	-2.5872889	Sant'Eufemia
16.20818067	38.85376157	-5.4670408	Sant'Eufemia
16.11169984	38.70329033	-6.7773602	Sant'Eufemia
16.17296494	38.82641839	-4.5083613	Sant'Eufemia
16.211511	38.8943753	-3.5934325	Sant'Eufemia
16.05530606	38.74481129	-0.7400416	Sant'Eufemia
16.21616295	38.80152607	-8.7605748	Sant'Eufemia
16.1060137	38.67852249	-7.6510122	Sant'Eufemia
16.23575251	38.77924672	-11.2506305	Sant'Eufemia
16.1764938	38.90206746	-0.7849693	Sant'Eufemia
16.11695413	38.72333822	-6.0716626	Sant'Eufemia
16.09785641	38.73431301	-4.1907508	Sant'Eufemia
16.26740765	38.89015769	-7.6178595	Sant'Eufemia
16.16796806	38.70605117	-10.4581861	Sant'Eufemia
16.11678538	38.81618613	-1.1904942	Sant'Eufemia
16.24857115	38.85803795	-8.0065575	Sant'Eufemia
16.04791524	38.73604136	-0.7019703	Sant'Eufemia
16.19593461	38.84275329	-5.2178317	Sant'Eufemia
16.18012242	38.80011653	-6.3498852	Sant'Eufemia
16.29041892	38.84944413	-11.3324933	Sant'Eufemia
16.19930644	38.73416658	-11.1422042	Sant'Eufemia
16.25562127	38.92142469	-5.1589548	Sant'Eufemia
16.29255033	38.85655643	-11.1090187	Sant'Eufemia
16.23784336	38.88728102	-5.7600398	Sant'Eufemia
16.24079489	38.81942355	-9.5054183	Sant'Eufemia
16.231175	38.88450163	-5.4540469	Sant'Eufemia
16.22382063	38.8912668	-4.5952828	Sant'Eufemia
16.19569617	38.77489724	-8.7462259	Sant'Eufemia
16.07705233	38.71057502	-4.0144859	Sant'Eufemia
16.15295074	38.8766112	-0.5000001	Sant'Eufemia
16.13397808	38.83678793	-1.2889269	Sant'Eufemia
16.21560024	38.75037967	-11.4000201	Sant'Eufemia
16.07924228	38.73866407	-2.6940152	Sant'Eufemia
16.14786441	38.85712497	-1.1869542	Sant'Eufemia
16.14393819	38.82832765	-2.4082775	Sant'Eufemia
16.13763748	38.82590981	-2.0967086	Sant'Eufemia
16.13109051	38.80788148	-2.6036246	Sant'Eufemia
16.2434768	38.8858062	-6.2212835	Sant'Eufemia
16.14491866	38.65857928	-11.3550758	Sant'Eufemia
16.21990382	38.74326195	-12.0701778	Sant'Eufemia
16.14261969	38.693815	-9.3830616	Sant'Eufemia
16.11677284	38.81059237	-1.4861466	Sant'Eufemia
16.16869967	38.81108488	-4.9974648	Sant'Eufemia
16.1969328	38.71280453	-12.0701764	Sant'Eufemia
16.10301859	38.77035242	-2.6493212	Sant'Eufemia
16.16118309	38.83942438	-3.0309916	Sant'Eufemia
16.19079048	38.70492551	-12.0701808	Sant'Eufemia
16.24311239	38.7798897	-11.7255567	Sant'Eufemia
16.09239481	38.78755729	-1.0372931	Sant'Eufemia
16.27382023	38.81826622	-11.8126842	Sant'Eufemia
16.25019149	38.88849426	-6.5354173	Sant'Eufemia
16.09315297	38.75214698	-2.925266	Sant'Eufemia
16.1711648	38.75470846	-8.148647	Sant'Eufemia
16.22270746	38.79634834	-9.4766815	Sant'Eufemia
16.19002306	38.72357993	-11.0427667	Sant'Eufemia
16.17185343	38.80641915	-5.4534777	Sant'Eufemia
16.12341421	38.8379643	-0.4999996	Sant'Eufemia
16.18224249	38.81196658	-5.8868615	Sant'Eufemia
16.18385284	38.77566385	-7.9000848	Sant'Eufemia
16.09378503	38.72436043	-4.441597	Sant'Eufemia
16.16484507	38.83635233	-3.4409322	Sant'Eufemia
16.14321823	38.8470148	-1.4039308	Sant'Eufemia
16.09264246	38.70863663	-5.1893885	Sant'Eufemia
16.19490078	38.73713981	-10.6861827	Sant'Eufemia
16.04000565	38.72504106	-0.7189503	Sant'Eufemia
16.20407162	38.76651777	-9.7601551	Sant'Eufemia
16.12203812	38.78273215	-3.3212618	Sant'Eufemia
16.2561818	38.79078748	-12.0701764	Sant'Eufemia
16.31165657	38.86815969	-11.7929669	Sant'Eufemia
16.11454218	38.75501279	-4.2281434	Sant'Eufemia
16.19540604	38.81392679	-6.6948564	Sant'Eufemia
16.08130838	38.7221349	-3.7109078	Sant'Eufemia
16.2776557	38.81832917	-12.0701769	Sant'Eufemia
16.06450765	38.72730297	-2.2940638	Sant'Eufemia
16.14364741	38.72146699	-7.9864648	Sant'Eufemia
16.09622982	38.79734504	-0.7912579	Sant'Eufemia
16.13722153	38.68278028	-9.586881	Sant'Eufemia
