14.221261	37.068	-1.9999998	Sciacca-Gela
14.09323158	37.09391396	-4.3944343	Sciacca-Gela
13.25347388	37.58870303	-11.0000007	Sciacca-Gela
14.20092185	37.10687239	-5.1671873	Sciacca-Gela
14.08017676	37.06744846	-2.3273328	Sciacca-Gela
14.22454135	37.07306043	-2.3937498	Sciacca-Gela
13.74261551	37.21022017	-8.9832	Sciacca-Gela
13.49219393	37.30547098	-7.4804688	Sciacca-Gela
13.97649151	37.08082681	-3.6790012	Sciacca-Gela
14.19131407	37.12810497	-6.8935043	Sciacca-Gela
13.38035719	37.43400937	-9.32947	Sciacca-Gela
13.50064579	37.29821646	-7.4374999	Sciacca-Gela
14.03908862	37.15836053	-9.6854543	Sciacca-Gela
14.23136297	37.08358217	-3.2124993	Sciacca-Gela
13.48274949	37.27406812	-5.4875004	Sciacca-Gela
13.6068856	37.25473963	-7.8273435	Sciacca-Gela
14.23750827	37.09305891	-3.9499995	Sciacca-Gela
13.35716999	37.31648124	-2.396679	Sciacca-Gela
13.69683301	37.13328734	-3.108342	Sciacca-Gela
13.78407808	37.22459972	-10.9999998	Sciacca-Gela
13.5107469	37.35938206	-10.9999998	Sciacca-Gela
13.28524277	37.54472089	-10.5764844	Sciacca-Gela
13.45768776	37.33653287	-7.6249999	Sciacca-Gela
14.107403	37.12561664	-6.8757517	Sciacca-Gela
13.21048626	37.5012442	-4.8574215	Sciacca-Gela
14.20379059	37.11640093	-5.9191419	Sciacca-Gela
13.41441333	37.35675944	-6.8494501	Sciacca-Gela
13.46819179	37.27361664	-4.8577139	Sciacca-Gela
13.37982216	37.35579786	-5.3429684	Sciacca-Gela
13.55113319	37.31376786	-9.7841917	Sciacca-Gela
14.24555553	37.10546576	-4.9156248	Sciacca-Gela
13.39304987	37.40646819	-8.4679688	Sciacca-Gela
14.22367614	37.18078241	-11.0007561	Sciacca-Gela
13.6449387	37.21719316	-6.6558588	Sciacca-Gela
13.40492813	37.27595309	-2.3402336	Sciacca-Gela
13.26519105	37.5384895	-9.2921509	Sciacca-Gela
13.40903219	37.40113506	-8.8708992	Sciacca-Gela
14.25428114	37.11891497	-5.9624999	Sciacca-Gela
13.940496	37.109627	-5.8800782	Sciacca-Gela
13.46392648	37.35311469	-8.7298821	Sciacca-Gela
13.69235842	37.18777587	-6.2328119	Sciacca-Gela
13.96163242	37.17688601	-10.7484368	Sciacca-Gela
13.52165188	37.32535139	-9.6479727	Sciacca-Gela
13.72002591	37.12540925	-3.2843208	Sciacca-Gela
13.59368404	37.22200349	-5.5031242	Sciacca-Gela
13.73619687	37.1587757	-5.7348621	Sciacca-Gela
14.09652549	37.06787215	-2.3269504	Sciacca-Gela
14.26100207	37.12927172	-6.7687503	Sciacca-Gela
13.33444561	37.32754962	-1.9999998	Sciacca-Gela
13.8629876	37.1352146	-6.3386829	Sciacca-Gela
13.61640167	37.21891142	-5.9569918	Sciacca-Gela
13.41788967	37.38954746	-8.6568381	Sciacca-Gela
13.75994519	37.17768615	-7.4539059	Sciacca-Gela
14.26668161	37.13802199	-7.4499996	Sciacca-Gela
13.5159251	37.3046767	-8.2523436	Sciacca-Gela
13.32538795	37.51646744	-10.9999622	Sciacca-Gela
13.35960115	37.47578543	-10.5185598	Sciacca-Gela
13.57599724	37.2956655	-9.4023755	Sciacca-Gela
13.39444285	37.30592477	-3.4307991	Sciacca-Gela
13.29450322	37.38990457	-3.401345	Sciacca-Gela
13.96251134	37.12867802	-7.4937504	Sciacca-Gela
14.27514983	37.15106585	-8.4656255	Sciacca-Gela
13.99250425	37.16022832	-9.928906	Sciacca-Gela
13.30684297	37.35049039	-2.0005042	Sciacca-Gela
14.21915256	37.1147736	-5.7412103	Sciacca-Gela
13.6517482	37.1359319	-2.0000178	Sciacca-Gela
13.94370212	37.0995919	-5.2312507	Sciacca-Gela
14.18624834	37.15697549	-9.1951887	Sciacca-Gela
13.93009541	37.1525413	-8.5968743	Sciacca-Gela
13.89561966	37.12362849	-6.0906253	Sciacca-Gela
13.77442874	37.14150962	-5.2773433	Sciacca-Gela
13.23322017	37.43133938	-2.6938298	Sciacca-Gela
14.28335874	37.16370683	-9.4499998	Sciacca-Gela
13.85505812	37.18917585	-9.8250044	Sciacca-Gela
13.81175975	37.15512698	-6.8171874	Sciacca-Gela
13.76766559	37.22768663	-10.7288748	Sciacca-Gela
13.66412651	37.24095249	-8.612499	Sciacca-Gela
13.95475224	37.15517517	-9.1757815	Sciacca-Gela
13.2270163	37.54860866	-7.846582	Sciacca-Gela
14.03570368	37.06172268	-1.9999993	Sciacca-Gela
13.19575384	37.57290873	-7.3947267	Sciacca-Gela
13.36951899	37.4766403	-10.9999993	Sciacca-Gela
13.4771814	37.26046227	-4.525377	Sciacca-Gela
13.46072448	37.29253533	-5.5100586	Sciacca-Gela
13.29911613	37.44584493	-6.3639383	Sciacca-Gela
13.64924218	37.2879599	-11.0000022	Sciacca-Gela
13.63278253	37.22915335	-7.0281274	Sciacca-Gela
14.29185551	37.17678771	-10.46875	Sciacca-Gela
13.2405846	37.48765457	-5.7413704	Sciacca-Gela
13.48556854	37.26098725	-4.7918063	Sciacca-Gela
14.29628684	37.1836084	-10.9999998	Sciacca-Gela
13.65384943	37.16793248	-3.967625	Sciacca-Gela
14.15121043	37.14186087	-8.0702194	Sciacca-Gela
14.10153614	37.11220404	-5.8244445	Sciacca-Gela
13.65136091	37.19110562	-5.2798809	Sciacca-Gela
13.68605811	37.24407461	-9.4148428	Sciacca-Gela
13.22347564	37.59808724	-9.9300793	Sciacca-Gela
14.19435302	37.07671818	-2.7800813	Sciacca-Gela
13.30985102	37.36675461	-2.9407871	Sciacca-Gela
13.22114267	37.62404972	-10.9999988	Sciacca-Gela
13.49958463	37.30017471	-7.5187601	Sciacca-Gela
13.90620556	37.09968619	-4.6529301	Sciacca-Gela
13.6168253	37.23397405	-6.8676225	Sciacca-Gela
13.19540327	37.58688837	-8.0160157	Sciacca-Gela
13.83927344	37.11057049	-4.2956575	Sciacca-Gela
13.98472521	37.16629758	-10.4125002	Sciacca-Gela
13.24676599	37.48591795	-5.9702184	Sciacca-Gela
13.44818397	37.32521496	-6.6523435	Sciacca-Gela
13.8708446	37.16501707	-8.4716576	Sciacca-Gela
14.13788199	37.06481977	-2.0000608	Sciacca-Gela
14.23205704	37.09804894	-4.3654297	Sciacca-Gela
13.26426914	37.52808531	-8.7711155	Sciacca-Gela
13.33858416	37.4040434	-6.0508721	Sciacca-Gela
14.10180306	37.1026471	-5.0678918	Sciacca-Gela
13.2046666	37.47487609	-3.3625989	Sciacca-Gela
13.70516721	37.1107689	-2.0006687	Sciacca-Gela
13.70537618	37.21810639	-8.4080476	Sciacca-Gela
13.69180253	37.20766303	-7.4037756	Sciacca-Gela
14.11491322	37.09213459	-4.2089099	Sciacca-Gela
13.30487256	37.5237225	-10.4318523	Sciacca-Gela
13.76524824	37.23336784	-10.9999954	Sciacca-Gela
13.99159627	37.07640376	-3.2981067	Sciacca-Gela
13.43082995	37.34666153	-7.0223073	Sciacca-Gela
14.0367315	37.12731057	-7.2321003	Sciacca-Gela
13.74408739	37.14155272	-4.7693401	Sciacca-Gela
13.54993031	37.25253274	-6.0957543	Sciacca-Gela
13.85038912	37.15846254	-7.6914315	Sciacca-Gela
13.44811451	37.35994266	-8.4191222	Sciacca-Gela
13.35454508	37.43326332	-8.1990942	Sciacca-Gela
13.14256201	37.513	-1.9999998	Sciacca-Gela
13.22293998	37.46894861	-4.0054646	Sciacca-Gela
13.99335808	37.13266025	-7.7453118	Sciacca-Gela
13.32638172	37.36159426	-3.3855898	Sciacca-Gela
14.04959306	37.09155898	-4.3375935	Sciacca-Gela
13.721693	37.20748169	-8.2322252	Sciacca-Gela
13.58594474	37.21087062	-4.6214818	Sciacca-Gela
13.51664013	37.33487147	-9.996875	Sciacca-Gela
13.43854467	37.36869083	-8.4664124	Sciacca-Gela
13.26597751	37.42062307	-3.6441743	Sciacca-Gela
13.21860915	37.61895101	-10.6404294	Sciacca-Gela
13.38171696	37.32560252	-3.893073	Sciacca-Gela
13.80414015	37.12366708	-4.5843756	Sciacca-Gela
13.28614949	37.44324639	-5.6573264	Sciacca-Gela
13.37005707	37.42633513	-8.5065443	Sciacca-Gela
13.31688221	37.48648935	-9.1527454	Sciacca-Gela
14.11303636	37.07857199	-3.1394536	Sciacca-Gela
13.32622754	37.37560407	-4.089563	Sciacca-Gela
13.8301485	37.1594227	-7.4144566	Sciacca-Gela
13.24128953	37.57165579	-9.6125002	Sciacca-Gela
13.81538882	37.18854766	-9.1144534	Sciacca-Gela
14.06814948	37.06653376	-2.2817654	Sciacca-Gela
14.18749545	37.11119916	-5.5546653	Sciacca-Gela
13.90362507	37.16728782	-9.157813	Sciacca-Gela
13.81633103	37.14306196	-6.0871082	Sciacca-Gela
13.45561668	37.23196298	-2.2124998	Sciacca-Gela
13.33699054	37.45056874	-8.2738354	Sciacca-Gela
14.02603823	37.11983326	-6.6634053	Sciacca-Gela
13.66668451	37.15590418	-3.6106565	Sciacca-Gela
14.07632208	37.17605215	-10.9999617	Sciacca-Gela
13.44111372	37.25959933	-3.0152346	Sciacca-Gela
13.7729955	37.21107398	-9.8875	Sciacca-Gela
14.05957799	37.07426411	-2.9261917	Sciacca-Gela
13.18188289	37.46997549	-2.0000002	Sciacca-Gela
13.50438334	37.24284135	-4.2375	Sciacca-Gela
13.31560156	37.35998652	-2.8499993	Sciacca-Gela
14.20802559	37.14029734	-7.8144615	Sciacca-Gela
13.99167264	37.17373811	-10.9999998	Sciacca-Gela
13.34496928	37.41034885	-6.6401393	Sciacca-Gela
14.086157	37.16997425	-10.4839612	Sciacca-Gela
13.25431073	37.49594558	-6.8000092	Sciacca-Gela
13.75740007	37.18331153	-7.7874999	Sciacca-Gela
13.54954189	37.33488191	-10.9999998	Sciacca-Gela
13.92092715	37.08789881	-4.1001946	Sciacca-Gela
14.06928579	37.12926935	-7.2863251	Sciacca-Gela
13.9149279	37.14148572	-7.6061517	Sciacca-Gela
13.41252127	37.31006823	-4.3947024	Sciacca-Gela
13.43049079	37.37473433	-8.4376364	Sciacca-Gela
13.52227504	37.25681739	-5.574218	Sciacca-Gela
13.92623531	37.05828485	-2.0000007	Sciacca-Gela
13.80266997	37.16334821	-7.2140625	Sciacca-Gela
14.28343764	37.17708204	-10.5183591	Sciacca-Gela
14.15710938	37.12864257	-7.0116039	Sciacca-Gela
13.38745767	37.4610586	-11.0000735	Sciacca-Gela
13.91377628	37.0684362	-2.6751953	Sciacca-Gela
13.7924049	37.17319534	-7.6999999	Sciacca-Gela
13.41492676	37.34411135	-6.2297518	Sciacca-Gela
13.29014851	37.43388518	-5.3768833	Sciacca-Gela
14.21587025	37.07171839	-2.3136721	Sciacca-Gela
13.46157032	37.24120501	-2.9312505	Sciacca-Gela
13.47962484	37.38482603	-10.9999998	Sciacca-Gela
13.9699528	37.15195676	-9.2070315	Sciacca-Gela
13.21577397	37.43319848	-2.000323	Sciacca-Gela
14.26594495	37.1780404	-10.6492185	Sciacca-Gela
13.28770542	37.49843771	-8.4238296	Sciacca-Gela
13.51548338	37.34879947	-10.6582092	Sciacca-Gela
13.63915214	37.14186423	-2.0000222	Sciacca-Gela
14.22239049	37.08353014	-3.2363286	Sciacca-Gela
13.96380946	37.12249691	-7.0019539	Sciacca-Gela
14.09165073	37.12864453	-7.1668224	Sciacca-Gela
13.22018648	37.43316815	-2.1968748	Sciacca-Gela
13.74403937	37.16624484	-6.4000006	Sciacca-Gela
13.56511827	37.22762402	-5.0359376	Sciacca-Gela
13.39371552	37.39153767	-7.7393068	Sciacca-Gela
13.41940885	37.43451873	-10.9999998	Sciacca-Gela
13.24490131	37.47715672	-5.4589326	Sciacca-Gela
13.62911515	37.15428934	-2.4589822	Sciacca-Gela
13.30543561	37.46525972	-7.6002635	Sciacca-Gela
14.04137543	37.10301843	-5.2779299	Sciacca-Gela
13.71152864	37.20187867	-7.6124982	Sciacca-Gela
14.12897199	37.15442796	-9.110425	Sciacca-Gela
13.35366172	37.42288357	-7.6417681	Sciacca-Gela
13.3705298	37.45864622	-10.1580669	Sciacca-Gela
13.97884398	37.11973928	-6.7527348	Sciacca-Gela
13.4308901	37.35911977	-7.6602889	Sciacca-Gela
13.20492635	37.59798107	-8.9986335	Sciacca-Gela
13.32710439	37.50741283	-10.6349275	Sciacca-Gela
13.47808993	37.21772303	-2.0000002	Sciacca-Gela
13.36723572	37.44803468	-9.4879194	Sciacca-Gela
13.9483067	37.07708458	-3.4412112	Sciacca-Gela
13.72519442	37.11192082	-2.4691406	Sciacca-Gela
14.14177732	37.17586655	-10.7821609	Sciacca-Gela
13.52187931	37.35027686	-10.9999998	Sciacca-Gela
13.47348486	37.22919441	-2.5550803	Sciacca-Gela
14.10013048	37.17259713	-10.6500002	Sciacca-Gela
13.39861379	37.43228499	-10.0109392	Sciacca-Gela
13.78848764	37.12186328	-4.2000005	Sciacca-Gela
13.24172226	37.47975076	-5.4375002	Sciacca-Gela
13.22961007	37.45846814	-3.8568511	Sciacca-Gela
14.07519448	37.14214255	-8.2957009	Sciacca-Gela
13.36339801	37.34013887	-3.8576179	Sciacca-Gela
14.02603881	37.06459409	-2.2593757	Sciacca-Gela
13.20791673	37.52901974	-5.9974606	Sciacca-Gela
13.26171629	37.50447075	-7.5504623	Sciacca-Gela
14.06611663	37.17025338	-10.5688284	Sciacca-Gela
13.21327067	37.43560182	-1.9999998	Sciacca-Gela
13.42553239	37.42121452	-10.5835942	Sciacca-Gela
14.13230286	37.0713544	-2.5284587	Sciacca-Gela
13.44818919	37.34433712	-7.6269528	Sciacca-Gela
13.30174568	37.48399817	-8.3497603	Sciacca-Gela
13.73665959	37.2356747	-10.3347637	Sciacca-Gela
13.91601386	37.17250201	-9.7103518	Sciacca-Gela
13.44304178	37.39503108	-9.9948762	Sciacca-Gela
14.15682433	37.08007386	-3.1660234	Sciacca-Gela
13.77751729	37.11530521	-3.5765635	Sciacca-Gela
13.24346909	37.44754249	-3.946687	Sciacca-Gela
13.24508977	37.41836249	-2.5938508	Sciacca-Gela
13.3750029	37.41155746	-7.9658223	Sciacca-Gela
13.36311336	37.43743971	-8.7779534	Sciacca-Gela
14.12549291	37.11587966	-6.06639	Sciacca-Gela
13.89592078	37.19652978	-11.0001262	Sciacca-Gela
13.57622208	37.17758034	-2.3625154	Sciacca-Gela
13.94292048	37.05872242	-2.0000007	Sciacca-Gela
13.46852073	37.3889961	-10.7499792	Sciacca-Gela
13.4125327	37.43207904	-10.5867192	Sciacca-Gela
13.18417612	37.5775432	-7.0281263	Sciacca-Gela
13.56592271	37.32251456	-10.7218743	Sciacca-Gela
13.36373883	37.32608477	-3.1599614	Sciacca-Gela
13.60440106	37.15823345	-1.9999944	Sciacca-Gela
13.49103688	37.2869214	-6.4875003	Sciacca-Gela
13.34758499	37.3927325	-5.8568234	Sciacca-Gela
13.64173951	37.23672415	-7.7314578	Sciacca-Gela
13.4404411	37.27958617	-4.0051753	Sciacca-Gela
13.23163299	37.53358242	-7.3910144	Sciacca-Gela
13.9707175	37.1641057	-10.0367185	Sciacca-Gela
13.23773707	37.55546619	-8.6955066	Sciacca-Gela
14.16809987	37.10582274	-5.1830121	Sciacca-Gela
13.96325568	37.05925441	-1.9999841	Sciacca-Gela
13.83547413	37.09957257	-3.4937791	Sciacca-Gela
13.88555231	37.08209307	-3.1335938	Sciacca-Gela
14.16897192	37.08995464	-3.9165222	Sciacca-Gela
13.53635515	37.19672414	-2.3843806	Sciacca-Gela
13.45385663	37.22923039	-1.9999998	Sciacca-Gela
13.75853784	37.11418589	-3.1820315	Sciacca-Gela
13.8955931	37.0702468	-2.5006838	Sciacca-Gela
13.72803825	37.13782816	-4.2499485	Sciacca-Gela
13.86997282	37.17700052	-9.2622561	Sciacca-Gela
13.33406183	37.39399768	-5.351821	Sciacca-Gela
13.27080928	37.52484422	-8.9500002	Sciacca-Gela
14.23624853	37.17610836	-10.5871865	Sciacca-Gela
13.19457796	37.4560759	-2.0000027	Sciacca-Gela
13.62000257	37.24378409	-7.5422295	Sciacca-Gela
13.794663	37.22193707	-11.0000115	Sciacca-Gela
13.34949817	37.40404626	-6.5109482	Sciacca-Gela
13.45559098	37.22831604	-1.9999998	Sciacca-Gela
13.46661666	37.23757966	-2.8625	Sciacca-Gela
13.7192993	37.15056634	-4.7698743	Sciacca-Gela
14.0175642	37.15804544	-9.7046865	Sciacca-Gela
14.11468012	37.06713749	-2.2312502	Sciacca-Gela
13.76225336	37.20636975	-9.3050371	Sciacca-Gela
13.22490413	37.44332347	-2.905689	Sciacca-Gela
13.23140754	37.47602856	-4.7519545	Sciacca-Gela
13.82093722	37.21532567	-10.9999983	Sciacca-Gela
13.72952525	37.14517661	-4.7363882	Sciacca-Gela
13.30953218	37.35234795	-2.2079026	Sciacca-Gela
13.85353278	37.1757125	-8.898394	Sciacca-Gela
13.24308314	37.60006594	-11.0000002	Sciacca-Gela
13.42403665	37.26341121	-2.497656	Sciacca-Gela
13.56186634	37.29482542	-8.9550759	Sciacca-Gela
13.22999657	37.61437282	-10.9999993	Sciacca-Gela
13.15699028	37.53538793	-3.7437498	Sciacca-Gela
14.01014695	37.08896481	-4.2536533	Sciacca-Gela
13.39055165	37.42105174	-9.1019529	Sciacca-Gela
14.25626603	37.18205424	-11.0000002	Sciacca-Gela
14.23397736	37.10665777	-5.0468751	Sciacca-Gela
13.59715278	37.29437471	-9.9195325	Sciacca-Gela
13.81974047	37.19802342	-9.821875	Sciacca-Gela
14.00972668	37.12759112	-7.3105422	Sciacca-Gela
14.14222338	37.0865775	-3.712885	Sciacca-Gela
13.90455417	37.06062745	-1.9999993	Sciacca-Gela
13.50656113	37.25979763	-5.310546	Sciacca-Gela
13.82374686	37.09625272	-3.0801917	Sciacca-Gela
13.53181277	37.28434009	-7.4847646	Sciacca-Gela
13.97966916	37.14303505	-8.5945313	Sciacca-Gela
13.50894569	37.20696083	-2.2250032	Sciacca-Gela
13.36446721	37.38270743	-6.0597653	Sciacca-Gela
13.24751249	37.53445854	-8.2246086	Sciacca-Gela
13.9770066	37.13218923	-7.7416997	Sciacca-Gela
14.23971043	37.18140964	-10.9999983	Sciacca-Gela
13.87887771	37.1323624	-6.4054689	Sciacca-Gela
14.17807705	37.12544026	-6.7154953	Sciacca-Gela
13.17457808	37.56266442	-5.8687505	Sciacca-Gela
14.04476832	37.16977055	-10.5771514	Sciacca-Gela
13.71196196	37.1129087	-2.3125002	Sciacca-Gela
13.99988595	37.09926469	-5.0894355	Sciacca-Gela
13.87953462	37.11988944	-5.5772456	Sciacca-Gela
13.88507855	37.06534676	-2.0000002	Sciacca-Gela
13.28844257	37.55050145	-11.0008103	Sciacca-Gela
13.38041226	37.289332	-2.0006663	Sciacca-Gela
13.57252458	37.2175049	-4.6402349	Sciacca-Gela
13.78652417	37.14578664	-5.7671874	Sciacca-Gela
13.64837969	37.1580517	-3.2246233	Sciacca-Gela
13.52159219	37.2775344	-6.7914052	Sciacca-Gela
13.19144149	37.5021054	-3.9449229	Sciacca-Gela
13.39322379	37.38135053	-7.202344	Sciacca-Gela
13.65286054	37.24819858	-8.7285137	Sciacca-Gela
13.56942904	37.31060352	-10.1093735	Sciacca-Gela
13.60015586	37.19525192	-4.0891067	Sciacca-Gela
14.18468176	37.0708589	-2.3425784	Sciacca-Gela
13.294298	37.5381476	-10.6611589	Sciacca-Gela
13.19262463	37.54502961	-5.9646482	Sciacca-Gela
13.62809886	37.18618973	-4.3332024	Sciacca-Gela
14.16028617	37.092245	-4.1246052	Sciacca-Gela
13.51484051	37.31686912	-8.9506602	Sciacca-Gela
13.33913965	37.41137201	-6.4374774	Sciacca-Gela
13.7346264	37.13228727	-3.9902373	Sciacca-Gela
14.12401698	37.13440057	-7.5354365	Sciacca-Gela
14.27344741	37.16696458	-9.7410156	Sciacca-Gela
13.91885911	37.1857558	-10.6484373	Sciacca-Gela
14.18493741	37.0882995	-3.7341697	Sciacca-Gela
13.52769901	37.33562813	-10.4320618	Sciacca-Gela
13.94197608	37.0647725	-2.4804688	Sciacca-Gela
13.70013654	37.11982479	-2.3984426	Sciacca-Gela
13.91479093	37.05814619	-1.9999998	Sciacca-Gela
13.38044434	37.37839952	-6.5144529	Sciacca-Gela
13.87047788	37.19846062	-10.7062849	Sciacca-Gela
13.23317268	37.58217501	-9.6874998	Sciacca-Gela
13.69769422	37.2319511	-9.0183831	Sciacca-Gela
13.54473148	37.32924232	-10.5280505	Sciacca-Gela
13.2628969	37.47774111	-6.2963521	Sciacca-Gela
13.20754403	37.61374895	-9.85	Sciacca-Gela
13.95956812	37.12742045	-7.3874998	Sciacca-Gela
13.63900525	37.19834444	-5.3646481	Sciacca-Gela
13.83800812	37.07674532	-2.0000007	Sciacca-Gela
13.9563173	37.13004373	-7.5109378	Sciacca-Gela
13.28286943	37.45622663	-6.1435519	Sciacca-Gela
14.05544381	37.16093712	-9.8568479	Sciacca-Gela
14.21294945	37.15644275	-9.0888337	Sciacca-Gela
14.1762726	37.14753697	-8.46813	Sciacca-Gela
13.25128343	37.55836228	-9.504687	Sciacca-Gela
13.71693652	37.23393167	-9.6769727	Sciacca-Gela
13.89575741	37.1515055	-7.9679714	Sciacca-Gela
13.87881066	37.10134544	-4.3183584	Sciacca-Gela
13.86762471	37.18878857	-10.0109414	Sciacca-Gela
13.59483221	37.16896337	-2.3713088	Sciacca-Gela
13.31614351	37.39037692	-4.3833174	Sciacca-Gela
14.24447524	37.15749814	-9.0748025	Sciacca-Gela
14.04697832	37.06649204	-2.3453083	Sciacca-Gela
13.16338315	37.53279165	-3.9445317	Sciacca-Gela
13.59979128	37.23194673	-6.2679633	Sciacca-Gela
14.08668271	37.11892193	-6.4060326	Sciacca-Gela
13.48601141	37.37077223	-10.5498059	Sciacca-Gela
13.96602471	37.10699618	-5.7708986	Sciacca-Gela
13.43318082	37.38857062	-9.2515442	Sciacca-Gela
13.36373472	37.4029375	-7.0542986	Sciacca-Gela
13.1481467	37.52166686	-2.6750002	Sciacca-Gela
13.2997854	37.36266366	-2.2929622	Sciacca-Gela
13.73599828	37.17551395	-6.7269349	Sciacca-Gela
13.48298206	37.27082414	-5.3062455	Sciacca-Gela
13.41371645	37.26208461	-2.0000002	Sciacca-Gela
14.06212407	37.11540373	-6.2017618	Sciacca-Gela
13.93637753	37.08826065	-4.35	Sciacca-Gela
14.02430563	37.17021297	-10.6540149	Sciacca-Gela
13.23982983	37.59662956	-10.6804695	Sciacca-Gela
14.20740997	37.08251617	-3.2021492	Sciacca-Gela
13.39932475	37.3179872	-4.2488188	Sciacca-Gela
13.88331504	37.19961589	-11.0003816	Sciacca-Gela
14.11522831	37.12326128	-6.67177	Sciacca-Gela
13.47941182	37.31060699	-7.2093754	Sciacca-Gela
14.0370657	37.17491357	-10.9999968	Sciacca-Gela
13.93287028	37.17168149	-9.9296877	Sciacca-Gela
14.24560471	37.11867718	-5.9705077	Sciacca-Gela
13.28978569	37.51309519	-9.2337439	Sciacca-Gela
13.36041789	37.45064968	-9.3157183	Sciacca-Gela
13.86242471	37.16557719	-8.3706882	Sciacca-Gela
13.3861103	37.31378337	-3.4801167	Sciacca-Gela
13.50028539	37.35809345	-10.4984377	Sciacca-Gela
14.08388632	37.10875722	-5.6032355	Sciacca-Gela
14.0341124	37.07444413	-3.0201082	Sciacca-Gela
13.70220402	37.24451189	-9.8945601	Sciacca-Gela
13.75259384	37.15213202	-5.620314	Sciacca-Gela
13.69113585	37.25900478	-10.448437	Sciacca-Gela
13.9622632	37.07948645	-3.6023442	Sciacca-Gela
13.85423999	37.07281581	-2.0000002	Sciacca-Gela
13.36909391	37.29873031	-1.9999827	Sciacca-Gela
13.54730273	37.22692399	-4.4937626	Sciacca-Gela
14.16979134	37.16224564	-9.6460942	Sciacca-Gela
13.67951311	37.12874009	-2.3507815	Sciacca-Gela
13.75839413	37.21876069	-9.9359519	Sciacca-Gela
13.90147133	37.18861075	-10.5573972	Sciacca-Gela
14.05751772	37.10384845	-5.2937501	Sciacca-Gela
13.76362728	37.19295221	-8.5375006	Sciacca-Gela
13.97243939	37.09430898	-4.753906	Sciacca-Gela
13.83514011	37.18439134	-9.1691355	Sciacca-Gela
13.35427367	37.37146354	-5.0605502	Sciacca-Gela
13.66854024	37.27887877	-11.0000378	Sciacca-Gela
13.80815431	37.21052952	-10.4636704	Sciacca-Gela
14.13179904	37.17158816	-10.4710107	Sciacca-Gela
13.41969158	37.37012779	-7.7489022	Sciacca-Gela
13.51005015	37.31639852	-8.7811533	Sciacca-Gela
13.31223486	37.37501878	-3.4537905	Sciacca-Gela
13.24737649	37.5452528	-8.7107422	Sciacca-Gela
13.75185983	37.23966934	-10.9999998	Sciacca-Gela
13.1745762	37.54841522	-5.2175774	Sciacca-Gela
13.28173393	37.53396422	-9.8927786	Sciacca-Gela
14.1452336	37.07013657	-2.4058865	Sciacca-Gela
14.1368208	37.12972516	-7.1390544	Sciacca-Gela
13.83643434	37.19516849	-9.9121086	Sciacca-Gela
14.18990324	37.13631153	-7.5518015	Sciacca-Gela
13.33326122	37.50922213	-11.0001833	Sciacca-Gela
13.47662552	37.32547318	-7.8505858	Sciacca-Gela
14.07694418	37.07540299	-2.9631179	Sciacca-Gela
13.69294469	37.17397681	-5.4260739	Sciacca-Gela
13.31220559	37.47344727	-8.3044384	Sciacca-Gela
13.7887383	37.21347145	-10.3335974	Sciacca-Gela
13.22225933	37.56404637	-8.3140623	Sciacca-Gela
13.39502353	37.32833431	-4.5922472	Sciacca-Gela
13.39380319	37.28785761	-2.4832119	Sciacca-Gela
14.01686842	37.09943254	-5.0680853	Sciacca-Gela
13.21706994	37.62850039	-10.9999998	Sciacca-Gela
13.40066768	37.27275918	-2.0000007	Sciacca-Gela
13.66940608	37.12761777	-1.9999998	Sciacca-Gela
13.83967867	37.08484023	-2.571488	Sciacca-Gela
13.25872639	37.39364415	-2.0004163	Sciacca-Gela
13.92704591	37.06353151	-2.4132808	Sciacca-Gela
13.26599379	37.51572679	-8.2920157	Sciacca-Gela
14.07926803	37.15989817	-9.7007651	Sciacca-Gela
13.20680864	37.4426793	-2.0001521	Sciacca-Gela
13.15079076	37.50399957	-1.9999998	Sciacca-Gela
13.34846911	37.31588771	-2.0000022	Sciacca-Gela
13.42609388	37.40930217	-10.0034858	Sciacca-Gela
13.97786308	37.15569611	-9.5874998	Sciacca-Gela
13.57832998	37.20170503	-3.8607378	Sciacca-Gela
13.37880721	37.46830408	-11.0012561	Sciacca-Gela
13.51781134	37.26683931	-6.046875	Sciacca-Gela
13.97809352	37.17237569	-10.7132815	Sciacca-Gela
13.79906875	37.20170895	-9.7203125	Sciacca-Gela
13.18398415	37.4863011	-2.850489	Sciacca-Gela
13.88768925	37.16497796	-8.7429739	Sciacca-Gela
13.48970675	37.23825659	-3.5515625	Sciacca-Gela
14.20906515	37.17822376	-10.8315759	Sciacca-Gela
13.23721084	37.41346349	-1.9999783	Sciacca-Gela
13.31968254	37.44694692	-7.3285888	Sciacca-Gela
13.91222867	37.08042908	-3.4562502	Sciacca-Gela
13.31871033	37.51748191	-10.7492083	Sciacca-Gela
13.29151769	37.46799808	-7.1078453	Sciacca-Gela
13.52891708	37.31186624	-9.0464182	Sciacca-Gela
13.23589989	37.50791098	-6.4320272	Sciacca-Gela
13.72561951	37.16704811	-5.930469	Sciacca-Gela
14.22295599	37.13537407	-7.3746108	Sciacca-Gela
13.73968165	37.10926146	-2.535157	Sciacca-Gela
13.54826452	37.2661016	-6.8586002	Sciacca-Gela
13.79916404	37.10992223	-3.5812419	Sciacca-Gela
13.68071429	37.1835394	-5.65315	Sciacca-Gela
13.46121597	37.22566804	-1.9999998	Sciacca-Gela
13.57426812	37.24966169	-6.6080027	Sciacca-Gela
13.46191138	37.32138153	-7.0290039	Sciacca-Gela
13.17249494	37.48025141	-2.0000002	Sciacca-Gela
14.02321437	37.10828547	-5.7553512	Sciacca-Gela
13.5434611	37.2423097	-5.3039681	Sciacca-Gela
13.77842965	37.20438054	-9.5515623	Sciacca-Gela
14.04615233	37.12219482	-6.7937341	Sciacca-Gela
13.57761028	37.23010932	-5.535156	Sciacca-Gela
13.81466823	37.11006855	-3.8523997	Sciacca-Gela
13.91328837	37.15626238	-8.573438	Sciacca-Gela
14.11732844	37.16808364	-10.2361392	Sciacca-Gela
13.32925368	37.48195833	-9.4790588	Sciacca-Gela
13.23552583	37.45646529	-4.025353	Sciacca-Gela
13.26147824	37.5665653	-10.3887722	Sciacca-Gela
13.3498738	37.44632207	-8.6351116	Sciacca-Gela
14.20842287	37.12747233	-6.7888714	Sciacca-Gela
13.29740397	37.3588599	-1.9999509	Sciacca-Gela
13.16371	37.49613858	-2.2865242	Sciacca-Gela
14.10099069	37.06385695	-1.9999954	Sciacca-Gela
13.7741632	37.20925906	-9.80625	Sciacca-Gela
13.38462727	37.45783199	-10.7172024	Sciacca-Gela
14.02481093	37.10151021	-5.2093745	Sciacca-Gela
13.86408361	37.10139075	-4.0816411	Sciacca-Gela
13.94673395	37.1075749	-5.8437498	Sciacca-Gela
13.38484369	37.29464483	-2.4559063	Sciacca-Gela
13.43900998	37.3373997	-6.891017	Sciacca-Gela
13.73734529	37.24649931	-10.9999978	Sciacca-Gela
13.46889677	37.25257551	-3.8156506	Sciacca-Gela
13.19777558	37.5136107	-4.7869141	Sciacca-Gela
13.26613074	37.40016233	-2.650438	Sciacca-Gela
13.75702145	37.16511162	-6.5632809	Sciacca-Gela
13.27874267	37.40513454	-3.4539597	Sciacca-Gela
14.08956663	37.09937928	-4.8366511	Sciacca-Gela
13.90941403	37.1932661	-10.9999963	Sciacca-Gela
13.43118596	37.30813983	-5.0741215	Sciacca-Gela
14.17619712	37.17950841	-10.9999993	Sciacca-Gela
14.04798296	37.13296662	-7.6481648	Sciacca-Gela
13.36989857	37.31114455	-2.6626814	Sciacca-Gela
14.20316837	37.09368838	-4.1074216	Sciacca-Gela
13.45987562	37.3079243	-6.2585936	Sciacca-Gela
13.64146723	37.14522781	-2.265636	Sciacca-Gela
13.57268435	37.19210909	-3.1296833	Sciacca-Gela
13.31829397	37.34097762	-1.9999436	Sciacca-Gela
13.39832057	37.45203776	-10.9999949	Sciacca-Gela
13.94036243	37.13822128	-7.8009272	Sciacca-Gela
13.85942303	37.08080135	-2.6212893	Sciacca-Gela
14.13058696	37.1440294	-8.2844116	Sciacca-Gela
14.22620719	37.14882726	-8.4390709	Sciacca-Gela
13.9133192	37.12475552	-6.454688	Sciacca-Gela
13.92722815	37.12691588	-6.8265627	Sciacca-Gela
13.98259994	37.15296276	-9.3742188	Sciacca-Gela
13.60379963	37.17896456	-3.2197297	Sciacca-Gela
13.85592167	37.11990258	-5.1937252	Sciacca-Gela
13.82594548	37.20918862	-10.6736331	Sciacca-Gela
13.74675488	37.1236581	-3.6171882	Sciacca-Gela
14.11194349	37.14509363	-8.4169332	Sciacca-Gela
13.62564738	37.27196477	-9.3824221	Sciacca-Gela
13.37655383	37.30168485	-2.4641584	Sciacca-Gela
13.77637612	37.17743972	-7.7140625	Sciacca-Gela
13.35428666	37.46425057	-9.7144163	Sciacca-Gela
13.4495226	37.26740581	-3.7632815	Sciacca-Gela
14.28859546	37.18331017	-10.9999993	Sciacca-Gela
14.21201151	37.06763825	-1.9999998	Sciacca-Gela
13.65560335	37.14792282	-2.823458	Sciacca-Gela
14.11447891	37.13729781	-7.7862345	Sciacca-Gela
13.95281293	37.11697589	-6.5750003	Sciacca-Gela
13.31390068	37.50201623	-9.7770767	Sciacca-Gela
13.5718601	37.28184075	-8.4609733	Sciacca-Gela
13.2796131	37.53929808	-10.0502195	Sciacca-Gela
13.45332938	37.40095427	-10.7272639	Sciacca-Gela
14.17516972	37.13769252	-7.6909838	Sciacca-Gela
13.21202797	37.44730572	-2.4721287	Sciacca-Gela
13.67821512	37.23505378	-8.6562502	Sciacca-Gela
13.24947911	37.58329831	-10.5535164	Sciacca-Gela
13.92340627	37.18988013	-11.0000002	Sciacca-Gela
13.63148191	37.16726238	-3.299217	Sciacca-Gela
13.44050954	37.24873966	-2.4370115	Sciacca-Gela
14.19986908	37.14620481	-8.3126755	Sciacca-Gela
13.93894133	37.09552119	-4.9062504	Sciacca-Gela
13.49305918	37.25073908	-4.3906299	Sciacca-Gela
14.07535607	37.10097027	-5.0084557	Sciacca-Gela
13.26945106	37.4120103	-3.380179	Sciacca-Gela
13.59127209	37.28370369	-9.1173901	Sciacca-Gela
13.97167748	37.14613782	-8.8437493	Sciacca-Gela
13.3190803	37.37464075	-3.738334	Sciacca-Gela
13.58498901	37.3181984	-11.0000032	Sciacca-Gela
14.09460292	37.14745396	-8.6593752	Sciacca-Gela
14.12201084	37.14464286	-8.3504089	Sciacca-Gela
13.33405144	37.38305375	-4.796684	Sciacca-Gela
14.00028165	37.17396163	-11.0000007	Sciacca-Gela
13.61412423	37.29890065	-10.666406	Sciacca-Gela
14.05650145	37.17541428	-11.0000491	Sciacca-Gela
13.68086663	37.19787955	-6.5129455	Sciacca-Gela
13.50454588	37.22968454	-3.4570313	Sciacca-Gela
13.56293017	37.26189939	-7.0199605	Sciacca-Gela
13.27631195	37.38662082	-2.4335359	Sciacca-Gela
13.25085638	37.40089466	-1.9999744	Sciacca-Gela
13.63697801	37.29373341	-10.9999998	Sciacca-Gela
13.35988012	37.44238332	-8.8845696	Sciacca-Gela
13.95091566	37.09910171	-5.1775387	Sciacca-Gela
13.42484771	37.25297646	-2.0000002	Sciacca-Gela
13.55571192	37.21027754	-3.7367173	Sciacca-Gela
13.74982454	37.17158089	-6.8749998	Sciacca-Gela
13.24605893	37.52118675	-7.5459462	Sciacca-Gela
13.44257403	37.41526581	-10.999988	Sciacca-Gela
13.19319861	37.55856968	-6.6119141	Sciacca-Gela
13.76860954	37.20066412	-9.1375	Sciacca-Gela
13.66985923	37.22754404	-7.9734379	Sciacca-Gela
13.40854844	37.4435419	-10.9999998	Sciacca-Gela
13.32372015	37.34784805	-2.5767517	Sciacca-Gela
13.34355505	37.4591231	-8.9863245	Sciacca-Gela
13.53311065	37.23509876	-4.5828301	Sciacca-Gela
13.45414344	37.38925694	-10.164437	Sciacca-Gela
13.9735935	37.06874247	-2.7290823	Sciacca-Gela
13.56170084	37.23994889	-5.675391	Sciacca-Gela
13.81048571	37.08939223	-2.3996096	Sciacca-Gela
13.43992942	37.29403615	-4.7199219	Sciacca-Gela
13.84160654	37.21012223	-11.0000002	Sciacca-Gela
14.19103746	37.06681681	-2.0000002	Sciacca-Gela
13.77148371	37.19367249	-8.717969	Sciacca-Gela
13.86112878	37.15579835	-7.6934044	Sciacca-Gela
13.95988358	37.1810487	-10.9999998	Sciacca-Gela
13.45890414	37.23345968	-2.4000002	Sciacca-Gela
13.37266469	37.45472987	-10.0564314	Sciacca-Gela
13.31777669	37.40600869	-5.2261521	Sciacca-Gela
14.19472015	37.17998684	-10.9999993	Sciacca-Gela
13.49597466	37.20929966	-1.9999993	Sciacca-Gela
13.24919238	37.50002304	-6.7363306	Sciacca-Gela
14.01577258	37.06094034	-2.0000149	Sciacca-Gela
13.4914565	37.27922768	-6.046684	Sciacca-Gela
13.51273295	37.20140437	-2.000073	Sciacca-Gela
13.95360562	37.16897688	-10.0855469	Sciacca-Gela
14.06595951	37.08775621	-3.9830271	Sciacca-Gela
13.99844698	37.06025958	-1.9999397	Sciacca-Gela
13.93444433	37.07342016	-3.1800781	Sciacca-Gela
13.39989382	37.34437472	-5.6100433	Sciacca-Gela
13.46534224	37.37586365	-9.9482468	Sciacca-Gela
13.35896287	37.30715896	-2.0000007	Sciacca-Gela
13.22343305	37.44971902	-3.1515127	Sciacca-Gela
13.21067698	37.56110244	-7.6008793	Sciacca-Gela
13.70380377	37.14405085	-3.9460588	Sciacca-Gela
13.55865437	37.18556156	-2.3449216	Sciacca-Gela
13.49114569	37.32194976	-8.2761722	Sciacca-Gela
13.23145568	37.60746503	-10.7572263	Sciacca-Gela
13.99665135	37.085819	-4.0324592	Sciacca-Gela
14.11112857	37.15494853	-9.2064211	Sciacca-Gela
13.83360773	37.17075995	-8.2312534	Sciacca-Gela
13.73572828	37.19298468	-7.7615259	Sciacca-Gela
13.72715157	37.24268816	-10.4863252	Sciacca-Gela
13.32553294	37.43072152	-6.787892	Sciacca-Gela
13.16387552	37.48968404	-1.9999993	Sciacca-Gela
13.37105107	37.36963116	-5.6744138	Sciacca-Gela
13.52184505	37.20907546	-2.7137073	Sciacca-Gela
13.22519986	37.45923214	-3.6752935	Sciacca-Gela
14.17599432	37.11051374	-5.5364539	Sciacca-Gela
13.52689282	37.29513095	-7.9906235	Sciacca-Gela
14.21958523	37.17683054	-10.6969211	Sciacca-Gela
13.47448993	37.36150729	-9.5976563	Sciacca-Gela
13.77235302	37.15430564	-6.0984373	Sciacca-Gela
13.34146767	37.47510884	-9.6820286	Sciacca-Gela
13.66770349	37.21220429	-6.9976539	Sciacca-Gela
13.5248715	37.33936386	-10.5686694	Sciacca-Gela
13.29555821	37.45538516	-6.6737634	Sciacca-Gela
13.87409909	37.07196034	-2.2658206	Sciacca-Gela
13.71621492	37.10716642	-2.0000002	Sciacca-Gela
14.1688826	37.07999541	-3.121468	Sciacca-Gela
13.92803914	37.09771613	-4.8761719	Sciacca-Gela
13.3080285	37.35897956	-2.4774165	Sciacca-Gela
13.42219767	37.33355184	-5.9945105	Sciacca-Gela
14.15305456	37.10681326	-5.2919412	Sciacca-Gela
13.43570417	37.24409122	-2.0000002	Sciacca-Gela
14.14746509	37.07812834	-3.0341475	Sciacca-Gela
13.34370666	37.35386999	-3.7238237	Sciacca-Gela
13.8960394	37.10821598	-5.0609375	Sciacca-Gela
13.50748459	37.30677405	-8.1410684	Sciacca-Gela
13.74297628	37.16097402	-6.0500013	Sciacca-Gela
13.89112305	37.09286836	-3.9488284	Sciacca-Gela
14.1919468	37.09905844	-4.5712627	Sciacca-Gela
13.44796736	37.30415426	-5.5703122	Sciacca-Gela
13.98961235	37.17384649	-10.9999998	Sciacca-Gela
13.82700384	37.1071153	-3.862802	Sciacca-Gela
13.49660163	37.37094856	-11.0000002	Sciacca-Gela
13.90057292	37.17747842	-9.7937502	Sciacca-Gela
13.34652487	37.43562194	-7.9593601	Sciacca-Gela
14.15332534	37.07033533	-2.3996912	Sciacca-Gela
13.30347298	37.35339901	-2.0003015	Sciacca-Gela
14.18728905	37.17277845	-10.4443384	Sciacca-Gela
13.91684992	37.05803827	-1.9999998	Sciacca-Gela
13.37840641	37.4013043	-7.5894528	Sciacca-Gela
14.04221803	37.13849433	-8.1069034	Sciacca-Gela
13.2140615	37.54305559	-6.9456042	Sciacca-Gela
13.93864723	37.18619094	-10.9999993	Sciacca-Gela
13.45258994	37.37608858	-9.4285303	Sciacca-Gela
13.49489545	37.28930064	-6.74375	Sciacca-Gela
13.50373655	37.31520667	-8.4574216	Sciacca-Gela
14.04970812	37.15082012	-9.0675068	Sciacca-Gela
13.28020168	37.54988637	-10.5629363	Sciacca-Gela
13.534955	37.26903086	-6.6593754	Sciacca-Gela
14.05837166	37.16976162	-10.5491335	Sciacca-Gela
13.35033172	37.48509848	-10.5671868	Sciacca-Gela
13.3054995	37.42694225	-5.7141433	Sciacca-Gela
13.99010886	37.05995371	-2.0002024	Sciacca-Gela
13.2085986	37.46214045	-2.9777085	Sciacca-Gela
14.15082206	37.15244429	-8.909052	Sciacca-Gela
14.14252381	37.11691025	-6.1128909	Sciacca-Gela
13.66891515	37.25395512	-9.5229492	Sciacca-Gela
13.76738994	37.20239882	-9.2125	Sciacca-Gela
13.78080814	37.21953999	-10.6061912	Sciacca-Gela
13.81254997	37.17634351	-8.2499996	Sciacca-Gela
14.22603502	37.16665602	-9.8638901	Sciacca-Gela
13.78700888	37.09732775	-2.5341819	Sciacca-Gela
13.47674188	37.26474855	-4.7625004	Sciacca-Gela
13.74792617	37.18083958	-7.3796872	Sciacca-Gela
13.60394511	37.27552435	-8.9851567	Sciacca-Gela
13.53309257	37.19181733	-2.0000046	Sciacca-Gela
13.51715033	37.32739867	-9.6375742	Sciacca-Gela
13.27424034	37.46627806	-6.2464849	Sciacca-Gela
13.33913363	37.42750911	-7.2319622	Sciacca-Gela
14.06680626	37.1756806	-10.9999998	Sciacca-Gela
13.70936955	37.1088889	-1.9999998	Sciacca-Gela
14.27003809	37.15423636	-8.7347659	Sciacca-Gela
13.26995673	37.49404599	-7.4108127	Sciacca-Gela
13.97874539	37.17647966	-11.0000002	Sciacca-Gela
13.76089324	37.0959186	-2.0000002	Sciacca-Gela
13.72590644	37.12196738	-3.1531245	Sciacca-Gela
13.31764855	37.36683513	-3.2841975	Sciacca-Gela
13.63544274	37.20921086	-5.9128908	Sciacca-Gela
14.16847896	37.07002719	-2.3269456	Sciacca-Gela
14.12802826	37.10139184	-4.9144496	Sciacca-Gela
13.69453426	37.15773259	-4.5017574	Sciacca-Gela
13.37671375	37.46271952	-10.6317258	Sciacca-Gela
13.72149533	37.19056429	-7.2173828	Sciacca-Gela
13.83974038	37.14887173	-6.8703654	Sciacca-Gela
13.45534391	37.40466973	-11.0007693	Sciacca-Gela
13.88138068	37.14198908	-7.0937502	Sciacca-Gela
13.44160202	37.38070785	-9.2066309	Sciacca-Gela
14.21394001	37.100313	-4.6027347	Sciacca-Gela
13.25670243	37.51282314	-7.6961362	Sciacca-Gela
13.83815138	37.12641377	-5.3419313	Sciacca-Gela
13.35503026	37.48965584	-10.9999978	Sciacca-Gela
13.23815888	37.46825621	-4.7207714	Sciacca-Gela
13.99756807	37.14635323	-8.8203127	Sciacca-Gela
13.21132846	37.57958896	-8.478027	Sciacca-Gela
13.73581812	37.1498838	-5.1874803	Sciacca-Gela
13.67079523	37.17462328	-4.8427313	Sciacca-Gela
13.44469452	37.31568296	-6.0212892	Sciacca-Gela
13.77682174	37.09190625	-2.0000002	Sciacca-Gela
13.7205728	37.13409824	-3.8243562	Sciacca-Gela
13.40239799	37.29874478	-3.3959746	Sciacca-Gela
13.32821658	37.41712776	-6.236701	Sciacca-Gela
13.33941091	37.50368196	-11.0000725	Sciacca-Gela
13.1931029	37.59137741	-8.10625	Sciacca-Gela
14.14206873	37.09977829	-4.7578151	Sciacca-Gela
13.91993178	37.06610451	-2.6187495	Sciacca-Gela
14.10357643	37.13463771	-7.6082531	Sciacca-Gela
13.37252333	37.46823617	-10.7187097	Sciacca-Gela
13.20616906	37.48926653	-4.0947271	Sciacca-Gela
14.12820383	37.17807069	-11.0000032	Sciacca-Gela
13.83338522	37.13962371	-6.144472	Sciacca-Gela
13.17416051	37.48212382	-2.1687498	Sciacca-Gela
13.47444618	37.34235937	-8.6201177	Sciacca-Gela
13.29323216	37.3764674	-2.6827754	Sciacca-Gela
14.16736095	37.17405864	-10.5865195	Sciacca-Gela
13.82439778	37.08003927	-1.9999963	Sciacca-Gela
13.40915067	37.41949566	-9.8064451	Sciacca-Gela
13.53671176	37.34091809	-10.9999998	Sciacca-Gela
13.62822543	37.28831793	-10.4308599	Sciacca-Gela
14.08315217	37.08748181	-3.9071453	Sciacca-Gela
13.64155774	37.26549173	-9.4432305	Sciacca-Gela
13.36102094	37.41687403	-7.646459	Sciacca-Gela
13.78558067	37.19528553	-9.0632813	Sciacca-Gela
13.72785163	37.21978487	-9.139259	Sciacca-Gela
13.26734998	37.45380701	-5.3270455	Sciacca-Gela
13.78032333	37.22626906	-11.0001819	Sciacca-Gela
14.05589553	37.06251364	-2.0000134	Sciacca-Gela
13.7120385	37.11665376	-2.5438425	Sciacca-Gela
13.59188812	37.26793912	-8.1937495	Sciacca-Gela
14.00282587	37.08051094	-3.6008433	Sciacca-Gela
13.96035566	37.14015257	-8.2566406	Sciacca-Gela
13.27293571	37.52143749	-8.8843899	Sciacca-Gela
14.13771474	37.16358162	-9.8166245	Sciacca-Gela
14.10079919	37.16167132	-9.7753889	Sciacca-Gela
13.44076179	37.41216266	-10.7664128	Sciacca-Gela
13.87459795	37.08889995	-3.4128909	Sciacca-Gela
13.21406703	37.62385071	-10.6375002	Sciacca-Gela
13.92173121	37.06559465	-2.5874995	Sciacca-Gela
14.23241835	37.11722621	-5.8957041	Sciacca-Gela
13.47729824	37.24801301	-3.7851035	Sciacca-Gela
14.03278129	37.11402129	-6.1834977	Sciacca-Gela
13.45388017	37.24024352	-2.561717	Sciacca-Gela
13.39072035	37.28089473	-2.0000002	Sciacca-Gela
13.17123039	37.50436943	-3.0382827	Sciacca-Gela
13.51957269	37.24563909	-4.8312476	Sciacca-Gela
13.30393819	37.41390735	-5.0024377	Sciacca-Gela
14.11243061	37.17745799	-10.9999993	Sciacca-Gela
14.16615028	37.1165931	-6.03932	Sciacca-Gela
13.75021337	37.17580672	-7.1437501	Sciacca-Gela
13.1764954	37.5188155	-3.9612312	Sciacca-Gela
13.68446872	37.22488829	-8.2253867	Sciacca-Gela
13.98765223	37.06593003	-2.4778416	Sciacca-Gela
13.44719803	37.23468219	-2.0000007	Sciacca-Gela
13.93000709	37.08169795	-3.8312498	Sciacca-Gela
13.22302461	37.48418993	-4.7054692	Sciacca-Gela
13.41291393	37.28546988	-3.1578142	Sciacca-Gela
13.55086443	37.18344824	-1.9999998	Sciacca-Gela
13.27491733	37.50979828	-8.4038494	Sciacca-Gela
13.42392806	37.29368279	-4.0351577	Sciacca-Gela
14.02031682	37.14791898	-8.8975598	Sciacca-Gela
13.6647391	37.13901125	-2.5484536	Sciacca-Gela
13.27669425	37.41856277	-4.0253623	Sciacca-Gela
13.25780904	37.4436333	-4.4007805	Sciacca-Gela
13.55475093	37.19707176	-2.9218755	Sciacca-Gela
13.64779381	37.17949527	-4.4871074	Sciacca-Gela
13.61077968	37.26538899	-8.5722659	Sciacca-Gela
13.26178546	37.57961167	-10.9999978	Sciacca-Gela
13.93402967	37.1834655	-10.7414065	Sciacca-Gela
13.25852192	37.41226536	-2.9004175	Sciacca-Gela
13.96580437	37.1370607	-8.1374999	Sciacca-Gela
13.53018382	37.34398879	-10.9999998	Sciacca-Gela
13.27538806	37.53028664	-9.4265842	Sciacca-Gela
13.25415787	37.40386518	-2.293949	Sciacca-Gela
13.51045575	37.21869057	-2.967188	Sciacca-Gela
14.23895765	37.13828972	-7.5576169	Sciacca-Gela
13.37817375	37.44767254	-9.9302043	Sciacca-Gela
13.21798681	37.51277836	-5.7589833	Sciacca-Gela
13.21151237	37.6078905	-9.7804688	Sciacca-Gela
14.09344276	37.08172212	-3.4292947	Sciacca-Gela
14.05723352	37.14362282	-8.4699426	Sciacca-Gela
13.73886592	37.10146521	-2.0000002	Sciacca-Gela
13.95803361	37.06491857	-2.4587888	Sciacca-Gela
13.79337172	37.08773615	-1.9999797	Sciacca-Gela
14.17399993	37.10150859	-4.8235902	Sciacca-Gela
13.9433493	37.08781864	-4.3005862	Sciacca-Gela
14.01038058	37.11037737	-5.9470901	Sciacca-Gela
13.59194519	37.30406191	-10.3515798	Sciacca-Gela
13.4055062	37.32927912	-5.0815819	Sciacca-Gela
13.46791251	37.24744261	-3.4875405	Sciacca-Gela
13.91875083	37.11207713	-5.6905275	Sciacca-Gela
14.15281196	37.09446068	-4.3148345	Sciacca-Gela
13.98124455	37.05972361	-1.9999958	Sciacca-Gela
14.20215135	37.1573688	-9.1941914	Sciacca-Gela
13.16904249	37.5540811	-5.199999	Sciacca-Gela
13.49359005	37.26757251	-5.4101572	Sciacca-Gela
13.1540621	37.51722597	-2.7676768	Sciacca-Gela
13.72260457	37.25343403	-11.000031	Sciacca-Gela
14.12544629	37.16078551	-9.6281106	Sciacca-Gela
13.71186125	37.25094341	-10.5496538	Sciacca-Gela
13.8291554	37.11876395	-4.6784314	Sciacca-Gela
13.71471045	37.12451283	-3.0878638	Sciacca-Gela
13.75758164	37.1872155	-8.0312706	Sciacca-Gela
14.11204019	37.1078642	-5.4598013	Sciacca-Gela
14.00869401	37.13831523	-8.1613276	Sciacca-Gela
13.5199053	37.22927887	-3.8644563	Sciacca-Gela
13.94212905	37.16349374	-9.5296875	Sciacca-Gela
13.40896514	37.38069002	-7.8320322	Sciacca-Gela
14.20353474	37.16993968	-10.1862866	Sciacca-Gela
13.23421978	37.46811326	-4.5312589	Sciacca-Gela
13.23390129	37.49618091	-5.7965827	Sciacca-Gela
13.42566606	37.39801027	-9.413282	Sciacca-Gela
13.59577567	37.24378845	-6.8617126	Sciacca-Gela
13.26248855	37.55065159	-9.7125042	Sciacca-Gela
14.01619527	37.17437406	-11.0000002	Sciacca-Gela
13.81823825	37.12710289	-5.0517413	Sciacca-Gela
14.00146173	37.11924628	-6.6671807	Sciacca-Gela
13.26678449	37.38638642	-2.0000066	Sciacca-Gela
13.88391845	37.19228691	-10.5193418	Sciacca-Gela
13.5784901	37.26553321	-7.673847	Sciacca-Gela
13.54397505	37.29504805	-8.4656333	Sciacca-Gela
14.04064964	37.14833216	-8.8886787	Sciacca-Gela
13.54237663	37.20647986	-3.1355459	Sciacca-Gela
13.33180176	37.40276703	-5.6881628	Sciacca-Gela
14.00661151	37.16753672	-10.478418	Sciacca-Gela
14.01151987	37.07068948	-2.7913992	Sciacca-Gela
13.65393783	37.20215987	-6.0117175	Sciacca-Gela
13.61709495	37.17255099	-3.2105457	Sciacca-Gela
13.85083782	37.20312801	-10.6874998	Sciacca-Gela
13.77022752	37.12631587	-4.1902346	Sciacca-Gela
13.56739748	37.1756603	-1.9999963	Sciacca-Gela
13.77700161	37.22071605	-10.5757678	Sciacca-Gela
13.50806035	37.28989841	-7.1491838	Sciacca-Gela
14.1494284	37.16834263	-10.1707144	Sciacca-Gela
13.31143915	37.52930406	-11.0000032	Sciacca-Gela
14.2311272	37.12605325	-6.604687	Sciacca-Gela
13.18260053	37.56596434	-6.4203135	Sciacca-Gela
13.9976671	37.06643863	-2.496094	Sciacca-Gela
13.61840853	37.19989882	-4.8789102	Sciacca-Gela
13.98824113	37.1684379	-10.5875002	Sciacca-Gela
14.06217458	37.15582589	-9.4289517	Sciacca-Gela
13.50738816	37.27534574	-6.2617194	Sciacca-Gela
14.07009638	37.06304312	-1.9998274	Sciacca-Gela
13.78190951	37.16100824	-6.707812	Sciacca-Gela
13.84815762	37.13916603	-6.3629987	Sciacca-Gela
13.64657826	37.28301259	-10.629907	Sciacca-Gela
14.09535399	37.17679365	-10.9999978	Sciacca-Gela
13.94696197	37.17802363	-10.5859377	Sciacca-Gela
13.86065615	37.20532485	-10.9999753	Sciacca-Gela
13.61354952	37.28767312	-9.9800781	Sciacca-Gela
13.8249946	37.08529735	-2.3633025	Sciacca-Gela
14.21111065	37.16762392	-9.9876143	Sciacca-Gela
13.56147036	37.27641047	-7.8449314	Sciacca-Gela
13.43400599	37.32729591	-6.1676755	Sciacca-Gela
13.27897494	37.47722737	-6.9945313	Sciacca-Gela
13.50820807	37.32767933	-9.2790994	Sciacca-Gela
13.76055471	37.13611486	-4.6828125	Sciacca-Gela
13.40114256	37.37245803	-7.0853516	Sciacca-Gela
13.58811262	37.18544989	-3.1660554	Sciacca-Gela
13.58284937	37.3123999	-10.5937781	Sciacca-Gela
13.79210902	37.13391594	-5.0671879	Sciacca-Gela
13.39402973	37.36231739	-6.2718747	Sciacca-Gela
13.28302263	37.55637423	-10.9999675	Sciacca-Gela
14.25653091	37.16546338	-9.6736323	Sciacca-Gela
13.36036705	37.35689038	-4.5787115	Sciacca-Gela
13.25760969	37.50438654	-7.3561534	Sciacca-Gela
14.15728282	37.17901842	-11.0000305	Sciacca-Gela
13.18739212	37.46909458	-2.2351565	Sciacca-Gela
13.19422596	37.52475988	-5.1187498	Sciacca-Gela
13.29770465	37.40238613	-4.1584033	Sciacca-Gela
13.47658574	37.28457031	-5.7654299	Sciacca-Gela
14.01994749	37.08451042	-3.8679319	Sciacca-Gela
13.25356141	37.48780959	-6.3690276	Sciacca-Gela
13.58989853	37.25586356	-7.4171876	Sciacca-Gela
13.41746112	37.32246884	-5.2324047	Sciacca-Gela
13.1633523	37.5452564	-4.5125006	Sciacca-Gela
14.21050405	37.18039302	-11.000093	Sciacca-Gela
14.17123602	37.06604008	-1.9999495	Sciacca-Gela
14.27334326	37.18271813	-10.9999998	Sciacca-Gela
13.59950536	37.31136669	-11.0000193	Sciacca-Gela
13.273328	37.5669833	-11.0000032	Sciacca-Gela
13.62453277	37.14875181	-1.9999988	Sciacca-Gela
14.08378359	37.06340575	-2.0000432	Sciacca-Gela
13.68191542	37.14576517	-3.4335935	Sciacca-Gela
13.46784908	37.39444925	-10.9999954	Sciacca-Gela
13.2248525	37.574994	-8.943749	Sciacca-Gela
13.79288892	37.18542609	-8.5265625	Sciacca-Gela
13.48621386	37.29093766	-6.4910155	Sciacca-Gela
13.62759018	37.25558868	-8.4598269	Sciacca-Gela
13.56709748	37.32662041	-11.0000085	Sciacca-Gela
13.18274592	37.53113535	-4.8363279	Sciacca-Gela
13.80014341	37.14888526	-6.2039061	Sciacca-Gela
13.32542204	37.38671774	-4.6145763	Sciacca-Gela
13.52844872	37.3449028	-10.9999998	Sciacca-Gela
13.75603865	37.10259082	-2.3644529	Sciacca-Gela
13.34194402	37.33393635	-2.6395034	Sciacca-Gela
13.28760311	37.3676724	-2.0000022	Sciacca-Gela
13.19957248	37.60140109	-8.8875	Sciacca-Gela
13.28838582	37.41988504	-4.6082114	Sciacca-Gela
13.48568261	37.35430324	-9.6968748	Sciacca-Gela
13.49270061	37.21756624	-2.4011711	Sciacca-Gela
14.19289554	37.14446061	-8.1906835	Sciacca-Gela
13.95367751	37.11501975	-6.4312503	Sciacca-Gela
13.87338557	37.1515192	-7.6046653	Sciacca-Gela
13.37212305	37.3909964	-6.8023443	Sciacca-Gela
13.85859222	37.14639725	-7.0203113	Sciacca-Gela
13.70768384	37.19069822	-6.8374991	Sciacca-Gela
13.28104588	37.42940649	-4.751462	Sciacca-Gela
13.3263585	37.49487518	-9.9880112	Sciacca-Gela
13.87159479	37.06861303	-1.9999993	Sciacca-Gela
13.21739463	37.44117431	-2.4603384	Sciacca-Gela
14.12106577	37.06438168	-1.9999963	Sciacca-Gela
13.47416127	37.30224947	-6.564844	Sciacca-Gela
13.53420115	37.21732711	-3.5531536	Sciacca-Gela
13.81091841	37.08331924	-2.0008635	Sciacca-Gela
13.28686597	37.52632529	-9.7492441	Sciacca-Gela
13.22296432	37.42658183	-1.9999993	Sciacca-Gela
14.0873213	37.13799218	-7.9265614	Sciacca-Gela
13.31308741	37.45693261	-7.5290413	Sciacca-Gela
13.46134423	37.25759985	-3.7566411	Sciacca-Gela
14.14267401	37.17862454	-10.9993093	Sciacca-Gela
13.67681975	37.26898215	-10.6417952	Sciacca-Gela
13.60636021	37.21050694	-5.1734875	Sciacca-Gela
14.18275653	37.11996618	-6.2704386	Sciacca-Gela
13.42527565	37.27791934	-3.2882815	Sciacca-Gela
13.94432528	37.12247735	-6.8066406	Sciacca-Gela
13.97022905	37.14060752	-8.4218752	Sciacca-Gela
13.74897881	37.19646617	-8.3414271	Sciacca-Gela
13.48516328	37.33470266	-8.6765625	Sciacca-Gela
13.66762217	37.19495594	-5.9664206	Sciacca-Gela
13.25099623	37.43226204	-3.5386677	Sciacca-Gela
14.2515394	37.13251514	-7.0572264	Sciacca-Gela
13.98070294	37.15679257	-9.6812495	Sciacca-Gela
13.76052234	37.19494332	-8.5755386	Sciacca-Gela
13.28813445	37.48176116	-7.628121	Sciacca-Gela
13.74230114	37.22240808	-9.7015623	Sciacca-Gela
13.54759743	37.27936295	-7.6312505	Sciacca-Gela
13.33304859	37.43925362	-7.5414067	Sciacca-Gela
13.33861447	37.36838643	-4.2450342	Sciacca-Gela
13.89871308	37.13740759	-7.0677744	Sciacca-Gela
14.26021913	37.14489099	-8.0187505	Sciacca-Gela
13.29620548	37.54332053	-10.9998069	Sciacca-Gela
13.58494215	37.16739527	-2.0000515	Sciacca-Gela
13.71198752	37.17719996	-6.1531245	Sciacca-Gela
13.68761343	37.26990448	-10.9999998	Sciacca-Gela
13.3822706	37.34251098	-4.7729445	Sciacca-Gela
13.93024848	37.07877688	-3.6125002	Sciacca-Gela
13.66104084	37.2735445	-10.4710186	Sciacca-Gela
13.61030644	37.15960468	-2.247657	Sciacca-Gela
13.26911876	37.43106355	-4.295511	Sciacca-Gela
14.02834417	37.13214321	-7.6325945	Sciacca-Gela
13.8510817	37.09836315	-3.6664038	Sciacca-Gela
13.49537607	37.34109758	-9.4279297	Sciacca-Gela
13.65350503	37.22424441	-7.3171879	Sciacca-Gela
14.14869886	37.06515532	-2.0001282	Sciacca-Gela
13.43081106	37.42504327	-11.0000002	Sciacca-Gela
13.53761072	37.31995177	-9.7734395	Sciacca-Gela
13.75230437	37.23502184	-10.7351594	Sciacca-Gela
13.61931169	37.30204797	-10.9999988	Sciacca-Gela
13.71118581	37.16512174	-5.4101588	Sciacca-Gela
13.32327032	37.46646953	-8.450104	Sciacca-Gela
13.34741122	37.41970658	-7.2148949	Sciacca-Gela
13.27624019	37.37788769	-2.0000002	Sciacca-Gela
13.39663905	37.4459802	-10.622071	Sciacca-Gela
13.33939147	37.49328038	-10.4861177	Sciacca-Gela
13.68739963	37.119143	-1.9999954	Sciacca-Gela
13.33359295	37.50231506	-10.6751892	Sciacca-Gela
13.70803466	37.26029251	-11.0000037	Sciacca-Gela
13.22285623	37.52725157	-6.6632806	Sciacca-Gela
13.88305455	37.17694965	-9.4731882	Sciacca-Gela
13.7764852	37.10444448	-2.8328127	Sciacca-Gela
13.25154187	37.4661082	-5.2170543	Sciacca-Gela
13.98408202	37.10869363	-5.8679707	Sciacca-Gela
13.6147771	37.18935135	-4.1476567	Sciacca-Gela
13.25134713	37.49467682	-6.6000497	Sciacca-Gela
