14.34675199	45.76	-0.9999999	Tolmin-Idrija
13.75741256	46.16002208	-4.6045507	Tolmin-Idrija
13.65072928	46.20782977	-0.9999999	Tolmin-Idrija
13.97113833	46.05667491	-20.6961542	Tolmin-Idrija
13.88781483	46.10150815	-20.6961542	Tolmin-Idrija
14.34781789	45.76096462	-1.8986376	Tolmin-Idrija
14.17067899	45.90632673	-1.0000009	Tolmin-Idrija
13.89049767	46.07054818	-3.7513041	Tolmin-Idrija
14.06266499	45.97388305	-1.8154892	Tolmin-Idrija
13.8414208	46.12196797	-15.9448397	Tolmin-Idrija
14.34990581	45.76285425	-3.6589809	Tolmin-Idrija
13.7564019	46.15597028	-2.127913	Tolmin-Idrija
13.84638933	46.11408424	-13.6301596	Tolmin-Idrija
13.84218477	46.11278246	-11.4266521	Tolmin-Idrija
13.8844185	46.08072316	-7.8936732	Tolmin-Idrija
14.31880716	45.81653183	-16.6246898	Tolmin-Idrija
13.67406627	46.22891002	-20.6961542	Tolmin-Idrija
13.84753205	46.11761257	-15.9383261	Tolmin-Idrija
13.95004472	46.06808546	-20.6961513	Tolmin-Idrija
14.22673583	45.87479133	-5.2800668	Tolmin-Idrija
13.79956984	46.13906191	-9.6293783	Tolmin-Idrija
13.7060234	46.19856689	-7.7951605	Tolmin-Idrija
14.33349121	45.80629295	-17.7478827	Tolmin-Idrija
13.77025072	46.1490153	-3.7436132	Tolmin-Idrija
14.35208145	45.76482308	-5.4931854	Tolmin-Idrija
13.61303865	46.22617307	-2.0709804	Tolmin-Idrija
13.82529166	46.1293372	-13.8517204	Tolmin-Idrija
14.07596973	45.97860409	-8.826145	Tolmin-Idrija
13.82824046	46.1139817	-6.8737919	Tolmin-Idrija
14.34200129	45.79517465	-15.9050272	Tolmin-Idrija
14.18706689	45.93014704	-19.5834198	Tolmin-Idrija
14.31144493	45.80452274	-7.8736852	Tolmin-Idrija
13.87977754	46.09882219	-16.4668671	Tolmin-Idrija
13.94028201	46.04826995	-5.9609701	Tolmin-Idrija
14.32264514	45.8218058	-20.6961434	Tolmin-Idrija
13.85892592	46.08379112	-0.9999999	Tolmin-Idrija
13.68093472	46.22352369	-18.5266933	Tolmin-Idrija
14.09596204	45.97512359	-13.2623944	Tolmin-Idrija
14.35489964	45.76737321	-7.8690346	Tolmin-Idrija
14.17053586	45.91536294	-5.7331127	Tolmin-Idrija
14.25978516	45.84146635	-3.3294848	Tolmin-Idrija
13.97562267	46.03585282	-10.0602285	Tolmin-Idrija
14.3571484	45.76940796	-9.764789	Tolmin-Idrija
14.09168294	45.96147837	-4.0182826	Tolmin-Idrija
14.24640702	45.87134582	-11.8490423	Tolmin-Idrija
13.8919225	46.09001711	-15.6859105	Tolmin-Idrija
14.07846314	45.98964295	-15.9932982	Tolmin-Idrija
14.28318927	45.84742133	-15.9682807	Tolmin-Idrija
14.24038325	45.8865476	-16.5107221	Tolmin-Idrija
14.22298724	45.86902821	-0.9999999	Tolmin-Idrija
13.67223948	46.2297568	-20.6961542	Tolmin-Idrija
14.20999867	45.8813935	-2.1171415	Tolmin-Idrija
14.35960169	45.77162761	-11.8328855	Tolmin-Idrija
13.74580134	46.17085307	-5.6532323	Tolmin-Idrija
13.77597944	46.14791872	-5.3331532	Tolmin-Idrija
14.30949291	45.80109223	-5.4317313	Tolmin-Idrija
14.1778209	45.9132415	-7.2627094	Tolmin-Idrija
13.97896704	46.0400234	-13.546681	Tolmin-Idrija
13.90137367	46.07799613	-11.5182115	Tolmin-Idrija
13.74428961	46.20055656	-19.8836893	Tolmin-Idrija
14.14327615	45.96110555	-20.6961542	Tolmin-Idrija
13.88822699	46.08416481	-11.1066026	Tolmin-Idrija
13.83078996	46.10248548	-1.8124657	Tolmin-Idrija
14.17678346	45.93648615	-19.3316376	Tolmin-Idrija
14.36173374	45.77355657	-13.6301593	Tolmin-Idrija
14.11387198	45.97800591	-20.6961542	Tolmin-Idrija
14.03195643	45.99056678	-1.7124472	Tolmin-Idrija
14.10881172	45.95749178	-7.2419975	Tolmin-Idrija
13.74637821	46.16303413	-2.0094286	Tolmin-Idrija
14.17257432	45.92472429	-11.492045	Tolmin-Idrija
13.99913147	46.04006266	-20.0164071	Tolmin-Idrija
13.66405192	46.20442607	-1.6339706	Tolmin-Idrija
13.71715182	46.19143743	-6.510682	Tolmin-Idrija
13.89463327	46.06588904	-2.2723475	Tolmin-Idrija
13.62838424	46.24879899	-19.3959022	Tolmin-Idrija
13.64808858	46.23306672	-15.2181635	Tolmin-Idrija
14.36401191	45.77561753	-15.550535	Tolmin-Idrija
13.94434477	46.06263667	-15.7113226	Tolmin-Idrija
14.03766678	46.00779438	-13.5432179	Tolmin-Idrija
13.86839253	46.08323403	-3.9071059	Tolmin-Idrija
14.15030514	45.92544733	-3.9617392	Tolmin-Idrija
14.11046743	45.94666514	-1.5338651	Tolmin-Idrija
13.83289042	46.10438332	-3.5851327	Tolmin-Idrija
14.36596885	45.7773878	-17.2000883	Tolmin-Idrija
13.95187058	46.04343138	-6.8601874	Tolmin-Idrija
13.74888731	46.16530097	-4.1267665	Tolmin-Idrija
13.97377978	46.02259235	-1.786702	Tolmin-Idrija
14.26970374	45.83359225	-3.8405697	Tolmin-Idrija
14.17222357	45.9178628	-7.6719232	Tolmin-Idrija
14.18294842	45.92821945	-17.0676615	Tolmin-Idrija
14.30784661	45.81882097	-13.0608224	Tolmin-Idrija
13.65261786	46.20953623	-2.5941581	Tolmin-Idrija
13.92716197	46.07026787	-14.915028	Tolmin-Idrija
13.79653324	46.15855485	-18.5726542	Tolmin-Idrija
14.36869255	45.77985157	-19.4959208	Tolmin-Idrija
13.83607866	46.10726502	-6.2748764	Tolmin-Idrija
13.82247727	46.12165087	-8.7490485	Tolmin-Idrija
14.07814236	45.9932205	-17.9508822	Tolmin-Idrija
13.6386813	46.22456928	-7.2781496	Tolmin-Idrija
13.8800305	46.07926996	-5.6532103	Tolmin-Idrija
14.37011651	45.78113957	-20.6961542	Tolmin-Idrija
13.62993921	46.22189999	-3.3418314	Tolmin-Idrija
14.07896229	45.96527665	-2.107912	Tolmin-Idrija
13.84369178	46.12801402	-19.9490819	Tolmin-Idrija
13.79523821	46.15630849	-16.9230995	Tolmin-Idrija
14.12361618	45.93755402	-0.9999999	Tolmin-Idrija
13.69674086	46.21561283	-16.7322807	Tolmin-Idrija
14.30235298	45.81971154	-11.1566014	Tolmin-Idrija
13.74572773	46.16602543	-3.234288	Tolmin-Idrija
14.03051922	46.00244963	-8.1634171	Tolmin-Idrija
13.84380438	46.11424579	-12.7930728	Tolmin-Idrija
13.61699221	46.2250529	-2.2987782	Tolmin-Idrija
13.92853722	46.06114923	-9.946364	Tolmin-Idrija
13.84012173	46.1084221	-8.3429911	Tolmin-Idrija
13.67470136	46.20004472	-0.9999999	Tolmin-Idrija
14.23788413	45.89594503	-19.9821698	Tolmin-Idrija
13.94972451	46.05680262	-13.9256002	Tolmin-Idrija
14.25233664	45.84310182	-0.999994	Tolmin-Idrija
13.78521086	46.13361877	-1.4139481	Tolmin-Idrija
14.06217182	45.99060357	-11.3376424	Tolmin-Idrija
14.22916674	45.88559549	-11.3897247	Tolmin-Idrija
14.06904279	45.97960867	-7.1695553	Tolmin-Idrija
13.81971555	46.1088094	-0.9998153	Tolmin-Idrija
13.63679997	46.22286964	-5.6901474	Tolmin-Idrija
13.70808033	46.21286816	-17.736704	Tolmin-Idrija
13.67540158	46.20067738	-1.5908808	Tolmin-Idrija
14.33668376	45.80971637	-20.6961571	Tolmin-Idrija
14.19296548	45.92818611	-20.6961063	Tolmin-Idrija
13.63124369	46.21784955	-0.9999999	Tolmin-Idrija
13.78992662	46.13034863	-1.4924022	Tolmin-Idrija
14.31145891	45.808953	-9.9925128	Tolmin-Idrija
13.71124485	46.20328333	-12.2021886	Tolmin-Idrija
14.07210269	45.99041344	-14.3901046	Tolmin-Idrija
13.9205264	46.08350644	-20.6961542	Tolmin-Idrija
13.94623817	46.05428003	-11.3526951	Tolmin-Idrija
14.34690832	45.77375384	-7.6520687	Tolmin-Idrija
14.23635166	45.89208994	-17.446289	Tolmin-Idrija
14.13745494	45.95385295	-14.7134481	Tolmin-Idrija
13.68753267	46.22382401	-20.2056747	Tolmin-Idrija
13.84358781	46.11155307	-11.2666209	Tolmin-Idrija
13.85180077	46.12146966	-19.5390058	Tolmin-Idrija
14.17786939	45.90657506	-3.7501478	Tolmin-Idrija
14.00983862	46.02108341	-12.4269339	Tolmin-Idrija
14.30519007	45.8134349	-9.4326052	Tolmin-Idrija
13.97914398	46.0500457	-19.4124423	Tolmin-Idrija
14.25418085	45.85264435	-6.2683456	Tolmin-Idrija
14.35241111	45.77311692	-9.6009108	Tolmin-Idrija
13.86595443	46.1148315	-20.6961786	Tolmin-Idrija
14.23652834	45.86043089	-2.5856942	Tolmin-Idrija
13.81766838	46.11613823	-4.07741	Tolmin-Idrija
13.84996215	46.11980879	-17.987933	Tolmin-Idrija
13.89698234	46.07742464	-9.8232637	Tolmin-Idrija
14.11314016	45.96790956	-14.6411334	Tolmin-Idrija
14.24712114	45.84938639	-1.7905429	Tolmin-Idrija
14.1835194	45.90702747	-6.048309	Tolmin-Idrija
13.64051487	46.21303401	-0.9999999	Tolmin-Idrija
13.87237612	46.10648723	-18.2249032	Tolmin-Idrija
14.35066209	45.78201158	-13.1454501	Tolmin-Idrija
13.66644937	46.21080436	-6.5522387	Tolmin-Idrija
14.29182319	45.80996333	-2.17562	Tolmin-Idrija
14.21704196	45.89735761	-13.136986	Tolmin-Idrija
13.94007516	46.05694811	-11.0273321	Tolmin-Idrija
14.17206742	45.9067627	-1.735497	Tolmin-Idrija
13.9375833	46.05406806	-8.5537697	Tolmin-Idrija
14.27631133	45.82366899	-2.0092606	Tolmin-Idrija
14.2387312	45.89671054	-20.6961542	Tolmin-Idrija
13.96474029	46.03007253	-3.231205	Tolmin-Idrija
13.82378593	46.10835724	-2.2814198	Tolmin-Idrija
13.7749469	46.17653893	-19.7503934	Tolmin-Idrija
13.66543762	46.20686414	-3.6185883	Tolmin-Idrija
13.83483424	46.10026358	-2.0034852	Tolmin-Idrija
13.84966409	46.0912212	-1.9944257	Tolmin-Idrija
14.23373761	45.88972724	-15.2427821	Tolmin-Idrija
13.65539666	46.22652721	-13.5901532	Tolmin-Idrija
14.14238278	45.95718227	-18.2618334	Tolmin-Idrija
14.22595412	45.88515998	-9.9248146	Tolmin-Idrija
14.19258151	45.90366365	-7.5666671	Tolmin-Idrija
14.25732523	45.85769902	-9.961754	Tolmin-Idrija
13.64552141	46.23074863	-13.0515795	Tolmin-Idrija
13.85713306	46.11626666	-18.4980336	Tolmin-Idrija
14.11678899	45.94388922	-1.9909931	Tolmin-Idrija
13.87249411	46.0918398	-10.0987027	Tolmin-Idrija
13.76642853	46.16553048	-10.8480727	Tolmin-Idrija
13.68402846	46.20847072	-8.8723187	Tolmin-Idrija
13.94325301	46.03807387	-0.9999999	Tolmin-Idrija
13.63229365	46.21879826	-1.886327	Tolmin-Idrija
14.0261851	46.01112925	-11.8317216	Tolmin-Idrija
14.05614944	45.97610321	-0.9998397	Tolmin-Idrija
14.10996324	45.9605107	-9.3529872	Tolmin-Idrija
13.74715455	46.18230817	-11.8602172	Tolmin-Idrija
13.66890239	46.22424662	-16.3383808	Tolmin-Idrija
13.80617942	46.14503268	-15.2058524	Tolmin-Idrija
14.12355791	45.9529122	-9.3554548	Tolmin-Idrija
14.27193471	45.85165393	-13.1968949	Tolmin-Idrija
14.32829612	45.77578094	-0.9999999	Tolmin-Idrija
14.13897504	45.96394003	-20.6961542	Tolmin-Idrija
13.71882412	46.20720333	-16.7445424	Tolmin-Idrija
14.00965916	46.01255632	-7.4089579	Tolmin-Idrija
14.13768274	45.96277244	-19.6067128	Tolmin-Idrija
13.75677587	46.17758281	-13.3378095	Tolmin-Idrija
14.19364334	45.89838844	-5.1592738	Tolmin-Idrija
14.36332652	45.7869453	-20.6961542	Tolmin-Idrija
13.68433911	46.19642472	-0.9999931	Tolmin-Idrija
13.65055363	46.23529304	-17.2985683	Tolmin-Idrija
13.7267385	46.18470606	-5.0746425	Tolmin-Idrija
14.01792289	46.01138456	-9.3539378	Tolmin-Idrija
13.95616134	46.04477118	-9.008297	Tolmin-Idrija
13.73174201	46.20314808	-17.914849	Tolmin-Idrija
13.69681485	46.22001852	-19.6621093	Tolmin-Idrija
14.07395529	45.98322351	-10.8395958	Tolmin-Idrija
14.34016167	45.76807254	-2.1671513	Tolmin-Idrija
13.73809585	46.19248406	-13.303942	Tolmin-Idrija
13.74919067	46.19089709	-16.9188734	Tolmin-Idrija
14.32513511	45.81456931	-18.2941737	Tolmin-Idrija
13.73190276	46.18689071	-8.078306	Tolmin-Idrija
14.21127045	45.91413103	-19.9186962	Tolmin-Idrija
14.04095776	46.01829705	-20.6961542	Tolmin-Idrija
14.09309336	45.98801329	-19.7682704	Tolmin-Idrija
13.94806529	46.06704326	-19.4674364	Tolmin-Idrija
14.18469503	45.89668957	-0.9999999	Tolmin-Idrija
14.20631725	45.88804497	-4.2981439	Tolmin-Idrija
13.70145845	46.18975684	-1.0000253	Tolmin-Idrija
14.13556664	45.93120298	-1.8240077	Tolmin-Idrija
13.66851973	46.22639762	-17.5570805	Tolmin-Idrija
13.79707479	46.13680778	-7.5243556	Tolmin-Idrija
13.81134862	46.15187493	-20.6961923	Tolmin-Idrija
14.19745831	45.90803788	-11.6601624	Tolmin-Idrija
14.24871494	45.87347517	-13.8148112	Tolmin-Idrija
14.31493731	45.78855126	-1.6478143	Tolmin-Idrija
13.72436079	46.18007792	-1.7139862	Tolmin-Idrija
13.63827333	46.22925428	-10.2616894	Tolmin-Idrija
13.76418886	46.18650804	-20.6961649	Tolmin-Idrija
13.77602102	46.15236091	-7.6462909	Tolmin-Idrija
13.6667217	46.22227708	-14.4980211	Tolmin-Idrija
13.80523158	46.15502336	-20.022203	Tolmin-Idrija
14.1191281	45.97291505	-19.4563095	Tolmin-Idrija
14.19651334	45.91280388	-13.8405873	Tolmin-Idrija
13.83059997	46.10106712	-1.000288	Tolmin-Idrija
14.1382766	45.9438243	-9.5955248	Tolmin-Idrija
14.22555399	45.86845625	-1.7993866	Tolmin-Idrija
13.7538175	46.17098496	-8.9032765	Tolmin-Idrija
13.67939762	46.20428756	-4.9638559	Tolmin-Idrija
13.82915506	46.12868576	-14.9101383	Tolmin-Idrija
13.83705288	46.13100718	-19.0465224	Tolmin-Idrija
14.30979282	45.79159514	-1.0000018	Tolmin-Idrija
13.74036455	46.19453284	-15.218162	Tolmin-Idrija
14.1309988	45.96843076	-20.6960878	Tolmin-Idrija
13.64586159	46.2168931	-4.9367304	Tolmin-Idrija
13.65457954	46.23892872	-20.6961542	Tolmin-Idrija
14.2825735	45.81582527	-1.0000009	Tolmin-Idrija
14.26823612	45.87082244	-20.6961552	Tolmin-Idrija
14.23173698	45.88791884	-13.556299	Tolmin-Idrija
13.72706185	46.19887905	-13.9392572	Tolmin-Idrija
13.86593555	46.10377896	-14.5253143	Tolmin-Idrija
13.9954748	46.02359988	-9.3093913	Tolmin-Idrija
14.11784584	45.94906411	-5.2961869	Tolmin-Idrija
13.84469746	46.11598423	-14.0364931	Tolmin-Idrija
14.27557007	45.85720605	-17.3245277	Tolmin-Idrija
14.16838517	45.91376937	-4.1050873	Tolmin-Idrija
14.14765794	45.94484329	-13.4812841	Tolmin-Idrija
13.95110237	46.03853871	-3.7778305	Tolmin-Idrija
14.21186292	45.89306857	-8.9794618	Tolmin-Idrija
13.62754209	46.22015825	-1.6031054	Tolmin-Idrija
14.28547526	45.81992355	-4.1321478	Tolmin-Idrija
14.11517458	45.94708664	-3.2942118	Tolmin-Idrija
13.71068706	46.20028418	-10.1463917	Tolmin-Idrija
13.62932263	46.21859641	-0.9999999	Tolmin-Idrija
14.06016498	45.97808348	-3.4310941	Tolmin-Idrija
14.26035228	45.83766687	-1.7840673	Tolmin-Idrija
13.98098787	46.04620753	-17.7771234	Tolmin-Idrija
13.6125543	46.24284146	-10.1956426	Tolmin-Idrija
13.70172805	46.1991844	-7.1365834	Tolmin-Idrija
13.70998645	46.19728766	-8.0882086	Tolmin-Idrija
13.78166879	46.15512987	-11.2050693	Tolmin-Idrija
13.79417804	46.1420802	-9.1666298	Tolmin-Idrija
13.61185078	46.23388405	-5.4501005	Tolmin-Idrija
13.81801615	46.11863345	-5.5238978	Tolmin-Idrija
14.34785216	45.7971089	-19.2279833	Tolmin-Idrija
14.32005285	45.80528213	-11.7621375	Tolmin-Idrija
13.85394667	46.12216452	-20.6967567	Tolmin-Idrija
13.77656311	46.1417075	-2.3398632	Tolmin-Idrija
13.71317053	46.20502246	-13.827121	Tolmin-Idrija
13.91307808	46.05632322	-2.3142958	Tolmin-Idrija
14.23050025	45.90237316	-20.6961542	Tolmin-Idrija
13.90130796	46.06025034	-1.0000038	Tolmin-Idrija
14.32187717	45.81393935	-16.6584774	Tolmin-Idrija
13.83457103	46.10340518	-3.6589809	Tolmin-Idrija
14.23611606	45.88297629	-13.0485077	Tolmin-Idrija
14.23918486	45.89465053	-19.8344481	Tolmin-Idrija
14.08638589	45.97064159	-7.5928307	Tolmin-Idrija
14.21808419	45.87557558	-2.0463583	Tolmin-Idrija
13.92394154	46.04842485	-0.9999872	Tolmin-Idrija
14.16034908	45.94392907	-17.5014935	Tolmin-Idrija
13.63510432	46.24610558	-20.6961542	Tolmin-Idrija
13.61437112	46.23646443	-7.7290075	Tolmin-Idrija
13.83256518	46.12862564	-16.1366781	Tolmin-Idrija
13.67542521	46.21122181	-8.8423014	Tolmin-Idrija
14.24997783	45.88694814	-20.6961542	Tolmin-Idrija
13.94613947	46.03764896	-1.676285	Tolmin-Idrija
14.26503511	45.85353707	-11.2112211	Tolmin-Idrija
13.77861234	46.16160408	-13.403183	Tolmin-Idrija
13.96607897	46.04375551	-11.5897608	Tolmin-Idrija
13.82340306	46.1236561	-10.1493874	Tolmin-Idrija
14.13274013	45.9583066	-15.4397421	Tolmin-Idrija
14.28175346	45.85887454	-20.6959179	Tolmin-Idrija
14.27040519	45.86454398	-18.6380341	Tolmin-Idrija
14.24710603	45.85482079	-4.3468095	Tolmin-Idrija
13.78373465	46.161206	-15.1258339	Tolmin-Idrija
14.26951545	45.84425574	-8.7245368	Tolmin-Idrija
13.85375477	46.10576437	-11.4933932	Tolmin-Idrija
14.26442276	45.84451869	-6.7040224	Tolmin-Idrija
13.72218353	46.2106655	-19.8467587	Tolmin-Idrija
13.87298033	46.08358822	-5.6639877	Tolmin-Idrija
13.84932425	46.10040397	-6.9988642	Tolmin-Idrija
13.67080991	46.22846585	-19.4897655	Tolmin-Idrija
14.10734086	45.95483692	-5.2377548	Tolmin-Idrija
13.99550829	46.0092709	-1.0000097	Tolmin-Idrija
14.2588105	45.83736769	-0.9999013	Tolmin-Idrija
14.22605687	45.88278456	-8.7676517	Tolmin-Idrija
13.81349383	46.12902361	-9.3841519	Tolmin-Idrija
14.16361627	45.91117466	-0.9999999	Tolmin-Idrija
14.19721084	45.92058696	-18.218184	Tolmin-Idrija
14.19049602	45.89496036	-2.1973554	Tolmin-Idrija
14.19991764	45.90253468	-9.6409198	Tolmin-Idrija
14.30080378	45.80142615	-1.9988085	Tolmin-Idrija
13.65739744	46.22940398	-15.9132977	Tolmin-Idrija
13.80878235	46.12164392	-3.752056	Tolmin-Idrija
13.81288497	46.13611021	-12.9196456	Tolmin-Idrija
13.82839332	46.1366186	-18.8418778	Tolmin-Idrija
14.30554162	45.80163556	-4.0746644	Tolmin-Idrija
14.27201898	45.86657987	-20.2714589	Tolmin-Idrija
14.22290429	45.8836426	-8.0042885	Tolmin-Idrija
13.67100291	46.22614363	-18.1110341	Tolmin-Idrija
13.68972511	46.21361604	-13.6794003	Tolmin-Idrija
14.00799999	46.03147675	-17.8803451	Tolmin-Idrija
13.66396163	46.23405639	-20.6961542	Tolmin-Idrija
14.28003605	45.85902585	-20.0482606	Tolmin-Idrija
13.95694915	46.06332982	-20.0191015	Tolmin-Idrija
13.60278378	46.23401452	-1.9478778	Tolmin-Idrija
13.70568379	46.19576473	-5.924038	Tolmin-Idrija
13.72902853	46.20167424	-16.2299076	Tolmin-Idrija
13.95775199	46.06405507	-20.6961542	Tolmin-Idrija
13.63821918	46.22663365	-8.509162	Tolmin-Idrija
14.26158509	45.87397815	-19.4135975	Tolmin-Idrija
13.74525264	46.20142604	-20.6961542	Tolmin-Idrija
14.11244195	45.96448588	-12.4430163	Tolmin-Idrija
14.1428523	45.93713905	-7.6166771	Tolmin-Idrija
14.11837586	45.96778896	-16.2589398	Tolmin-Idrija
14.32623068	45.81864237	-20.6962167	Tolmin-Idrija
13.62442943	46.22634496	-4.9678075	Tolmin-Idrija
13.79134958	46.1377248	-5.8486561	Tolmin-Idrija
13.69590976	46.20357278	-8.5845106	Tolmin-Idrija
13.71493455	46.18603695	-2.5374306	Tolmin-Idrija
14.05917831	45.98111875	-4.8744779	Tolmin-Idrija
14.18697858	45.93229065	-20.6961542	Tolmin-Idrija
13.72896318	46.18423552	-5.5978217	Tolmin-Idrija
13.98135109	46.01705464	-1.0000477	Tolmin-Idrija
14.26766198	45.83923349	-5.6023475	Tolmin-Idrija
13.99991503	46.02499615	-11.5374931	Tolmin-Idrija
14.0467259	45.99949698	-11.599763	Tolmin-Idrija
13.62499509	46.25407756	-20.6961542	Tolmin-Idrija
13.80971922	46.11581142	-0.9999345	Tolmin-Idrija
14.06079741	45.99783467	-15.1081483	Tolmin-Idrija
13.81454041	46.11494617	-2.2985067	Tolmin-Idrija
13.89697287	46.09457829	-19.9452186	Tolmin-Idrija
14.03320425	46.01270058	-14.9769559	Tolmin-Idrija
13.69927539	46.19247189	-2.1017645	Tolmin-Idrija
13.72630092	46.1818306	-3.3512284	Tolmin-Idrija
14.31702007	45.80414312	-9.9756724	Tolmin-Idrija
14.09561649	45.96896063	-9.5986018	Tolmin-Idrija
13.83887964	46.09601099	-0.9999999	Tolmin-Idrija
13.62580122	46.22822323	-6.549619	Tolmin-Idrija
14.06035124	45.99537481	-13.5363002	Tolmin-Idrija
14.0294062	45.99073606	-0.9999999	Tolmin-Idrija
13.90432486	46.09195697	-20.6963085	Tolmin-Idrija
13.78673054	46.13726216	-3.8745634	Tolmin-Idrija
13.97509207	46.04546967	-15.4645536	Tolmin-Idrija
13.93967305	46.06829789	-17.6159281	Tolmin-Idrija
13.84954114	46.11693168	-16.2891405	Tolmin-Idrija
13.69797046	46.19129275	-0.9999999	Tolmin-Idrija
14.13057894	45.9563535	-13.6178568	Tolmin-Idrija
13.66172727	46.23333388	-19.5790136	Tolmin-Idrija
13.75947761	46.18202312	-16.6076864	Tolmin-Idrija
14.21153729	45.91541513	-20.6961561	Tolmin-Idrija
13.79479278	46.13059439	-3.402162	Tolmin-Idrija
13.60166099	46.23300001	-0.9999999	Tolmin-Idrija
13.76852509	46.18303809	-20.6961542	Tolmin-Idrija
13.96158823	46.06015938	-19.6636464	Tolmin-Idrija
13.60746477	46.23824368	-5.8994188	Tolmin-Idrija
13.72131143	46.21237364	-20.6961542	Tolmin-Idrija
13.65064857	46.23836252	-19.3327763	Tolmin-Idrija
14.01182619	46.00187564	-1.886702	Tolmin-Idrija
14.29791174	45.82984116	-13.9971547	Tolmin-Idrija
13.6761111	46.21401674	-10.9161677	Tolmin-Idrija
14.35739586	45.78153296	-15.6742128	Tolmin-Idrija
14.15030251	45.93951018	-11.5451376	Tolmin-Idrija
13.69264276	46.21625092	-16.1414179	Tolmin-Idrija
13.76158453	46.18594978	-19.3870731	Tolmin-Idrija
14.0773446	45.98504978	-12.9822475	Tolmin-Idrija
14.25682911	45.87359588	-17.2520224	Tolmin-Idrija
13.61510932	46.22804417	-3.8190116	Tolmin-Idrija
13.70157076	46.19097663	-1.7846366	Tolmin-Idrija
14.16540587	45.91185606	-2.0093368	Tolmin-Idrija
13.617953	46.23061352	-6.2194779	Tolmin-Idrija
13.6531935	46.23767779	-19.5266874	Tolmin-Idrija
14.24043877	45.86445313	-6.1117675	Tolmin-Idrija
13.82499989	46.13551158	-17.0184755	Tolmin-Idrija
13.84700455	46.12708965	-20.6961571	Tolmin-Idrija
13.76692741	46.18159535	-19.3481991	Tolmin-Idrija
14.20037168	45.91517969	-16.5045722	Tolmin-Idrija
13.83678867	46.1054093	-5.5301151	Tolmin-Idrija
14.01034721	46.00637386	-4.0321254	Tolmin-Idrija
13.84924996	46.11487196	-15.0459374	Tolmin-Idrija
14.22507182	45.87264805	-3.5758876	Tolmin-Idrija
13.67390916	46.20619135	-5.0469442	Tolmin-Idrija
14.05811396	45.98646059	-7.6412326	Tolmin-Idrija
14.09811104	45.97960776	-16.5399608	Tolmin-Idrija
13.83625864	46.13386716	-20.2528583	Tolmin-Idrija
14.07812931	45.99651621	-19.8528378	Tolmin-Idrija
13.78995699	46.13239505	-2.5728563	Tolmin-Idrija
13.64820941	46.23565781	-16.9415766	Tolmin-Idrija
13.62438779	46.2451898	-16.0229345	Tolmin-Idrija
13.74248015	46.19644323	-17.0031259	Tolmin-Idrija
14.07308636	45.99337347	-16.4214125	Tolmin-Idrija
14.34472745	45.76928123	-4.6162831	Tolmin-Idrija
14.30512403	45.80470046	-5.3424696	Tolmin-Idrija
13.61764189	46.2394817	-10.5210905	Tolmin-Idrija
13.90823294	46.08513587	-17.8613602	Tolmin-Idrija
14.08380864	45.99481598	-20.6960673	Tolmin-Idrija
13.71858355	46.20991039	-18.3941581	Tolmin-Idrija
13.72351472	46.17931358	-0.9999999	Tolmin-Idrija
14.29844957	45.83396719	-16.1448827	Tolmin-Idrija
13.751178	46.1673703	-6.0594447	Tolmin-Idrija
13.64798318	46.22013484	-7.5135819	Tolmin-Idrija
13.99355538	46.03357946	-14.476683	Tolmin-Idrija
14.27383066	45.83753367	-7.416641	Tolmin-Idrija
13.86591969	46.11363921	-20.0187157	Tolmin-Idrija
14.01281508	46.03225401	-19.8668554	Tolmin-Idrija
13.72249041	46.19729698	-11.6582368	Tolmin-Idrija
13.69465597	46.21806899	-17.8402099	Tolmin-Idrija
13.83811394	46.1091042	-7.9921354	Tolmin-Idrija
13.79429068	46.14708143	-11.7960031	Tolmin-Idrija
14.31887618	45.81413728	-15.5261088	Tolmin-Idrija
14.12048984	45.95141503	-7.5027572	Tolmin-Idrija
13.62963495	46.23591393	-12.5969242	Tolmin-Idrija
13.84345637	46.12442883	-17.9871581	Tolmin-Idrija
14.14141782	45.92581676	-1.0000018	Tolmin-Idrija
14.23770572	45.85602859	-0.9999999	Tolmin-Idrija
14.32374284	45.81926286	-19.9715643	Tolmin-Idrija
13.91278117	46.06866574	-9.5232036	Tolmin-Idrija
13.79823922	46.14814297	-13.831787	Tolmin-Idrija
13.88204925	46.09384061	-14.461862	Tolmin-Idrija
13.91950418	46.0771257	-16.6053563	Tolmin-Idrija
14.12466577	45.95100952	-8.6322682	Tolmin-Idrija
14.15587853	45.95279897	-20.6961542	Tolmin-Idrija
13.92963238	46.05329346	-5.6382011	Tolmin-Idrija
13.84028833	46.11752348	-13.2008454	Tolmin-Idrija
13.82145525	46.11944314	-7.2102958	Tolmin-Idrija
13.87451525	46.07428467	-0.9999999	Tolmin-Idrija
14.00794399	46.03637304	-20.6961688	Tolmin-Idrija
13.62986805	46.24137673	-16.27683	Tolmin-Idrija
14.31181508	45.83162754	-20.6961532	Tolmin-Idrija
13.83071152	46.13851831	-20.6961356	Tolmin-Idrija
13.6574563	46.21640464	-8.2198722	Tolmin-Idrija
13.72191004	46.18034417	-0.9999999	Tolmin-Idrija
14.33329091	45.79563897	-12.5603329	Tolmin-Idrija
14.02431602	46.02519392	-19.4166806	Tolmin-Idrija
14.09367999	45.95512453	-0.9999989	Tolmin-Idrija
13.65073091	46.22206742	-9.5066615	Tolmin-Idrija
14.22069778	45.8779388	-4.2498656	Tolmin-Idrija
13.96208258	46.05376218	-16.112952	Tolmin-Idrija
13.68567906	46.22513954	-20.6961542	Tolmin-Idrija
14.02811542	45.99595192	-3.6216649	Tolmin-Idrija
13.70838119	46.20989334	-15.8506005	Tolmin-Idrija
13.66410003	46.22240589	-13.8271212	Tolmin-Idrija
13.76037494	46.16595867	-8.7923327	Tolmin-Idrija
13.61944243	46.22220746	-1.0000175	Tolmin-Idrija
13.84622875	46.11198891	-12.4115877	Tolmin-Idrija
14.09733586	45.98725034	-20.696161	Tolmin-Idrija
14.00424043	46.01748721	-8.5541881	Tolmin-Idrija
14.0902671	45.98104029	-14.8380941	Tolmin-Idrija
13.77030611	46.14367062	-0.9999999	Tolmin-Idrija
14.22790196	45.89460975	-15.638244	Tolmin-Idrija
13.64047484	46.22619073	-8.7922816	Tolmin-Idrija
14.26762522	45.82937421	-1.0000272	Tolmin-Idrija
13.88103251	46.075544	-3.7852333	Tolmin-Idrija
14.1347405	45.96011457	-17.1262157	Tolmin-Idrija
14.13020483	45.9634728	-17.5824032	Tolmin-Idrija
13.99615713	46.03650196	-17.002372	Tolmin-Idrija
13.74996216	46.17665023	-10.1725563	Tolmin-Idrija
13.9954839	46.01771265	-5.9003192	Tolmin-Idrija
13.88288923	46.07824324	-5.9548583	Tolmin-Idrija
14.23195497	45.89058619	-14.9842699	Tolmin-Idrija
13.82511038	46.11252388	-4.9483939	Tolmin-Idrija
14.24020719	45.89557444	-20.6961542	Tolmin-Idrija
13.90463035	46.08222952	-15.029287	Tolmin-Idrija
13.80156978	46.13409887	-7.7266986	Tolmin-Idrija
13.70399371	46.20555304	-11.8990589	Tolmin-Idrija
13.95679101	46.05184987	-13.3127838	Tolmin-Idrija
13.65970971	46.21844026	-10.1217819	Tolmin-Idrija
13.66656512	46.22463233	-15.9075272	Tolmin-Idrija
13.83357181	46.13151837	-18.0276903	Tolmin-Idrija
13.83910296	46.13270357	-20.696119	Tolmin-Idrija
14.12208173	45.94867408	-6.4533783	Tolmin-Idrija
14.24818142	45.88665387	-19.8090595	Tolmin-Idrija
13.88675885	46.10091671	-20.0075614	Tolmin-Idrija
13.75604939	46.17177075	-10.1710456	Tolmin-Idrija
14.06857289	45.99872692	-18.0987118	Tolmin-Idrija
13.75850162	46.17398576	-12.2391149	Tolmin-Idrija
13.97138176	46.03012665	-5.3855595	Tolmin-Idrija
13.81596151	46.13874842	-15.4413168	Tolmin-Idrija
13.75087933	46.19522955	-19.7336571	Tolmin-Idrija
13.72472542	46.18288762	-3.3758471	Tolmin-Idrija
14.15673022	45.91726204	-1.8320604	Tolmin-Idrija
13.76915179	46.17310467	-15.79212	Tolmin-Idrija
14.16999868	45.92378445	-10.0694645	Tolmin-Idrija
13.74518212	46.16195336	-0.9999999	Tolmin-Idrija
13.69822524	46.20540261	-10.3656152	Tolmin-Idrija
13.67821805	46.21665764	-13.201423	Tolmin-Idrija
13.69879967	46.20958205	-13.2649928	Tolmin-Idrija
13.87752072	46.07700114	-3.5358837	Tolmin-Idrija
13.79727677	46.1243649	-1.0000087	Tolmin-Idrija
14.17938636	45.92589829	-14.5471459	Tolmin-Idrija
14.14058369	45.9550316	-16.4618671	Tolmin-Idrija
13.65022243	46.20986919	-2.1140634	Tolmin-Idrija
14.15619873	45.94240602	-15.2039281	Tolmin-Idrija
14.18289841	45.92035605	-12.8819068	Tolmin-Idrija
13.95123241	46.05084216	-10.951941	Tolmin-Idrija
13.62183004	46.25121932	-18.0248642	Tolmin-Idrija
14.11177309	45.94500851	-0.9999237	Tolmin-Idrija
13.72046522	46.21160958	-19.9821698	Tolmin-Idrija
14.29351546	45.81550546	-5.4691454	Tolmin-Idrija
14.07885379	45.97235549	-6.1533143	Tolmin-Idrija
14.0102981	46.02760465	-16.3642294	Tolmin-Idrija
14.16389098	45.91925919	-5.4546517	Tolmin-Idrija
13.79431693	46.13431622	-5.1977494	Tolmin-Idrija
13.76406049	46.17900626	-16.9292616	Tolmin-Idrija
14.29413998	45.84764955	-20.6961532	Tolmin-Idrija
14.31229284	45.81868406	-14.8734809	Tolmin-Idrija
13.86424422	46.0821256	-1.8792108	Tolmin-Idrija
13.68130879	46.20601403	-6.5764677	Tolmin-Idrija
14.01825829	46.00613055	-6.4056718	Tolmin-Idrija
13.88417462	46.0830153	-9.1492659	Tolmin-Idrija
13.68691793	46.20491911	-7.2411933	Tolmin-Idrija
13.7352559	46.20602479	-20.6961571	Tolmin-Idrija
13.6607488	46.21688197	-9.4570366	Tolmin-Idrija
13.98867514	46.029231	-10.3956736	Tolmin-Idrija
14.17701394	45.92433948	-12.8606709	Tolmin-Idrija
13.73479127	46.18949966	-10.5157062	Tolmin-Idrija
13.7338482	46.17102931	-1.0000565	Tolmin-Idrija
13.64890261	46.20867665	-0.9999999	Tolmin-Idrija
14.02958175	46.00662435	-10.2925844	Tolmin-Idrija
14.14582854	45.958254	-20.0652626	Tolmin-Idrija
13.61929223	46.24892737	-15.8829071	Tolmin-Idrija
14.04456544	45.98244318	-1.0000028	Tolmin-Idrija
14.04986173	45.98067544	-1.6523036	Tolmin-Idrija
13.81209926	46.13357892	-11.290866	Tolmin-Idrija
13.72275609	46.18110852	-1.7139862	Tolmin-Idrija
13.65542532	46.21207275	-4.963851	Tolmin-Idrija
13.64156457	46.21431624	-2.0840585	Tolmin-Idrija
14.22878611	45.88772179	-12.312979	Tolmin-Idrija
14.26067335	45.84414374	-4.9638173	Tolmin-Idrija
14.29087454	45.83187224	-11.9729126	Tolmin-Idrija
14.12000874	45.94680035	-4.7053407	Tolmin-Idrija
13.89709087	46.09158489	-18.2372704	Tolmin-Idrija
13.73349194	46.17776398	-4.1904296	Tolmin-Idrija
14.12772273	45.95847185	-13.9009318	Tolmin-Idrija
14.08792751	45.97587324	-11.1052431	Tolmin-Idrija
13.81081028	46.14581149	-17.3109799	Tolmin-Idrija
13.64270706	46.22820462	-10.6757522	Tolmin-Idrija
13.74685738	46.20039558	-20.6961542	Tolmin-Idrija
13.65393099	46.22330927	-11.2294997	Tolmin-Idrija
14.04897105	45.9846984	-3.7116845	Tolmin-Idrija
14.25037611	45.86033247	-8.3083512	Tolmin-Idrija
14.12487988	45.93974197	-2.6295477	Tolmin-Idrija
14.30867974	45.8277946	-17.5886171	Tolmin-Idrija
13.79517254	46.16365012	-20.6961493	Tolmin-Idrija
13.65908003	46.23170862	-17.7990507	Tolmin-Idrija
13.72319026	46.21157447	-20.6961542	Tolmin-Idrija
14.34991914	45.79840631	-20.6961542	Tolmin-Idrija
14.30796987	45.80655751	-7.4074496	Tolmin-Idrija
14.08930642	45.98730817	-18.1418104	Tolmin-Idrija
13.85512197	46.09342003	-5.0752191	Tolmin-Idrija
13.66383926	46.2035726	-1.0000009	Tolmin-Idrija
14.13129681	45.96045531	-16.196787	Tolmin-Idrija
13.89337605	46.07325759	-6.2437191	Tolmin-Idrija
13.91714063	46.07296325	-13.4124208	Tolmin-Idrija
13.75323336	46.16922704	-7.7952191	Tolmin-Idrija
13.68339278	46.1985774	-2.1836571	Tolmin-Idrija
13.70756027	46.21755418	-20.6960634	Tolmin-Idrija
13.73730084	46.19424581	-13.987152	Tolmin-Idrija
13.70826246	46.20058933	-9.6847561	Tolmin-Idrija
14.01229578	46.00009319	-1.0000009	Tolmin-Idrija
13.62870863	46.23004622	-8.470808	Tolmin-Idrija
14.29155302	45.84411752	-17.9586542	Tolmin-Idrija
14.3570881	45.78578765	-17.5864135	Tolmin-Idrija
13.89471359	46.08830959	-15.5652309	Tolmin-Idrija
14.30229839	45.810937	-7.0500338	Tolmin-Idrija
13.76472194	46.1716233	-13.3581828	Tolmin-Idrija
14.23993859	45.88309619	-14.6972909	Tolmin-Idrija
14.36322844	45.78468835	-19.5747821	Tolmin-Idrija
14.19646323	45.92419281	-19.855995	Tolmin-Idrija
13.67313266	46.22806695	-19.9083095	Tolmin-Idrija
14.05481971	46.01071706	-20.6961552	Tolmin-Idrija
13.89786267	46.09538165	-20.6961542	Tolmin-Idrija
13.99528581	46.01423473	-3.8175888	Tolmin-Idrija
14.34048441	45.76536	-0.9999999	Tolmin-Idrija
13.75218368	46.19612849	-20.6961542	Tolmin-Idrija
14.18235228	45.91462495	-9.6474552	Tolmin-Idrija
13.89379221	46.08518644	-13.4317106	Tolmin-Idrija
14.23121298	45.87555104	-7.5033859	Tolmin-Idrija
13.82061207	46.14333873	-19.5715477	Tolmin-Idrija
14.33420458	45.81050903	-20.0614364	Tolmin-Idrija
13.63455436	46.22084012	-3.7943988	Tolmin-Idrija
14.1610613	45.92502756	-7.5605016	Tolmin-Idrija
13.62381361	46.25301068	-19.699038	Tolmin-Idrija
14.20302342	45.89491492	-6.7365058	Tolmin-Idrija
14.3178501	45.79145957	-4.2340829	Tolmin-Idrija
13.84030339	46.11108385	-9.8385934	Tolmin-Idrija
14.12995822	45.94666757	-8.1714008	Tolmin-Idrija
13.75431879	46.15530578	-0.9999999	Tolmin-Idrija
13.88675726	46.08534827	-11.3281712	Tolmin-Idrija
14.21611784	45.90604914	-17.4035883	Tolmin-Idrija
14.04939139	45.98951534	-6.6457377	Tolmin-Idrija
13.84115506	46.10198692	-5.1054174	Tolmin-Idrija
13.76159495	46.17677947	-14.8488512	Tolmin-Idrija
13.95452621	46.06114094	-17.9756249	Tolmin-Idrija
13.62091317	46.23328839	-8.7184242	Tolmin-Idrija
13.68180753	46.20274494	-4.5391337	Tolmin-Idrija
14.05239763	45.99222	-9.1730353	Tolmin-Idrija
13.73432325	46.20530504	-19.9852567	Tolmin-Idrija
13.94399617	46.05162642	-9.0938902	Tolmin-Idrija
13.95258505	46.05938722	-16.3383812	Tolmin-Idrija
13.69570023	46.21335515	-14.9850189	Tolmin-Idrija
14.26300609	45.85954473	-13.1990224	Tolmin-Idrija
14.07388135	46.00029559	-20.6960653	Tolmin-Idrija
14.2235669	45.88053379	-6.6687899	Tolmin-Idrija
14.30079192	45.79930304	-0.9999999	Tolmin-Idrija
13.86093943	46.11023738	-16.4291644	Tolmin-Idrija
14.32745939	45.77918928	-2.2902518	Tolmin-Idrija
14.10628406	45.97806024	-18.2818368	Tolmin-Idrija
14.26924846	45.8583762	-15.2489457	Tolmin-Idrija
14.21805032	45.89322141	-11.3139392	Tolmin-Idrija
13.78338812	46.16523864	-17.0816034	Tolmin-Idrija
13.87724584	46.07424071	-1.8432431	Tolmin-Idrija
13.83309784	46.11925236	-11.4307708	Tolmin-Idrija
14.06580603	45.98465455	-9.0383096	Tolmin-Idrija
13.89479805	46.09261337	-18.1110272	Tolmin-Idrija
14.2117013	45.90477242	-15.1185267	Tolmin-Idrija
13.98793394	46.03252481	-12.0675407	Tolmin-Idrija
13.71401352	46.20328785	-12.9531044	Tolmin-Idrija
13.66342526	46.21929961	-11.7159392	Tolmin-Idrija
14.31777652	45.79581171	-6.2894809	Tolmin-Idrija
13.74504811	46.19876196	-19.169704	Tolmin-Idrija
13.92620452	46.06500014	-11.503208	Tolmin-Idrija
13.65361324	46.21293275	-4.976162	Tolmin-Idrija
14.27890846	45.83762126	-9.6001466	Tolmin-Idrija
13.60667035	46.22904933	-0.9999989	Tolmin-Idrija
14.22880534	45.90023222	-18.9448519	Tolmin-Idrija
14.31447576	45.81107312	-12.2515736	Tolmin-Idrija
14.27607537	45.84337455	-11.0835138	Tolmin-Idrija
13.60976884	46.24032524	-7.844414	Tolmin-Idrija
13.78334011	46.13417956	-1.000037	Tolmin-Idrija
14.17785299	45.92154748	-11.6727084	Tolmin-Idrija
13.8087421	46.14944389	-18.4620839	Tolmin-Idrija
13.92766396	46.0475969	-1.6616786	Tolmin-Idrija
13.78311765	46.15095755	-9.592448	Tolmin-Idrija
14.16854958	45.91821216	-6.5455824	Tolmin-Idrija
13.60485447	46.2358854	-3.695911	Tolmin-Idrija
13.82996472	46.11771238	-9.4648889	Tolmin-Idrija
13.90874565	46.06282948	-4.8238241	Tolmin-Idrija
13.73680431	46.17985926	-6.5414623	Tolmin-Idrija
13.66183921	46.22036382	-11.9190559	Tolmin-Idrija
14.28891707	45.85091818	-20.0136942	Tolmin-Idrija
14.24585032	45.86720641	-9.6647693	Tolmin-Idrija
14.12997244	45.94080816	-5.0155917	Tolmin-Idrija
13.97835316	46.0311341	-8.1983219	Tolmin-Idrija
13.70365205	46.21695565	-19.3331649	Tolmin-Idrija
13.64219942	46.24276873	-20.2134491	Tolmin-Idrija
14.15770932	45.94887048	-19.2281796	Tolmin-Idrija
14.17303001	45.94149101	-20.6961444	Tolmin-Idrija
13.71634773	46.20539583	-14.9227194	Tolmin-Idrija
14.28997391	45.82511189	-8.4458788	Tolmin-Idrija
14.04992263	46.00581173	-16.2872162	Tolmin-Idrija
13.69451234	46.19846506	-4.8695619	Tolmin-Idrija
13.73323041	46.19056976	-10.5526354	Tolmin-Idrija
13.73117337	46.18871187	-8.8169118	Tolmin-Idrija
13.61446476	46.24456718	-11.808265	Tolmin-Idrija
14.27511743	45.85338836	-15.3418524	Tolmin-Idrija
13.7374372	46.16986588	-1.846329	Tolmin-Idrija
14.23482574	45.87886972	-10.5737938	Tolmin-Idrija
13.60719103	46.23017475	-1.7663036	Tolmin-Idrija
13.71947886	46.19453666	-9.0921375	Tolmin-Idrija
14.33772577	45.78400682	-8.8030625	Tolmin-Idrija
14.06866547	45.98918244	-12.5806284	Tolmin-Idrija
13.61008925	46.23181093	-3.7228402	Tolmin-Idrija
14.14566559	45.93218274	-5.9440453	Tolmin-Idrija
14.13313606	45.96576729	-19.8481884	Tolmin-Idrija
13.74695502	46.18752271	-14.3624374	Tolmin-Idrija
13.88843405	46.09653283	-18.1329638	Tolmin-Idrija
14.30192264	45.83855654	-19.7468329	Tolmin-Idrija
14.32006789	45.80963218	-13.8529247	Tolmin-Idrija
14.32985079	45.79372369	-10.2337235	Tolmin-Idrija
13.89686608	46.07453646	-8.078298	Tolmin-Idrija
13.94239254	46.05942489	-13.2085307	Tolmin-Idrija
14.03866114	45.99330201	-5.4345282	Tolmin-Idrija
14.27055986	45.8481079	-10.9587822	Tolmin-Idrija
14.16272804	45.91684083	-3.7389916	Tolmin-Idrija
13.87439692	46.09455848	-12.2610473	Tolmin-Idrija
13.62684826	46.23378368	-10.5018902	Tolmin-Idrija
14.16584133	45.93273845	-13.4197475	Tolmin-Idrija
14.15671971	45.91572783	-0.9999413	Tolmin-Idrija
14.32996689	45.78114229	-4.2529423	Tolmin-Idrija
14.32123423	45.81779453	-18.2341527	Tolmin-Idrija
14.1156145	45.9428283	-0.9999999	Tolmin-Idrija
14.30616822	45.79689656	-2.0595097	Tolmin-Idrija
14.17172556	45.93253614	-15.403202	Tolmin-Idrija
13.88718627	46.08139981	-9.1508834	Tolmin-Idrija
14.06419855	45.98033534	-6.0260888	Tolmin-Idrija
13.88207328	46.08111556	-7.3766308	Tolmin-Idrija
13.99332921	46.02124361	-7.2590216	Tolmin-Idrija
13.77604412	46.17756856	-20.6961532	Tolmin-Idrija
14.269421	45.86144848	-16.7692338	Tolmin-Idrija
14.00568883	46.02595291	-13.9365119	Tolmin-Idrija
14.3233328	45.79493575	-8.144839	Tolmin-Idrija
13.88916501	46.08752384	-13.3593373	Tolmin-Idrija
13.79870774	46.12482066	-1.7648124	Tolmin-Idrija
13.68685158	46.21102066	-11.2543078	Tolmin-Idrija
13.85353946	46.12054354	-19.6621073	Tolmin-Idrija
14.21479348	45.88688909	-6.7742094	Tolmin-Idrija
13.72872248	46.18649817	-6.7488153	Tolmin-Idrija
14.21711925	45.87717393	-2.4772118	Tolmin-Idrija
13.96174112	46.05681308	-17.7725067	Tolmin-Idrija
13.74237824	46.1988307	-18.2710663	Tolmin-Idrija
14.12453869	45.95580074	-11.3342482	Tolmin-Idrija
13.61665246	46.24654312	-13.6547799	Tolmin-Idrija
13.72273025	46.20830729	-18.5386933	Tolmin-Idrija
14.26380106	45.84906403	-8.5852472	Tolmin-Idrija
13.62070035	46.24254294	-13.2516234	Tolmin-Idrija
13.77098822	46.17641693	-18.1972059	Tolmin-Idrija
14.17763226	45.93252017	-17.4955341	Tolmin-Idrija
13.87043044	46.08895844	-7.790943	Tolmin-Idrija
13.78934297	46.12982124	-0.9999999	Tolmin-Idrija
14.21987886	45.87966914	-4.8038202	Tolmin-Idrija
13.63297416	46.24418327	-18.8988734	Tolmin-Idrija
13.6296402	46.25041473	-20.6961542	Tolmin-Idrija
14.019231	46.01794664	-13.5855336	Tolmin-Idrija
13.81385589	46.1244116	-7.0700211	Tolmin-Idrija
14.21684316	45.87445335	-0.9999999	Tolmin-Idrija
13.99002813	46.0462573	-20.6961542	Tolmin-Idrija
14.00672914	46.01089987	-5.5135624	Tolmin-Idrija
13.9924148	46.01248408	-1.8872216	Tolmin-Idrija
13.65022494	46.24057329	-20.6959608	Tolmin-Idrija
13.80557974	46.12707938	-5.4662406	Tolmin-Idrija
14.34633885	45.78101823	-10.8988563	Tolmin-Idrija
13.80688044	46.14690901	-16.4493651	Tolmin-Idrija
14.07443112	45.97193906	-4.4875897	Tolmin-Idrija
13.71509162	46.18974285	-4.8753705	Tolmin-Idrija
13.98031009	46.02233869	-3.7274599	Tolmin-Idrija
13.71581822	46.20741351	-16.0614086	Tolmin-Idrija
14.18551055	45.92325046	-15.3670184	Tolmin-Idrija
14.02395073	46.02759034	-20.6962245	Tolmin-Idrija
14.13415367	45.95180754	-12.4360791	Tolmin-Idrija
14.28029522	45.84449244	-13.3838944	Tolmin-Idrija
13.70253307	46.19291818	-3.265058	Tolmin-Idrija
13.68384653	46.2188927	-15.9936981	Tolmin-Idrija
13.83891293	46.100235	-3.3666161	Tolmin-Idrija
14.04728481	46.01075651	-18.3233842	Tolmin-Idrija
14.2352554	45.89356923	-17.7663519	Tolmin-Idrija
13.61177004	46.22502678	-0.9999999	Tolmin-Idrija
13.8122648	46.14967492	-19.8931317	Tolmin-Idrija
13.73533124	46.19246709	-12.325289	Tolmin-Idrija
13.67747223	46.20254809	-3.3389267	Tolmin-Idrija
14.31580173	45.82489359	-19.2445292	Tolmin-Idrija
13.7033019	46.19610914	-5.4993383	Tolmin-Idrija
13.83302413	46.12369381	-13.7254413	Tolmin-Idrija
13.87966204	46.07155677	-1.0000126	Tolmin-Idrija
14.06382128	46.00441974	-19.8975438	Tolmin-Idrija
13.62348063	46.2356058	-10.885017	Tolmin-Idrija
13.78814783	46.1665401	-19.5467001	Tolmin-Idrija
13.75946146	46.16296931	-6.9003776	Tolmin-Idrija
14.32869823	45.8051695	-15.2464208	Tolmin-Idrija
14.04074704	46.01672264	-19.7136542	Tolmin-Idrija
13.85133597	46.11855307	-17.8032826	Tolmin-Idrija
13.90359496	46.09134279	-20.1047968	Tolmin-Idrija
13.82585653	46.12606722	-12.3221168	Tolmin-Idrija
13.73946016	46.19619575	-15.8090468	Tolmin-Idrija
14.30798695	45.80459233	-6.4904423	Tolmin-Idrija
14.22205518	45.88163547	-6.6380434	Tolmin-Idrija
13.80161301	46.14090757	-11.3527803	Tolmin-Idrija
13.93609509	46.04479968	-2.6125663	Tolmin-Idrija
14.00782941	46.01865899	-10.3764709	Tolmin-Idrija
14.0695758	45.96860319	-0.9999852	Tolmin-Idrija
13.74875077	46.17356561	-8.166035	Tolmin-Idrija
13.93440503	46.07625686	-20.6961561	Tolmin-Idrija
13.69804046	46.22112513	-20.6961542	Tolmin-Idrija
14.1276882	45.95374121	-11.1804514	Tolmin-Idrija
14.28041199	45.82879754	-6.1263851	Tolmin-Idrija
14.2153672	45.87558962	-0.9999999	Tolmin-Idrija
14.28034999	45.85538146	-18.4744242	Tolmin-Idrija
13.9344011	46.04295473	-0.9999999	Tolmin-Idrija
13.62659384	46.23841931	-13.5132123	Tolmin-Idrija
13.81836868	46.14700449	-20.6961542	Tolmin-Idrija
13.64105929	46.23131679	-12.3113235	Tolmin-Idrija
14.25652459	45.86946795	-15.1781522	Tolmin-Idrija
13.99814834	46.03781014	-18.3964696	Tolmin-Idrija
14.15598961	45.93215877	-9.6028371	Tolmin-Idrija
13.73915184	46.18337423	-9.2127561	Tolmin-Idrija
13.84387504	46.1093164	-10.1219226	Tolmin-Idrija
13.92348148	46.08032624	-19.727496	Tolmin-Idrija
13.63930999	46.24058001	-18.0549569	Tolmin-Idrija
13.80600196	46.14922021	-17.3109008	Tolmin-Idrija
13.65824015	46.21461575	-7.3396996	Tolmin-Idrija
14.02666917	46.01877236	-16.4299291	Tolmin-Idrija
13.64540952	46.23312876	-14.5780219	Tolmin-Idrija
14.20473582	45.88290477	-0.9999989	Tolmin-Idrija
14.10211539	45.95321118	-2.6164735	Tolmin-Idrija
13.71490113	46.18356869	-1.0000087	Tolmin-Idrija
13.80420969	46.1432535	-13.5439855	Tolmin-Idrija
14.17404228	45.92028769	-9.6231781	Tolmin-Idrija
14.29988575	45.80677228	-4.0929003	Tolmin-Idrija
13.80066827	46.15016458	-15.7905917	Tolmin-Idrija
14.31641552	45.81343685	-14.1718065	Tolmin-Idrija
13.85164385	46.10200528	-8.6799599	Tolmin-Idrija
13.63496057	46.23756573	-14.9924447	Tolmin-Idrija
13.92919054	46.05004692	-3.5820419	Tolmin-Idrija
14.0933013	45.96351553	-5.7139975	Tolmin-Idrija
13.6387507	46.24475602	-20.696205	Tolmin-Idrija
13.87543443	46.07511549	-1.775537	Tolmin-Idrija
14.29449697	45.80501465	-0.9999755	Tolmin-Idrija
13.9625743	46.02741762	-0.999997	Tolmin-Idrija
14.33704494	45.77952014	-6.3747059	Tolmin-Idrija
14.24464444	45.88648733	-18.2572172	Tolmin-Idrija
13.63554262	46.22421615	-6.2502504	Tolmin-Idrija
13.9178855	46.06255803	-7.4878085	Tolmin-Idrija
