13.05756601	46.246	-6.0000005	Trasaghis-Taipana
13.23765648	46.26306635	-8.8031309	Trasaghis-Taipana
13.36248534	46.27695493	-11.4683429	Trasaghis-Taipana
13.33518669	46.24314436	-8.0254417	Trasaghis-Taipana
13.05799415	46.24801549	-6.1864126	Trasaghis-Taipana
13.17161115	46.23705541	-6.0000025	Trasaghis-Taipana
13.37803087	46.30921268	-14.6036875	Trasaghis-Taipana
13.27968879	46.28535887	-11.1590509	Trasaghis-Taipana
13.32334195	46.31053992	-13.8510537	Trasaghis-Taipana
13.27364491	46.25015182	-7.9131909	Trasaghis-Taipana
13.17662677	46.28005715	-9.9549856	Trasaghis-Taipana
13.21808619	46.29344826	-11.4095014	Trasaghis-Taipana
13.3284337	46.27799337	-11.0273062	Trasaghis-Taipana
13.05903166	46.25289897	-6.6381038	Trasaghis-Taipana
13.15728253	46.23918237	-6.1149649	Trasaghis-Taipana
13.27124487	46.23366469	-6.3970225	Trasaghis-Taipana
13.2225805	46.31895157	-13.7637202	Trasaghis-Taipana
13.36359224	46.27385334	-11.2123446	Trasaghis-Taipana
13.23773916	46.28109993	-10.4420807	Trasaghis-Taipana
13.21569866	46.31925795	-13.7540471	Trasaghis-Taipana
13.21202558	46.28136771	-10.2715006	Trasaghis-Taipana
13.13108216	46.25022367	-6.9266846	Trasaghis-Taipana
13.060201	46.25840223	-7.1471531	Trasaghis-Taipana
13.10525053	46.33434772	-14.3887791	Trasaghis-Taipana
13.33176342	46.23161563	-6.9441607	Trasaghis-Taipana
13.35182348	46.31181634	-14.410292	Trasaghis-Taipana
13.39286385	46.22320873	-7.221763	Trasaghis-Taipana
13.06160512	46.26500954	-7.7583704	Trasaghis-Taipana
13.21600991	46.28698793	-10.8068446	Trasaghis-Taipana
13.30191342	46.30160648	-12.8103245	Trasaghis-Taipana
13.31659108	46.31600414	-14.2344077	Trasaghis-Taipana
13.19893433	46.3231079	-14.0125938	Trasaghis-Taipana
13.13746852	46.28562969	-10.1938295	Trasaghis-Taipana
13.37981073	46.25072377	-9.4387696	Trasaghis-Taipana
13.20805068	46.26546233	-8.7965037	Trasaghis-Taipana
13.37039752	46.22757128	-7.2201944	Trasaghis-Taipana
13.1827584	46.32865662	-14.4297559	Trasaghis-Taipana
13.17272888	46.29094574	-10.9280686	Trasaghis-Taipana
13.3483996	46.28677871	-12.1231515	Trasaghis-Taipana
13.21712143	46.26797452	-9.0873684	Trasaghis-Taipana
13.17256639	46.33124613	-14.6037534	Trasaghis-Taipana
13.12079571	46.29407432	-10.8390002	Trasaghis-Taipana
13.36458572	46.26849266	-10.7533594	Trasaghis-Taipana
13.2027274	46.23618157	-6.0930459	Trasaghis-Taipana
13.38199235	46.25925777	-10.2343834	Trasaghis-Taipana
13.37405096	46.28290928	-12.1977688	Trasaghis-Taipana
13.13572595	46.33118077	-14.3255974	Trasaghis-Taipana
13.31418339	46.30477428	-13.194804	Trasaghis-Taipana
13.06333882	46.27316623	-8.5129817	Trasaghis-Taipana
13.36299353	46.22479968	-6.8460254	Trasaghis-Taipana
13.17354785	46.27562337	-9.5328667	Trasaghis-Taipana
13.16349292	46.24629013	-6.7980691	Trasaghis-Taipana
13.21057751	46.25372687	-7.7416575	Trasaghis-Taipana
13.18199893	46.2392033	-6.2538521	Trasaghis-Taipana
13.10397991	46.29593466	-10.8840252	Trasaghis-Taipana
13.31202087	46.29468541	-12.2609649	Trasaghis-Taipana
13.1245276	46.32154928	-13.3664336	Trasaghis-Taipana
13.25470523	46.26190008	-8.8313664	Trasaghis-Taipana
13.32823432	46.30047873	-13.0298936	Trasaghis-Taipana
13.32427405	46.25144191	-8.5945373	Trasaghis-Taipana
13.40413676	46.23264779	-8.2548722	Trasaghis-Taipana
13.06494506	46.2807216	-9.212028	Trasaghis-Taipana
13.27873961	46.27443273	-10.1588773	Trasaghis-Taipana
13.29683321	46.31014728	-13.546563	Trasaghis-Taipana
13.0661148	46.28622303	-9.7210771	Trasaghis-Taipana
13.21758473	46.27473092	-9.7049503	Trasaghis-Taipana
13.32853633	46.2253701	-6.3369759	Trasaghis-Taipana
13.31840095	46.28721006	-11.6925343	Trasaghis-Taipana
13.08986437	46.24719608	-6.3471148	Trasaghis-Taipana
13.27444701	46.25500119	-8.3599525	Trasaghis-Taipana
13.26774891	46.32326814	-14.5104419	Trasaghis-Taipana
13.34792012	46.218188	-5.999752	Trasaghis-Taipana
13.20560114	46.23497809	-6.0000005	Trasaghis-Taipana
13.0817531	46.27648837	-8.9510059	Trasaghis-Taipana
13.36166904	46.30349819	-13.8221031	Trasaghis-Taipana
13.09110957	46.33785547	-14.603647	Trasaghis-Taipana
13.34823649	46.282027	-11.6967775	Trasaghis-Taipana
13.2292423	46.2859332	-10.8144013	Trasaghis-Taipana
13.08227165	46.33857199	-14.603647	Trasaghis-Taipana
13.41424228	46.2975681	-14.1955337	Trasaghis-Taipana
13.06744942	46.29249886	-10.3018233	Trasaghis-Taipana
13.11829783	46.26978292	-8.6110158	Trasaghis-Taipana
13.36260046	46.22987945	-7.2902427	Trasaghis-Taipana
13.21871328	46.25424054	-7.85248	Trasaghis-Taipana
13.18847535	46.26834197	-8.950782	Trasaghis-Taipana
13.29753034	46.22701454	-6.0000005	Trasaghis-Taipana
13.12087187	46.31065013	-12.3476656	Trasaghis-Taipana
13.3127009	46.25783368	-8.9834981	Trasaghis-Taipana
13.28582477	46.31923947	-14.286387	Trasaghis-Taipana
13.06891597	46.29939399	-10.9399271	Trasaghis-Taipana
13.38931653	46.30405055	-14.3401599	Trasaghis-Taipana
13.24922246	46.31868047	-13.9476184	Trasaghis-Taipana
13.34821808	46.22888332	-6.958055	Trasaghis-Taipana
13.21376269	46.29601366	-11.6192145	Trasaghis-Taipana
13.1915214	46.30019416	-11.8774778	Trasaghis-Taipana
13.21336903	46.27136672	-9.3661897	Trasaghis-Taipana
13.15939969	46.28097204	-9.9321411	Trasaghis-Taipana
13.07023432	46.30559137	-11.5135036	Trasaghis-Taipana
13.07140037	46.27551159	-8.7857666	Trasaghis-Taipana
13.19196843	46.29249005	-11.1760794	Trasaghis-Taipana
13.14019476	46.27135892	-8.9159412	Trasaghis-Taipana
13.31543895	46.27569423	-10.6191049	Trasaghis-Taipana
13.17068375	46.2842546	-10.3054129	Trasaghis-Taipana
13.40640798	46.23660615	-8.6456215	Trasaghis-Taipana
13.29098294	46.24825778	-7.8775664	Trasaghis-Taipana
13.07123964	46.31031656	-11.9508556	Trasaghis-Taipana
13.10850949	46.27606982	-9.110544	Trasaghis-Taipana
13.34371658	46.3001132	-13.2393867	Trasaghis-Taipana
13.10520927	46.25965408	-7.5932449	Trasaghis-Taipana
13.13619006	46.30254485	-11.7232174	Trasaghis-Taipana
13.07213789	46.31453802	-12.3416046	Trasaghis-Taipana
13.32312307	46.2556794	-8.9543665	Trasaghis-Taipana
13.25725536	46.31576657	-13.7459705	Trasaghis-Taipana
13.25416513	46.24699812	-7.4736087	Trasaghis-Taipana
13.18625022	46.28839914	-10.7705427	Trasaghis-Taipana
13.37761739	46.21938961	-6.618835	Trasaghis-Taipana
13.26297911	46.25811954	-8.553037	Trasaghis-Taipana
13.29230096	46.3134139	-13.8078091	Trasaghis-Taipana
13.27030788	46.22937358	-6.0000005	Trasaghis-Taipana
13.1701279	46.27008902	-9.0083625	Trasaghis-Taipana
13.31752413	46.31024162	-13.7332784	Trasaghis-Taipana
13.24433318	46.30945052	-13.0702256	Trasaghis-Taipana
13.07320103	46.31953378	-12.8040506	Trasaghis-Taipana
13.13876979	46.2394071	-6.0000005	Trasaghis-Taipana
13.39245076	46.21224115	-6.2410813	Trasaghis-Taipana
13.35811262	46.26314579	-10.1672594	Trasaghis-Taipana
13.26221551	46.32477268	-14.6036465	Trasaghis-Taipana
13.16541951	46.26617826	-8.6249897	Trasaghis-Taipana
13.07419005	46.32418074	-13.2342329	Trasaghis-Taipana
13.35910851	46.25383893	-9.3571931	Trasaghis-Taipana
13.30403239	46.32115391	-14.6036465	Trasaghis-Taipana
13.29174159	46.27775338	-10.5628455	Trasaghis-Taipana
13.22275456	46.32310394	-14.1447408	Trasaghis-Taipana
13.29565355	46.23393323	-6.6134554	Trasaghis-Taipana
13.29420111	46.31906925	-14.3367993	Trasaghis-Taipana
13.37820403	46.27732846	-11.7738524	Trasaghis-Taipana
13.07558301	46.33072476	-13.8400728	Trasaghis-Taipana
13.12761628	46.2796603	-9.578131	Trasaghis-Taipana
13.22176187	46.23590809	-6.2115064	Trasaghis-Taipana
13.41000318	46.25334667	-10.1942776	Trasaghis-Taipana
13.23178359	46.23406543	-6.1230049	Trasaghis-Taipana
13.08939196	46.2916598	-10.3874116	Trasaghis-Taipana
13.18814667	46.27910956	-9.9324711	Trasaghis-Taipana
13.20175948	46.30402027	-12.2840248	Trasaghis-Taipana
13.34545811	46.30961358	-14.1142022	Trasaghis-Taipana
13.12339389	46.24860786	-6.72302	Trasaghis-Taipana
13.20662277	46.31870998	-13.6534344	Trasaghis-Taipana
13.35070266	46.27603242	-11.2007432	Trasaghis-Taipana
13.2343238	46.31972319	-13.9252132	Trasaghis-Taipana
13.0768607	46.33672622	-14.3957254	Trasaghis-Taipana
13.07733882	46.33897181	-14.603647	Trasaghis-Taipana
13.26319966	46.30252629	-12.5894112	Trasaghis-Taipana
13.20580407	46.31036985	-12.8867237	Trasaghis-Taipana
13.06275795	46.24721257	-6.1485474	Trasaghis-Taipana
13.35406702	46.24719069	-8.6812751	Trasaghis-Taipana
13.21552426	46.30875529	-12.7932984	Trasaghis-Taipana
13.11940301	46.25693738	-7.4509688	Trasaghis-Taipana
13.29214608	46.29097197	-11.7670758	Trasaghis-Taipana
13.22653474	46.31039457	-13.015898	Trasaghis-Taipana
13.3857758	46.29946225	-13.8712154	Trasaghis-Taipana
13.22570052	46.32320093	-14.1733037	Trasaghis-Taipana
13.22025545	46.28501002	-10.6598618	Trasaghis-Taipana
13.15678852	46.26110578	-8.1061888	Trasaghis-Taipana
13.2895692	46.23746824	-6.8865791	Trasaghis-Taipana
13.20792629	46.23722623	-6.2219173	Trasaghis-Taipana
13.19000909	46.33011773	-14.6036548	Trasaghis-Taipana
13.36637048	46.29743241	-13.3549629	Trasaghis-Taipana
13.09402397	46.2881657	-10.1037603	Trasaghis-Taipana
13.15413145	46.29858304	-11.4952444	Trasaghis-Taipana
13.31028794	46.26826284	-9.8754472	Trasaghis-Taipana
13.07293079	46.29370205	-10.451715	Trasaghis-Taipana
13.31910243	46.2809154	-11.1420221	Trasaghis-Taipana
13.31945612	46.31965533	-14.6036075	Trasaghis-Taipana
13.15168832	46.27325251	-9.1730425	Trasaghis-Taipana
13.31043843	46.27920408	-10.8537877	Trasaghis-Taipana
13.09438535	46.33440568	-14.3138335	Trasaghis-Taipana
13.18940385	46.31874175	-13.5605664	Trasaghis-Taipana
13.3541405	46.22379329	-6.6034427	Trasaghis-Taipana
13.34656785	46.23336634	-7.3316512	Trasaghis-Taipana
13.30516196	46.2626683	-9.2980573	Trasaghis-Taipana
13.30610046	46.26040836	-9.109804	Trasaghis-Taipana
13.11153681	46.24390968	-6.2083838	Trasaghis-Taipana
13.25624083	46.28934392	-11.3367318	Trasaghis-Taipana
13.12822707	46.26220845	-7.9954185	Trasaghis-Taipana
13.20735635	46.2925534	-11.26752	Trasaghis-Taipana
13.21972844	46.28947435	-11.0613602	Trasaghis-Taipana
13.32259396	46.23004001	-6.6602857	Trasaghis-Taipana
13.34396571	46.2716846	-10.7075892	Trasaghis-Taipana
13.24165431	46.31705293	-13.7401453	Trasaghis-Taipana
13.3872862	46.22641392	-7.4097434	Trasaghis-Taipana
13.24654747	46.28298073	-10.6822658	Trasaghis-Taipana
13.35454398	46.2413601	-8.1699688	Trasaghis-Taipana
13.39889632	46.28153792	-12.5058357	Trasaghis-Taipana
13.3687237	46.30871424	-14.3982041	Trasaghis-Taipana
13.14907219	46.28183542	-9.9343764	Trasaghis-Taipana
13.36662162	46.28583417	-12.3290078	Trasaghis-Taipana
13.20238539	46.28337482	-10.4013036	Trasaghis-Taipana
13.15836874	46.27703568	-9.5664806	Trasaghis-Taipana
13.09249416	46.26502565	-7.9878008	Trasaghis-Taipana
13.22047682	46.30797198	-12.7489492	Trasaghis-Taipana
13.33446926	46.29730638	-12.8443799	Trasaghis-Taipana
13.18458743	46.30532292	-12.3075447	Trasaghis-Taipana
13.30032415	46.25825789	-8.8593712	Trasaghis-Taipana
13.33259797	46.28805477	-11.9898407	Trasaghis-Taipana
13.12883552	46.26955253	-8.6678029	Trasaghis-Taipana
13.22095585	46.30231329	-12.2374543	Trasaghis-Taipana
13.12008914	46.33550415	-14.6036534	Trasaghis-Taipana
13.24940789	46.25327429	-8.0061721	Trasaghis-Taipana
13.10983051	46.30239593	-11.5150739	Trasaghis-Taipana
13.24167206	46.25764718	-8.3424767	Trasaghis-Taipana
13.14782964	46.24498009	-6.5735435	Trasaghis-Taipana
13.29493954	46.30046482	-12.6516941	Trasaghis-Taipana
13.40179243	46.22816846	-7.8166241	Trasaghis-Taipana
13.28010321	46.2390582	-6.9564834	Trasaghis-Taipana
13.38331473	46.21408356	-6.2464585	Trasaghis-Taipana
13.17435018	46.30314961	-12.0522354	Trasaghis-Taipana
13.30873795	46.26394136	-9.4659649	Trasaghis-Taipana
13.14010568	46.29174069	-10.7691984	Trasaghis-Taipana
13.12766436	46.30353187	-11.7501037	Trasaghis-Taipana
13.1695276	46.30068697	-11.8003415	Trasaghis-Taipana
13.25318944	46.27850908	-10.3282623	Trasaghis-Taipana
13.36269083	46.28626059	-12.3001162	Trasaghis-Taipana
13.11711621	46.25138921	-6.9295967	Trasaghis-Taipana
13.21735566	46.32845313	-14.6036631	Trasaghis-Taipana
13.23385084	46.23253172	-6.0000005	Trasaghis-Taipana
13.16007545	46.25212524	-7.3123064	Trasaghis-Taipana
13.39537428	46.2765716	-12.0037322	Trasaghis-Taipana
13.35821809	46.25976347	-9.8678829	Trasaghis-Taipana
13.361565	46.29632825	-13.1808765	Trasaghis-Taipana
13.35338767	46.26693543	-10.4313933	Trasaghis-Taipana
13.14171992	46.24115872	-6.1810347	Trasaghis-Taipana
13.25143895	46.29996509	-12.2640817	Trasaghis-Taipana
13.41780018	46.30146835	-14.603647	Trasaghis-Taipana
13.37322264	46.25508557	-9.7121146	Trasaghis-Taipana
13.22450142	46.32801656	-14.6032813	Trasaghis-Taipana
13.12394028	46.28723955	-10.2404333	Trasaghis-Taipana
13.26299278	46.28194585	-10.7176817	Trasaghis-Taipana
13.07159947	46.29964432	-10.9824972	Trasaghis-Taipana
13.21241419	46.26493919	-8.7745078	Trasaghis-Taipana
13.34115912	46.29449731	-12.6984095	Trasaghis-Taipana
13.3606436	46.26526771	-10.3981411	Trasaghis-Taipana
13.40324619	46.22187792	-7.2833772	Trasaghis-Taipana
13.22747576	46.30538249	-12.5678423	Trasaghis-Taipana
13.20823364	46.24926998	-7.3189436	Trasaghis-Taipana
13.28038713	46.25858399	-8.7321059	Trasaghis-Taipana
13.38483878	46.26514886	-10.8068394	Trasaghis-Taipana
13.41432305	46.28433068	-13.0209341	Trasaghis-Taipana
13.19426076	46.306942	-12.5092803	Trasaghis-Taipana
13.31703943	46.27062033	-10.1916077	Trasaghis-Taipana
13.07685931	46.30471684	-11.4828083	Trasaghis-Taipana
13.24658282	46.26244852	-8.8172461	Trasaghis-Taipana
13.22060822	46.29644492	-11.7017242	Trasaghis-Taipana
13.3689355	46.29246508	-12.9581775	Trasaghis-Taipana
13.29953234	46.23118253	-6.4014905	Trasaghis-Taipana
13.30173912	46.23554147	-6.8243758	Trasaghis-Taipana
13.400268	46.208	-6.0000005	Trasaghis-Taipana
13.13383333	46.27434245	-9.1403307	Trasaghis-Taipana
13.17404066	46.31971278	-13.5642693	Trasaghis-Taipana
13.38745909	46.30737747	-14.603647	Trasaghis-Taipana
13.1045851	46.31867234	-12.9573028	Trasaghis-Taipana
13.35812333	46.23566152	-7.7261407	Trasaghis-Taipana
13.102129	46.28340595	-9.730654	Trasaghis-Taipana
13.2145688	46.27698457	-9.885971	Trasaghis-Taipana
13.14787065	46.31134857	-12.6104685	Trasaghis-Taipana
13.28384924	46.23229519	-6.3718164	Trasaghis-Taipana
13.41962752	46.29812655	-14.3383675	Trasaghis-Taipana
13.23190863	46.24718985	-7.315865	Trasaghis-Taipana
13.1759185	46.30674749	-12.3895686	Trasaghis-Taipana
13.21585543	46.32546497	-14.3221851	Trasaghis-Taipana
13.35890428	46.26877598	-10.6816461	Trasaghis-Taipana
13.20247644	46.24521437	-6.9165581	Trasaghis-Taipana
13.13414438	46.31145749	-12.5190547	Trasaghis-Taipana
13.36810644	46.30285992	-13.8670647	Trasaghis-Taipana
13.35230658	46.21735245	-5.9999663	Trasaghis-Taipana
13.39763466	46.2855342	-12.839003	Trasaghis-Taipana
13.14751366	46.26263333	-8.1764541	Trasaghis-Taipana
13.1614908	46.25762344	-7.8222305	Trasaghis-Taipana
13.34833865	46.24816982	-8.6792253	Trasaghis-Taipana
13.31908572	46.29362066	-12.2750536	Trasaghis-Taipana
13.25284291	46.266664	-9.2494444	Trasaghis-Taipana
13.36102507	46.27139735	-10.9494703	Trasaghis-Taipana
13.24934873	46.29557993	-11.8491339	Trasaghis-Taipana
13.37894314	46.2962914	-13.471282	Trasaghis-Taipana
13.37060831	46.27495614	-11.4317365	Trasaghis-Taipana
13.2823041	46.27942628	-10.6405919	Trasaghis-Taipana
13.33554739	46.30791149	-13.8073575	Trasaghis-Taipana
13.23050247	46.31472949	-13.4412581	Trasaghis-Taipana
13.07883371	46.32897187	-13.704521	Trasaghis-Taipana
13.11586214	46.33184821	-14.2396714	Trasaghis-Taipana
13.35373278	46.30029852	-13.4125808	Trasaghis-Taipana
13.29406745	46.30474132	-13.0334812	Trasaghis-Taipana
13.32393875	46.28976607	-12.0070943	Trasaghis-Taipana
13.31596773	46.30427628	-13.1767576	Trasaghis-Taipana
13.13905948	46.26511098	-8.3393409	Trasaghis-Taipana
13.21090877	46.28845707	-10.9130791	Trasaghis-Taipana
13.18181514	46.29490368	-11.3401415	Trasaghis-Taipana
13.30198455	46.24782743	-7.9250415	Trasaghis-Taipana
13.19486582	46.26458459	-8.6431566	Trasaghis-Taipana
13.09756919	46.27657907	-9.0760276	Trasaghis-Taipana
13.3582663	46.27873533	-11.5601062	Trasaghis-Taipana
13.16407815	46.27677423	-9.5849886	Trasaghis-Taipana
13.28908027	46.27356204	-10.1611178	Trasaghis-Taipana
13.06530317	46.24537227	-6.0000005	Trasaghis-Taipana
13.20935308	46.26176642	-8.4663261	Trasaghis-Taipana
13.37622316	46.26549289	-10.6883138	Trasaghis-Taipana
13.15744244	46.32569315	-13.9864927	Trasaghis-Taipana
13.22908938	46.26501923	-8.9131455	Trasaghis-Taipana
13.36777692	46.27973773	-11.8074143	Trasaghis-Taipana
13.24419917	46.30185915	-12.3792454	Trasaghis-Taipana
13.33389909	46.31712483	-14.603647	Trasaghis-Taipana
13.08189788	46.25045196	-6.5843311	Trasaghis-Taipana
13.39676417	46.20868355	-6.0000005	Trasaghis-Taipana
13.2690392	46.31802203	-14.0437456	Trasaghis-Taipana
13.18442379	46.2527549	-7.5047425	Trasaghis-Taipana
13.10249825	46.30754575	-11.9294582	Trasaghis-Taipana
13.25119342	46.31251001	-13.4022727	Trasaghis-Taipana
13.19490176	46.31365947	-13.126687	Trasaghis-Taipana
13.37460425	46.22454037	-7.0239239	Trasaghis-Taipana
13.16124199	46.23768634	-6.0000186	Trasaghis-Taipana
13.4202438	46.30099227	-14.603647	Trasaghis-Taipana
13.24197191	46.27508606	-9.9289985	Trasaghis-Taipana
13.0652326	46.25972864	-7.3048863	Trasaghis-Taipana
13.33959276	46.2493049	-8.6436051	Trasaghis-Taipana
13.32416429	46.24405028	-7.9338042	Trasaghis-Taipana
13.16566227	46.25098065	-7.2384727	Trasaghis-Taipana
13.27743021	46.24484323	-7.4608277	Trasaghis-Taipana
13.2623088	46.26536069	-9.2055365	Trasaghis-Taipana
13.36573962	46.25408856	-9.4941165	Trasaghis-Taipana
13.18381997	46.27483148	-9.5176374	Trasaghis-Taipana
13.33777697	46.2219584	-6.1774468	Trasaghis-Taipana
13.31020757	46.30285059	-12.9886687	Trasaghis-Taipana
13.22022275	46.24873712	-7.3644844	Trasaghis-Taipana
13.40218962	46.21695501	-6.8281013	Trasaghis-Taipana
13.11407244	46.28588737	-10.0446207	Trasaghis-Taipana
13.24175853	46.2399541	-6.736239	Trasaghis-Taipana
13.25160722	46.32569105	-14.603647	Trasaghis-Taipana
13.07769621	46.2443664	-6.0000005	Trasaghis-Taipana
13.14532877	46.30040948	-11.5964031	Trasaghis-Taipana
13.25953101	46.27210489	-9.7963702	Trasaghis-Taipana
13.08393903	46.25931437	-7.4052622	Trasaghis-Taipana
13.09959272	46.26225146	-7.7879453	Trasaghis-Taipana
13.33512517	46.29227862	-12.4061319	Trasaghis-Taipana
13.2840029	46.29444647	-12.0187436	Trasaghis-Taipana
13.13942937	46.25951034	-7.8327559	Trasaghis-Taipana
13.29663484	46.23965865	-7.1411021	Trasaghis-Taipana
13.09663165	46.31543854	-12.6043072	Trasaghis-Taipana
13.15694861	46.30859997	-12.4274185	Trasaghis-Taipana
13.21396383	46.23690893	-6.2410921	Trasaghis-Taipana
13.41048274	46.28009881	-12.5785408	Trasaghis-Taipana
13.12687096	46.33135587	-14.2762036	Trasaghis-Taipana
13.10586419	46.32267288	-13.3307993	Trasaghis-Taipana
13.27018082	46.27308714	-9.9693287	Trasaghis-Taipana
13.14688176	46.28741124	-10.4253889	Trasaghis-Taipana
13.36572142	46.2347817	-7.7794302	Trasaghis-Taipana
13.15997971	46.28557044	-10.35472	Trasaghis-Taipana
13.09438894	46.29574164	-10.7956367	Trasaghis-Taipana
13.286613	46.24357655	-7.418033	Trasaghis-Taipana
13.16793666	46.26086358	-8.1535811	Trasaghis-Taipana
13.25269013	46.30636289	-12.8553579	Trasaghis-Taipana
13.34224562	46.23769839	-7.6503804	Trasaghis-Taipana
13.16783338	46.29274666	-11.0654276	Trasaghis-Taipana
13.27784055	46.30773322	-13.1777715	Trasaghis-Taipana
13.30030572	46.31429616	-13.9509793	Trasaghis-Taipana
13.15616041	46.23799554	-6.0000005	Trasaghis-Taipana
13.31306627	46.32037168	-14.603647	Trasaghis-Taipana
13.22486128	46.32627998	-14.4468316	Trasaghis-Taipana
13.10579665	46.31393267	-12.5349624	Trasaghis-Taipana
13.3895982	46.21008138	-6.0000005	Trasaghis-Taipana
13.32092331	46.22292546	-6.0000005	Trasaghis-Taipana
13.25878307	46.23314491	-6.2518338	Trasaghis-Taipana
13.28408394	46.31499758	-13.8871243	Trasaghis-Taipana
13.27812464	46.26290895	-9.1071711	Trasaghis-Taipana
13.07300533	46.28934401	-10.0558128	Trasaghis-Taipana
13.09782232	46.25069629	-6.7241399	Trasaghis-Taipana
13.261782	46.3219338	-14.3421758	Trasaghis-Taipana
13.11301898	46.31552302	-12.7330257	Trasaghis-Taipana
13.20849215	46.32899299	-14.6036455	Trasaghis-Taipana
13.30222198	46.28090967	-10.9320826	Trasaghis-Taipana
13.17319578	46.30996792	-12.6687769	Trasaghis-Taipana
13.3945866	46.22845815	-7.7175923	Trasaghis-Taipana
13.300733	46.27043905	-9.9691039	Trasaghis-Taipana
13.26079136	46.31152607	-13.3883858	Trasaghis-Taipana
13.30140984	46.29173855	-11.9096298	Trasaghis-Taipana
13.31083273	46.22469597	-6	Trasaghis-Taipana
13.1286769	46.29904658	-11.3494959	Trasaghis-Taipana
13.33086956	46.24811877	-8.4014032	Trasaghis-Taipana
13.36154851	46.29120188	-12.7234048	Trasaghis-Taipana
13.29305688	46.22934681	-6.1765493	Trasaghis-Taipana
13.3402568	46.23086399	-7.010031	Trasaghis-Taipana
13.17599202	46.33097004	-14.603647	Trasaghis-Taipana
13.26249714	46.29380863	-11.7916762	Trasaghis-Taipana
13.35804949	46.24728854	-8.7571757	Trasaghis-Taipana
13.39705034	46.29036931	-13.2584305	Trasaghis-Taipana
13.24922913	46.2409559	-6.8860371	Trasaghis-Taipana
13.39600205	46.27152543	-11.56638	Trasaghis-Taipana
13.32755349	46.28353349	-11.5076792	Trasaghis-Taipana
13.21890439	46.29858043	-11.8824983	Trasaghis-Taipana
13.40977686	46.2680842	-11.4991641	Trasaghis-Taipana
13.41429016	46.27329915	-12.0404768	Trasaghis-Taipana
13.17282646	46.32846578	-14.3524966	Trasaghis-Taipana
13.17837484	46.24977404	-7.1989095	Trasaghis-Taipana
13.22569704	46.24548777	-7.1124248	Trasaghis-Taipana
13.29322131	46.22738811	-6.0000005	Trasaghis-Taipana
13.27289743	46.28325881	-10.9148327	Trasaghis-Taipana
13.19721544	46.2587645	-8.1246988	Trasaghis-Taipana
13.14277687	46.31970995	-13.3337124	Trasaghis-Taipana
13.11266656	46.30862559	-12.1028189	Trasaghis-Taipana
13.37878502	46.30604156	-14.3349175	Trasaghis-Taipana
13.41533084	46.27814127	-12.4885835	Trasaghis-Taipana
13.14862737	46.29523102	-11.1496411	Trasaghis-Taipana
13.14755933	46.26843043	-8.7039818	Trasaghis-Taipana
13.07748077	46.31695859	-12.6012825	Trasaghis-Taipana
13.20772026	46.25346496	-7.6990977	Trasaghis-Taipana
13.3795667	46.2279947	-7.4164651	Trasaghis-Taipana
13.20485146	46.29852061	-11.7987232	Trasaghis-Taipana
13.3408042	46.28813318	-12.125169	Trasaghis-Taipana
13.26325019	46.25082354	-7.8924666	Trasaghis-Taipana
13.18541917	46.25817535	-8.0052769	Trasaghis-Taipana
13.20324976	46.27252968	-9.4154676	Trasaghis-Taipana
13.17424204	46.2567777	-7.8155049	Trasaghis-Taipana
13.16413563	46.2944791	-11.1957966	Trasaghis-Taipana
13.22738795	46.27603306	-9.9003197	Trasaghis-Taipana
13.39150485	46.26094876	-10.5491782	Trasaghis-Taipana
13.18643913	46.26262001	-8.4168629	Trasaghis-Taipana
13.35224808	46.26124814	-9.9064732	Trasaghis-Taipana
13.24078973	46.32436947	-14.3984136	Trasaghis-Taipana
13.29791163	46.22879739	-6.1649444	Trasaghis-Taipana
13.07948084	46.32343917	-13.2057779	Trasaghis-Taipana
13.27503259	46.27919259	-10.5621729	Trasaghis-Taipana
13.30246721	46.27512019	-10.4080243	Trasaghis-Taipana
13.1786285	46.27143122	-9.1781934	Trasaghis-Taipana
13.16642611	46.28647681	-10.484667	Trasaghis-Taipana
13.17691334	46.26228973	-8.3337386	Trasaghis-Taipana
13.28582747	46.32272944	-14.603647	Trasaghis-Taipana
13.26924633	46.24127156	-7.072095	Trasaghis-Taipana
13.23813895	46.29140465	-11.3815363	Trasaghis-Taipana
13.16460595	46.27239737	-9.1891273	Trasaghis-Taipana
13.12336256	46.24242759	-6.1608701	Trasaghis-Taipana
13.11970155	46.31660301	-12.8806824	Trasaghis-Taipana
13.23874021	46.32680447	-14.6036446	Trasaghis-Taipana
13.26045834	46.23022651	-6.0000005	Trasaghis-Taipana
13.08670216	46.31847849	-12.8076353	Trasaghis-Taipana
13.36070075	46.21571608	-6.0000069	Trasaghis-Taipana
13.3121614	46.28439326	-11.3435681	Trasaghis-Taipana
13.35121149	46.30582372	-13.8660696	Trasaghis-Taipana
13.22387439	46.27037141	-9.3583311	Trasaghis-Taipana
13.38123774	46.21171194	-6.0000005	Trasaghis-Taipana
13.38610996	46.23287442	-7.9629309	Trasaghis-Taipana
13.20127761	46.32943216	-14.603647	Trasaghis-Taipana
13.20556819	46.23901991	-6.3679422	Trasaghis-Taipana
13.31093778	46.31559037	-14.152292	Trasaghis-Taipana
13.22072337	46.31506878	-13.3990555	Trasaghis-Taipana
13.2384798	46.30593387	-12.7045708	Trasaghis-Taipana
13.41076285	46.30283925	-14.6036475	Trasaghis-Taipana
13.33147778	46.25340486	-8.8822216	Trasaghis-Taipana
13.27521916	46.32364702	-14.6036631	Trasaghis-Taipana
13.21242264	46.30480519	-12.4151101	Trasaghis-Taipana
13.15303094	46.24794829	-6.8818438	Trasaghis-Taipana
13.16450924	46.30688538	-12.3272628	Trasaghis-Taipana
13.39647679	46.24952432	-9.6207013	Trasaghis-Taipana
13.09233593	46.28329273	-9.6480358	Trasaghis-Taipana
13.21217475	46.26129003	-8.4410638	Trasaghis-Taipana
13.13098521	46.31888614	-13.1717232	Trasaghis-Taipana
13.11622747	46.26099917	-7.7969126	Trasaghis-Taipana
13.31391128	46.29516841	-12.332084	Trasaghis-Taipana
13.19833122	46.29664443	-11.5910246	Trasaghis-Taipana
13.10433043	46.24220293	-6.0000078	Trasaghis-Taipana
13.40276951	46.27111734	-11.6472632	Trasaghis-Taipana
13.0910809	46.26951586	-8.3857195	Trasaghis-Taipana
13.40535953	46.23172287	-8.19393	Trasaghis-Taipana
13.34465756	46.241794	-8.053231	Trasaghis-Taipana
13.13034246	46.25707457	-7.5441748	Trasaghis-Taipana
13.14876587	46.23859484	-6.0000293	Trasaghis-Taipana
13.08860819	46.27363116	-8.74174	Trasaghis-Taipana
13.31609172	46.23770308	-7.2417012	Trasaghis-Taipana
13.09912595	46.29262826	-10.5473857	Trasaghis-Taipana
13.39896241	46.25975143	-10.5719195	Trasaghis-Taipana
13.21120421	46.26864097	-9.1040039	Trasaghis-Taipana
13.07903141	46.30051678	-11.1167051	Trasaghis-Taipana
13.31068359	46.22756254	-6.2531763	Trasaghis-Taipana
13.40901276	46.24873561	-9.7676801	Trasaghis-Taipana
13.06668165	46.26427256	-7.728795	Trasaghis-Taipana
13.0958307	46.30288229	-11.4559218	Trasaghis-Taipana
13.10139929	46.27027064	-8.5305735	Trasaghis-Taipana
13.38324486	46.27104192	-11.3026692	Trasaghis-Taipana
13.17458994	46.32505654	-14.0552405	Trasaghis-Taipana
13.39675193	46.24378068	-9.115461	Trasaghis-Taipana
13.29827978	46.29589548	-12.2627377	Trasaghis-Taipana
13.2665283	46.30796249	-13.1096673	Trasaghis-Taipana
13.4120175	46.26272299	-11.061812	Trasaghis-Taipana
13.20208078	46.26807251	-9.0018747	Trasaghis-Taipana
13.13606993	46.24404377	-6.4016172	Trasaghis-Taipana
13.1278835	46.24029115	-6.0000005	Trasaghis-Taipana
13.40777466	46.26049486	-10.7904835	Trasaghis-Taipana
13.11066892	46.26559677	-8.174002	Trasaghis-Taipana
13.18450266	46.24501125	-6.7980769	Trasaghis-Taipana
13.28269167	46.26836636	-9.6388496	Trasaghis-Taipana
13.3328847	46.2208262	-6.0000005	Trasaghis-Taipana
13.21008663	46.25795039	-8.1219639	Trasaghis-Taipana
13.15817846	46.26609233	-8.5699046	Trasaghis-Taipana
13.10402945	46.33017069	-13.9995989	Trasaghis-Taipana
13.32540152	46.23487343	-7.1350537	Trasaghis-Taipana
13.17012794	46.32243623	-13.7838765	Trasaghis-Taipana
13.36287108	46.26046018	-10.0103056	Trasaghis-Taipana
13.06860873	46.27980868	-9.1560147	Trasaghis-Taipana
13.35120174	46.24336989	-8.2960862	Trasaghis-Taipana
13.23662567	46.31121701	-13.1701536	Trasaghis-Taipana
13.33679249	46.25990035	-9.5445232	Trasaghis-Taipana
13.37843857	46.24112653	-8.5628335	Trasaghis-Taipana
13.26649886	46.24646575	-7.5222183	Trasaghis-Taipana
13.16609802	46.31745284	-13.3005557	Trasaghis-Taipana
13.06497616	46.25259661	-6.6544597	Trasaghis-Taipana
13.32322901	46.23960265	-7.5226663	Trasaghis-Taipana
13.27337395	46.30349477	-12.7574519	Trasaghis-Taipana
13.0832701	46.26621552	-8.0279063	Trasaghis-Taipana
13.35660954	46.28859163	-12.4133318	Trasaghis-Taipana
13.39119673	46.25512534	-10.0266858	Trasaghis-Taipana
13.22411783	46.23994772	-6.596878	Trasaghis-Taipana
13.35591214	46.27168199	-10.8941841	Trasaghis-Taipana
13.20203143	46.23520237	-5.9999727	Trasaghis-Taipana
13.08810326	46.3008275	-11.2119278	Trasaghis-Taipana
13.07498613	46.26348299	-7.7182647	Trasaghis-Taipana
13.34025221	46.27919183	-11.3190239	Trasaghis-Taipana
13.37430755	46.2694456	-11.0062462	Trasaghis-Taipana
13.12720092	46.31210547	-12.526791	Trasaghis-Taipana
13.21586808	46.28306668	-10.4488097	Trasaghis-Taipana
13.25622568	46.2553846	-8.251523	Trasaghis-Taipana
13.10878516	46.33642167	-14.603647	Trasaghis-Taipana
13.16056078	46.28975481	-10.7396419	Trasaghis-Taipana
13.32223402	46.3052318	-13.3601826	Trasaghis-Taipana
13.17998325	46.31679196	-13.3300181	Trasaghis-Taipana
13.12403667	46.25371302	-7.1919634	Trasaghis-Taipana
13.28320985	46.31108968	-13.5250533	Trasaghis-Taipana
13.36030973	46.31249579	-14.603647	Trasaghis-Taipana
13.17205324	46.31415257	-13.0444156	Trasaghis-Taipana
13.35936902	46.21862452	-6.2351743	Trasaghis-Taipana
13.2770203	46.3171665	-14.0287244	Trasaghis-Taipana
13.15695101	46.24366653	-6.5218806	Trasaghis-Taipana
13.16407164	46.33193642	-14.6036294	Trasaghis-Taipana
13.39799069	46.30127333	-14.243481	Trasaghis-Taipana
13.35635883	46.25545318	-9.4538323	Trasaghis-Taipana
13.31931607	46.31619275	-14.2923023	Trasaghis-Taipana
13.16259466	46.26818473	-8.79263	Trasaghis-Taipana
13.2263523	46.29363657	-11.4916623	Trasaghis-Taipana
13.2209953	46.31161822	-13.0850396	Trasaghis-Taipana
13.36959813	46.31085304	-14.6036436	Trasaghis-Taipana
13.24137292	46.23574381	-6.3508675	Trasaghis-Taipana
13.30719488	46.27216048	-10.1763467	Trasaghis-Taipana
13.39113656	46.26744595	-11.1198419	Trasaghis-Taipana
13.16277701	46.30229798	-11.8970652	Trasaghis-Taipana
13.31070541	46.28854648	-11.6927356	Trasaghis-Taipana
13.1389475	46.31513069	-12.8887425	Trasaghis-Taipana
13.17915278	46.33077811	-14.6036104	Trasaghis-Taipana
13.13872361	46.33399273	-14.603647	Trasaghis-Taipana
13.26341911	46.27554036	-10.1390552	Trasaghis-Taipana
13.23802873	46.28498092	-10.7969811	Trasaghis-Taipana
13.09798808	46.32221638	-13.2310957	Trasaghis-Taipana
13.3558333	46.25057882	-9.0112762	Trasaghis-Taipana
13.38354855	46.29251473	-13.2154124	Trasaghis-Taipana
13.14565786	46.32989775	-14.2821302	Trasaghis-Taipana
13.09695549	46.32787899	-13.7388008	Trasaghis-Taipana
13.32580842	46.31854233	-14.6036514	Trasaghis-Taipana
13.33897324	46.26366367	-9.9142114	Trasaghis-Taipana
13.30567015	46.23301148	-6.6605069	Trasaghis-Taipana
13.2329154	46.25241267	-7.7981399	Trasaghis-Taipana
13.30656061	46.28762085	-11.5760141	Trasaghis-Taipana
13.17723231	46.26684307	-8.7513764	Trasaghis-Taipana
13.28779036	46.30700047	-13.1894219	Trasaghis-Taipana
13.12250227	46.26478689	-8.1876563	Trasaghis-Taipana
13.17953983	46.32462599	-14.0435069	Trasaghis-Taipana
13.24127492	46.25106071	-7.7411184	Trasaghis-Taipana
13.36669611	46.264107	-10.4004166	Trasaghis-Taipana
13.19695644	46.25336356	-7.6300589	Trasaghis-Taipana
13.4043893	46.30408067	-14.603647	Trasaghis-Taipana
13.18658752	46.3116547	-12.8972586	Trasaghis-Taipana
13.09673051	46.24282049	-6.0000005	Trasaghis-Taipana
13.07570943	46.25664625	-7.1018941	Trasaghis-Taipana
13.19437539	46.2728814	-9.3982155	Trasaghis-Taipana
13.40065374	46.22205797	-7.2544744	Trasaghis-Taipana
13.37120257	46.21593039	-6.2007515	Trasaghis-Taipana
13.21863795	46.26183066	-8.5413532	Trasaghis-Taipana
13.21371257	46.25821055	-8.1737813	Trasaghis-Taipana
13.07998714	46.29231943	-10.3780014	Trasaghis-Taipana
13.21837739	46.2805415	-10.2390885	Trasaghis-Taipana
13.25181659	46.3226388	-14.3278372	Trasaghis-Taipana
13.23587948	46.29862221	-12.019644	Trasaghis-Taipana
13.39035036	46.29342953	-13.4143716	Trasaghis-Taipana
13.08837184	46.27968316	-9.2904467	Trasaghis-Taipana
13.37025476	46.29671713	-13.3587903	Trasaghis-Taipana
13.12159375	46.30001744	-11.3855774	Trasaghis-Taipana
13.30248167	46.24038766	-7.2679671	Trasaghis-Taipana
13.30409982	46.25770863	-8.8392097	Trasaghis-Taipana
13.11040896	46.32724032	-13.7800266	Trasaghis-Taipana
13.32469675	46.27409901	-10.6215453	Trasaghis-Taipana
13.30526165	46.24473025	-7.6986123	Trasaghis-Taipana
13.30323511	46.31883694	-14.386763	Trasaghis-Taipana
13.34292569	46.31554303	-14.6036465	Trasaghis-Taipana
13.16189004	46.2401154	-6.2254463	Trasaghis-Taipana
13.21157866	46.24862314	-7.2861866	Trasaghis-Taipana
13.4111102	46.2584999	-10.6710631	Trasaghis-Taipana
13.0766749	46.30956009	-11.9221206	Trasaghis-Taipana
13.27273233	46.2609512	-8.8869267	Trasaghis-Taipana
13.22741336	46.29932394	-12.0168526	Trasaghis-Taipana
13.13102161	46.2917906	-10.7066875	Trasaghis-Taipana
13.09403059	46.25896555	-7.4480564	Trasaghis-Taipana
13.34429441	46.25918735	-9.5982959	Trasaghis-Taipana
13.24930065	46.23416838	-6.2702198	Trasaghis-Taipana
13.298115	46.26416195	-9.3782771	Trasaghis-Taipana
13.35322306	46.2351805	-7.5984036	Trasaghis-Taipana
13.14845149	46.25354908	-7.3573142	Trasaghis-Taipana
13.1767057	46.24402599	-6.6647686	Trasaghis-Taipana
13.2443844	46.23161886	-6.000001	Trasaghis-Taipana
13.19835152	46.31724481	-13.4735215	Trasaghis-Taipana
13.33889773	46.25457584	-9.1026898	Trasaghis-Taipana
13.34123743	46.21935993	-6.0000005	Trasaghis-Taipana
13.41849496	46.29285958	-13.8508272	Trasaghis-Taipana
13.15138564	46.25814519	-7.7968811	Trasaghis-Taipana
13.38757884	46.24668664	-9.2147167	Trasaghis-Taipana
13.11628729	46.28156582	-9.6678817	Trasaghis-Taipana
13.22747954	46.31913204	-13.8176712	Trasaghis-Taipana
13.17028861	46.30931175	-12.5909143	Trasaghis-Taipana
13.16455243	46.25554424	-7.6490498	Trasaghis-Taipana
13.29821731	46.24658483	-7.7825691	Trasaghis-Taipana
13.34986684	46.22436148	-6.5806206	Trasaghis-Taipana
13.31326194	46.30047558	-12.7968806	Trasaghis-Taipana
13.35815175	46.28317166	-11.9540064	Trasaghis-Taipana
13.39981198	46.21384703	-6.5110655	Trasaghis-Taipana
13.40277042	46.25383198	-10.1121621	Trasaghis-Taipana
13.25279752	46.23088971	-6.0000074	Trasaghis-Taipana
13.19101841	46.28498433	-10.4850989	Trasaghis-Taipana
13.16539567	46.28131896	-10.0078809	Trasaghis-Taipana
13.16958934	46.30497461	-12.1913481	Trasaghis-Taipana
13.35228641	46.31390234	-14.603647	Trasaghis-Taipana
13.29753111	46.25318535	-8.376644	Trasaghis-Taipana
13.21031953	46.27432643	-9.6188528	Trasaghis-Taipana
13.34593295	46.22080774	-6.2026118	Trasaghis-Taipana
13.40756696	46.30221102	-14.4925157	Trasaghis-Taipana
13.13754588	46.29699478	-11.2282838	Trasaghis-Taipana
13.40469091	46.24798859	-9.6265266	Trasaghis-Taipana
13.08248362	46.33514917	-14.293669	Trasaghis-Taipana
13.39308386	46.21704496	-6.6784334	Trasaghis-Taipana
13.12081417	46.30621007	-11.9432481	Trasaghis-Taipana
13.11576465	46.24127484	-6.000001	Trasaghis-Taipana
13.29963671	46.2852912	-11.309839	Trasaghis-Taipana
13.38863412	46.28886115	-12.978812	Trasaghis-Taipana
13.06751266	46.26902158	-8.1668194	Trasaghis-Taipana
13.19712484	46.2411822	-6.5187019	Trasaghis-Taipana
13.23142227	46.3246523	-14.3504766	Trasaghis-Taipana
13.36515914	46.24114687	-8.3348621	Trasaghis-Taipana
13.0888794	46.32951139	-13.82775	Trasaghis-Taipana
13.16651089	46.27549683	-9.4822689	Trasaghis-Taipana
13.31776448	46.22525442	-6.1581817	Trasaghis-Taipana
13.19867333	46.28910209	-10.9038531	Trasaghis-Taipana
13.30945499	46.27457329	-10.4253981	Trasaghis-Taipana
13.35246725	46.22965575	-7.0945755	Trasaghis-Taipana
13.08917851	46.2543294	-6.9906519	Trasaghis-Taipana
13.38534639	46.21999013	-6.8059197	Trasaghis-Taipana
13.24922288	46.2724246	-9.7442661	Trasaghis-Taipana
13.15226782	46.30519508	-12.0830469	Trasaghis-Taipana
13.07648197	46.26967843	-8.2927375	Trasaghis-Taipana
13.21621821	46.30064005	-12.0555109	Trasaghis-Taipana
13.20197123	46.27820202	-9.9264835	Trasaghis-Taipana
13.31800479	46.26567764	-9.7658885	Trasaghis-Taipana
13.24082677	46.2445201	-7.1435679	Trasaghis-Taipana
13.20446777	46.25996389	-8.2745854	Trasaghis-Taipana
13.07011469	46.28488387	-9.6287671	Trasaghis-Taipana
13.19297302	46.32584858	-14.2299256	Trasaghis-Taipana
13.3652496	46.29019694	-12.692647	Trasaghis-Taipana
13.3952505	46.23428976	-8.2468064	Trasaghis-Taipana
13.17218835	46.29727879	-11.5036381	Trasaghis-Taipana
13.31563657	46.24393648	-7.7902954	Trasaghis-Taipana
13.14445103	46.30717893	-12.2058283	Trasaghis-Taipana
13.35124848	46.23736021	-7.760993	Trasaghis-Taipana
13.16872995	46.27945806	-9.85644	Trasaghis-Taipana
13.31441329	46.23410433	-6.8946443	Trasaghis-Taipana
13.07448464	46.24695214	-6.2113941	Trasaghis-Taipana
13.41624671	46.2824021	-12.8829173	Trasaghis-Taipana
13.28581621	46.30185119	-12.7059148	Trasaghis-Taipana
13.24594711	46.28937986	-11.2589789	Trasaghis-Taipana
13.15542664	46.25318427	-7.3757117	Trasaghis-Taipana
13.41299146	46.2672558	-11.4812398	Trasaghis-Taipana
13.34062246	46.31346825	-14.3825064	Trasaghis-Taipana
13.37579779	46.2361893	-8.0787666	Trasaghis-Taipana
13.24743761	46.24737642	-7.4550015	Trasaghis-Taipana
13.281968	46.24995399	-7.9606905	Trasaghis-Taipana
13.40003975	46.23820124	-8.6769888	Trasaghis-Taipana
13.15855858	46.24892539	-7.011385	Trasaghis-Taipana
13.205034	46.32555461	-14.2701429	Trasaghis-Taipana
13.38773225	46.27624935	-11.8428618	Trasaghis-Taipana
13.14584853	46.33341492	-14.603647	Trasaghis-Taipana
13.3160862	46.2515813	-8.4789242	Trasaghis-Taipana
13.22640678	46.280695	-10.3161625	Trasaghis-Taipana
13.23052303	46.25870407	-8.3507664	Trasaghis-Taipana
13.25438882	46.28457514	-10.8888437	Trasaghis-Taipana
13.23345974	46.23936553	-6.617491	Trasaghis-Taipana
13.27696063	46.32164781	-14.4356123	Trasaghis-Taipana
13.23458449	46.27716103	-10.0593976	Trasaghis-Taipana
13.22194914	46.23356273	-5.9999966	Trasaghis-Taipana
13.19171545	46.2377132	-6.171856	Trasaghis-Taipana
13.3092837	46.2954503	-12.3088916	Trasaghis-Taipana
13.30967499	46.30873948	-13.5196768	Trasaghis-Taipana
13.36227358	46.28124793	-11.8468902	Trasaghis-Taipana
13.17713471	46.31232261	-12.9058052	Trasaghis-Taipana
13.1122783	46.29797112	-11.130599	Trasaghis-Taipana
13.30399477	46.24944034	-8.0988179	Trasaghis-Taipana
13.21033577	46.24169864	-6.647493	Trasaghis-Taipana
13.41728752	46.28724369	-13.331024	Trasaghis-Taipana
13.37267803	46.21338107	-6.0000005	Trasaghis-Taipana
13.37469576	46.23222	-7.7072862	Trasaghis-Taipana
13.16809698	46.29692001	-11.4474355	Trasaghis-Taipana
13.36612655	46.3114759	-14.603646	Trasaghis-Taipana
13.33656341	46.26873008	-10.3283175	Trasaghis-Taipana
13.15330851	46.33097821	-14.4369507	Trasaghis-Taipana
13.32620054	46.29473463	-12.4856697	Trasaghis-Taipana
13.33415707	46.30387586	-13.4255742	Trasaghis-Taipana
13.30195016	46.22818505	-6.1719859	Trasaghis-Taipana
13.10660406	46.24879747	-6.6163816	Trasaghis-Taipana
13.12405532	46.32558595	-13.7303006	Trasaghis-Taipana
13.13510522	46.32397105	-13.6648626	Trasaghis-Taipana
13.32627677	46.26684769	-9.9995747	Trasaghis-Taipana
13.36820321	46.24975842	-9.1522169	Trasaghis-Taipana
13.35029573	46.22022832	-6.2201392	Trasaghis-Taipana
13.15308882	46.29172863	-10.8639735	Trasaghis-Taipana
13.28864601	46.2640561	-9.2941436	Trasaghis-Taipana
13.1160457	46.24713673	-6.5350401	Trasaghis-Taipana
13.3014108	46.22635105	-5.9995972	Trasaghis-Taipana
13.31510494	46.29984684	-12.7680586	Trasaghis-Taipana
13.30819538	46.24035465	-7.3546455	Trasaghis-Taipana
13.32981688	46.31444773	-14.3009502	Trasaghis-Taipana
13.27304721	46.31212161	-13.5389519	Trasaghis-Taipana
13.40261487	46.27683569	-12.1525034	Trasaghis-Taipana
13.27196283	46.26813354	-9.53332	Trasaghis-Taipana
13.2703706	46.28975908	-11.4856127	Trasaghis-Taipana
13.29256629	46.26819927	-9.7013604	Trasaghis-Taipana
13.36500932	46.29334787	-12.9689544	Trasaghis-Taipana
13.29966994	46.23701441	-6.9249341	Trasaghis-Taipana
13.34255263	46.22592388	-6.6056155	Trasaghis-Taipana
13.08855619	46.30979874	-12.0315147	Trasaghis-Taipana
13.30323706	46.25367871	-8.466388	Trasaghis-Taipana
13.15450472	46.31580373	-13.0648487	Trasaghis-Taipana
13.35132963	46.2932013	-12.7418802	Trasaghis-Taipana
13.31810131	46.2607462	-9.3276389	Trasaghis-Taipana
13.2913804	46.25863079	-8.8228471	Trasaghis-Taipana
13.13985447	46.254373	-7.3687417	Trasaghis-Taipana
13.3823549	46.22326653	-7.0449844	Trasaghis-Taipana
13.1009411	46.25459245	-7.1014456	Trasaghis-Taipana
13.40723451	46.28636514	-13.0789639	Trasaghis-Taipana
13.21032083	46.23456925	-6.0000586	Trasaghis-Taipana
13.31953665	46.2479003	-8.2046839	Trasaghis-Taipana
13.28957638	46.28329953	-11.0497133	Trasaghis-Taipana
13.37511981	46.24553812	-8.8971211	Trasaghis-Taipana
13.2198302	46.30421501	-12.4022344	Trasaghis-Taipana
13.14730904	46.31567854	-13.0003216	Trasaghis-Taipana
13.17937739	46.29966158	-11.76131	Trasaghis-Taipana
13.3060414	46.26677517	-9.6780686	Trasaghis-Taipana
13.15953489	46.27294755	-9.2033196	Trasaghis-Taipana
13.21474226	46.31455984	-13.3193909	Trasaghis-Taipana
13.08865177	46.32363601	-13.2913662	Trasaghis-Taipana
13.09994741	46.3371387	-14.603647	Trasaghis-Taipana
13.40093341	46.2658093	-11.1440396	Trasaghis-Taipana
13.17591114	46.32928769	-14.4496485	Trasaghis-Taipana
13.3636076	46.30833692	-14.2840711	Trasaghis-Taipana
13.08837737	46.24349905	-6.0000005	Trasaghis-Taipana
13.4061635	46.29777381	-14.0739844	Trasaghis-Taipana
13.10606121	46.28874504	-10.2453613	Trasaghis-Taipana
13.40768119	46.24253547	-9.1941038	Trasaghis-Taipana
13.18053816	46.2365119	-6	Trasaghis-Taipana
13.19228051	46.23579658	-6.0000005	Trasaghis-Taipana
13.21732845	46.24316557	-6.8357176	Trasaghis-Taipana
13.36915474	46.22121111	-6.6340708	Trasaghis-Taipana
13.20747879	46.24377635	-6.8137659	Trasaghis-Taipana
13.34885452	46.25453876	-9.2551805	Trasaghis-Taipana
13.29864167	46.23220854	-6.4803689	Trasaghis-Taipana
13.14582271	46.27773433	-9.5373535	Trasaghis-Taipana
13.22391532	46.31436358	-13.3559214	Trasaghis-Taipana
13.15127821	46.24000711	-6.1470616	Trasaghis-Taipana
13.30745105	46.25424747	-8.5813385	Trasaghis-Taipana
13.30834825	46.27754526	-10.6746611	Trasaghis-Taipana
13.31282276	46.29017001	-11.8692055	Trasaghis-Taipana
13.30941057	46.28250371	-11.1335173	Trasaghis-Taipana
13.377582	46.28944989	-12.8398972	Trasaghis-Taipana
13.23025334	46.32753842	-14.6036685	Trasaghis-Taipana
13.1633552	46.31242733	-12.8229619	Trasaghis-Taipana
13.33658704	46.27398617	-10.7974293	Trasaghis-Taipana
13.31744629	46.31999232	-14.603647	Trasaghis-Taipana
13.1709563	46.24132585	-6.3862703	Trasaghis-Taipana
13.1305025	46.3346592	-14.6036504	Trasaghis-Taipana
13.1142161	46.29130553	-10.5385483	Trasaghis-Taipana
13.35977066	46.27499542	-11.2498484	Trasaghis-Taipana
13.33225833	46.23730465	-7.4590352	Trasaghis-Taipana
13.23342881	46.27177381	-9.560879	Trasaghis-Taipana
13.41479837	46.29055346	-13.5819637	Trasaghis-Taipana
13.27892009	46.29987654	-12.4722273	Trasaghis-Taipana
13.30240596	46.30558729	-13.175979	Trasaghis-Taipana
13.41197616	46.27389394	-12.053248	Trasaghis-Taipana
13.16320495	46.33026379	-14.4450039	Trasaghis-Taipana
13.28613424	46.25434423	-8.3922171	Trasaghis-Taipana
13.16197866	46.26113569	-8.1458789	Trasaghis-Taipana
13.08256503	46.28607715	-9.8291829	Trasaghis-Taipana
13.37263921	46.25929516	-10.075864	Trasaghis-Taipana
13.0776264	46.28064874	-9.2989607	Trasaghis-Taipana
13.15908978	46.25517219	-7.5839656	Trasaghis-Taipana
13.30068215	46.241743	-7.3622293	Trasaghis-Taipana
13.14140732	46.24929777	-6.9187295	Trasaghis-Taipana
13.4038301	46.24303404	-9.1716983	Trasaghis-Taipana
13.11582512	46.32310151	-13.4433865	Trasaghis-Taipana
13.3868563	46.23878929	-8.5009951	Trasaghis-Taipana
13.13594569	46.27982193	-9.6543092	Trasaghis-Taipana
13.15284675	46.32026864	-13.4589021	Trasaghis-Taipana
13.40499977	46.2925205	-13.5871167	Trasaghis-Taipana
13.10014774	46.24492832	-6.2168838	Trasaghis-Taipana
13.2941087	46.32201289	-14.603647	Trasaghis-Taipana
13.26128822	46.24015955	-6.9085359	Trasaghis-Taipana
13.31520457	46.30953752	-13.6357305	Trasaghis-Taipana
13.32021181	46.29996578	-12.8587329	Trasaghis-Taipana
13.33477555	46.28334999	-11.604245	Trasaghis-Taipana
13.11114347	46.25526675	-7.2381343	Trasaghis-Taipana
13.15400101	46.33275358	-14.603647	Trasaghis-Taipana
13.38653337	46.28078089	-12.2246483	Trasaghis-Taipana
13.11998577	46.27595124	-9.1844717	Trasaghis-Taipana
13.22628503	46.25395014	-7.8856324	Trasaghis-Taipana
13.37404197	46.3004632	-13.7571844	Trasaghis-Taipana
13.18016876	46.28531479	-10.4549623	Trasaghis-Taipana
13.40442763	46.22738193	-7.7924263	Trasaghis-Taipana
13.21624156	46.2916548	-11.2344129	Trasaghis-Taipana
13.13451577	46.30725482	-12.1393959	Trasaghis-Taipana
13.27271149	46.29625933	-12.0947062	Trasaghis-Taipana
13.40085028	46.21071374	-6.2509395	Trasaghis-Taipana
13.39715255	46.30549002	-14.603647	Trasaghis-Taipana
13.31001611	46.24922312	-8.1737798	Trasaghis-Taipana
13.08324555	46.29598828	-10.7358145	Trasaghis-Taipana
13.19260763	46.24861159	-7.1719095	Trasaghis-Taipana
13.38451237	46.28438274	-12.5096443	Trasaghis-Taipana
13.24164609	46.26767347	-9.2530298	Trasaghis-Taipana
13.28193566	46.22836624	-6.0000005	Trasaghis-Taipana
13.34456946	46.26669706	-10.2722482	Trasaghis-Taipana
13.32932199	46.26047698	-9.4790996	Trasaghis-Taipana
