16.81431197	43.432	-1.9999998	Zadar
16.47269803	43.55851838	-9.0739981	Zadar
16.81885118	43.43704058	-2.5859329	Zadar
15.28748205	44.13355772	-5.5436525	Zadar
15.56474255	43.9775616	-9.760995	Zadar
16.13990433	43.67215994	-11.0477166	Zadar
16.32892647	43.55633173	-5.5657724	Zadar
16.76454416	43.45707826	-3.7878817	Zadar
15.66769325	43.91674945	-10.2154256	Zadar
15.47301244	43.97317418	-5.0017179	Zadar
15.71709541	43.87525119	-9.5010808	Zadar
15.86899779	43.68581345	-2.0001761	Zadar
15.74342822	43.78540667	-4.2692091	Zadar
15.7076128	43.85354029	-7.4624699	Zadar
16.72808785	43.50560488	-8.1827332	Zadar
15.26738423	44.24990975	-12.9577078	Zadar
16.82863778	43.44790621	-3.8491131	Zadar
15.84763916	43.82096748	-11.5425736	Zadar
15.33746881	44.15674557	-9.6932286	Zadar
16.38022553	43.57816176	-8.8300181	Zadar
16.30348927	43.57079281	-6.3329224	Zadar
15.88562973	43.71213113	-4.7683387	Zadar
16.83706961	43.45726509	-4.9372738	Zadar
15.4065834	44.06939989	-7.8913991	Zadar
15.47316869	44.0128037	-7.8671118	Zadar
15.89626199	43.77700102	-10.248242	Zadar
16.49113243	43.53325976	-7.0826785	Zadar
15.8503923	43.78590367	-8.9470142	Zadar
15.42535501	44.10686972	-11.4138975	Zadar
16.27183697	43.65080482	-12.9577054	Zadar
15.80718535	43.73793156	-3.3593695	Zadar
15.65298006	43.88349083	-7.0603293	Zadar
15.50962249	44.03353998	-11.1842122	Zadar
16.84479469	43.46583761	-5.9341212	Zadar
15.70940239	43.80393884	-3.9518414	Zadar
15.92393264	43.74744515	-9.1531517	Zadar
15.41035739	44.11015331	-10.7771019	Zadar
15.23775004	44.25870974	-11.7183075	Zadar
16.8521667	43.47401658	-6.8853093	Zadar
15.18743018	44.16833318	-3.1110267	Zadar
16.80155998	43.52857994	-11.6766927	Zadar
16.26005944	43.61158687	-9.0036106	Zadar
16.68090164	43.48952736	-5.8049327	Zadar
16.04113449	43.6053499	-2.0000008	Zadar
16.57355728	43.57642516	-12.9576951	Zadar
16.85930352	43.481933	-7.8060619	Zadar
15.13651635	44.20307004	-2.0000013	Zadar
15.11969235	44.25084016	-3.8148712	Zadar
15.42186638	44.04134454	-6.8862636	Zadar
15.51181887	44.05697592	-12.9578407	Zadar
16.67076274	43.56124596	-12.9577069	Zadar
15.73011383	43.77197883	-2.6467576	Zadar
15.23228872	44.23334238	-9.84918	Zadar
16.62919869	43.56163196	-12.3346781	Zadar
15.91066065	43.66480887	-2.0000008	Zadar
16.57753504	43.55379512	-10.7128995	Zadar
15.28343281	44.10171649	-3.0440921	Zadar
15.37914878	44.17042728	-12.9577064	Zadar
15.9922343	43.62915159	-2.4414368	Zadar
16.06810719	43.62300001	-4.4188748	Zadar
15.20403681	44.3073395	-12.5220609	Zadar
15.84811216	43.83897367	-12.9577059	Zadar
16.86856481	43.49220351	-9.0007579	Zadar
15.43197732	44.0189852	-5.9702664	Zadar
16.81679738	43.52257015	-11.2993065	Zadar
15.32059729	44.05405781	-1.9999998	Zadar
16.70109344	43.51713207	-8.9426284	Zadar
16.59355233	43.50548602	-6.0425576	Zadar
16.87824015	43.50293042	-10.2487171	Zadar
15.41827439	44.07025659	-8.6023642	Zadar
15.37101436	44.12306579	-9.3888414	Zadar
15.50246268	44.06488072	-12.9576893	Zadar
15.96627092	43.71719307	-8.4388407	Zadar
16.59795103	43.4699404	-2.4902191	Zadar
16.11668755	43.6472201	-8.1204304	Zadar
16.09128868	43.693997	-11.3359388	Zadar
15.31474717	44.19529202	-11.3504322	Zadar
15.52952015	43.91159541	-3.2394007	Zadar
16.88461249	43.50999367	-11.0705452	Zadar
15.89397962	43.68200736	-2.703411	Zadar
15.53031978	43.97363099	-7.8079646	Zadar
15.14037988	44.27335528	-6.4715429	Zadar
15.83425099	43.73607226	-4.3898641	Zadar
16.61705375	43.54354906	-10.2972269	Zadar
16.69054754	43.52001287	-9.06918	Zadar
16.89375886	43.52012961	-12.2500208	Zadar
15.12804432	44.22185182	-2.5963958	Zadar
16.08325115	43.60325464	-3.2084867	Zadar
15.3232277	44.140889	-7.8441059	Zadar
16.06010543	43.5981215	-1.9999998	Zadar
16.89924727	43.52621052	-12.9577059	Zadar
15.49224263	43.93338118	-3.0256209	Zadar
16.73689172	43.55093697	-12.9578563	Zadar
16.72417074	43.54776774	-12.4354574	Zadar
15.941776	43.71027786	-6.8962495	Zadar
15.24146863	44.12317051	-2.5188753	Zadar
15.60555984	43.87862388	-4.4540694	Zadar
16.48421603	43.48288568	-2.0000018	Zadar
15.53270996	43.98466856	-8.7299054	Zadar
15.29610526	44.17500852	-8.96366	Zadar
16.28300627	43.54542152	-3.4435037	Zadar
16.8220367	43.44459533	-3.4077594	Zadar
16.64220453	43.50607041	-6.8772246	Zadar
15.47257677	43.94083467	-2.6182728	Zadar
15.87558075	43.71939724	-4.8934903	Zadar
15.95654286	43.64165729	-2.0000008	Zadar
16.77828142	43.54464372	-12.9577069	Zadar
15.83146864	43.78130941	-7.7703923	Zadar
16.3117928	43.58921041	-8.2602567	Zadar
15.32522728	44.0667855	-3.0974349	Zadar
16.13492386	43.64210998	-8.2797551	Zadar
15.2424929	44.2296589	-10.2639359	Zadar
15.22484694	44.13103005	-2.2649071	Zadar
15.25015494	44.24557573	-11.710326	Zadar
16.11642794	43.67907096	-10.8717464	Zadar
15.21293677	44.29412444	-12.2868792	Zadar
16.30129766	43.56106187	-5.3711627	Zadar
16.53658757	43.56346659	-11.0155733	Zadar
15.37037104	44.04463415	-4.2105462	Zadar
16.35725657	43.57752831	-8.2426594	Zadar
16.5027124	43.55242822	-9.1812066	Zadar
15.7125701	43.91746516	-12.3946019	Zadar
16.74521652	43.47112168	-4.9227674	Zadar
16.41055397	43.50513867	-2.5440794	Zadar
15.89761973	43.80252159	-12.282599	Zadar
16.5192568	43.54500948	-8.8525531	Zadar
16.83453383	43.51607878	-10.9117554	Zadar
16.13885926	43.63220957	-7.5520994	Zadar
16.84418292	43.47375545	-6.7340715	Zadar
15.30870796	44.21353799	-12.370345	Zadar
15.23057297	44.26864132	-11.8638367	Zadar
15.80791569	43.83919539	-11.2317271	Zadar
15.46240219	44.06329823	-10.6104058	Zadar
15.64631884	43.90630087	-8.4305185	Zadar
16.148937	43.597489	-4.8202779	Zadar
15.34315557	44.19187402	-12.5078665	Zadar
15.1597435	44.29409284	-8.9379764	Zadar
16.46303872	43.59691096	-12.5239632	Zadar
16.29004626	43.60870027	-9.5105939	Zadar
15.58482547	43.94153973	-8.1028114	Zadar
15.78156312	43.81362674	-8.1085429	Zadar
15.72156281	43.85710384	-8.402455	Zadar
16.74897714	43.48688136	-6.5928191	Zadar
16.36097768	43.62178232	-12.5620189	Zadar
16.25562387	43.65530788	-12.9577059	Zadar
16.26481908	43.53905794	-2.381179	Zadar
16.21556182	43.54865953	-2.0000003	Zadar
15.81688878	43.76186981	-5.6330689	Zadar
16.05717206	43.66750827	-7.9144978	Zadar
16.389901	43.59606682	-10.7647384	Zadar
15.90568452	43.75288524	-8.7910111	Zadar
15.32849929	44.15307689	-8.9803238	Zadar
15.67922899	43.82414014	-3.9427367	Zadar
16.52778547	43.53031324	-7.5271288	Zadar
15.7980428	43.84629511	-11.3538294	Zadar
15.36811876	44.02162041	-2.5712064	Zadar
15.45555341	43.95034365	-2.4891497	Zadar
15.99932185	43.63319404	-3.0332552	Zadar
16.04392042	43.72964007	-12.5710467	Zadar
15.18534575	44.17222194	-3.220367	Zadar
15.67981185	43.89053686	-8.8523709	Zadar
16.80287813	43.47381611	-6.0962988	Zadar
15.82388802	43.72796209	-3.3126419	Zadar
15.61976301	43.92088166	-8.2504908	Zadar
16.44100061	43.50615883	-3.3407005	Zadar
16.14390122	43.56857151	-1.9999979	Zadar
15.29621061	44.10010707	-3.6343795	Zadar
15.51020165	44.04825662	-12.2880794	Zadar
16.40158836	43.55511482	-7.1159741	Zadar
15.23270475	44.22378796	-9.3018458	Zadar
16.10393097	43.58980179	-2.7262088	Zadar
16.42288726	43.53525856	-5.7063099	Zadar
16.68550028	43.50403649	-7.360245	Zadar
16.01178353	43.6899072	-8.0923701	Zadar
16.05144407	43.7306739	-12.9577054	Zadar
15.4489962	43.98764256	-4.8466485	Zadar
16.6745796	43.45328052	-1.9999993	Zadar
15.63225462	43.9684904	-12.3638123	Zadar
15.79196529	43.8513678	-11.4262904	Zadar
15.66808122	43.80938232	-2.3276395	Zadar
15.26341765	44.22554359	-11.0001578	Zadar
16.00501729	43.64053445	-3.856722	Zadar
16.17891476	43.67933851	-12.9577059	Zadar
16.26923221	43.53372892	-2.0000599	Zadar
16.29296237	43.53360815	-2.568786	Zadar
15.40328287	44.05722949	-6.8999638	Zadar
16.13001426	43.60478594	-4.8849205	Zadar
15.84170247	43.76755614	-7.1497413	Zadar
15.25018936	44.16076	-5.6649344	Zadar
16.62769508	43.56797564	-12.9577044	Zadar
15.23552118	44.22189788	-9.3583531	Zadar
15.43341787	44.06563967	-9.1434354	Zadar
15.80960272	43.86059767	-12.9577059	Zadar
16.00039216	43.63825431	-3.4990977	Zadar
15.92664164	43.67389012	-3.3720911	Zadar
16.67490921	43.52309193	-9.1336771	Zadar
15.75980486	43.89413346	-12.9577669	Zadar
16.35503857	43.55144613	-5.6972756	Zadar
15.69085281	43.81044237	-3.5171644	Zadar
15.36691038	44.13337788	-9.832096	Zadar
15.17867841	44.28992334	-9.8784071	Zadar
16.0880868	43.63404403	-6.0349464	Zadar
15.16959934	44.27579854	-8.4571519	Zadar
15.64370837	43.84162071	-3.5276114	Zadar
16.72494863	43.45901197	-3.3692386	Zadar
16.06345551	43.70854867	-11.671578	Zadar
15.72804292	43.84339219	-7.7242606	Zadar
15.78415323	43.83446312	-9.8193678	Zadar
16.42606011	43.54880314	-7.0741226	Zadar
16.55559846	43.57922548	-12.9577059	Zadar
16.63122153	43.53886579	-10.0454007	Zadar
15.38331515	44.02982808	-3.965149	Zadar
15.20245622	44.14268196	-2.0000003	Zadar
16.01983199	43.74165288	-12.5601087	Zadar
16.40075287	43.57738279	-9.2264254	Zadar
15.4895039	44.02520587	-9.6019141	Zadar
15.91084174	43.78118303	-11.2046629	Zadar
16.42805623	43.49524045	-2.0000033	Zadar
15.34110746	44.14633773	-9.2169115	Zadar
15.90997492	43.76868999	-10.2002096	Zadar
15.71310144	43.82794852	-5.8739578	Zadar
16.25897141	43.60094962	-7.9858367	Zadar
15.94983451	43.77828465	-12.6701492	Zadar
15.65423735	43.93480312	-10.9126488	Zadar
15.28069673	44.09349462	-2.3196556	Zadar
16.78055724	43.49532059	-7.9475535	Zadar
15.3292309	44.2076295	-12.9577069	Zadar
15.21929207	44.20382989	-7.2505313	Zadar
16.22257465	43.60162725	-7.1078884	Zadar
15.36440919	44.14994364	-10.7767471	Zadar
15.73679163	43.90955302	-12.9576092	Zadar
15.61584386	43.95604277	-10.6638004	Zadar
16.14873362	43.61206531	-6.1344012	Zadar
16.13821545	43.59362559	-4.1839442	Zadar
16.06728786	43.70778907	-11.7407596	Zadar
15.791644	43.84059388	-10.6291934	Zadar
15.42422072	44.05556677	-7.9608549	Zadar
15.58467643	43.99247207	-11.8148524	Zadar
16.06992356	43.63523713	-5.5389016	Zadar
15.28987348	44.1101927	-3.9741986	Zadar
16.16958524	43.62858631	-8.2474223	Zadar
15.98087599	43.70578569	-8.1151982	Zadar
15.90921877	43.67607615	-2.8437054	Zadar
15.76323816	43.75216967	-2.5550199	Zadar
16.61657631	43.55788118	-11.75112	Zadar
16.48592556	43.51232297	-4.962169	Zadar
16.86925616	43.4999531	-9.8040367	Zadar
16.70905678	43.55525618	-12.9576976	Zadar
15.74536562	43.76975518	-3.1414246	Zadar
15.52705777	44.01617954	-10.7587933	Zadar
16.07764693	43.717885	-12.9590345	Zadar
16.44452658	43.59950675	-12.3472796	Zadar
15.65038854	43.94545353	-11.5178438	Zadar
16.65402806	43.4964047	-6.0806001	Zadar
16.33371048	43.60383229	-10.1877103	Zadar
16.52909961	43.54978351	-9.5334325	Zadar
16.87860544	43.51422575	-11.4096444	Zadar
15.38564353	44.14526798	-11.6759788	Zadar
15.6578635	43.82192601	-2.7436302	Zadar
15.91178286	43.73714778	-7.8374175	Zadar
15.41613672	43.99891872	-3.7537574	Zadar
16.36403715	43.62518422	-12.9577059	Zadar
15.86533686	43.8078201	-11.2921724	Zadar
16.48098697	43.55005062	-8.4547751	Zadar
15.89189186	43.70930935	-4.805951	Zadar
16.37498246	43.62256194	-12.9577049	Zadar
16.11557151	43.5995501	-3.9546947	Zadar
15.53299475	44.04233578	-12.9577069	Zadar
16.28734317	43.52900974	-2.0000013	Zadar
16.00410175	43.75454808	-12.9577054	Zadar
15.91033211	43.7319245	-7.3612144	Zadar
16.88983419	43.52313702	-12.4963792	Zadar
16.88916785	43.52774858	-12.9577064	Zadar
16.7162382	43.53930181	-11.4455765	Zadar
16.54240466	43.57386971	-12.1440433	Zadar
16.1462617	43.60259632	-5.2264923	Zadar
16.78143693	43.50652589	-9.10729	Zadar
16.13377862	43.68067295	-11.5832362	Zadar
16.45300584	43.60385293	-12.9577059	Zadar
16.30227302	43.52543106	-1.9999989	Zadar
16.01624501	43.74842633	-12.9577054	Zadar
15.6850793	43.86150039	-6.9564509	Zadar
16.23895765	43.55840789	-3.5114412	Zadar
15.86132094	43.83157722	-12.9577059	Zadar
15.316255	44.09840892	-4.6614293	Zadar
15.38266168	44.15610005	-12.2172034	Zadar
16.30436626	43.60777279	-9.7947564	Zadar
16.09263731	43.62235068	-5.1722171	Zadar
15.26144611	44.14416227	-5.0224051	Zadar
16.66052488	43.45541687	-1.9999984	Zadar
16.15561837	43.58177057	-3.5304639	Zadar
16.16282912	43.6210591	-7.372221	Zadar
16.3500514	43.59446317	-9.6975228	Zadar
15.13156716	44.24079615	-3.957786	Zadar
16.74816247	43.44208356	-1.9999998	Zadar
15.50031596	44.04402871	-11.4559559	Zadar
16.12130865	43.58939779	-3.2650965	Zadar
16.66012542	43.46632489	-3.1090882	Zadar
15.1589422	44.17958931	-2.0000028	Zadar
15.27823715	44.09075224	-1.9999998	Zadar
15.45068186	44.09948593	-12.3539515	Zadar
15.63308918	43.95423211	-11.3479337	Zadar
15.65832484	43.95984166	-12.9577059	Zadar
15.59259055	43.85372899	-2.0000003	Zadar
15.92089078	43.76065584	-10.0522218	Zadar
15.41118842	44.13521872	-12.4678426	Zadar
15.90276904	43.71586889	-5.7695655	Zadar
15.25197393	44.13854511	-4.1485006	Zadar
15.94505378	43.73926921	-9.3503214	Zadar
16.74851253	43.51966958	-9.9392247	Zadar
15.40591813	43.98721443	-2.406161	Zadar
15.88425985	43.70573299	-4.21145	Zadar
15.94228961	43.64885134	-1.9999998	Zadar
15.23767853	44.19606175	-7.5975127	Zadar
16.5098176	43.53788615	-7.9546153	Zadar
15.28713939	44.10067813	-3.156598	Zadar
15.98959117	43.64229109	-3.3856427	Zadar
16.08581267	43.59382604	-2.4765462	Zadar
16.06586328	43.60024369	-2.3738182	Zadar
15.94059913	43.78123358	-12.5001873	Zadar
16.56258583	43.47423096	-2.3643065	Zadar
16.5036046	43.49500958	-3.5437801	Zadar
16.34158013	43.62707974	-12.5538695	Zadar
16.78348984	43.53509735	-12.0620404	Zadar
15.60872516	43.93422411	-8.7146306	Zadar
15.5120594	43.96878669	-6.570466	Zadar
15.76369523	43.86906655	-11.3287933	Zadar
15.26516534	44.15974405	-6.3317185	Zadar
16.34127954	43.5223002	-2.5949705	Zadar
15.15244087	44.19396013	-2.4546693	Zadar
16.56749182	43.5622917	-11.4196314	Zadar
16.52639728	43.56755929	-11.172296	Zadar
15.49408839	44.00088001	-8.0457611	Zadar
15.93230276	43.76073562	-10.5536273	Zadar
15.10606519	44.23493038	-2.0000003	Zadar
15.47625723	43.95068353	-3.51572	Zadar
15.702951	43.79277381	-2.8269378	Zadar
16.3446349	43.58607485	-8.7707733	Zadar
15.36243596	44.11378727	-8.2930698	Zadar
16.27878206	43.64324423	-12.4335999	Zadar
15.32932234	44.14767568	-8.63551	Zadar
16.25255783	43.57903722	-5.781691	Zadar
15.56308698	44.01551341	-12.4533372	Zadar
16.1645182	43.62579788	-7.8441309	Zadar
15.30870566	44.11032952	-5.0145501	Zadar
15.46599625	44.09566791	-12.9577074	Zadar
15.11561711	44.23645964	-2.693118	Zadar
16.57610714	43.51422245	-6.6553613	Zadar
15.9898975	43.7381097	-11.067691	Zadar
16.37329718	43.54831001	-5.8161737	Zadar
15.22792179	44.25385402	-10.8076585	Zadar
16.00453403	43.65222261	-4.7838934	Zadar
16.4858026	43.52394819	-6.070114	Zadar
16.32300361	43.63658496	-12.9577064	Zadar
15.50760046	43.92838311	-3.4039556	Zadar
15.95239608	43.64918901	-2.4351698	Zadar
15.8216765	43.79419463	-8.3432468	Zadar
16.00655512	43.6451296	-4.2980741	Zadar
15.2112093	44.26654818	-10.5192127	Zadar
15.61041795	43.98329101	-12.3903265	Zadar
16.85567423	43.52898417	-12.5615355	Zadar
15.68719637	43.94134703	-12.9577059	Zadar
16.31200372	43.57776321	-7.2011489	Zadar
15.8768304	43.69635963	-3.1604495	Zadar
16.64747543	43.46187791	-2.4580169	Zadar
15.13867592	44.27758644	-6.6189773	Zadar
15.21870076	44.18369028	-5.765768	Zadar
16.6443491	43.45787809	-2.0003914	Zadar
16.81501712	43.48283132	-7.2072886	Zadar
16.49636606	43.51829236	-5.7725428	Zadar
15.24717044	44.22737715	-10.3300474	Zadar
16.70991346	43.50364914	-7.6999665	Zadar
15.39425579	44.03460574	-4.8942774	Zadar
16.35941214	43.51172554	-2.0000013	Zadar
15.81110936	43.82725886	-10.4456138	Zadar
15.30220781	44.22610997	-12.9577064	Zadar
16.16450338	43.68482951	-12.9577054	Zadar
15.1801974	44.16507099	-2.4666375	Zadar
16.21903305	43.62928605	-9.5900189	Zadar
16.03703628	43.68767953	-8.9341729	Zadar
16.50660454	43.56211008	-10.1963839	Zadar
15.40012273	44.02100338	-4.3209022	Zadar
16.1007407	43.65816931	-8.5427583	Zadar
15.75428585	43.77964985	-4.2943675	Zadar
16.60805403	43.48768977	-4.4597772	Zadar
15.61935657	43.85569599	-3.4134671	Zadar
15.3401609	44.1128757	-6.9680631	Zadar
16.54012018	43.53402667	-8.1018816	Zadar
15.91697714	43.74608501	-8.7557722	Zadar
16.47868304	43.57823272	-11.0967032	Zadar
16.35385933	43.61386593	-11.641241	Zadar
15.34018697	44.1672944	-10.585106	Zadar
16.3041338	43.64183067	-12.9577069	Zadar
16.66777191	43.45954638	-2.5347952	Zadar
16.59403355	43.57323063	-12.9577054	Zadar
15.8801872	43.74818902	-7.3209554	Zadar
16.831813	43.49547218	-8.7617697	Zadar
15.86883282	43.6892382	-2.2672962	Zadar
16.55202721	43.54023397	-8.9241867	Zadar
16.33438051	43.59289645	-9.1878195	Zadar
15.92391596	43.73302172	-7.9967404	Zadar
15.18363575	44.24002975	-7.1887367	Zadar
15.72862262	43.76438865	-2.0002293	Zadar
15.14468605	44.2327522	-4.2995008	Zadar
16.19212695	43.58714744	-4.9738944	Zadar
15.29580716	44.15095507	-7.2115698	Zadar
15.7950219	43.86253341	-12.3855809	Zadar
15.75295238	43.8890504	-12.2541073	Zadar
16.69489399	43.49753459	-6.8410561	Zadar
15.75832961	43.79571907	-5.7147354	Zadar
16.85352405	43.48192177	-7.7147479	Zadar
16.15693651	43.56888857	-2.3662088	Zadar
15.80877838	43.7875658	-7.2705427	Zadar
15.94004144	43.76521331	-11.226846	Zadar
16.84433851	43.53458463	-12.9577064	Zadar
15.74296147	43.83196619	-7.6243853	Zadar
16.76287242	43.50846378	-9.0164512	Zadar
15.68476063	43.91265251	-10.7212213	Zadar
16.29688786	43.59577769	-8.485449	Zadar
15.48443471	43.96265891	-4.7861536	Zadar
16.69002847	43.51102578	-8.1451655	Zadar
16.63166174	43.51453589	-7.5720702	Zadar
15.63456105	43.83389086	-2.5231551	Zadar
15.65414891	43.83255785	-3.3530985	Zadar
15.95930857	43.77711798	-12.9576937	Zadar
15.72308624	43.86832132	-9.2909337	Zadar
15.37286191	44.16600323	-12.3104217	Zadar
16.6152522	43.49580711	-5.4016942	Zadar
15.19126882	44.32792371	-12.9577078	Zadar
15.17251184	44.23012503	-5.8928619	Zadar
15.69624233	43.86098728	-7.4479126	Zadar
15.66155425	43.83934674	-4.2051575	Zadar
16.65255933	43.47256396	-3.628491	Zadar
15.21689299	44.23675021	-9.0849422	Zadar
16.79891318	43.49204324	-7.8983283	Zadar
16.26279554	43.58290694	-6.4063856	Zadar
16.52548345	43.55446422	-9.8995741	Zadar
16.02477853	43.70920489	-10.1619215	Zadar
15.82339635	43.84363149	-12.246659	Zadar
15.75153315	43.85401146	-9.6423338	Zadar
15.9358014	43.76982278	-11.409599	Zadar
16.52126432	43.50411741	-4.7528621	Zadar
15.93872331	43.78819753	-12.9577215	Zadar
16.10788568	43.57990598	-1.9999403	Zadar
15.98103766	43.62928965	-2.0000003	Zadar
15.80888145	43.85358698	-12.3892572	Zadar
16.02020325	43.64255927	-4.5330189	Zadar
15.5153625	44.05400192	-12.9577059	Zadar
15.985771	43.71376003	-8.9512945	Zadar
16.68589569	43.47694535	-4.595557	Zadar
16.41932826	43.57371922	-9.3022816	Zadar
16.58857042	43.47824575	-3.1870848	Zadar
15.39087296	43.99379628	-1.9999998	Zadar
16.61148178	43.47845659	-3.5735052	Zadar
15.60122306	43.95687616	-10.0163809	Zadar
15.78260099	43.84375016	-10.4160838	Zadar
16.61542046	43.51812876	-7.6795533	Zadar
15.38504243	44.11178117	-9.445675	Zadar
15.50105729	43.91349158	-2.0000008	Zadar
16.29951125	43.55237031	-4.5135936	Zadar
15.77362115	43.77355821	-4.6611927	Zadar
15.35923327	44.08911664	-6.4934206	Zadar
16.31732581	43.5649922	-6.1281632	Zadar
15.60923427	43.91688034	-7.4560249	Zadar
15.72914115	43.83012311	-6.8153977	Zadar
15.87166268	43.69527659	-2.8581966	Zadar
15.30716049	44.17853089	-9.7645589	Zadar
15.44877219	44.04221569	-8.4500172	Zadar
15.19395187	44.2745421	-9.9140167	Zadar
16.32863247	43.58475363	-8.2782531	Zadar
16.15709981	43.618608	-6.9769651	Zadar
16.33501908	43.61405455	-11.1723001	Zadar
15.35795964	44.17094446	-11.7884564	Zadar
16.82656494	43.5372928	-12.9577059	Zadar
15.24495321	44.23763796	-10.9055025	Zadar
15.59672725	43.91339679	-6.6061395	Zadar
15.18906151	44.32515832	-12.6523763	Zadar
15.71293811	43.83697836	-6.5210046	Zadar
15.18273761	44.32659994	-12.3413338	Zadar
16.39237706	43.51726493	-3.2858895	Zadar
16.82808503	43.45843105	-4.9163468	Zadar
16.52612018	43.58629557	-12.9577142	Zadar
15.44191526	44.10869914	-12.4746468	Zadar
16.18769093	43.61663374	-7.6027443	Zadar
16.6900926	43.45092164	-1.9999984	Zadar
15.2388299	44.27818789	-12.9577025	Zadar
15.66576004	43.90110402	-8.9674652	Zadar
15.44888796	43.97993259	-4.3285191	Zadar
16.30139306	43.6266709	-11.4761087	Zadar
15.63252687	43.97640072	-12.9579998	Zadar
15.76002185	43.80534568	-6.5276364	Zadar
16.83119465	43.47054533	-6.2033079	Zadar
15.81975718	43.85484478	-12.9577699	Zadar
15.63372979	43.94480664	-10.6810189	Zadar
16.63030091	43.53070407	-9.1986043	Zadar
15.34656989	44.17775392	-11.6562469	Zadar
15.48607484	43.98583632	-6.5588141	Zadar
15.92380302	43.65817935	-2.0000003	Zadar
15.84753887	43.83306704	-12.4753372	Zadar
15.32602767	44.12109258	-6.7043535	Zadar
16.19682545	43.55386822	-1.9999989	Zadar
15.79298741	43.7512531	-3.7744444	Zadar
16.16051901	43.59091537	-4.5078109	Zadar
15.36897404	44.01229141	-1.9999984	Zadar
16.32089392	43.63329231	-12.5967298	Zadar
16.30200602	43.63735111	-12.4857962	Zadar
15.44700295	44.07005039	-10.1961644	Zadar
16.22173028	43.56645415	-3.814275	Zadar
16.85193221	43.49260108	-8.7819229	Zadar
15.73963606	43.77866097	-3.5830474	Zadar
16.72911258	43.46883989	-4.4388504	Zadar
16.1601087	43.56407029	-1.9999993	Zadar
15.3228082	44.05740156	-2.3448079	Zadar
16.06692473	43.72286274	-12.9577054	Zadar
15.79655043	43.73002758	-2.2863084	Zadar
16.76461619	43.52654428	-10.8931483	Zadar
15.25784525	44.21649607	-10.070845	Zadar
16.28964606	43.61864675	-10.425638	Zadar
15.74941476	43.80888445	-6.265853	Zadar
16.43151896	43.49770295	-2.3148441	Zadar
15.72777117	43.80753691	-5.11039	Zadar
16.79928314	43.51816631	-10.5759273	Zadar
16.00846718	43.67794894	-7.0013552	Zadar
16.24564892	43.64123668	-11.3901449	Zadar
16.45288583	43.55967589	-8.7296677	Zadar
15.49477404	44.06082629	-12.2585653	Zadar
15.88172544	43.80420214	-11.7230618	Zadar
16.05429197	43.6983417	-10.4846121	Zadar
15.99309692	43.62364225	-2.0003114	Zadar
16.00418739	43.74529474	-12.2200584	Zadar
15.57040249	43.99905146	-11.6046385	Zadar
16.64070562	43.49391067	-5.614047	Zadar
16.61311758	43.57025192	-12.9577064	Zadar
16.27773648	43.55794735	-4.4716607	Zadar
15.73946995	43.75831493	-2.0000003	Zadar
15.24210529	44.27185035	-12.7826868	Zadar
16.47759353	43.50535807	-4.105243	Zadar
15.62424178	43.84167499	-2.6091185	Zadar
15.32402066	44.14530006	-8.1977315	Zadar
16.16730043	43.5740963	-3.1183617	Zadar
15.33540955	44.16023891	-9.8393543	Zadar
15.34596814	44.16620567	-10.7966051	Zadar
15.73596396	43.89124165	-11.5832484	Zadar
16.39882437	43.60844772	-12.15395	Zadar
16.20039635	43.63126396	-9.2925338	Zadar
16.20563411	43.60780518	-7.2448611	Zadar
15.37948264	44.00341738	-2.0000003	Zadar
16.66417252	43.54275253	-10.9668651	Zadar
16.81280142	43.50998364	-9.9495692	Zadar
16.80924246	43.43663575	-2.3947445	Zadar
15.56022491	43.93093851	-6.1379121	Zadar
15.47738794	44.08605311	-12.9577054	Zadar
15.21960109	44.20770218	-7.5096238	Zadar
15.5095866	43.98216931	-7.428439	Zadar
15.55699448	43.95870884	-8.0091413	Zadar
16.50401578	43.52889478	-6.9618319	Zadar
15.40835011	44.00985684	-4.0426795	Zadar
15.35170308	44.160225	-10.7297786	Zadar
15.23486709	44.15458617	-4.46168	Zadar
15.77007852	43.81369428	-7.6158252	Zadar
16.41575335	43.56094114	-7.9982034	Zadar
16.68793845	43.46420224	-3.3242957	Zadar
15.30737814	44.06551287	-1.9999993	Zadar
15.34902533	44.03648611	-2.4635496	Zadar
16.39694369	43.56813755	-8.2547854	Zadar
15.93074151	43.73968284	-8.8056867	Zadar
16.0931525	43.71199518	-12.9577113	Zadar
15.65563005	43.91104631	-9.2223831	Zadar
15.25407614	44.17150103	-6.6330087	Zadar
16.55260309	43.51905521	-6.7740202	Zadar
15.25314769	44.18763698	-7.7530322	Zadar
15.62191823	43.98343711	-12.9576781	Zadar
15.19578763	44.18292382	-4.5211534	Zadar
15.7998048	43.72450294	-2.0000003	Zadar
16.21081773	43.65960521	-12.199845	Zadar
15.88142067	43.81560148	-12.5924491	Zadar
15.4630592	43.98419013	-5.3251219	Zadar
16.46295924	43.56711432	-9.6722962	Zadar
16.4502796	43.57524637	-10.1588306	Zadar
16.58835428	43.56453227	-11.9801204	Zadar
15.70806862	43.8948394	-10.5093634	Zadar
15.68742189	43.88238619	-8.6107939	Zadar
15.33279363	44.18604808	-11.5746756	Zadar
16.2141757	43.55638292	-2.6823607	Zadar
15.79615981	43.83244637	-10.1992801	Zadar
16.56078423	43.50011883	-4.9738956	Zadar
15.86762885	43.81620365	-12.0407586	Zadar
15.41858816	44.08402193	-9.5320589	Zadar
15.71561097	43.884112	-10.0733458	Zadar
16.41078345	43.51423935	-3.4191737	Zadar
16.78557504	43.52241076	-10.7966024	Zadar
15.46629096	44.0518314	-10.0679903	Zadar
15.54326303	43.8916609	-2.450054	Zadar
15.99082307	43.66341541	-5.1256097	Zadar
15.96901341	43.63536147	-1.9999993	Zadar
15.9155118	43.69855401	-4.8973238	Zadar
16.0833937	43.64924809	-7.1973006	Zadar
15.76547604	43.84298727	-9.5238469	Zadar
16.06986515	43.6717203	-8.6982783	Zadar
15.77135235	43.76055591	-3.5561473	Zadar
15.17792596	44.18311194	-3.4070782	Zadar
16.79247967	43.51145633	-9.7835858	Zadar
15.77767495	43.86116552	-11.4386556	Zadar
15.22244082	44.19180729	-6.5371774	Zadar
16.18861711	43.57311905	-3.5782616	Zadar
15.69748039	43.83434155	-5.5746265	Zadar
15.16153936	44.18354642	-2.4014051	Zadar
16.49060542	43.50697446	-4.5567774	Zadar
16.83506062	43.53098477	-12.4447767	Zadar
15.28067315	44.08864306	-1.9999989	Zadar
15.10313	44.23799999	-1.9999998	Zadar
15.16533234	44.30724609	-10.0813075	Zadar
16.54305473	43.56529134	-11.3368248	Zadar
15.47399303	44.02332645	-8.6105052	Zadar
15.7829389	43.74347569	-2.736578	Zadar
15.67226854	43.84592099	-5.198889	Zadar
16.32106431	43.57912869	-7.5634735	Zadar
15.25432534	44.20482422	-9.05331	Zadar
16.7451259	43.4607646	-3.8624278	Zadar
15.72203338	43.77868626	-2.7381317	Zadar
15.63384605	43.82726644	-2.0000091	Zadar
15.27938074	44.16913027	-7.7123702	Zadar
15.37681673	44.10121332	-8.2854611	Zadar
15.42837633	44.12779884	-12.9576932	Zadar
15.76665011	43.81273664	-7.387539	Zadar
15.4774479	43.99882712	-7.0907687	Zadar
15.36163751	44.05359314	-4.3014036	Zadar
16.42972491	43.60510108	-12.5427479	Zadar
15.36523969	44.17788265	-12.6571302	Zadar
15.58377556	43.93002634	-7.2115925	Zadar
15.95648115	43.74577065	-10.3323043	Zadar
15.7482467	43.87794108	-11.2179793	Zadar
16.62678105	43.48534046	-4.5187518	Zadar
15.37037907	44.03361436	-3.4897164	Zadar
15.78531388	43.73262722	-2.0000003	Zadar
15.713585	43.8122954	-4.762255	Zadar
15.41569798	44.12627506	-12.1375457	Zadar
16.16942248	43.60069624	-5.6478128	Zadar
15.28370282	44.15827841	-7.1421322	Zadar
15.5801909	43.86167824	-2.0000008	Zadar
16.13303239	43.59070449	-3.7654661	Zadar
16.59773008	43.46516352	-1.9999989	Zadar
15.54869922	43.88188877	-2.0000506	Zadar
16.4646561	43.48644083	-2.0001678	Zadar
15.84046844	43.79913516	-9.5409134	Zadar
16.32348261	43.58611492	-8.2751839	Zadar
16.38996257	43.53982469	-5.3871871	Zadar
15.66339393	43.87133479	-6.6556142	Zadar
16.76083727	43.54729735	-12.9576981	Zadar
16.20195546	43.64989774	-11.0672232	Zadar
16.39648012	43.58706657	-10.0546744	Zadar
15.54759636	44.02149452	-12.1408719	Zadar
15.49891199	43.91962359	-2.3438553	Zadar
15.73275034	43.7692234	-2.554159	Zadar
15.44154954	43.96315533	-2.747637	Zadar
15.48823037	44.07098773	-12.5658162	Zadar
15.17650578	44.16118448	-2.0005052	Zadar
15.72727448	43.90967695	-12.5158753	Zadar
15.43576892	43.9567498	-2.0000003	Zadar
15.47520082	44.00926862	-7.7451853	Zadar
15.42484286	44.09001738	-10.2801117	Zadar
15.58677678	43.90103188	-5.2207264	Zadar
15.83382814	43.84697017	-12.9577059	Zadar
16.12476672	43.5786279	-2.4414027	Zadar
16.43313868	43.51899016	-4.3865345	Zadar
15.12871895	44.2665017	-5.3253582	Zadar
16.43116848	43.58268522	-10.4315838	Zadar
15.83784295	43.715309	-2.939305	Zadar
15.5784099	43.9085489	-5.3813721	Zadar
16.40091622	43.52808316	-4.5160155	Zadar
15.687087	43.79723467	-2.3752445	Zadar
16.46957426	43.58709327	-11.73495	Zadar
15.15201087	44.28042603	-7.6289049	Zadar
15.19364739	44.16579408	-3.2346458	Zadar
15.27033676	44.13501467	-4.8012525	Zadar
15.90112019	43.72828859	-6.6905133	Zadar
15.87517273	43.82381873	-12.9577059	Zadar
15.65537166	43.85348859	-4.9570257	Zadar
16.20721319	43.64167877	-10.4380037	Zadar
16.54774233	43.58109802	-12.9577996	Zadar
15.75098862	43.79527077	-5.3559395	Zadar
15.84219422	43.74476447	-5.4071615	Zadar
15.50420567	44.02395525	-10.2216095	Zadar
15.38528694	44.01231806	-2.9147821	Zadar
16.49768584	43.5063652	-4.607213	Zadar
16.55326212	43.53013881	-7.9144972	Zadar
15.59264872	43.87629418	-3.6702889	Zadar
16.33255969	43.53286322	-3.4049078	Zadar
15.58099139	43.95588239	-8.9643773	Zadar
15.77286842	43.81966922	-8.1941474	Zadar
16.11464809	43.68968091	-11.7325731	Zadar
15.18173184	44.21389942	-5.4975282	Zadar
15.62561325	43.87581464	-5.1964735	Zadar
16.15310911	43.68373153	-12.4863934	Zadar
16.31574925	43.57145583	-6.710313	Zadar
15.65081979	43.89669158	-7.9335215	Zadar
16.62554187	43.46081404	-1.9999769	Zadar
15.23861888	44.22804153	-9.9291441	Zadar
16.17046412	43.65342241	-10.4332479	Zadar
15.29405086	44.10838228	-4.0545684	Zadar
15.42302058	43.98817402	-3.4272562	Zadar
16.70211121	43.52581402	-9.845409	Zadar
16.44663765	43.51311951	-4.135422	Zadar
16.05962398	43.72020189	-12.4497703	Zadar
15.76678779	43.88031658	-12.2961551	Zadar
15.58121596	43.88918319	-4.0814261	Zadar
15.54082764	43.96294383	-7.5359242	Zadar
15.21233026	44.27817765	-11.2893175	Zadar
15.27451532	44.18288304	-8.4654726	Zadar
15.28758029	44.1918276	-9.7574268	Zadar
16.70764348	43.54925875	-12.3236121	Zadar
15.34471203	44.19703764	-12.9577064	Zadar
16.4815242	43.58994718	-12.2823617	Zadar
16.62427471	43.50176259	-6.1524187	Zadar
15.46120332	44.00402934	-6.6157851	Zadar
15.71565474	43.92310663	-12.9577064	Zadar
16.53645846	43.51002753	-5.5969238	Zadar
15.29145597	44.23345999	-12.9577054	Zadar
15.40333404	44.04515272	-6.1015731	Zadar
15.66892186	43.88405869	-7.857667	Zadar
16.57577755	43.48644712	-3.819151	Zadar
15.7443278	43.76017108	-2.3542435	Zadar
15.79585522	43.79909706	-7.6029855	Zadar
15.69864821	43.8169613	-4.3708436	Zadar
16.4943695	43.57790625	-11.425814	Zadar
16.67480865	43.54823511	-11.6954759	Zadar
16.75193817	43.47819863	-5.7510179	Zadar
15.67475054	43.93840499	-12.1506219	Zadar
16.12779058	43.61685509	-5.8566645	Zadar
16.26509475	43.63525758	-11.3364029	Zadar
15.97317237	43.69900179	-7.2610305	Zadar
15.73626914	43.78538454	-3.9194781	Zadar
16.49707861	43.5141764	-5.3938292	Zadar
16.00968679	43.73409456	-11.5451893	Zadar
16.51055614	43.52916739	-7.1364363	Zadar
16.8038944	43.44544083	-3.2113402	Zadar
15.30422819	44.12254479	-5.5764522	Zadar
15.27447253	44.21547366	-10.8184803	Zadar
15.21596726	44.13343857	-2.0000003	Zadar
16.40470466	43.50085082	-1.9999993	Zadar
16.71447527	43.53195417	-10.6671656	Zadar
15.52117343	44.05015766	-12.9577064	Zadar
15.47470036	44.06598252	-11.4767044	Zadar
16.20798987	43.61679576	-8.1423073	Zadar
16.43215156	43.59165515	-11.3121466	Zadar
15.68716549	43.93084186	-12.1796331	Zadar
15.81526017	43.71583549	-2.0000003	Zadar
16.04113622	43.68368427	-8.7800803	Zadar
16.28260337	43.62835566	-11.1468787	Zadar
15.79385565	43.76501454	-4.8773492	Zadar
15.20100103	44.29835061	-11.7901209	Zadar
16.22350084	43.64705962	-11.3597071	Zadar
15.69161805	43.85351878	-6.6794264	Zadar
15.56654228	43.93892175	-7.0265574	Zadar
16.35127379	43.52839691	-3.4070467	Zadar
15.55298614	43.89849232	-3.4191822	Zadar
15.49009378	44.03726361	-10.4352628	Zadar
16.2334109	43.54369585	-1.9999998	Zadar
15.3528268	44.17383789	-11.686951	Zadar
16.64797045	43.56480835	-12.9577059	Zadar
15.54533715	43.97903463	-8.9294168	Zadar
15.98883781	43.76224114	-12.9577059	Zadar
16.27936315	43.53092209	-1.9999998	Zadar
15.15431185	44.25452002	-6.2148387	Zadar
15.51426643	43.9134954	-2.6396766	Zadar
16.32136274	43.59911865	-9.4294912	Zadar
16.34699295	43.56070573	-6.3983013	Zadar
15.39125845	44.05271164	-5.9267458	Zadar
16.70371316	43.45405559	-2.5321912	Zadar
16.73850987	43.54562161	-12.4388114	Zadar
16.21584723	43.66634992	-12.9577059	Zadar
16.17916383	43.6286262	-8.4985271	Zadar
15.86811451	43.73006613	-5.3948016	Zadar
16.11998593	43.63301498	-6.9987401	Zadar
16.06414043	43.69652728	-10.6595262	Zadar
16.37800068	43.51098046	-2.3552689	Zadar
16.75019486	43.49829292	-7.7788344	Zadar
15.62269396	43.97883289	-12.6589774	Zadar
16.55153451	43.57471164	-12.432679	Zadar
16.32497629	43.62383591	-11.8224447	Zadar
16.79876743	43.53825353	-12.6228875	Zadar
16.02528374	43.68238025	-8.0352991	Zadar
15.65816408	43.86339182	-5.820929	Zadar
16.48634169	43.5637857	-9.8910692	Zadar
16.45050568	43.48984442	-2.0000013	Zadar
16.3166874	43.52197501	-1.9999993	Zadar
16.52050445	43.540229	-8.422413	Zadar
15.44718311	44.11154008	-12.957785	Zadar
16.37835977	43.60793536	-11.6355526	Zadar
16.57733381	43.46835153	-2.0000008	Zadar
15.26348943	44.10090557	-2.0000882	Zadar
16.72222484	43.47796702	-5.2649581	Zadar
15.72513021	43.76641593	-1.9999998	Zadar
15.80392132	43.80538573	-8.4397921	Zadar
16.22684786	43.5498023	-2.3980736	Zadar
15.59349171	43.96821949	-10.4703438	Zadar
16.35438215	43.56833253	-7.2971755	Zadar
15.77747225	43.82794862	-9.0203272	Zadar
16.17141738	43.61846541	-7.3528279	Zadar
15.46814688	44.04129802	-9.4736999	Zadar
15.87101887	43.74296856	-6.5191024	Zadar
15.97272435	43.64915727	-3.2536683	Zadar
15.72805203	43.81900787	-5.9559981	Zadar
15.23503533	44.24325287	-10.6180401	Zadar
15.30119749	44.11634678	-4.9829801	Zadar
15.91730524	43.74023878	-8.3085986	Zadar
15.59855748	43.93785026	-8.4987545	Zadar
15.57766492	44.01276159	-12.9577064	Zadar
16.24288251	43.57115513	-4.7983997	Zadar
15.67014293	43.92732663	-11.1133487	Zadar
16.59412231	43.53920562	-9.4891928	Zadar
15.15940841	44.22040605	-4.4835579	Zadar
15.14102381	44.26170465	-5.8109415	Zadar
15.58257586	43.9184761	-6.3105949	Zadar
15.1481539	44.19088683	-1.9999998	Zadar
15.36076972	44.01923124	-2.0009237	Zadar
15.23982968	44.11710711	-2.0000018	Zadar
15.56984131	43.92117576	-5.8908305	Zadar
15.3993414	44.10774449	-9.9933236	Zadar
16.8030446	43.43371875	-2.0000003	Zadar
15.77993063	43.79223418	-6.3809459	Zadar
15.79499365	43.87043967	-12.9577069	Zadar
16.27315962	43.59312728	-7.6250984	Zadar
16.14636767	43.69173759	-12.9577049	Zadar
15.18134119	44.16154517	-2.3195999	Zadar
16.20401224	43.66977264	-12.9577059	Zadar
15.76918716	43.78576139	-5.4138245	Zadar
16.36258624	43.5361069	-4.4036561	Zadar
16.07855963	43.66283459	-8.2150741	Zadar
15.97579201	43.73490218	-10.2413458	Zadar
15.48264506	44.01756423	-8.7116048	Zadar
15.64696978	43.82322361	-2.32337	Zadar
15.21214474	44.1958708	-6.322205	Zadar
15.11739904	44.22307512	-1.9999993	Zadar
15.66303038	43.95140636	-12.5567801	Zadar
15.68547395	43.84426539	-5.7072814	Zadar
15.20640987	44.22821216	-7.9116482	Zadar
16.02498671	43.66092128	-6.2826765	Zadar
15.76249027	43.80487392	-6.6039856	Zadar
15.61784797	43.90463269	-6.9585525	Zadar
15.56722132	43.94987759	-7.8593291	Zadar
16.24973995	43.53915345	-2.0000013	Zadar
16.5176592	43.58222085	-12.3735399	Zadar
15.92101363	43.79812847	-12.9577059	Zadar
16.12769284	43.57307165	-1.9999984	Zadar
15.48907525	44.01796797	-9.0521204	Zadar
15.9548004	43.72816649	-8.8545106	Zadar
15.34122157	44.0753741	-4.5691637	Zadar
15.69219416	43.89548169	-9.8045108	Zadar
16.3605892	43.51567213	-2.4042557	Zadar
15.86017043	43.75391755	-6.8955361	Zadar
16.60824414	43.53051986	-8.8284719	Zadar
16.47193583	43.49396819	-2.8866649	Zadar
16.47424639	43.53174115	-6.5495404	Zadar
16.34452203	43.60825026	-10.8785133	Zadar
15.38628169	44.12475236	-10.3666646	Zadar
16.02117861	43.69759958	-9.0875524	Zadar
15.55992757	43.89236898	-3.3084295	Zadar
16.19428581	43.67348035	-12.9577054	Zadar
15.60935881	43.95015282	-9.9198553	Zadar
16.83287526	43.48276902	-7.4793282	Zadar
16.03973722	43.62145882	-3.349264	Zadar
16.80103098	43.5411813	-12.9577044	Zadar
15.66679605	43.80572981	-2.0000106	Zadar
15.45336261	43.97367378	-4.0876217	Zadar
15.31016967	44.16545277	-8.968655	Zadar
16.28074796	43.53518846	-2.4348216	Zadar
15.27137016	44.20506539	-9.9129486	Zadar
15.43911216	44.03405678	-7.3685156	Zadar
15.95287986	43.76748086	-11.9261556	Zadar
15.80249457	43.77494288	-6.0206792	Zadar
15.16887392	44.25869691	-7.3825452	Zadar
15.30951675	44.12561638	-6.0634918	Zadar
15.25763696	44.25094644	-12.5038866	Zadar
15.31374766	44.2182194	-12.9577064	Zadar
16.18509904	43.60759896	-6.6950716	Zadar
16.0144797	43.65396752	-5.3254442	Zadar
15.77700106	43.82141149	-8.5137475	Zadar
15.3611495	44.06402265	-4.9572503	Zadar
15.9368954	43.75284883	-10.1090067	Zadar
16.18674509	43.64031868	-9.7826324	Zadar
15.44193883	44.11604426	-12.9578275	Zadar
15.7449665	43.86756837	-10.3050699	Zadar
16.69156646	43.5579926	-12.9577054	Zadar
16.03782754	43.65654221	-6.3259698	Zadar
16.667256	43.49231832	-5.8751914	Zadar
16.11940864	43.5755102	-1.9999998	Zadar
16.16553323	43.64548593	-9.5828626	Zadar
15.15386526	44.26914164	-7.0665114	Zadar
16.0570286	43.67998608	-8.99125	Zadar
16.05051162	43.6592764	-6.9813789	Zadar
15.53736449	43.94163049	-5.8118933	Zadar
15.63170399	43.90454242	-7.6082141	Zadar
16.08159577	43.58993032	-2.0000013	Zadar
16.42613562	43.51199969	-3.5575731	Zadar
16.26738148	43.62269351	-10.2263643	Zadar
15.62389671	43.93567474	-9.5400723	Zadar
15.11970028	44.25645888	-4.1534932	Zadar
15.29927756	44.08204578	-2.6239798	Zadar
16.13157988	43.58622583	-3.3239569	Zadar
15.21767703	44.21358185	-7.7413569	Zadar
15.21853889	44.24710061	-9.8109322	Zadar
16.46986991	43.59980545	-12.9577049	Zadar
15.65588609	43.81579254	-2.197493	Zadar
15.35967581	44.10355535	-7.4652985	Zadar
16.4638009	43.51495094	-4.7047105	Zadar
16.13031407	43.5776712	-2.4955741	Zadar
15.82697048	43.8278285	-11.177554	Zadar
15.17888215	44.15880368	-1.9999998	Zadar
16.5981931	43.4953817	-5.0866104	Zadar
15.22770179	44.12540842	-1.9999989	Zadar
15.16811094	44.16998506	-2.0000003	Zadar
15.95129261	43.78116772	-12.9589364	Zadar
15.99526341	43.62606355	-2.2822562	Zadar
15.2504773	44.10981718	-1.9999984	Zadar
15.74449763	43.79051458	-4.6940997	Zadar
15.31371484	44.08301567	-3.507637	Zadar
16.3285242	43.57503257	-7.3452154	Zadar
15.84573671	43.69873678	-1.9999964	Zadar
15.58136209	44.00429734	-12.5182557	Zadar
16.66400278	43.55632853	-12.3484691	Zadar
15.92163281	43.79207319	-12.5158778	Zadar
16.56601962	43.57248124	-12.4354989	Zadar
16.5895004	43.52384331	-7.8493407	Zadar
15.98731819	43.63151618	-2.4318402	Zadar
15.79219274	43.82247393	-9.2547242	Zadar
16.28959552	43.58453742	-7.2512796	Zadar
16.81254187	43.45366602	-4.1869046	Zadar
15.50837839	44.05465808	-12.6115794	Zadar
15.39709324	44.07428778	-7.6723923	Zadar
16.02946874	43.73422714	-12.3546517	Zadar
15.73425375	43.90476605	-12.4836654	Zadar
16.36276349	43.55948527	-6.6432332	Zadar
16.06112598	43.64682697	-6.2527689	Zadar
16.27523914	43.60537185	-8.8179483	Zadar
16.04576304	43.68596254	-9.1377484	Zadar
16.68427018	43.45588456	-2.4168582	Zadar
16.12103943	43.6625402	-9.5914454	Zadar
16.51084175	43.47873324	-2.0000003	Zadar
15.21509162	44.30301976	-12.9577054	Zadar
15.17324339	44.31604391	-11.108595	Zadar
15.27316917	44.11377647	-3.4077869	Zadar
15.63570532	43.85351481	-4.0269854	Zadar
15.28482618	44.08926711	-2.2767933	Zadar
16.76325309	43.46867315	-4.9532069	Zadar
16.77043725	43.4861025	-6.8472631	Zadar
15.88091931	43.67980581	-1.9999827	Zadar
15.29362581	44.20283129	-10.8512962	Zadar
15.54543312	43.95052638	-6.8520194	Zadar
16.75388181	43.44496255	-2.3833304	Zadar
15.97134373	43.77105553	-12.9577127	Zadar
16.7741059	43.5165691	-10.0204307	Zadar
15.56839987	43.86923545	-1.9999993	Zadar
15.53098134	44.00303471	-9.9880904	Zadar
15.85758778	43.74124525	-5.8028568	Zadar
15.64046238	43.89221111	-7.1116938	Zadar
15.87654342	43.70200522	-3.5908397	Zadar
16.67101514	43.51256268	-7.9983443	Zadar
15.86682146	43.77576432	-8.8749615	Zadar
15.22690365	44.28348715	-12.5258665	Zadar
15.41197559	44.07932837	-8.8487042	Zadar
16.47489564	43.48949025	-2.5250609	Zadar
15.1934667	44.22550072	-6.9338254	Zadar
15.72845883	43.9148964	-12.9577137	Zadar
16.26736589	43.56738395	-5.0809078	Zadar
15.59788692	43.9913329	-12.3710589	Zadar
15.57583367	43.87398217	-2.7029256	Zadar
16.03856645	43.66954633	-7.4774269	Zadar
16.7249618	43.4456162	-2.0000008	Zadar
15.17354585	44.30510477	-10.4691566	Zadar
15.184922	44.31639076	-11.8641932	Zadar
16.65901154	43.50402945	-6.9371523	Zadar
15.32463213	44.20233674	-12.347992	Zadar
15.52547696	43.96549696	-6.979478	Zadar
15.4558023	43.98764342	-5.2264293	Zadar
16.38661743	43.61518133	-12.5182557	Zadar
15.9219223	43.6635254	-2.3519403	Zadar
15.59138312	44.00367396	-12.9577059	Zadar
16.86390279	43.50887356	-10.6328206	Zadar
16.1322658	43.59621296	-4.2175899	Zadar
15.97818239	43.6719348	-5.2968236	Zadar
15.67848172	43.84225237	-5.2220667	Zadar
16.24343519	43.60297614	-7.7726521	Zadar
15.88837898	43.81641991	-12.9577054	Zadar
16.53300696	43.54274779	-8.8780544	Zadar
16.68583159	43.55301301	-12.3584554	Zadar
15.72281145	43.89032944	-10.8747974	Zadar
15.99117311	43.68985255	-7.2555615	Zadar
15.41426756	43.97402765	-1.9999793	Zadar
16.04370183	43.60875363	-2.3795257	Zadar
15.83926812	43.75786026	-6.2936702	Zadar
15.32886389	44.07469315	-3.8224786	Zadar
16.07338384	43.71960299	-12.9577059	Zadar
15.18846625	44.29651212	-10.8907716	Zadar
16.87167265	43.52605875	-12.5118363	Zadar
16.37964745	43.53439839	-4.6317039	Zadar
16.19231458	43.65675304	-11.4434137	Zadar
16.43639842	43.60783752	-12.9577059	Zadar
15.53258733	43.95379132	-6.4686886	Zadar
15.16815799	44.2447291	-6.497224	Zadar
15.80562764	43.86327593	-12.9577064	Zadar
15.35409686	44.1368446	-9.3317695	Zadar
15.51777421	43.90240618	-2.0000023	Zadar
16.3549149	43.62770973	-12.9576976	Zadar
15.62352198	43.96428267	-11.637098	Zadar
15.52225258	44.02950861	-11.5004837	Zadar
15.16824127	44.19363929	-3.4301153	Zadar
16.54652797	43.49931123	-4.6647579	Zadar
15.30198766	44.18874556	-10.2468123	Zadar
16.17693037	43.63676772	-9.1986038	Zadar
16.14157378	43.58630367	-3.5894381	Zadar
15.46588182	43.99888149	-6.5352652	Zadar
15.26017365	44.25584699	-12.9577474	Zadar
15.65496071	43.81369169	-1.9992269	Zadar
15.55553463	44.00235739	-11.1266646	Zadar
15.865905	43.82520241	-12.6628377	Zadar
15.72821435	43.88139849	-10.4903182	Zadar
16.56518343	43.52594386	-7.6764633	Zadar
16.81629135	43.49571756	-8.5448986	Zadar
15.64177265	43.91580909	-8.9180041	Zadar
15.35594284	44.07524315	-5.3969364	Zadar
15.68163158	43.85053909	-5.983379	Zadar
16.10998471	43.6115986	-4.81362	Zadar
16.1543692	43.61163204	-6.276474	Zadar
16.40741277	43.54397809	-6.1847584	Zadar
15.81497715	43.74955517	-4.5969859	Zadar
15.34258837	44.09851768	-6.1643093	Zadar
16.80759095	43.46290558	-5.0542701	Zadar
15.64745956	43.81852978	-1.9999803	Zadar
16.36740254	43.61585215	-12.1418206	Zadar
16.45749186	43.50413104	-3.5257078	Zadar
15.45042881	44.05493371	-9.3857511	Zadar
15.32306893	44.17885335	-10.5742979	Zadar
16.2452843	43.54370779	-2.3081859	Zadar
16.10864997	43.70609767	-12.9577049	Zadar
15.68806604	43.79140055	-2.0000008	Zadar
15.23562162	44.14461559	-3.778723	Zadar
16.00244033	43.71371351	-9.6206944	Zadar
15.4531827	44.07820121	-11.0824359	Zadar
15.73359001	43.85906745	-9.1324946	Zadar
16.49207481	43.54334657	-8.0685948	Zadar
15.43096103	43.95993311	-1.9999998	Zadar
15.75595233	43.83105623	-8.193185	Zadar
15.98883066	43.62535374	-1.9999998	Zadar
15.37637454	44.1382596	-10.6898314	Zadar
15.81723572	43.77195422	-6.4287393	Zadar
15.97396752	43.74838402	-11.2474669	Zadar
15.45762835	44.08792284	-11.9758436	Zadar
16.27900296	43.57557166	-6.143382	Zadar
15.13065417	44.25432274	-4.7142196	Zadar
16.44382745	43.52435702	-5.1449886	Zadar
16.47667361	43.54085926	-7.4769522	Zadar
15.19686222	44.20304389	-5.7973151	Zadar
16.1835128	43.64409777	-10.0507899	Zadar
15.44232591	43.97261311	-3.4762598	Zadar
15.41461733	44.09648596	-10.1231529	Zadar
15.41628654	44.03430386	-6.1072308	Zadar
16.3092777	43.54077316	-3.6274512	Zadar
15.30788609	44.07023729	-2.3386239	Zadar
16.31112699	43.55389704	-4.9248704	Zadar
15.34514681	44.0618409	-3.9049952	Zadar
16.34096267	43.57642097	-7.7631192	Zadar
16.78835795	43.47948472	-6.4496666	Zadar
16.34015374	43.59861945	-9.8682293	Zadar
16.62778555	43.52282125	-8.354899	Zadar
16.12136119	43.57482923	-1.9999998	Zadar
15.47262937	44.07961135	-12.2642889	Zadar
16.84481504	43.50401593	-9.8382779	Zadar
16.38788062	43.55117743	-6.4249331	Zadar
16.66746054	43.53167722	-9.890117	Zadar
16.16250385	43.66949366	-11.5627855	Zadar
15.4080532	44.08714224	-9.1377205	Zadar
15.61728453	43.83789216	-1.9999993	Zadar
16.25817968	43.55442212	-3.6379422	Zadar
16.57977311	43.47215724	-2.4266092	Zadar
16.80021587	43.50268941	-9.0074144	Zadar
16.08861893	43.67851943	-9.9062894	Zadar
15.24050932	44.13342207	-3.2118143	Zadar
15.57234354	43.90184882	-4.5978743	Zadar
16.04812493	43.69147138	-9.6856129	Zadar
15.52519683	43.90332119	-2.4261356	Zadar
15.26324017	44.25274078	-12.9577059	Zadar
16.49727599	43.58917008	-12.5698577	Zadar
15.16339283	44.20886834	-4.0405389	Zadar
16.54295888	43.55127905	-9.9062906	Zadar
15.48303043	44.02971508	-9.5398512	Zadar
16.39494063	43.61777887	-12.9577049	Zadar
15.98640072	43.75592297	-12.3532244	Zadar
16.01804854	43.65506896	-5.5460866	Zadar
16.01320969	43.64668909	-4.6609246	Zadar
15.34735985	44.170573	-11.1770777	Zadar
16.8650295	43.53143041	-12.9577059	Zadar
16.78687229	43.43618483	-2.0000008	Zadar
15.87179151	43.76569317	-8.3111442	Zadar
15.58007339	43.97911972	-10.6168275	Zadar
15.11038998	44.24608857	-2.9435794	Zadar
16.06962382	43.71541661	-12.4706966	Zadar
16.16697878	43.61074342	-6.5195849	Zadar
15.29722116	44.16192591	-8.0738225	Zadar
15.22223942	44.22344163	-8.6213405	Zadar
16.29111727	43.54402095	-3.5219349	Zadar
15.90401602	43.72359874	-6.4395765	Zadar
16.52912132	43.47588085	-1.9999989	Zadar
15.70385949	43.82383052	-5.1237083	Zadar
15.43707408	44.08637356	-10.7228853	Zadar
15.54415094	43.99420218	-9.9800062	Zadar
16.70693078	43.44836027	-2.0000013	Zadar
15.28965991	44.22899309	-12.5460784	Zadar
16.1948758	43.62344724	-8.422433	Zadar
15.85192401	43.77125206	-7.879304	Zadar
16.0264161	43.65307006	-5.6487884	Zadar
16.00715063	43.61829259	-1.9999998	Zadar
15.31084533	44.1495173	-7.8513195	Zadar
15.86068485	43.70635383	-3.2379075	Zadar
16.07422264	43.71397667	-12.5060277	Zadar
16.63279138	43.55072661	-11.2798079	Zadar
15.53626873	44.03239996	-12.3898465	Zadar
15.25720215	44.24602569	-12.1739647	Zadar
16.46711686	43.54976668	-8.1090168	Zadar
15.3791051	44.0389886	-4.3368282	Zadar
16.23763278	43.58972331	-6.3897412	Zadar
16.033311	43.64336569	-5.0352442	Zadar
15.91192152	43.68932744	-4.0136688	Zadar
16.45120065	43.58793396	-11.3934752	Zadar
16.49729041	43.483507	-2.2710892	Zadar
16.81697064	43.47023042	-5.9493405	Zadar
15.43027243	44.07903331	-9.855536	Zadar
15.2067607	44.17551929	-4.5853389	Zadar
15.44247312	44.00655761	-5.7343739	Zadar
16.48814905	43.59541689	-12.9577054	Zadar
15.48816028	44.07695874	-12.9577083	Zadar
16.75439537	43.54161655	-12.27618	Zadar
16.52923096	43.51766715	-6.2607935	Zadar
15.25591044	44.11053012	-2.3200741	Zadar
16.73489295	43.53324744	-11.1164337	Zadar
15.59261134	43.92288953	-7.1145776	Zadar
16.17784147	43.64171316	-9.6631048	Zadar
15.39263898	44.09469681	-8.7571322	Zadar
15.97438317	43.72483623	-9.378379	Zadar
16.03854004	43.67791316	-8.2017576	Zadar
16.22766521	43.63892353	-10.7100443	Zadar
15.49277821	43.97582863	-6.1519425	Zadar
16.23150439	43.617916	-8.8542738	Zadar
15.19860822	44.2430977	-8.3156632	Zadar
15.96467259	43.75812352	-11.6524368	Zadar
15.50337703	43.99173635	-7.8269884	Zadar
16.20596559	43.66909184	-12.9577059	Zadar
15.21104281	44.19927434	-6.4643714	Zadar
15.64011328	43.86713497	-5.24213	Zadar
15.4903439	43.94943836	-4.1064088	Zadar
15.89696023	43.67171817	-1.9999993	Zadar
16.7146794	43.48955544	-6.332671	Zadar
15.68534309	43.83269503	-4.8620867	Zadar
15.74084783	43.90115488	-12.5407249	Zadar
16.48330922	43.49885502	-3.6131922	Zadar
15.33499842	44.08607574	-4.9172987	Zadar
16.30681246	43.56150451	-5.5536656	Zadar
16.33102942	43.56490043	-6.4334959	Zadar
15.34533474	44.03261202	-1.9999774	Zadar
15.23576803	44.16967008	-5.5959727	Zadar
16.17257212	43.58461366	-4.2329183	Zadar
15.43092353	44.09721828	-11.0977701	Zadar
16.01011185	43.62273437	-2.4825057	Zadar
16.03250884	43.74022517	-12.9577059	Zadar
16.23769862	43.6553522	-12.4985194	Zadar
15.81246611	43.81805034	-9.7911954	Zadar
15.54838586	43.92524859	-5.1493936	Zadar
16.65455575	43.48807104	-5.2397376	Zadar
16.56065497	43.55232465	-10.2943734	Zadar
16.64483491	43.48147119	-4.4121734	Zadar
15.39931948	44.14316341	-12.314701	Zadar
16.81582781	43.53591602	-12.6495199	Zadar
16.27449539	43.61387211	-9.5895435	Zadar
16.60628569	43.54994155	-10.7775804	Zadar
16.59608942	43.55627412	-11.261023	Zadar
15.27532283	44.09280665	-1.9992899	Zadar
15.94773363	43.67060938	-3.961116	Zadar
15.60610317	43.94260843	-9.2104604	Zadar
16.4669768	43.57564831	-10.5806832	Zadar
16.22570502	43.60976187	-7.9456497	Zadar
16.02537425	43.63285157	-3.8624066	Zadar
15.5711993	43.96683206	-9.2899179	Zadar
16.18327597	43.59610325	-5.5783751	Zadar
16.102029	43.70273098	-12.4473919	Zadar
15.48137336	44.05194475	-10.9197742	Zadar
16.79108976	43.4396134	-2.4161468	Zadar
15.37514141	44.08812059	-7.3318936	Zadar
15.18563919	44.15418348	-1.9999989	Zadar
15.42662321	43.96358048	-2.0002	Zadar
16.37373097	43.56631844	-7.5482896	Zadar
15.67204982	43.95105099	-12.9577064	Zadar
16.15757904	43.60599776	-5.8351964	Zadar
16.72068406	43.51698476	-9.231664	Zadar
16.26014187	43.64852464	-12.4431126	Zadar
16.19907836	43.59872796	-6.2308916	Zadar
15.89817748	43.789522	-11.3004954	Zadar
15.29145826	44.11983056	-4.7486646	Zadar
15.93619365	43.66092502	-2.7200506	Zadar
15.52099878	43.95137715	-5.731517	Zadar
16.0944409	43.5850328	-1.9999998	Zadar
15.71897022	43.77056964	-2.0000003	Zadar
15.70152801	43.93216246	-12.9577059	Zadar
16.57473946	43.53478003	-8.7294307	Zadar
15.62155555	43.8673332	-4.3774981	Zadar
16.6488654	43.51977064	-8.3798672	Zadar
15.95654275	43.69963042	-6.6399032	Zadar
15.60498897	43.84577857	-2.0000008	Zadar
15.89458023	43.71778554	-5.5930141	Zadar
15.33865368	44.04831041	-2.6491868	Zadar
15.89466484	43.69502141	-3.7729747	Zadar
15.65655337	43.92442885	-10.2553758	Zadar
15.61023961	43.84708474	-2.3452816	Zadar
16.1571811	43.62799204	-7.7917642	Zadar
16.06887063	43.65542627	-7.2534212	Zadar
15.85872724	43.69736422	-2.4577869	Zadar
16.19184574	43.55948669	-2.3937933	Zadar
16.56092035	43.49112417	-4.0593253	Zadar
15.69936179	43.84428497	-6.387835	Zadar
16.7886433	43.46576166	-5.0509984	Zadar
15.33181464	44.04433453	-1.9999993	Zadar
16.50990117	43.57302579	-11.315951	Zadar
16.20102761	43.66359638	-12.3185057	Zadar
15.27057516	44.24211039	-12.5514222	Zadar
15.88702529	43.76678676	-9.0568772	Zadar
15.59831915	43.94481233	-8.9950095	Zadar
15.61733086	43.94682353	-10.0539176	Zadar
16.31119626	43.52761945	-2.4137669	Zadar
15.45478014	44.10513245	-12.9576571	Zadar
15.75595177	43.74908212	-2.000012	Zadar
15.78938648	43.78284488	-6.0639578	Zadar
15.74290423	43.90550991	-12.9574539	Zadar
16.127355	43.69431627	-12.5536873	Zadar
16.17580883	43.55970871	-1.9999998	Zadar
16.24625297	43.61762135	-9.2081151	Zadar
16.70117024	43.48479735	-5.6359699	Zadar
16.17115778	43.63319439	-8.7039838	Zadar
16.04945732	43.63004334	-4.4136453	Zadar
16.72492512	43.52590515	-10.2101849	Zadar
16.22735314	43.57889318	-5.1165741	Zadar
16.52215198	43.49350955	-3.6857457	Zadar
15.55548908	43.87750778	-2.0000711	Zadar
16.72073903	43.45038795	-2.4220902	Zadar
16.54991679	43.47263432	-1.9999998	Zadar
15.84559025	43.72581532	-4.0883372	Zadar
15.60533794	43.8990894	-5.9562356	Zadar
15.92669196	43.75376468	-9.7702967	Zadar
16.41663579	43.61257747	-12.9577054	Zadar
15.72061584	43.89974227	-11.4662552	Zadar
15.19624924	44.25902072	-9.1248852	Zadar
15.42352167	44.00813588	-4.7779498	Zadar
15.67287945	43.85697754	-6.0444465	Zadar
16.12546761	43.69969594	-12.9577059	Zadar
15.8936667	43.7502902	-8.0685902	Zadar
16.23451064	43.63150353	-10.1964014	Zadar
15.97755527	43.6614708	-4.4340946	Zadar
15.77168034	43.74026881	-2.0000003	Zadar
15.13980956	44.2116098	-2.7208822	Zadar
16.41379837	43.60603035	-12.2661908	Zadar
15.3051022	44.12850399	-6.0493095	Zadar
15.6034697	43.92609131	-7.8641086	Zadar
16.04408441	43.69976607	-10.1862364	Zadar
15.27307156	44.10064357	-2.4544246	Zadar
15.66625882	43.82781384	-3.5764495	Zadar
16.23814309	43.66016155	-12.9577054	Zadar
15.20478919	44.21048342	-6.7436561	Zadar
16.0219684	43.6736356	-7.2015876	Zadar
15.25842167	44.23544443	-11.469096	Zadar
15.77869302	43.88141787	-12.9576961	Zadar
15.80478987	43.85523864	-12.3335911	Zadar
15.99199358	43.72568544	-10.1574036	Zadar
16.04913953	43.6448866	-5.6891919	Zadar
16.05469199	43.68954052	-9.7432428	Zadar
15.64112158	43.93399398	-10.2315955	Zadar
16.09935295	43.66789376	-9.339618	Zadar
15.19755166	44.15228374	-2.4513397	Zadar
16.76874647	43.53842969	-12.1734505	Zadar
16.62051954	43.46528746	-2.375721	Zadar
16.34588955	43.61784808	-11.8070257	Zadar
15.4662145	43.93658454	-2.0000003	Zadar
15.27546333	44.22873552	-11.8260267	Zadar
16.07213337	43.68746652	-10.1379036	Zadar
16.7869259	43.44959811	-3.3718533	Zadar
16.54063303	43.47955441	-2.5574574	Zadar
15.39729202	44.00005415	-2.7740296	Zadar
15.8155345	43.7212939	-2.4342186	Zadar
15.49853312	44.03526297	-10.7737503	Zadar
15.89877951	43.74097352	-7.5696911	Zadar
15.18748528	44.33187742	-12.9577059	Zadar
15.20337392	44.31527134	-12.9577078	Zadar
15.19457222	44.17629601	-4.0394088	Zadar
15.56271032	43.87864629	-2.4261688	Zadar
16.51351884	43.52488067	-6.746437	Zadar
16.55460242	43.50876856	-5.7572005	Zadar
15.87649856	43.78397526	-9.9304256	Zadar
16.03026032	43.66868475	-7.1288299	Zadar
15.94251852	43.77211532	-11.8778021	Zadar
16.59304152	43.4861159	-4.0602769	Zadar
15.92946084	43.68675682	-4.5158973	Zadar
16.67338162	43.46951984	-3.6417554	Zadar
15.50342313	43.95768336	-5.3415296	Zadar
15.58956962	43.86780722	-2.8972093	Zadar
15.93014059	43.7071571	-6.1766742	Zadar
16.51175305	43.51369647	-5.5781381	Zadar
15.2377111	44.2154863	-9.0031268	Zadar
15.25696765	44.1229467	-3.2688875	Zadar
16.21171087	43.5914716	-5.8822823	Zadar
15.92194831	43.72188617	-7.0254485	Zadar
15.70662382	43.87681606	-9.1084411	Zadar
15.22714084	44.2125711	-8.2702819	Zadar
16.19126957	43.65273495	-11.0553988	Zadar
16.19785406	43.66669301	-12.4883172	Zadar
16.44238903	43.53801224	-6.4173259	Zadar
15.19245921	44.17663453	-3.9328155	Zadar
16.45159614	43.54661792	-7.4515061	Zadar
16.1034082	43.63261223	-6.4166115	Zadar
15.64775075	43.96661298	-12.9576571	Zadar
15.18693742	44.25353567	-8.2088899	Zadar
16.01548168	43.72340881	-10.923586	Zadar
16.47029383	43.52301373	-5.6245097	Zadar
15.96264196	43.65805025	-3.5580492	Zadar
15.21237793	44.15901165	-3.6700531	Zadar
15.21563719	44.14289523	-2.6667845	Zadar
15.51617451	43.93585841	-4.3647772	Zadar
15.88035426	43.68922645	-2.7314354	Zadar
15.61380255	43.96902073	-11.5121414	Zadar
15.85813108	43.72092521	-4.2543316	Zadar
15.56048409	43.98891623	-10.3842625	Zadar
15.9862374	43.65276417	-4.0880997	Zadar
15.43441673	43.96378957	-2.4489998	Zadar
16.43451191	43.55981032	-8.3206556	Zadar
15.32707511	44.10747904	-5.870867	Zadar
15.70103885	43.88711847	-9.6057135	Zadar
15.83221621	43.70632358	-2.0000003	Zadar
16.6377164	43.46587914	-2.7099984	Zadar
16.25288824	43.59258948	-7.050817	Zadar
15.76802663	43.85619131	-10.6063648	Zadar
16.66640956	43.48089654	-4.6972899	Zadar
16.33714961	43.51706727	-1.9999993	Zadar
15.7055562	43.77961295	-2.0000003	Zadar
16.12288523	43.58159761	-2.642431	Zadar
15.7953813	43.83955924	-10.7169808	Zadar
15.87966084	43.75708898	-7.9867887	Zadar
16.3809011	43.50656721	-1.9999993	Zadar
15.20535844	44.19237971	-5.691968	Zadar
15.81127151	43.85959346	-12.9577059	Zadar
16.14341039	43.60353039	-5.2191041	Zadar
15.67415636	43.83475499	-4.4651326	Zadar
15.14854636	44.28857166	-7.901179	Zadar
15.56414497	43.8994799	-4.0320135	Zadar
15.74409174	43.7997247	-5.3415282	Zadar
15.37262847	44.07689143	-6.4529952	Zadar
16.70546914	43.46753085	-3.9372171	Zadar
16.326752	43.5452977	-4.4607296	Zadar
15.86590772	43.68741449	-1.9999998	Zadar
15.46048628	43.96035455	-3.4591248	Zadar
15.40120258	43.98506895	-2.0000008	Zadar
15.88815145	43.72254596	-5.6827331	Zadar
15.36042036	44.02550172	-2.3913768	Zadar
16.86197603	43.51957081	-11.6969041	Zadar
15.38922537	44.0598962	-6.2824023	Zadar
15.37550118	44.05237815	-5.0095333	Zadar
16.05740238	43.71112768	-11.6336429	Zadar
16.60481221	43.51363708	-7.0527193	Zadar
15.35529917	44.18239471	-12.4227279	Zadar
15.956546	43.71030918	-7.4950237	Zadar
16.53592958	43.5573742	-10.4161136	Zadar
16.73357386	43.49348964	-7.0289398	Zadar
15.37776623	44.06759796	-6.1357862	Zadar
16.21174269	43.58214503	-5.0155108	Zadar
16.64595464	43.55980231	-12.4150531	Zadar
15.2491149	44.23702762	-11.1238096	Zadar
16.13211249	43.65141063	-8.9926716	Zadar
16.00208552	43.69833616	-8.3753489	Zadar
16.41791999	43.52407857	-4.5235059	Zadar
16.67985092	43.54027248	-10.964012	Zadar
15.55510988	43.90840063	-4.245055	Zadar
16.34603562	43.60516331	-10.6291893	Zadar
16.28817582	43.64626549	-12.9577064	Zadar
15.59263122	43.97686581	-11.0600824	Zadar
15.23872976	44.18183539	-6.6213546	Zadar
15.29383802	44.14154776	-6.4350245	Zadar
15.70711836	43.86704203	-8.4171136	Zadar
15.17085962	44.17209112	-2.2995648	Zadar
15.64541898	43.96097425	-12.4302699	Zadar
15.54031514	43.91629392	-4.1049825	Zadar
15.62456768	43.89062983	-6.2418306	Zadar
15.88589485	43.73539792	-6.5790021	Zadar
15.54797014	44.03242422	-12.9577069	Zadar
15.29189542	44.07892484	-2.0000013	Zadar
15.78759155	43.83321466	-9.8872696	Zadar
16.02146581	43.66175901	-6.2307923	Zadar
16.13962751	43.66195753	-10.1545494	Zadar
16.83044534	43.50677401	-9.8963011	Zadar
16.73733553	43.44965039	-2.6049554	Zadar
16.6990691	43.53817496	-11.0567801	Zadar
15.4591277	43.99589829	-5.9608575	Zadar
15.82676097	43.81456386	-10.1411141	Zadar
15.35694026	44.18867202	-12.9573363	Zadar
16.34209845	43.54982941	-5.2459359	Zadar
16.64912282	43.54680086	-11.139744	Zadar
15.72772699	43.79558381	-4.2414613	Zadar
15.85968464	43.69090744	-2.0000819	Zadar
16.57815275	43.49829669	-5.0646136	Zadar
15.22832801	44.2169195	-8.6127647	Zadar
15.51978017	44.04338327	-12.3950784	Zadar
15.87344624	43.7111011	-4.1592608	Zadar
16.35746952	43.60365149	-10.7466688	Zadar
15.96772255	43.68584034	-5.9873874	Zadar
16.03745037	43.72061044	-11.5868035	Zadar
15.95042099	43.75910875	-11.1561307	Zadar
15.33248251	44.13353482	-7.8871515	Zadar
16.14256248	43.62119699	-6.7204569	Zadar
15.39714067	44.12657921	-11.1033016	Zadar
15.69840851	43.86910987	-8.1500143	Zadar
15.77959103	43.87411388	-12.4716478	Zadar
16.6306875	43.47384272	-3.4094073	Zadar
16.48032209	43.48631595	-2.2877342	Zadar
15.50319782	43.94494568	-4.400328	Zadar
16.06068145	43.70258225	-11.0705721	Zadar
15.98808968	43.67821407	-6.1995034	Zadar
16.54013677	43.49183714	-3.8013167	Zadar
15.51352908	44.00940904	-9.6095181	Zadar
15.35682755	44.04282872	-3.3226307	Zadar
15.76214505	43.8194461	-7.6538715	Zadar
16.36992965	43.52332114	-3.3497391	Zadar
16.20469961	43.56928168	-3.6369974	Zadar
15.47894222	43.93088615	-2.1997493	Zadar
16.77122237	43.47677855	-5.9060593	Zadar
15.35968616	44.18146985	-12.5772288	Zadar
16.50284591	43.52059208	-6.1395803	Zadar
15.67723275	43.79869957	-1.9999998	Zadar
16.73478621	43.48137881	-5.8092763	Zadar
16.29073397	43.56741417	-5.6881962	Zadar
15.55599288	43.97081488	-8.8447613	Zadar
16.49006184	43.49322491	-3.1466619	Zadar
15.68958599	43.87368544	-8.0704812	Zadar
15.46221312	44.01650083	-7.4983138	Zadar
15.42624544	44.11661518	-12.1034339	Zadar
15.95154804	43.68164721	-4.9986256	Zadar
15.73814621	43.7809428	-3.6894002	Zadar
16.4708364	43.48497126	-1.9999998	Zadar
16.58841378	43.54776932	-10.2715457	Zadar
15.96585752	43.76947451	-12.6094989	Zadar
15.69932004	43.91842471	-11.83768	Zadar
15.41592109	44.02141333	-5.2323819	Zadar
15.19803668	44.28754755	-10.9535484	Zadar
15.97217648	43.63872229	-2.3966463	Zadar
16.17861503	43.67226547	-12.3348773	Zadar
15.87842762	43.79551788	-10.9076536	Zadar
15.85409229	43.73199418	-4.9353712	Zadar
15.53809177	43.88892818	-1.9999886	Zadar
15.93855488	43.72801386	-8.1865378	Zadar
15.85796301	43.7972341	-10.1526473	Zadar
16.60776465	43.56710421	-12.5514281	Zadar
15.96500794	43.67192126	-4.7636817	Zadar
16.17724492	43.5644847	-2.4813011	Zadar
15.25023404	44.26625267	-12.9577049	Zadar
15.15459221	44.2392063	-5.3112108	Zadar
15.20781348	44.25629374	-9.6887047	Zadar
15.90928512	43.70713046	-5.3327015	Zadar
16.56245868	43.48254908	-3.2099139	Zadar
15.92526604	43.77784365	-11.5723253	Zadar
16.09802776	43.60679884	-4.0032052	Zadar
16.55196134	43.56513339	-11.4624386	Zadar
15.32388046	44.16480902	-9.6000582	Zadar
15.44798815	43.94865804	-2.0000008	Zadar
16.0077465	43.6353576	-3.4980675	Zadar
15.38889196	44.16199414	-12.9577049	Zadar
15.38932005	44.08348586	-7.8336491	Zadar
15.31678208	44.13371022	-7.0070283	Zadar
15.27524541	44.12512059	-4.3294613	Zadar
16.16043001	43.63761426	-8.7325179	Zadar
15.66558214	43.81875086	-2.8848372	Zadar
15.70968079	43.90564533	-11.3841976	Zadar
15.27971668	44.24148323	-12.9577078	Zadar
15.63798721	43.97286099	-12.9579803	Zadar
15.4393497	43.97987718	-3.7921842	Zadar
16.68516006	43.53165145	-10.1697659	Zadar
15.36261773	44.18473103	-12.9577059	Zadar
15.74429898	43.84693229	-8.7753244	Zadar
15.43735948	44.0495284	-8.2959263	Zadar
16.293065	43.5536761	-4.4712806	Zadar
16.41379852	43.59557081	-11.2655399	Zadar
16.33997276	43.63186609	-12.9577064	Zadar
15.19108796	44.19415019	-4.8991807	Zadar
16.06300605	43.61113995	-3.2232308	Zadar
15.15841825	44.29955528	-9.183384	Zadar
16.0289704	43.61577034	-2.5012762	Zadar
15.50004287	44.01006164	-9.0047985	Zadar
15.31391507	44.11808301	-5.8190245	Zadar
15.20529341	44.18823664	-5.4318588	Zadar
16.07924893	43.61482632	-4.0785877	Zadar
15.60091699	43.85576659	-2.5450321	Zadar
16.24994403	43.62889801	-10.3528726	Zadar
15.41385425	44.14037933	-12.9577044	Zadar
15.84677422	43.8093809	-10.6077911	Zadar
15.74861122	43.78975287	-4.8307408	Zadar
16.32595666	43.52269712	-2.2815516	Zadar
16.45060658	43.49452876	-2.4498836	Zadar
15.24798133	44.26101818	-12.5011326	Zadar
15.29169867	44.21384332	-11.5518499	Zadar
16.46061522	43.53477547	-6.5264744	Zadar
15.93824325	43.69676965	-5.6720683	Zadar
16.11236129	43.62121951	-5.7253347	Zadar
15.90287227	43.80829794	-12.9577059	Zadar
16.15318483	43.6554465	-10.0380277	Zadar
15.56933208	43.90709066	-4.8386463	Zadar
15.26864118	44.19538147	-9.078279	Zadar
15.48523909	43.92397752	-2.0000003	Zadar
15.38407238	44.04625314	-5.0957984	Zadar
15.94651843	43.71730096	-7.650067	Zadar
15.22619937	44.20425388	-7.6224821	Zadar
16.1810604	43.66138397	-11.4728804	Zadar
15.36818643	44.17991329	-12.9577059	Zadar
15.60780288	43.99279337	-12.9577064	Zadar
15.56424555	44.02164878	-12.9577059	Zadar
16.41293181	43.58395568	-10.1345733	Zadar
15.12826868	44.21170198	-1.9999984	Zadar
15.51645099	43.99664744	-8.8183652	Zadar
16.67547066	43.50019443	-6.8094875	Zadar
16.18385149	43.6510281	-10.6685465	Zadar
15.34767162	44.12413687	-8.133272	Zadar
16.65122937	43.5342714	-9.8958258	Zadar
16.05422065	43.69538515	-10.2334993	Zadar
15.43526128	43.99971678	-4.8773497	Zadar
15.27739112	44.14821694	-6.1034329	Zadar
15.22522762	44.2924189	-12.9577069	Zadar
15.42836634	43.97189751	-2.6486473	Zadar
15.74459564	43.8222223	-6.9975505	Zadar
15.22294509	44.16780285	-4.8274124	Zadar
15.63964299	43.87973012	-6.1505166	Zadar
16.02264218	43.61239361	-2.0000003	Zadar
16.31558396	43.61684287	-10.9288219	Zadar
15.1799171	44.20198036	-4.6666588	Zadar
15.84071715	43.70591296	-2.3371976	Zadar
15.54324849	44.00730463	-10.8936239	Zadar
15.44804439	44.01986618	-6.9281076	Zadar
16.07966507	43.70511084	-11.9159056	Zadar
16.76857815	43.43897323	-1.9999989	Zadar
15.48341756	44.00997351	-8.1941476	Zadar
15.60519375	43.8887762	-5.1870828	Zadar
15.1316227	44.23113704	-3.3801746	Zadar
16.74408688	43.50910429	-8.7895919	Zadar
15.31517473	44.13776341	-7.216029	Zadar
16.50810056	43.59062504	-12.9577059	Zadar
16.37194613	43.59244703	-10.0066412	Zadar
15.56882782	43.89236136	-3.7298214	Zadar
16.00651406	43.66569934	-5.9422147	Zadar
16.77250505	43.44475867	-2.6525159	Zadar
16.1456629	43.57540903	-2.6815277	Zadar
15.17748741	44.26472648	-8.287362	Zadar
15.45826899	44.03268734	-8.3501453	Zadar
15.77400799	43.80316862	-6.970887	Zadar
16.02992046	43.67118393	-7.3266733	Zadar
16.35684819	43.62422583	-12.6839998	Zadar
16.57112204	43.54420428	-9.6328209	Zadar
16.72310144	43.55305736	-12.9577923	Zadar
16.10144759	43.64697128	-7.5958488	Zadar
15.59400604	43.93019514	-7.719256	Zadar
15.63132914	43.92733139	-9.2751665	Zadar
16.34594546	43.54067302	-4.4585877	Zadar
15.54102544	43.90253058	-3.1347699	Zadar
15.52265263	43.92280757	-3.7254586	Zadar
15.60890423	43.86666562	-3.7287867	Zadar
15.55410307	43.88372852	-2.3943963	Zadar
15.4009826	44.15152652	-12.9577064	Zadar
16.51684116	43.48278379	-2.5081732	Zadar
15.73019109	43.89712688	-11.7279691	Zadar
15.70223626	43.92742333	-12.6409598	Zadar
