15.38881	37.55	-8.0000001	Aretusa
15.4506402	37.53144822	-20.6430333	Aretusa
15.65412776	37.37157312	-12.7838504	Aretusa
15.45986087	37.5118265	-16.2679422	Aretusa
15.57565638	37.41875287	-12.7861383	Aretusa
15.48317445	37.49668266	-18.2774222	Aretusa
15.38959529	37.55069562	-8.5064537	Aretusa
15.48262304	37.49478097	-17.4079088	Aretusa
15.59774493	37.40373287	-12.133232	Aretusa
15.62010624	37.38554716	-10.0483175	Aretusa
15.57617561	37.42794322	-16.8812473	Aretusa
15.45177677	37.51852732	-16.203556	Aretusa
15.61486471	37.41222887	-20.3014522	Aretusa
15.47437239	37.49082206	-13.3055587	Aretusa
15.39060767	37.55159239	-9.1593516	Aretusa
15.49992955	37.48540133	-19.5828365	Aretusa
15.57136437	37.44007166	-20.8375304	Aretusa
15.56974511	37.42862374	-15.4812538	Aretusa
15.48193493	37.49280656	-16.4678424	Aretusa
15.49821332	37.46660877	-11.6891402	Aretusa
15.49219962	37.48171992	-15.7493496	Aretusa
15.48720628	37.49577669	-19.2491419	Aretusa
15.53158733	37.44086689	-10.7077071	Aretusa
15.55776055	37.44261685	-18.3517889	Aretusa
15.5623989	37.44974815	-22.6444405	Aretusa
15.56969915	37.4264671	-14.5404257	Aretusa
15.5740024	37.41012164	-8.6334478	Aretusa
15.39201743	37.55284115	-10.0685274	Aretusa
15.46981748	37.48339353	-9.1341817	Aretusa
15.59511068	37.39933159	-9.5445284	Aretusa
15.39345561	37.55411501	-10.9960089	Aretusa
15.41983487	37.55935543	-21.2757188	Aretusa
15.52433639	37.43901458	-8.0000001	Aretusa
15.58184624	37.4278416	-18.3302442	Aretusa
15.49522336	37.49799844	-22.6444405	Aretusa
15.42921866	37.54880284	-20.3211607	Aretusa
15.58909953	37.43123783	-21.7024679	Aretusa
15.60798867	37.40398123	-14.9317174	Aretusa
15.54208233	37.45077575	-17.7385626	Aretusa
15.61861609	37.41537664	-22.6445421	Aretusa
15.60912288	37.39664798	-12.0333267	Aretusa
15.49754933	37.47286519	-14.0316788	Aretusa
15.57121943	37.41035199	-8.0000001	Aretusa
15.42323004	37.53509546	-13.3387382	Aretusa
15.50625173	37.48654802	-22.0403565	Aretusa
15.39488433	37.55538048	-11.9173878	Aretusa
15.66456111	37.38801574	-22.6444405	Aretusa
15.58610501	37.42846923	-19.7216539	Aretusa
15.43213914	37.53286048	-15.3233677	Aretusa
15.59270974	37.40532889	-11.4948328	Aretusa
15.61153678	37.40723534	-17.2687724	Aretusa
15.6268321	37.40472873	-20.1403931	Aretusa
15.51609857	37.46213855	-14.9997754	Aretusa
15.49657881	37.46249763	-9.5571153	Aretusa
15.49285339	37.4612854	-8.0000001	Aretusa
15.46618956	37.51282279	-18.6660077	Aretusa
15.46001756	37.49077286	-8.6551861	Aretusa
15.39645502	37.55677164	-12.930295	Aretusa
15.42031597	37.53935465	-13.9996436	Aretusa
15.64459993	37.37818141	-13.1903863	Aretusa
15.4025365	37.54673673	-11.1241475	Aretusa
15.39821496	37.55833039	-14.065239	Aretusa
15.43986405	37.50794096	-8.5087432	Aretusa
15.51516788	37.44956689	-9.6452115	Aretusa
15.50264584	37.48211122	-19.2335059	Aretusa
15.53133658	37.46337906	-19.8644757	Aretusa
15.43699193	37.51455379	-10.057086	Aretusa
15.49859279	37.48840877	-20.2448878	Aretusa
15.60812928	37.42126766	-22.418671	Aretusa
15.53897954	37.44008754	-12.3178211	Aretusa
15.54649831	37.45864693	-22.2905333	Aretusa
15.55801086	37.45166539	-22.31494	Aretusa
15.40169811	37.54153233	-8.9263375	Aretusa
15.39961538	37.55957064	-14.9683127	Aretusa
15.41915387	37.54358943	-15.205141	Aretusa
15.40061839	37.56045894	-15.6151088	Aretusa
15.65158854	37.37442261	-13.3658143	Aretusa
15.6328197	37.40069631	-19.9371256	Aretusa
15.42672348	37.54287399	-17.331064	Aretusa
15.5093673	37.45765031	-11.2560999	Aretusa
15.45525875	37.50767263	-13.2719566	Aretusa
15.60274026	37.41075904	-16.4743261	Aretusa
15.50793583	37.48679645	-22.6444405	Aretusa
15.64988782	37.36781711	-10.0502218	Aretusa
15.61230168	37.41642283	-21.4309337	Aretusa
15.56342563	37.42559282	-12.5119383	Aretusa
15.61338891	37.38484138	-8.0000001	Aretusa
15.54449688	37.4323132	-10.4220538	Aretusa
15.62634162	37.40962842	-22.1459923	Aretusa
15.40174443	37.56145616	-16.3412291	Aretusa
15.6288909	37.38780293	-13.3070881	Aretusa
15.40285154	37.56243659	-17.0551453	Aretusa
15.43698435	37.51705456	-10.9834229	Aretusa
15.421737	37.54971281	-18.2953463	Aretusa
15.43769553	37.51913953	-11.9824105	Aretusa
15.46685039	37.49291015	-11.6374652	Aretusa
15.41980035	37.54859902	-17.2698543	Aretusa
15.5589149	37.44786592	-20.9164723	Aretusa
15.52684883	37.44486286	-11.0860108	Aretusa
15.52718164	37.45628152	-15.8023594	Aretusa
15.43719822	37.52550336	-14.1888014	Aretusa
15.61374333	37.41835949	-22.6444361	Aretusa
15.40401545	37.56346731	-17.8056729	Aretusa
15.54964028	37.44400874	-16.8133597	Aretusa
15.52227156	37.47213586	-20.813503	Aretusa
15.61862933	37.39985798	-15.8942684	Aretusa
15.4267051	37.52413827	-10.3671373	Aretusa
15.40537809	37.56467397	-18.6843392	Aretusa
15.45787687	37.49821399	-10.6707032	Aretusa
15.4405453	37.51002381	-9.4974337	Aretusa
15.63351873	37.39467486	-17.4975316	Aretusa
15.49801094	37.47418931	-14.6998314	Aretusa
15.60802068	37.40513895	-15.4443987	Aretusa
15.44663894	37.50191328	-8.4095216	Aretusa
15.52182212	37.45244882	-12.7167301	Aretusa
15.4784599	37.5110823	-21.9928751	Aretusa
15.50106552	37.48071147	-18.2144969	Aretusa
15.61759078	37.40234093	-16.705811	Aretusa
15.44884206	37.50003173	-8.4164229	Aretusa
15.46551828	37.5191363	-20.7711744	Aretusa
15.50460471	37.48384621	-20.4965889	Aretusa
15.40681646	37.56594765	-19.6118204	Aretusa
15.46396995	37.51476818	-18.6599312	Aretusa
15.42128802	37.53100867	-11.2076749	Aretusa
15.45001819	37.53736606	-22.644439	Aretusa
15.56388685	37.4371585	-17.6140369	Aretusa
15.50004353	37.47980623	-17.5554972	Aretusa
15.63596191	37.3897328	-15.9796967	Aretusa
15.53555869	37.4489571	-15.2367944	Aretusa
15.48159325	37.47631247	-10.3598907	Aretusa
15.56878672	37.42324196	-12.9112323	Aretusa
15.40827378	37.56723808	-20.5515055	Aretusa
15.55169708	37.44794641	-19.0508309	Aretusa
15.56412998	37.43239481	-15.6265497	Aretusa
15.58446033	37.41241998	-12.3765518	Aretusa
15.49362796	37.47412309	-13.4184428	Aretusa
15.51703961	37.4735985	-19.9077608	Aretusa
15.48759126	37.46877487	-9.525463	Aretusa
15.62293227	37.40836114	-20.7109224	Aretusa
15.40975003	37.56854525	-21.5033941	Aretusa
15.53947638	37.45242748	-17.7629603	Aretusa
15.50225897	37.46196559	-10.9677877	Aretusa
15.48612497	37.46871909	-9.0617223	Aretusa
15.4573281	37.5036961	-12.4871283	Aretusa
15.51992055	37.44304755	-8.3676373	Aretusa
15.41093294	37.56959263	-22.2661251	Aretusa
15.52583083	37.47414189	-22.6444405	Aretusa
15.47408098	37.49308576	-14.0347297	Aretusa
15.47089254	37.50490788	-17.3053212	Aretusa
15.46919433	37.48082762	-8.0000001	Aretusa
15.41151969	37.57011213	-22.6444405	Aretusa
15.52480953	37.43943385	-8.3050909	Aretusa
15.6131196	37.41109114	-19.3510125	Aretusa
15.55597432	37.43742894	-15.6471436	Aretusa
15.63066752	37.37455246	-8.0000001	Aretusa
15.4312341	37.52431863	-11.8647589	Aretusa
15.53991232	37.43231852	-9.2173184	Aretusa
15.47455346	37.47689124	-8.2982281	Aretusa
15.49417199	37.49777636	-22.2243658	Aretusa
15.53664046	37.43719983	-10.4582828	Aretusa
15.57535626	37.42254899	-14.34211	Aretusa
15.4268309	37.53825081	-15.6482942	Aretusa
15.65404508	37.3788235	-15.917913	Aretusa
15.64642784	37.3859057	-17.0261615	Aretusa
15.47117127	37.50648089	-17.9673717	Aretusa
15.63070598	37.39787724	-18.1622503	Aretusa
15.63886994	37.38975892	-16.7447176	Aretusa
15.59686654	37.39681031	-8.9213912	Aretusa
15.6196404	37.40851869	-19.9264581	Aretusa
15.41112853	37.54288752	-12.4089679	Aretusa
15.61607827	37.40833992	-18.9253682	Aretusa
15.60202192	37.41606728	-18.5710741	Aretusa
15.59797739	37.42799828	-22.6444405	Aretusa
15.47212608	37.50020208	-15.9918977	Aretusa
15.52503823	37.46385573	-18.2541588	Aretusa
15.61617228	37.39359498	-12.5313868	Aretusa
15.4837918	37.47058273	-8.986212	Aretusa
15.4710087	37.4970536	-14.4862666	Aretusa
15.46057504	37.51549556	-17.8575448	Aretusa
15.66569383	37.38181739	-20.2403111	Aretusa
15.49962473	37.47492763	-15.4606558	Aretusa
15.59393662	37.40337768	-10.9777027	Aretusa
15.60818478	37.40756458	-16.533094	Aretusa
15.63974053	37.37501343	-10.5520987	Aretusa
15.49471787	37.48957233	-19.4173243	Aretusa
15.49306008	37.47130275	-12.1141724	Aretusa
15.46200436	37.51872059	-19.5065636	Aretusa
15.53168402	37.45926939	-18.3006856	Aretusa
15.48087069	37.48747857	-14.1868946	Aretusa
15.58402401	37.41433382	-13.0858919	Aretusa
15.58311157	37.42085108	-15.6524825	Aretusa
15.55745827	37.42709594	-11.5878873	Aretusa
15.5054997	37.45568418	-9.353086	Aretusa
15.43549042	37.52465995	-13.3360676	Aretusa
15.45814123	37.52610364	-21.0278316	Aretusa
15.63423358	37.37909341	-10.9006676	Aretusa
15.56688816	37.43684705	-18.2701764	Aretusa
15.45444551	37.5017863	-10.8625181	Aretusa
15.41126123	37.55599391	-17.3186689	Aretusa
15.59233756	37.40952714	-13.2046844	Aretusa
15.49854876	37.47972538	-17.073451	Aretusa
15.41322435	37.53072331	-8.5537423	Aretusa
15.48815273	37.4967311	-19.9016588	Aretusa
15.46180616	37.50990845	-16.1917166	Aretusa
15.45818815	37.4905946	-8.0000001	Aretusa
15.60593155	37.42108997	-21.7634854	Aretusa
15.50673818	37.45146502	-8.0000001	Aretusa
15.47638886	37.50794634	-20.1840601	Aretusa
15.61347589	37.40217648	-15.5678179	Aretusa
15.61593081	37.40973138	-19.4936397	Aretusa
15.57469206	37.44145878	-22.3111265	Aretusa
15.53092266	37.45656267	-16.9872623	Aretusa
15.43149837	37.51945055	-10.1402237	Aretusa
15.5046051	37.48508966	-20.9786348	Aretusa
15.54251675	37.43541957	-11.2385555	Aretusa
15.42021981	37.52421334	-8.3465772	Aretusa
15.55621707	37.42285125	-9.433172	Aretusa
15.56580626	37.44714191	-22.4190528	Aretusa
15.51363112	37.44799106	-8.5674723	Aretusa
15.55933518	37.43037972	-13.4962414	Aretusa
15.56057429	37.43567042	-16.1009686	Aretusa
15.55716452	37.42382173	-10.1005626	Aretusa
15.63306233	37.39891422	-19.2243531	Aretusa
15.58876955	37.4034057	-9.6291915	Aretusa
15.45526419	37.49784051	-9.6919351	Aretusa
15.54905342	37.4417855	-15.7012975	Aretusa
15.53751497	37.4658771	-22.6444405	Aretusa
15.4614659	37.51212423	-16.8888239	Aretusa
15.49987356	37.48089884	-17.92771	Aretusa
15.42428498	37.53012786	-11.8273934	Aretusa
15.63880395	37.39706319	-19.9070001	Aretusa
15.43274642	37.55205754	-22.6444405	Aretusa
15.52196689	37.44397217	-9.3277247	Aretusa
15.5997141	37.41985111	-19.5929434	Aretusa
15.56112032	37.43251437	-14.8855559	Aretusa
15.57398343	37.41345126	-10.0624254	Aretusa
15.60102051	37.39742525	-10.2729986	Aretusa
15.50032509	37.4579506	-8.789046	Aretusa
15.42044246	37.5451477	-16.1909712	Aretusa
15.55079862	37.43898316	-14.9538208	Aretusa
15.65928595	37.37614212	-16.1093588	Aretusa
15.63400605	37.37463063	-8.8992603	Aretusa
15.60432921	37.40529669	-14.5416217	Aretusa
15.60647717	37.39124507	-8.9957423	Aretusa
15.62035921	37.41176782	-21.527046	Aretusa
15.53040932	37.43771916	-9.0418072	Aretusa
15.43472181	37.51224685	-8.4831905	Aretusa
15.4468154	37.50065857	-7.9999669	Aretusa
15.44939974	37.50943315	-12.0752625	Aretusa
15.46555442	37.51075509	-17.7089669	Aretusa
15.59077018	37.41931733	-17.0082374	Aretusa
15.5403327	37.45804879	-20.283024	Aretusa
15.66297729	37.37941153	-18.4890802	Aretusa
15.54072477	37.42899531	-8.0000001	Aretusa
15.59809684	37.42233952	-20.2387862	Aretusa
15.4912438	37.47325423	-12.3628228	Aretusa
15.55134005	37.45124054	-20.3756944	Aretusa
15.41180431	37.53666261	-10.3106944	Aretusa
15.448067	37.50878131	-11.4124642	Aretusa
15.62140962	37.40280047	-17.8956761	Aretusa
15.48034867	37.49006557	-14.95916	Aretusa
15.47302867	37.48980598	-12.5024024	Aretusa
15.55656645	37.44146696	-17.5421495	Aretusa
15.63097156	37.40801664	-22.6444405	Aretusa
15.46277663	37.52651344	-22.6444405	Aretusa
15.54067068	37.4415712	-13.4020423	Aretusa
15.64189631	37.39038183	-17.8001456	Aretusa
15.6025335	37.39190093	-8.2593336	Aretusa
15.55814499	37.44603881	-19.9268282	Aretusa
15.48786622	37.46481208	-8.0000001	Aretusa
15.56614331	37.41403745	-8.250939	Aretusa
15.50715817	37.48169785	-20.3577721	Aretusa
15.57066263	37.43174163	-17.0654426	Aretusa
15.4914203	37.47768968	-14.0324415	Aretusa
15.61683007	37.41319364	-21.2327276	Aretusa
15.52872839	37.46349785	-19.1658136	Aretusa
15.45476125	37.49516819	-8.5575567	Aretusa
15.57264827	37.41657324	-11.0555015	Aretusa
15.47485363	37.50475721	-18.5287423	Aretusa
15.60292138	37.39499824	-9.7081466	Aretusa
15.54061208	37.45343352	-18.4951776	Aretusa
15.46291771	37.51352606	-17.8666234	Aretusa
15.64268001	37.38644452	-16.2893631	Aretusa
15.65634788	37.39043578	-21.5689889	Aretusa
15.48443593	37.50757137	-22.6444405	Aretusa
15.52738311	37.44171406	-9.964797	Aretusa
15.46426779	37.49331843	-10.9525328	Aretusa
15.46981319	37.49984987	-15.1174261	Aretusa
15.49500572	37.49523097	-21.5678448	Aretusa
15.60409227	37.40208584	-13.0958692	Aretusa
15.58660594	37.41633472	-14.6273718	Aretusa
15.42675499	37.51932021	-8.5934054	Aretusa
15.62156999	37.40464388	-18.7396375	Aretusa
15.61492696	37.38701854	-9.3462208	Aretusa
15.60008697	37.41567578	-17.8930062	Aretusa
15.62364033	37.412381	-22.6444542	Aretusa
15.4136764	37.56678528	-22.0899347	Aretusa
15.42557313	37.54953619	-19.441732	Aretusa
15.52708865	37.45808304	-16.5048349	Aretusa
15.48746395	37.46562411	-8.2135655	Aretusa
15.57802994	37.41297893	-10.9243116	Aretusa
15.42689273	37.55703722	-22.6444405	Aretusa
15.56789911	37.44358499	-21.4381807	Aretusa
15.53081401	37.43946342	-9.8995924	Aretusa
15.45569	37.51355976	-15.5952823	Aretusa
15.44236842	37.52695463	-16.36106	Aretusa
15.57302045	37.42847501	-16.2796481	Aretusa
15.45641294	37.51112974	-14.9206113	Aretusa
15.40342332	37.53757052	-8.0000001	Aretusa
15.63751472	37.40346321	-22.3584176	Aretusa
15.58596909	37.40819972	-10.9563463	Aretusa
15.59759845	37.42542094	-21.4346524	Aretusa
15.53163768	37.45155897	-15.1670043	Aretusa
15.4492536	37.5014226	-9.0555694	Aretusa
15.62497983	37.39596521	-15.8458349	Aretusa
15.40797946	37.54698947	-12.9375409	Aretusa
15.39559208	37.54886878	-9.7222472	Aretusa
15.58357272	37.41653041	-13.9130741	Aretusa
15.58113269	37.41973631	-14.6513978	Aretusa
15.50548611	37.45803335	-10.3000167	Aretusa
15.59973654	37.39514359	-8.9465846	Aretusa
15.4676847	37.51356138	-19.4173077	Aretusa
15.58887582	37.4329418	-22.3774845	Aretusa
15.58087608	37.43313046	-20.35292	Aretusa
15.63914736	37.39358666	-18.4827916	Aretusa
15.64761994	37.37253099	-11.5139029	Aretusa
15.5999574	37.41381648	-17.0581964	Aretusa
15.47433181	37.48560191	-11.3941541	Aretusa
15.59018725	37.42812035	-20.6460841	Aretusa
15.5110539	37.46990538	-16.6993314	Aretusa
15.44828656	37.51694664	-14.5139157	Aretusa
15.4614941	37.49876099	-12.0369486	Aretusa
15.47541835	37.50245989	-17.875463	Aretusa
15.63382048	37.40397217	-21.62238	Aretusa
15.64802195	37.38217723	-15.8164699	Aretusa
15.4930564	37.49343197	-20.2845499	Aretusa
15.4100989	37.5533498	-15.9693974	Aretusa
15.53309153	37.44238158	-11.7560799	Aretusa
15.43456511	37.54971624	-22.349648	Aretusa
15.51416459	37.47195738	-18.4204344	Aretusa
15.43950473	37.54298643	-21.4111109	Aretusa
15.56404142	37.43482047	-16.647847	Aretusa
15.39824107	37.55345805	-12.2636676	Aretusa
15.39367206	37.54695946	-8.4065357	Aretusa
15.58444279	37.42398834	-17.3541361	Aretusa
15.42029524	37.52625657	-9.1292315	Aretusa
15.56530242	37.4281727	-14.117106	Aretusa
15.46568498	37.52118475	-21.5842335	Aretusa
15.50508146	37.47368619	-16.5200894	Aretusa
15.57883911	37.43969684	-22.6444454	Aretusa
15.56315092	37.44100515	-19.0769078	Aretusa
15.41228185	37.54010213	-11.7389088	Aretusa
15.44238603	37.53557301	-19.5675816	Aretusa
15.54475362	37.45342575	-19.5832271	Aretusa
15.56850951	37.41765787	-10.4331129	Aretusa
15.5544896	37.42181575	-8.5323868	Aretusa
15.50004043	37.4562025	-8.0000001	Aretusa
15.47548301	37.48257499	-10.6649835	Aretusa
15.53777735	37.45638417	-18.877692	Aretusa
15.46688979	37.48402122	-8.4175953	Aretusa
15.65344721	37.37482808	-14.0240512	Aretusa
15.42089485	37.52270635	-8.000005	Aretusa
15.64606698	37.37994872	-14.3398222	Aretusa
15.62521709	37.39893349	-17.1993017	Aretusa
15.45789427	37.51536167	-16.9605588	Aretusa
15.54704725	37.4591331	-22.6444405	Aretusa
15.49987617	37.47665941	-16.2336839	Aretusa
15.57378873	37.42167356	-13.552497	Aretusa
15.65717634	37.37891886	-16.7710283	Aretusa
15.61247733	37.40463662	-16.380937	Aretusa
15.49436474	37.46149014	-8.5155108	Aretusa
15.42608035	37.52197944	-9.3679591	Aretusa
15.55741784	37.43292284	-14.0865954	Aretusa
15.49422824	37.46769333	-10.9874278	Aretusa
15.48868881	37.4697473	-10.2332769	Aretusa
15.57627396	37.41645119	-11.9574312	Aretusa
15.54685843	37.45476349	-20.7135968	Aretusa
15.5175015	37.47924495	-22.3256182	Aretusa
15.51287371	37.4783101	-20.6224395	Aretusa
15.62107734	37.38350845	-9.4127735	Aretusa
15.6019788	37.40048519	-11.8503221	Aretusa
15.63016158	37.37981015	-10.1573883	Aretusa
15.42038155	37.54099123	-14.6281345	Aretusa
15.44002677	37.53052552	-16.9476007	Aretusa
15.46369139	37.48571126	-8.0000001	Aretusa
15.51450143	37.4581241	-12.9177098	Aretusa
15.45320841	37.49501236	-8.0000098	Aretusa
15.43943658	37.54000211	-20.2811217	Aretusa
15.59175357	37.43180268	-22.6444405	Aretusa
15.58982198	37.4221776	-17.9904447	Aretusa
15.40702815	37.53558414	-8.4011969	Aretusa
15.45139604	37.50438155	-10.8288502	Aretusa
15.53330657	37.44696201	-13.7845534	Aretusa
15.47185915	37.48423906	-10.1005621	Aretusa
15.63985391	37.3775474	-11.6843729	Aretusa
15.45951926	37.50583064	-13.9706449	Aretusa
15.47831245	37.50880295	-21.1163072	Aretusa
15.43004024	37.54486082	-19.1168075	Aretusa
15.47740041	37.50499943	-19.4386807	Aretusa
15.48865534	37.46648498	-8.9030743	Aretusa
15.48767668	37.47009391	-10.0624259	Aretusa
15.41253883	37.52981533	-8.0000006	Aretusa
15.49734498	37.48311209	-17.9162691	Aretusa
15.467892	37.49421528	-12.4482486	Aretusa
15.54650533	37.43703857	-12.9859744	Aretusa
15.57937172	37.41058596	-10.2470064	Aretusa
15.62172595	37.38087859	-8.4362882	Aretusa
15.42868164	37.53026366	-13.2666622	Aretusa
15.46532315	37.5159666	-19.5324981	Aretusa
15.60944024	37.40557235	-16.0011481	Aretusa
15.6512263	37.38234219	-16.7187808	Aretusa
15.53772466	37.44520004	-14.1897657	Aretusa
15.46926057	37.51449724	-20.2662296	Aretusa
15.60501678	37.40364191	-14.0104652	Aretusa
15.58274306	37.42305539	-16.5048343	Aretusa
15.56966588	37.43934616	-20.0778492	Aretusa
15.66483759	37.38403427	-20.9832115	Aretusa
15.58197746	37.40649298	-9.1704112	Aretusa
15.45845472	37.50473281	-13.2277437	Aretusa
15.45304122	37.50508796	-11.6122828	Aretusa
15.45197129	37.5024358	-10.3003848	Aretusa
15.52180086	37.45840319	-15.1204776	Aretusa
15.62346624	37.38570238	-10.9868619	Aretusa
15.50316669	37.48381568	-20.0511539	Aretusa
15.61747996	37.41442873	-21.9366998	Aretusa
15.6497902	37.39388567	-21.3710597	Aretusa
15.410318	37.56492677	-20.3387032	Aretusa
15.59692995	37.40011326	-10.3606754	Aretusa
15.66865656	37.38444113	-22.15019	Aretusa
15.46527133	37.50794407	-16.5955929	Aretusa
15.4301111	37.52342211	-11.1770626	Aretusa
15.43546406	37.51031435	-7.9999996	Aretusa
15.55111266	37.45585278	-22.3027476	Aretusa
15.49001346	37.4709209	-11.0875367	Aretusa
15.64973193	37.38967547	-19.5233433	Aretusa
15.65432473	37.3941112	-22.64444	Aretusa
15.61692087	37.38891107	-10.6867203	Aretusa
15.66018756	37.38994903	-22.3523136	Aretusa
15.53741059	37.46312218	-21.4995802	Aretusa
15.48187851	37.47044146	-8.3172965	Aretusa
15.66234439	37.38343059	-20.0742266	Aretusa
15.64450485	37.39864162	-22.0716329	Aretusa
15.43942653	37.53556102	-18.6282786	Aretusa
15.63664881	37.38290538	-13.1858097	Aretusa
15.57960957	37.43107462	-19.133974	Aretusa
15.50459897	37.46617097	-13.3398814	Aretusa
15.43282239	37.54130212	-18.6744298	Aretusa
15.6215108	37.39173376	-13.1049605	Aretusa
15.52908047	37.44807167	-13.0235389	Aretusa
15.61759379	37.39051555	-11.5594759	Aretusa
15.60777727	37.40997952	-17.4654205	Aretusa
15.42804569	37.51662466	-8.0000001	Aretusa
15.41395596	37.54791831	-15.1706271	Aretusa
15.64751697	37.37033832	-10.5329351	Aretusa
15.40488393	37.55553716	-15.1343975	Aretusa
15.46428882	37.48933383	-9.5102081	Aretusa
15.4459082	37.52657864	-17.3396442	Aretusa
15.61606001	37.39754329	-14.2208361	Aretusa
15.48002419	37.5009201	-18.8018001	Aretusa
15.41922524	37.56227274	-22.1666842	Aretusa
15.473531	37.51638676	-22.3313194	Aretusa
15.51033898	37.48215432	-21.4530538	Aretusa
15.54421209	37.46113908	-22.6444405	Aretusa
15.65297312	37.37055029	-12.0394249	Aretusa
15.45424707	37.50545879	-12.133929	Aretusa
15.49036562	37.47584532	-13.021441	Aretusa
15.54409073	37.44160658	-14.3177032	Aretusa
15.66169951	37.37827982	-17.6653304	Aretusa
15.62150419	37.38000822	-8.0000059	Aretusa
15.55447415	37.45180847	-21.4454254	Aretusa
15.46674254	37.51722369	-20.4477755	Aretusa
15.46709469	37.52229729	-22.4426856	Aretusa
15.39476146	37.55120772	-10.3286182	Aretusa
15.66703794	37.38300772	-21.1067735	Aretusa
15.5597958	37.41770301	-8.1586505	Aretusa
15.56268919	37.44762271	-21.8054356	Aretusa
15.48767464	37.50111843	-21.3428389	Aretusa
15.49007	37.50257189	-22.6444405	Aretusa
15.52931926	37.46711698	-20.7997745	Aretusa
15.41321689	37.5441577	-13.5404797	Aretusa
15.51343557	37.44672721	-8.0000001	Aretusa
15.537785	37.4472457	-15.0867354	Aretusa
15.60188115	37.4041938	-13.4215177	Aretusa
15.44559379	37.5367795	-21.0289737	Aretusa
15.60922097	37.39876367	-12.9794871	Aretusa
15.53046198	37.45853011	-17.6516012	Aretusa
15.56343546	37.41733863	-8.9600015	Aretusa
15.46989896	37.50415368	-16.7103905	Aretusa
15.49767786	37.47771072	-16.0300346	Aretusa
15.44512513	37.53963882	-21.9431148	Aretusa
15.43655611	37.52835366	-15.0445855	Aretusa
15.59562508	37.41480751	-16.3442801	Aretusa
15.46135575	37.51342194	-17.3327169	Aretusa
15.65690084	37.37402951	-14.5716924	Aretusa
15.42169897	37.55422016	-19.9573375	Aretusa
15.45149666	37.49928528	-9.0014625	Aretusa
15.60124132	37.39207477	-8.0000001	Aretusa
15.5944984	37.42918721	-22.2405738	Aretusa
15.45122759	37.53541122	-22.3004478	Aretusa
15.65808392	37.37507744	-15.3344238	Aretusa
15.54823951	37.45624872	-21.7169713	Aretusa
15.64012142	37.3985426	-20.8924542	Aretusa
15.50242889	37.49160294	-22.6444405	Aretusa
15.52626354	37.45412951	-14.6685593	Aretusa
15.47014949	37.52024068	-22.6444405	Aretusa
15.4956059	37.47711854	-15.1757756	Aretusa
15.47549197	37.49388065	-14.7791554	Aretusa
15.63539509	37.38808678	-15.1162839	Aretusa
15.45031475	37.52926882	-19.7308067	Aretusa
15.52981966	37.44387287	-11.5360211	Aretusa
15.46365682	37.50501609	-15.0098849	Aretusa
15.55264543	37.43398982	-13.2895413	Aretusa
15.42810207	37.53936207	-16.462505	Aretusa
15.61527594	37.40500698	-17.2664199	Aretusa
15.41595082	37.53470501	-10.8938028	Aretusa
15.45707168	37.50865828	-14.211684	Aretusa
15.44189701	37.52107639	-14.0290091	Aretusa
15.50673226	37.47076741	-15.8111308	Aretusa
15.65544331	37.37273845	-13.6320078	Aretusa
15.48886886	37.47115016	-10.8312589	Aretusa
15.57113663	37.42003385	-12.1481182	Aretusa
15.55197974	37.43664687	-14.2585914	Aretusa
15.59925534	37.40086783	-11.2980792	Aretusa
15.45052733	37.50200861	-9.6778971	Aretusa
15.45876337	37.50880098	-14.8065486	Aretusa
15.6513784	37.36913761	-11.0112628	Aretusa
15.55708297	37.43022386	-12.8360977	Aretusa
15.55161074	37.43226513	-12.274346	Aretusa
15.64350989	37.39340803	-19.5355479	Aretusa
15.40643449	37.54494696	-11.6908565	Aretusa
15.54895224	37.43194582	-11.4368673	Aretusa
15.49135706	37.47211126	-11.9539986	Aretusa
15.41507736	37.5552832	-18.2602608	Aretusa
15.48791493	37.47513852	-11.9734483	Aretusa
15.57853202	37.40588159	-8.0000001	Aretusa
15.48522588	37.46667907	-8.0000001	Aretusa
15.52433475	37.47452778	-22.372336	Aretusa
15.49640988	37.4765875	-15.2123868	Aretusa
15.40412013	37.55941167	-16.3322669	Aretusa
15.58408176	37.40328555	-8.3432291	Aretusa
15.60439427	37.40041403	-12.448306	Aretusa
15.40197501	37.53966307	-8.319585	Aretusa
15.58828892	37.42539088	-18.9707447	Aretusa
15.48662839	37.4729168	-10.7504093	Aretusa
15.59367394	37.39662182	-8.0000255	Aretusa
15.45675759	37.51443257	-16.2565647	Aretusa
15.52077491	37.46457232	-17.3236269	Aretusa
15.57722768	37.42893818	-17.586775	Aretusa
15.5694513	37.43728299	-19.1328255	Aretusa
15.54363983	37.46020394	-22.1021383	Aretusa
15.47608991	37.49874225	-16.7401375	Aretusa
15.48658422	37.48995975	-16.9331085	Aretusa
15.65443674	37.3878369	-19.9424649	Aretusa
15.45373892	37.50988664	-13.6144504	Aretusa
15.40640087	37.56112352	-17.6885936	Aretusa
15.52076807	37.44153944	-8.0000001	Aretusa
15.54632587	37.42557102	-8.0000001	Aretusa
15.49976238	37.46743103	-12.4654102	Aretusa
15.51305225	37.46164514	-13.9279472	Aretusa
15.54188007	37.45455661	-19.3128294	Aretusa
15.42569284	37.53706826	-14.8495204	Aretusa
15.41412924	37.55199478	-16.7393746	Aretusa
15.52060164	37.4628514	-16.5774849	Aretusa
15.51137992	37.47145737	-17.4208751	Aretusa
15.4992031	37.48990519	-20.9859766	Aretusa
15.50147279	37.48231536	-18.9589224	Aretusa
15.60053687	37.39899424	-10.8283639	Aretusa
15.62310808	37.39851237	-16.4693679	Aretusa
15.4125337	37.5654244	-21.2234718	Aretusa
15.41960136	37.52980559	-10.2279425	Aretusa
15.52734303	37.43717426	-8.0000167	Aretusa
15.47142665	37.51649296	-21.6910089	Aretusa
15.63146401	37.39362567	-16.5082684	Aretusa
15.5346567	37.43270476	-7.9999991	Aretusa
15.65349647	37.37688337	-14.9313203	Aretusa
15.58295037	37.43616125	-22.2043482	Aretusa
15.44499472	37.50954453	-10.7252442	Aretusa
15.64821263	37.38867402	-18.6936825	Aretusa
15.47351746	37.51726028	-22.6444063	Aretusa
15.40908174	37.53704926	-9.5941085	Aretusa
15.51071229	37.4841155	-22.3538389	Aretusa
15.46136885	37.4935481	-10.1005621	Aretusa
15.65889538	37.380565	-17.9330492	Aretusa
15.54894492	37.42805659	-9.760003	Aretusa
15.4485152	37.50468126	-10.0303404	Aretusa
15.58907287	37.41284207	-13.7727315	Aretusa
15.42442211	37.53204856	-12.5840189	Aretusa
15.45391821	37.50667879	-12.4786849	Aretusa
15.44204015	37.52381959	-15.0930192	Aretusa
15.50496419	37.47758363	-18.0642389	Aretusa
15.57462878	37.41165943	-9.4606309	Aretusa
15.49501146	37.48187279	-16.7124885	Aretusa
15.57469603	37.43474642	-19.4215201	Aretusa
15.49518923	37.47550619	-14.4252481	Aretusa
15.59748381	37.41035881	-14.9179759	Aretusa
15.58164021	37.43439439	-21.0983892	Aretusa
15.57219349	37.43346398	-18.2103043	Aretusa
15.46782627	37.52221782	-22.6444327	Aretusa
15.59815897	37.40782434	-14.004218	Aretusa
15.42032391	37.55288128	-19.0256615	Aretusa
15.65227956	37.39420482	-22.1551475	Aretusa
15.52899208	37.46937045	-21.6181847	Aretusa
15.42280721	37.5260495	-9.8458136	Aretusa
15.48690105	37.48789773	-16.2855496	Aretusa
15.39348023	37.5460281	-8.0000001	Aretusa
15.43894273	37.52821725	-15.7478234	Aretusa
15.43194791	37.52585543	-12.6610516	Aretusa
15.56344592	37.42162862	-10.8102921	Aretusa
15.47923833	37.51218302	-22.6444405	Aretusa
15.48612504	37.48361519	-14.4778765	Aretusa
15.62681206	37.40755131	-21.363814	Aretusa
15.61464531	37.41690181	-22.2547037	Aretusa
15.6642551	37.38054321	-19.3128299	Aretusa
15.41400871	37.55858454	-19.1488426	Aretusa
15.50185274	37.4777677	-17.2481165	Aretusa
15.49139464	37.48632148	-17.1626906	Aretusa
15.66648408	37.38624844	-22.3736705	Aretusa
15.66942328	37.38512009	-22.6444405	Aretusa
15.4495335	37.52735492	-18.7731978	Aretusa
15.48447867	37.46726041	-8.0000001	Aretusa
15.45353124	37.51172032	-14.2299842	Aretusa
15.53130638	37.47026898	-22.6444405	Aretusa
15.48524119	37.48649519	-15.2398451	Aretusa
15.63348462	37.38650599	-13.9330975	Aretusa
15.50636075	37.46900713	-14.9922435	Aretusa
15.40923811	37.56090364	-18.5031905	Aretusa
15.48345803	37.50312885	-20.7132042	Aretusa
15.43416752	37.54453471	-20.2998072	Aretusa
15.48282749	37.48024137	-12.1868226	Aretusa
15.53773416	37.45820049	-19.60038	Aretusa
15.62852894	37.39303754	-15.4915488	Aretusa
15.52003022	37.44904539	-10.8263009	Aretusa
15.58631096	37.40112547	-8.0000001	Aretusa
15.59676426	37.39539963	-8.2868917	Aretusa
15.52847129	37.44267823	-10.6665074	Aretusa
15.50594851	37.48503637	-21.3630518	Aretusa
15.61615462	37.39936134	-15.0365706	Aretusa
15.55181605	37.44940811	-19.7117374	Aretusa
15.43761678	37.54791389	-22.6444405	Aretusa
15.54832004	37.42582359	-8.6338302	Aretusa
15.43384888	37.53539314	-16.8042142	Aretusa
15.59180217	37.41280906	-14.4771137	Aretusa
15.53446101	37.44798472	-14.5289793	Aretusa
15.50867603	37.47909466	-19.7384337	Aretusa
15.51981098	37.4616058	-15.8469792	Aretusa
15.64747455	37.36567913	-8.4942501	Aretusa
15.49685495	37.47822499	-15.9812199	Aretusa
15.66223845	37.38735474	-21.7547139	Aretusa
15.52591275	37.44772376	-11.9757369	Aretusa
15.48327616	37.50576028	-21.6115113	Aretusa
15.46800943	37.51726122	-20.8671832	Aretusa
15.50654636	37.46139714	-11.9650584	Aretusa
15.59181034	37.42504026	-19.7468238	Aretusa
15.62701066	37.40310318	-19.4791056	Aretusa
15.65171707	37.39148202	-20.8241812	Aretusa
15.60736762	37.38842704	-7.9999991	Aretusa
15.51729007	37.47658507	-21.1883858	Aretusa
15.41320816	37.53278716	-9.3150435	Aretusa
15.58419924	37.41084921	-11.6313639	Aretusa
15.59726169	37.3944442	-8.0000001	Aretusa
15.44633905	37.51621825	-13.6281964	Aretusa
15.45261	37.50892559	-12.9013131	Aretusa
15.56518821	37.42673689	-13.4687874	Aretusa
15.64442482	37.36771284	-8.5888292	Aretusa
15.41491036	37.54529146	-14.4965635	Aretusa
15.49294699	37.47476309	-13.4611558	Aretusa
15.5088867	37.46258449	-13.1156385	Aretusa
15.56971173	37.44527767	-22.64444	Aretusa
15.41740131	37.5364748	-12.009296	Aretusa
15.40106448	37.55359951	-13.2081197	Aretusa
15.5022718	37.49011353	-22.0521788	Aretusa
15.45239296	37.51440768	-14.8683947	Aretusa
15.50948486	37.46537807	-14.4176208	Aretusa
15.50826897	37.47743569	-18.9503421	Aretusa
15.45252245	37.52149856	-17.5425301	Aretusa
15.53572054	37.43270092	-8.2783946	Aretusa
15.52378656	37.46827917	-19.6861866	Aretusa
15.58926172	37.41686743	-15.555997	Aretusa
15.48389452	37.48284817	-13.47908	Aretusa
15.59203904	37.39963869	-8.8679874	Aretusa
15.63004801	37.39014644	-14.6269942	Aretusa
15.5338207	37.45225631	-16.0742732	Aretusa
15.51145636	37.48430721	-22.6444405	Aretusa
15.59538792	37.40650761	-12.7075748	Aretusa
15.54386219	37.44680919	-16.4983503	Aretusa
15.43511752	37.5366549	-17.6736336	Aretusa
15.55265277	37.42170258	-8.0000001	Aretusa
15.44589931	37.53157047	-19.1907931	Aretusa
15.46675711	37.5159971	-20.0022071	Aretusa
15.61065869	37.39068836	-9.8372281	Aretusa
15.65459411	37.38504147	-18.766524	Aretusa
15.44561581	37.53467021	-20.2525147	Aretusa
15.52090149	37.45701256	-14.3001601	Aretusa
15.47466433	37.48054752	-9.6635167	Aretusa
15.39750129	37.55188383	-11.4452572	Aretusa
15.46314479	37.50034425	-13.1453848	Aretusa
15.47751732	37.49504061	-15.8546065	Aretusa
15.49902155	37.47890097	-16.8964974	Aretusa
15.5771229	37.43866941	-21.7501471	Aretusa
15.58739886	37.40598663	-10.3797198	Aretusa
15.49354555	37.48861385	-18.6904412	Aretusa
15.53104344	37.44955752	-14.1868946	Aretusa
15.55040153	37.44707548	-18.3346258	Aretusa
15.59720169	37.41235578	-15.7035859	Aretusa
15.46142366	37.50809831	-15.4099162	Aretusa
15.63626007	37.37190574	-8.2974654	Aretusa
15.6226699	37.38858912	-12.0367574	Aretusa
15.52649408	37.4385577	-8.3722203	Aretusa
15.50718862	37.48737776	-22.6444405	Aretusa
15.63877327	37.37297608	-9.4146759	Aretusa
15.40316012	37.54262371	-9.7935626	Aretusa
15.44082964	37.53212887	-17.7967105	Aretusa
15.45745893	37.53103712	-22.6444405	Aretusa
15.47223223	37.50827723	-18.9631195	Aretusa
15.40034359	37.54682147	-10.4628595	Aretusa
15.60195185	37.42479291	-22.3103639	Aretusa
15.45911559	37.51046864	-15.5296832	Aretusa
15.54276804	37.42851481	-8.3310255	Aretusa
15.49445149	37.4760959	-14.4313499	Aretusa
15.46660049	37.4996735	-14.0166173	Aretusa
15.53556344	37.46248403	-20.7124415	Aretusa
15.64659822	37.39319626	-20.2437442	Aretusa
15.45928605	37.51889307	-18.7117977	Aretusa
15.62921768	37.37609916	-8.2974649	Aretusa
15.47408557	37.47648637	-8.0000001	Aretusa
15.4515297	37.52423463	-18.2450059	Aretusa
15.61239909	37.40932741	-18.4014264	Aretusa
15.4338938	37.53324578	-16.0206928	Aretusa
15.54336584	37.45587256	-20.2708204	Aretusa
15.43175872	37.52930821	-13.8837091	Aretusa
15.49247358	37.47310041	-12.6740172	Aretusa
15.5588237	37.4179289	-8.0000064	Aretusa
15.48626664	37.46760123	-8.6712042	Aretusa
15.54494635	37.45727247	-21.2898253	Aretusa
15.6415321	37.38487365	-15.3081092	Aretusa
15.49897293	37.48423459	-18.8498521	Aretusa
15.56277472	37.42010939	-9.9792921	Aretusa
15.45580981	37.50626215	-12.9286283	Aretusa
15.55339979	37.45524837	-22.6444483	Aretusa
15.44122999	37.51889481	-13.0080936	Aretusa
15.4508952	37.53389492	-21.6322955	Aretusa
15.56693496	37.42111614	-11.5081912	Aretusa
15.49000428	37.4721561	-11.5634803	Aretusa
15.61518596	37.40712312	-18.1641493	Aretusa
15.50331387	37.46908278	-14.1506649	Aretusa
15.48874549	37.49228064	-18.4745885	Aretusa
15.48375026	37.4725307	-9.6810597	Aretusa
15.41905278	37.53718832	-12.7960538	Aretusa
15.66080996	37.38234791	-19.2052845	Aretusa
15.51883937	37.47908644	-22.6444405	Aretusa
15.5104551	37.45343408	-9.861064	Aretusa
15.60589854	37.40223137	-13.6290028	Aretusa
15.64087742	37.36847255	-8.0000001	Aretusa
15.48614244	37.50524968	-22.3507887	Aretusa
15.44452966	37.53016837	-18.237379	Aretusa
15.57634165	37.42408188	-15.2617751	Aretusa
15.43694487	37.53993161	-19.4678629	Aretusa
15.44207738	37.50468769	-8.000005	Aretusa
15.39560693	37.54730576	-9.1463858	Aretusa
15.55699006	37.4394109	-16.7681678	Aretusa
15.46693454	37.50445142	-15.8622403	Aretusa
15.58604813	37.43528979	-22.6444415	Aretusa
15.63098919	37.38265331	-11.6094381	Aretusa
15.65034196	37.38488405	-17.595922	Aretusa
15.41473749	37.5673757	-22.6444405	Aretusa
15.62191526	37.39552168	-14.8584795	Aretusa
15.56520312	37.4140295	-8.0000001	Aretusa
15.53629158	37.45324755	-17.1829029	Aretusa
15.49226524	37.47931429	-14.8958533	Aretusa
15.48237085	37.47790661	-11.190505	Aretusa
15.59876548	37.39748307	-9.71163	Aretusa
15.54693176	37.44707386	-17.4204942	Aretusa
15.64885627	37.36690324	-9.3851202	Aretusa
15.63098247	37.40387738	-20.8455387	Aretusa
15.60791357	37.41175032	-18.2633079	Aretusa
15.60464577	37.40772513	-15.669646	Aretusa
15.52610577	37.44058236	-9.141045	Aretusa
15.47609452	37.47753291	-9.0289244	Aretusa
15.45683461	37.50751865	-13.7173245	Aretusa
15.64631303	37.39888096	-22.6444459	Aretusa
15.56375456	37.44359247	-20.3501446	Aretusa
15.51329339	37.45336365	-10.6451524	Aretusa
15.40849916	37.54095619	-10.861005	Aretusa
15.4680079	37.51865432	-21.3782432	Aretusa
15.53126136	37.46964503	-22.3790094	Aretusa
15.49174179	37.49627989	-20.8958785	Aretusa
15.44849163	37.49919818	-7.9999874	Aretusa
15.54565107	37.43552949	-12.1111214	Aretusa
15.62489637	37.39180728	-14.0145192	Aretusa
15.46766235	37.49678056	-13.3070839	Aretusa
15.56765184	37.416335	-9.637585	Aretusa
15.54352015	37.44460019	-15.4568408	Aretusa
15.45485577	37.50316641	-11.496722	Aretusa
15.46946	37.51943629	-22.1287428	Aretusa
15.59412998	37.42171576	-18.9257437	Aretusa
15.61183784	37.41487656	-20.6430377	Aretusa
15.44811233	37.51241045	-12.7743153	Aretusa
15.48673778	37.4994466	-20.4325196	Aretusa
15.53659653	37.46535086	-22.1684952	Aretusa
15.53687402	37.45012227	-16.084952	Aretusa
15.64008116	37.38268105	-13.9777155	Aretusa
15.6128171	37.38600252	-8.3571485	Aretusa
15.4029414	37.54933101	-12.2156156	Aretusa
15.61982069	37.4139811	-22.3516139	Aretusa
15.455826	37.52612517	-20.3043809	Aretusa
15.49074556	37.46767969	-9.9850079	Aretusa
15.6268777	37.40129862	-18.6591693	Aretusa
15.40859454	37.54984015	-14.1906128	Aretusa
15.53848276	37.45154735	-17.1222653	Aretusa
15.62794436	37.37889783	-9.1856676	Aretusa
15.5210613	37.47537408	-21.7777862	Aretusa
15.61055539	37.39982215	-13.7860758	Aretusa
15.47697022	37.48523824	-12.1134098	Aretusa
15.60248381	37.39914822	-11.4018219	Aretusa
15.60929239	37.41253479	-18.964262	Aretusa
15.52506677	37.45235369	-13.6072188	Aretusa
15.44254731	37.51382466	-11.5413612	Aretusa
15.40210366	37.55503149	-14.06829	Aretusa
15.48901088	37.48999161	-17.7278744	Aretusa
15.64737723	37.37462346	-12.3616788	Aretusa
15.43448635	37.51498719	-9.4264981	Aretusa
15.47976316	37.48491462	-12.897116	Aretusa
15.4970437	37.47111504	-13.1784683	Aretusa
15.44262131	37.54365624	-22.6444488	Aretusa
15.44573633	37.50428657	-9.006797	Aretusa
15.45546482	37.52404381	-19.4173243	Aretusa
15.61130121	37.39194114	-10.5490479	Aretusa
15.51813243	37.45713959	-13.5587854	Aretusa
15.51714986	37.47166636	-19.1572327	Aretusa
15.51578456	37.45479788	-11.9388394	Aretusa
15.42688309	37.53346696	-13.8882913	Aretusa
15.48024297	37.4710207	-8.0000001	Aretusa
15.63824967	37.40368271	-22.644441	Aretusa
15.53815213	37.45454998	-18.2427181	Aretusa
15.52442765	37.44468458	-10.3206104	Aretusa
15.50712197	37.48607566	-22.1196807	Aretusa
15.42103873	37.56201659	-22.6444405	Aretusa
15.44299599	37.5157741	-12.4070614	Aretusa
15.51719717	37.46828628	-17.8026219	Aretusa
15.66070568	37.3773996	-17.0246361	Aretusa
15.42795858	37.55522693	-22.3088385	Aretusa
15.44859168	37.51912042	-15.4175614	Aretusa
15.646708	37.365	-8.0000001	Aretusa
15.64678347	37.36872138	-9.6391095	Aretusa
15.52020129	37.46796817	-18.5338907	Aretusa
15.60529003	37.42352779	-22.6444405	Aretusa
15.41474016	37.56107965	-20.3066685	Aretusa
15.48257075	37.50125892	-19.7468238	Aretusa
15.44759081	37.52338424	-16.6848394	Aretusa
15.65827412	37.38754691	-20.8108341	Aretusa
15.60510008	37.41921086	-20.7353243	Aretusa
15.54422823	37.45165016	-18.6801558	Aretusa
15.51416393	37.46585256	-15.9491851	Aretusa
15.43201745	37.53093409	-14.5694079	Aretusa
15.42595035	37.55481121	-21.5199835	Aretusa
15.49864822	37.46260282	-10.1920899	Aretusa
15.4087788	37.56383535	-19.4470709	Aretusa
15.46223692	37.52024786	-20.1468609	Aretusa
15.5526051	37.42789716	-10.6550675	Aretusa
15.53802454	37.44900602	-15.9080051	Aretusa
15.467536	37.48938125	-10.5753624	Aretusa
15.48493282	37.46766281	-8.2928888	Aretusa
15.50818466	37.45175348	-8.5308614	Aretusa
15.60825019	37.40239494	-14.3093465	Aretusa
15.43310096	37.5482258	-21.3334967	Aretusa
15.59128036	37.40767818	-12.13019	Aretusa
15.4210696	37.55649701	-20.6041339	Aretusa
15.60150821	37.4024561	-12.574877	Aretusa
15.53390928	37.44453535	-12.8990323	Aretusa
15.64064683	37.37899149	-12.51842	Aretusa
15.45890154	37.5282135	-22.0516099	Aretusa
15.4722128	37.51378216	-20.959191	Aretusa
15.63125568	37.38459208	-12.5224303	Aretusa
15.60660907	37.39549727	-10.8806348	Aretusa
15.54246745	37.45884434	-21.2162257	Aretusa
15.60875229	37.41456034	-19.694191	Aretusa
15.53149923	37.44536086	-12.6190999	Aretusa
15.59143669	37.39852259	-8.2288194	Aretusa
15.44745471	37.52191551	-16.0963924	Aretusa
15.6144827	37.39638844	-13.3093724	Aretusa
15.53969429	37.45025219	-16.8842992	Aretusa
