15.62751601	37.473	-7.9999998	Artemide
15.95844106	37.26855778	-15.9899824	Artemide
15.7010282	37.40353826	-20.2524012	Artemide
15.71252342	37.41650847	-11.6610003	Artemide
15.78455463	37.38113907	-9.4423255	Artemide
15.78506546	37.37162821	-13.5370496	Artemide
15.778298	37.36217397	-19.4012113	Artemide
15.95170039	37.26005876	-21.4149163	Artemide
15.82589147	37.34317708	-15.8118948	Artemide
15.62648339	37.47183501	-8.7718846	Artemide
15.94705447	37.26586729	-20.0694578	Artemide
15.80710927	37.36214773	-12.3071522	Artemide
15.85498724	37.32432797	-16.8373857	Artemide
15.72219473	37.41621999	-9.4323968	Artemide
15.66933559	37.44670994	-9.354682	Artemide
15.96033399	37.25940222	-19.494741	Artemide
15.81827352	37.34653661	-16.2954652	Artemide
15.6251243	37.4703016	-9.7878416	Artemide
15.74096562	37.40624768	-9.3118968	Artemide
15.64456029	37.45900365	-10.0090345	Artemide
15.75874281	37.3959772	-9.4285951	Artemide
15.74627837	37.40371077	-9.1502093	Artemide
15.96292149	37.27286583	-12.9684239	Artemide
15.62423459	37.46929774	-10.4529437	Artemide
15.79019374	37.36262608	-16.2668633	Artemide
15.8427029	37.34731023	-9.7130833	Artemide
15.96626737	37.24868991	-22.6444403	Artemide
15.9225859	37.29640022	-12.5580794	Artemide
15.70246153	37.41290918	-15.7851985	Artemide
15.92632608	37.28790528	-15.4045956	Artemide
15.62319794	37.46812809	-11.2278787	Artemide
15.89809788	37.31035266	-12.4070614	Artemide
15.8960418	37.30793234	-13.9878216	Artemide
15.75098672	37.39659917	-11.1146092	Artemide
15.67579507	37.42001739	-19.4241883	Artemide
15.65750439	37.43911738	-15.641801	Artemide
15.9273917	37.27870619	-19.2228277	Artemide
15.76404187	37.39618298	-7.9999998	Artemide
15.62225926	37.46706894	-11.9295914	Artemide
15.69249579	37.4079219	-20.4931561	Artemide
15.92475626	37.30081028	-10.06662	Artemide
15.83257567	37.34442744	-13.5584068	Artemide
15.68132649	37.41653612	-19.548514	Artemide
15.7429831	37.39663051	-13.1153846	Artemide
15.88981088	37.29578806	-20.9118963	Artemide
15.66135953	37.4263314	-20.3129574	Artemide
15.74799545	37.40141662	-9.755891	Artemide
15.87169645	37.31179103	-18.2785636	Artemide
15.62097776	37.46562296	-12.8875819	Artemide
15.81842772	37.33804024	-19.957909	Artemide
15.79340876	37.34817006	-21.8880062	Artemide
15.66778108	37.43987843	-12.7533797	Artemide
15.82458084	37.33296061	-20.5980335	Artemide
15.82781017	37.32694419	-22.3910828	Artemide
15.79835848	37.34960155	-20.0328934	Artemide
15.8311507	37.32448639	-22.6444403	Artemide
15.94856199	37.27463464	-15.8091862	Artemide
15.61953309	37.46399275	-13.9676092	Artemide
15.78645745	37.3754522	-11.4967393	Artemide
15.72896726	37.40309871	-13.6411601	Artemide
15.65374023	37.44628085	-13.3913653	Artemide
15.9199479	37.28234171	-19.4451605	Artemide
15.67456846	37.41917491	-20.1037821	Artemide
15.77347501	37.37471124	-15.0307475	Artemide
15.83468724	37.34049182	-14.7330011	Artemide
15.66455612	37.44883435	-9.5895321	Artemide
15.86266592	37.30949062	-21.5262757	Artemide
15.61839039	37.46270329	-14.8218683	Artemide
15.90588115	37.30279593	-13.8404239	Artemide
15.77795224	37.35927015	-20.7749847	Artemide
15.72471675	37.41108214	-11.112325	Artemide
15.94803166	37.29166064	-8.3870863	Artemide
15.7980549	37.34455487	-22.3279593	Artemide
15.79128565	37.36821329	-13.5183607	Artemide
15.77466566	37.36622056	-18.5012816	Artemide
15.78491694	37.37451847	-12.29113	Artemide
15.95509045	37.25655336	-22.0756331	Artemide
15.6174681	37.4616625	-15.5113774	Artemide
15.75954422	37.38621839	-13.505585	Artemide
15.64284403	37.46157608	-9.2905418	Artemide
15.80694712	37.33860989	-22.6444408	Artemide
15.95159492	37.27170959	-16.3595844	Artemide
15.61659479	37.46067698	-16.1642753	Artemide
15.73701932	37.39907678	-13.4748861	Artemide
15.95880486	37.28431228	-8.9904061	Artemide
15.70090391	37.4059022	-19.2471776	Artemide
15.69895012	37.40861976	-18.5531551	Artemide
15.86706972	37.32640324	-12.9371595	Artemide
15.71501006	37.42008037	-9.4642752	Artemide
15.79663759	37.35365229	-18.6595697	Artemide
15.91686856	37.30566307	-9.8590623	Artemide
15.960624	37.28225153	-9.4584603	Artemide
15.86011042	37.33196516	-12.1855833	Artemide
15.78130487	37.36308097	-18.2572098	Artemide
15.70884302	37.42132191	-10.4846004	Artemide
15.78241576	37.38504427	-8.2408914	Artemide
15.84449776	37.32356657	-19.7616971	Artemide
15.64928232	37.45370546	-11.1958441	Artemide
15.80907067	37.36222672	-11.7897047	Artemide
15.61514607	37.45904208	-17.2473541	Artemide
15.82186398	37.34648028	-15.4022115	Artemide
15.82420977	37.3284802	-22.6444237	Artemide
15.91150039	37.27982465	-22.644431	Artemide
15.84162355	37.34586735	-10.6176834	Artemide
15.65804739	37.44885226	-11.1874539	Artemide
15.80995214	37.36020952	-12.4643866	Artemide
15.8620874	37.33344178	-11.0429163	Artemide
15.61373004	37.45744398	-18.3060247	Artemide
15.78570387	37.35237529	-21.922514	Artemide
15.97793394	37.25059136	-18.8345977	Artemide
15.84996407	37.34505338	-8.8798109	Artemide
15.79789503	37.34597661	-21.7507303	Artemide
15.75580524	37.3803189	-17.0368397	Artemide
15.96635024	37.25685672	-19.0660863	Artemide
15.96627404	37.28230717	-8.0000584	Artemide
15.63741544	37.45256725	-14.628516	Artemide
15.61239158	37.45593337	-19.3067279	Artemide
15.94151555	37.26801305	-20.4836229	Artemide
15.94865299	37.27279149	-16.6039843	Artemide
15.76811909	37.36119828	-22.3439036	Artemide
15.68869198	37.43864264	-7.9999998	Artemide
15.8951713	37.31660684	-10.3537884	Artemide
15.88843737	37.31755505	-11.5931229	Artemide
15.97303577	37.24508948	-22.4827406	Artemide
15.61115106	37.45453328	-20.2342088	Artemide
15.94927066	37.26894158	-18.1603868	Artemide
15.66398435	37.42100605	-21.9814398	Artemide
15.82367711	37.34194836	-16.9132773	Artemide
15.69721095	37.43371878	-7.9999998	Artemide
15.85375708	37.32137484	-18.4509437	Artemide
15.61026151	37.45352925	-20.8993104	Artemide
15.85601769	37.31887022	-19.0046864	Artemide
15.96470727	37.2600681	-18.0871209	Artemide
15.86144741	37.30847703	-22.2764222	Artemide
15.91629286	37.27987173	-21.4419906	Artemide
15.7300161	37.39417435	-17.3697695	Artemide
15.77832447	37.37437126	-13.9813022	Artemide
15.84978816	37.34713376	-7.9999998	Artemide
15.68516806	37.43489577	-10.5336029	Artemide
15.70833789	37.41413288	-13.7601007	Artemide
15.82938094	37.34839632	-12.6457952	Artemide
15.95472719	37.26614606	-17.9904806	Artemide
15.6088741	37.45196331	-21.9366253	Artemide
15.81194934	37.36916361	-7.9999915	Artemide
15.68649873	37.41531879	-18.7720535	Artemide
15.95393368	37.27046765	-16.3107609	Artemide
15.67549321	37.4303309	-14.9828052	Artemide
15.88295958	37.32396396	-10.1005604	Artemide
15.73453772	37.38663984	-19.6333153	Artemide
15.91499243	37.30871643	-8.9671434	Artemide
15.60792744	37.45089477	-22.6444403	Artemide
15.89289188	37.29541064	-20.3196356	Artemide
15.82643542	37.32906191	-21.8222088	Artemide
15.7756118	37.37484303	-14.4404467	Artemide
15.86699814	37.32881287	-11.8857342	Artemide
15.93764822	37.27487569	-18.3931666	Artemide
15.65823319	37.44210677	-14.1354126	Artemide
15.9181657	37.30836925	-8.3386527	Artemide
15.6265198	37.45177382	-17.6683812	Artemide
15.9400262	37.27023645	-19.8646659	Artemide
15.67164091	37.41615039	-22.1698299	Artemide
15.79313071	37.37479634	-10.1421312	Artemide
15.86914772	37.32943779	-11.0783827	Artemide
15.66654923	37.44180017	-12.2203658	Artemide
15.79412439	37.36467932	-14.3863483	Artemide
15.77122367	37.38984159	-8.9667616	Artemide
15.62736254	37.4695426	-9.5727518	Artemide
15.71980656	37.40522668	-14.9229306	Artemide
15.86358435	37.31580147	-18.50014	Artemide
15.65979668	37.43330667	-17.6532721	Artemide
15.71058977	37.41843446	-11.3064215	Artemide
15.94970103	37.28758206	-9.7847909	Artemide
15.87314306	37.3148274	-16.5748123	Artemide
15.73014455	37.41404003	-8.4692699	Artemide
15.94076608	37.28732571	-12.101588	Artemide
15.74617232	37.39292843	-13.9401414	Artemide
15.62607807	37.46799178	-10.5780311	Artemide
15.93354194	37.28490932	-14.9546789	Artemide
15.65761568	37.42434958	-22.1296258	Artemide
15.69801457	37.41231544	-17.1714665	Artemide
15.88747785	37.30893431	-15.6547709	Artemide
15.74322639	37.37477594	-22.6444403	Artemide
15.74806293	37.39993659	-10.3920682	Artemide
15.98888384	37.26506448	-9.7321629	Artemide
15.9748739	37.27252762	-10.0616624	Artemide
15.93469725	37.27226933	-20.2769217	Artemide
15.99179912	37.26733063	-7.9999998	Artemide
15.68208381	37.43253052	-12.350619	Artemide
15.69359555	37.40237405	-22.6444442	Artemide
15.96159475	37.26981333	-14.637283	Artemide
15.69910456	37.42831717	-9.8866156	Artemide
15.70900054	37.40850031	-16.0933197	Artemide
15.93717526	37.26555413	-22.6444359	Artemide
15.64444389	37.45079694	-13.6804411	Artemide
15.88315888	37.32858802	-7.9999984	Artemide
15.83612788	37.35510043	-7.9999998	Artemide
15.79321864	37.37034292	-12.0966292	Artemide
15.81782522	37.36251265	-9.4484183	Artemide
15.78147975	37.35839767	-20.2921766	Artemide
15.76710725	37.36533831	-20.7558787	Artemide
15.78762816	37.35878947	-18.6019647	Artemide
15.72537368	37.38557582	-22.3393402	Artemide
15.82834527	37.32990786	-20.9652733	Artemide
15.83029731	37.33510549	-18.2019007	Artemide
15.97466111	37.24376439	-22.6444403	Artemide
15.73961579	37.38444496	-19.3166536	Artemide
15.62386678	37.4624492	-13.5839556	Artemide
15.84499898	37.32005868	-21.1944876	Artemide
15.70245549	37.41109667	-16.5807363	Artemide
15.67339387	37.43307458	-14.3123643	Artemide
15.77667747	37.37886544	-12.4008875	Artemide
15.85367026	37.33596635	-11.9982371	Artemide
15.73131221	37.39806561	-15.3168827	Artemide
15.95220336	37.27404266	-15.1742767	Artemide
15.68675324	37.43834286	-8.6221991	Artemide
15.99241132	37.26555127	-8.618575	Artemide
15.92454939	37.28194191	-18.4881256	Artemide
15.65856975	37.42262133	-22.6444344	Artemide
15.65310874	37.45349126	-10.3469237	Artemide
15.65781164	37.4337522	-17.9483636	Artemide
15.97148651	37.26222192	-15.4165132	Artemide
15.88571199	37.31143267	-14.9816606	Artemide
15.78992887	37.35219956	-20.9584217	Artemide
15.93384852	37.28153255	-16.3770775	Artemide
15.83707091	37.34383473	-12.6671412	Artemide
15.69290929	37.40593088	-21.2604657	Artemide
15.95696749	37.25902298	-20.5202342	Artemide
15.91397998	37.28454522	-19.9390247	Artemide
15.77018915	37.36980838	-18.0131043	Artemide
15.65227516	37.44493247	-14.3512627	Artemide
15.97982621	37.25081362	-18.254159	Artemide
15.71989213	37.41562524	-10.2592137	Artemide
15.94458657	37.27068708	-18.5401793	Artemide
15.88344759	37.3034464	-19.0832479	Artemide
15.82466422	37.35800352	-9.6654242	Artemide
15.88330851	37.32743275	-8.4755579	Artemide
15.90584742	37.2978084	-16.0613067	Artemide
15.90005657	37.30424486	-14.6338551	Artemide
15.94007043	37.28940626	-11.3501063	Artemide
15.83500944	37.35275764	-9.3067513	Artemide
15.6718733	37.44465315	-9.6254119	Artemide
15.63566238	37.45789745	-12.6949925	Artemide
15.77871271	37.38005564	-11.3650872	Artemide
15.74283966	37.38098122	-20.0210203	Artemide
15.83359918	37.33252815	-18.478264	Artemide
15.66687018	37.45112896	-7.999991	Artemide
15.70459676	37.39899965	-21.408432	Artemide
15.81404565	37.35397418	-14.135212	Artemide
15.6318384	37.44795978	-18.0493656	Artemide
15.96010777	37.28582075	-7.9999998	Artemide
15.95643157	37.26746459	-16.9796236	Artemide
15.82986427	37.35877507	-7.9999998	Artemide
15.65018435	37.43731901	-18.2459556	Artemide
15.64132732	37.45492709	-12.6160494	Artemide
15.66843691	37.44332653	-11.0753939	Artemide
15.86410226	37.33918004	-7.9999998	Artemide
15.61568455	37.45628589	-18.3380594	Artemide
15.9536638	37.27480858	-14.4756771	Artemide
15.77477818	37.37624939	-14.0286278	Artemide
15.95137104	37.26936049	-17.4488409	Artemide
15.92437177	37.30445424	-8.5449715	Artemide
15.79016695	37.361191	-16.9102265	Artemide
15.80898288	37.36815337	-9.1799373	Artemide
15.64809759	37.46107584	-8.2166156	Artemide
15.89259181	37.30841842	-14.6227954	Artemide
15.88025799	37.30126998	-20.835242	Artemide
15.84154812	37.34036766	-13.0340262	Artemide
15.81385584	37.36598839	-8.9397303	Artemide
15.7374183	37.39115433	-16.9148238	Artemide
15.92930328	37.29223284	-12.7506707	Artemide
15.68600282	37.41012607	-21.1719871	Artemide
15.92028466	37.27924122	-20.7376097	Artemide
15.98956116	37.26267339	-10.6005321	Artemide
15.80271109	37.34989774	-18.8094615	Artemide
15.61690209	37.45307972	-19.4609906	Artemide
15.61328283	37.45288665	-20.4393846	Artemide
15.6744171	37.43588805	-12.8208463	Artemide
15.81474069	37.35130041	-15.1225646	Artemide
15.88739356	37.32068428	-10.4620936	Artemide
15.64744065	37.4289341	-22.6444574	Artemide
15.83682164	37.32190242	-22.3927381	Artemide
15.95745747	37.27906389	-11.6520164	Artemide
15.85284676	37.34492561	-8.2257684	Artemide
15.83331522	37.33108071	-19.1846854	Artemide
15.66882005	37.43327735	-15.3813259	Artemide
15.84502736	37.32860389	-17.3960865	Artemide
15.74597301	37.37437669	-22.1257821	Artemide
15.7152862	37.42152067	-8.7649823	Artemide
15.73611272	37.37941153	-22.4087743	Artemide
15.70300753	37.40613283	-18.6140858	Artemide
15.75619622	37.38236803	-16.0395685	Artemide
15.87989152	37.30706757	-18.3533114	Artemide
15.86559679	37.32286641	-14.8695391	Artemide
15.89868017	37.29194389	-20.4302313	Artemide
15.89576218	37.30126845	-17.0131953	Artemide
15.76363703	37.37551185	-17.1665117	Artemide
15.91571078	37.29992164	-12.6915601	Artemide
15.83215556	37.32977256	-20.0511546	Artemide
15.97732449	37.24749027	-20.3409915	Artemide
15.96037076	37.28469618	-8.433994	Artemide
15.61406583	37.44915465	-21.9028748	Artemide
15.61403995	37.4474984	-22.6444403	Artemide
15.68993119	37.42287104	-14.5949558	Artemide
15.94441173	37.28211979	-13.5120676	Artemide
15.69414699	37.42956272	-10.5963372	Artemide
15.71233361	37.39200956	-22.6444403	Artemide
15.69816513	37.40247379	-21.4423245	Artemide
15.64614347	37.43528153	-20.1472586	Artemide
15.79518899	37.34870036	-21.2135579	Artemide
15.9190551	37.27687277	-22.0914588	Artemide
15.63538109	37.46209468	-10.9012391	Artemide
15.88234288	37.30923466	-16.7874224	Artemide
15.77228553	37.38610871	-10.3354891	Artemide
15.72809144	37.40150693	-14.5652092	Artemide
15.95479931	37.28183176	-11.0783792	Artemide
15.70051953	37.4010011	-21.5071693	Artemide
15.81506506	37.336424	-21.5216995	Artemide
15.63136234	37.45447873	-15.2732146	Artemide
15.80014551	37.34853755	-20.0572596	Artemide
15.86711008	37.33261392	-10.1716864	Artemide
15.80068643	37.34950914	-19.4959691	Artemide
15.84047814	37.33916081	-13.833369	Artemide
15.81040728	37.35058071	-16.54412	Artemide
15.71099012	37.42481877	-8.4092054	Artemide
15.69480345	37.41235996	-17.965086	Artemide
15.69838816	37.40598764	-19.847473	Artemide
15.8685121	37.30371952	-22.6444325	Artemide
15.94568024	37.26866046	-19.1694334	Artemide
15.95275409	37.27812123	-13.2289151	Artemide
15.86994444	37.30389116	-22.215013	Artemide
15.78127374	37.36585566	-17.0337956	Artemide
15.65259396	37.43244173	-19.8160443	Artemide
15.9422238	37.29279871	-9.3141869	Artemide
15.98546612	37.2533811	-15.6944331	Artemide
15.66478278	37.44502726	-11.223306	Artemide
15.96404307	37.25557146	-20.2155223	Artemide
15.9632165	37.28409256	-7.9999998	Artemide
15.84814758	37.33490455	-13.8310804	Artemide
15.72440672	37.40002404	-16.1249948	Artemide
15.65952572	37.45521207	-7.9999998	Artemide
15.90548715	37.28600473	-21.3861224	Artemide
15.65376158	37.42988193	-20.6644183	Artemide
15.83183638	37.32531642	-22.1070955	Artemide
15.98862037	37.25693788	-13.3391189	Artemide
15.75337852	37.3792511	-18.1180123	Artemide
15.95532363	37.27555354	-13.7358242	Artemide
15.80025427	37.36185088	-14.1292994	Artemide
15.97648624	37.24325372	-22.400366	Artemide
15.72402385	37.40665869	-13.2561739	Artemide
15.7841842	37.36765802	-15.5161462	Artemide
15.89132863	37.30529872	-16.3183476	Artemide
15.9065045	37.29037892	-19.1949884	Artemide
15.77576637	37.35708589	-22.2832869	Artemide
15.91901438	37.29107799	-15.7996821	Artemide
15.66859405	37.44463205	-10.4591156	Artemide
15.64358577	37.44183166	-17.8712677	Artemide
15.65253646	37.42910881	-21.3096785	Artemide
15.75378225	37.38809658	-14.1373178	Artemide
15.67569975	37.43362235	-13.4886143	Artemide
15.75506729	37.3844938	-15.3925821	Artemide
15.8153185	37.3425092	-18.8056136	Artemide
15.62382639	37.44322243	-22.1284525	Artemide
15.81182531	37.36058521	-11.8228458	Artemide
15.81586143	37.36698721	-8.0000936	Artemide
15.93993956	37.2716955	-19.2388453	Artemide
15.84444849	37.33367122	-15.2903757	Artemide
15.87328064	37.30600744	-20.4534881	Artemide
15.71209907	37.41177684	-13.8748858	Artemide
15.68152955	37.41052934	-22.1280706	Artemide
15.75001397	37.37381281	-21.3523734	Artemide
15.70471609	37.40571412	-18.3807345	Artemide
15.65234152	37.45920521	-7.9999998	Artemide
15.79670367	37.35195527	-19.3959754	Artemide
15.8804358	37.29793905	-22.2691761	Artemide
15.64130692	37.45672123	-11.8247161	Artemide
15.80759523	37.34977493	-17.6138443	Artemide
15.85782261	37.32125037	-17.5036314	Artemide
15.77871226	37.38630585	-8.6254354	Artemide
15.95525725	37.27316775	-14.7971934	Artemide
15.6789559	37.43058136	-13.9964024	Artemide
15.8801327	37.32203943	-11.6515753	Artemide
15.65993523	37.45372735	-8.5579373	Artemide
15.94842462	37.25964076	-22.4339198	Artemide
15.64816222	37.45951234	-8.8946839	Artemide
15.61900715	37.45958409	-16.0544419	Artemide
15.80811873	37.35735251	-14.179794	Artemide
15.70670256	37.41861941	-12.2102782	Artemide
15.71415772	37.39892074	-19.1145196	Artemide
15.74095436	37.39297726	-15.2368	Artemide
15.64978685	37.42824079	-22.372909	Artemide
15.76426389	37.38230684	-14.0286276	Artemide
15.68760498	37.41618902	-18.1107652	Artemide
15.90617068	37.30869497	-11.1519871	Artemide
15.79412004	37.35135648	-20.2988568	Artemide
15.86539422	37.31641579	-17.7812657	Artemide
15.76340701	37.38093397	-14.8470382	Artemide
15.77192597	37.35840653	-22.6444442	Artemide
15.79841013	37.3643178	-13.4897587	Artemide
15.98303108	37.25063511	-17.5127843	Artemide
15.87260728	37.33373402	-8.3191077	Artemide
15.76859688	37.37669529	-15.3946839	Artemide
15.64322563	37.44490179	-16.5975067	Artemide
15.7368796	37.38856033	-18.202326	Artemide
15.87920214	37.30885665	-17.7293905	Artemide
15.61773699	37.45717988	-17.4349857	Artemide
15.6841928	37.41991165	-17.3442208	Artemide
15.96357585	37.25114735	-22.26193	Artemide
15.9242621	37.27567255	-21.3401698	Artemide
15.89359403	37.30072672	-17.7881302	Artemide
15.960708	37.27568189	-12.3079317	Artemide
15.85661113	37.3251076	-16.0910532	Artemide
15.68862278	37.41177909	-19.7845799	Artemide
15.79068053	37.3703346	-12.726263	Artemide
15.88350243	37.31808971	-12.572661	Artemide
15.63910093	37.45448043	-13.3635262	Artemide
15.82818343	37.35137464	-11.6542454	Artemide
15.75006695	37.40325676	-8.4271244	Artemide
15.82724699	37.33295329	-19.9193822	Artemide
15.85487619	37.3118816	-22.386637	Artemide
15.70179337	37.42825856	-9.231429	Artemide
15.7330189	37.40703191	-10.8979974	Artemide
15.79921103	37.34315087	-22.6444901	Artemide
15.90158405	37.29781415	-17.1100622	Artemide
15.71996271	37.40703342	-14.0782055	Artemide
15.91174484	37.30356535	-12.0531539	Artemide
15.64704183	37.43296544	-20.9534647	Artemide
15.80474592	37.35444955	-16.304726	Artemide
15.73819868	37.39387661	-15.5094962	Artemide
15.83204358	37.33825715	-16.3824057	Artemide
15.94785653	37.26300449	-21.1144256	Artemide
15.71402905	37.41766559	-10.7762982	Artemide
15.73885855	37.39148116	-16.4189587	Artemide
15.74672181	37.39403352	-13.3170061	Artemide
15.84754798	37.34839719	-7.9999329	Artemide
15.94836853	37.26807052	-18.7698404	Artemide
15.87106808	37.30870159	-19.8040262	Artemide
15.94518762	37.27906939	-14.6738986	Artemide
15.74899657	37.40241038	-9.067889	Artemide
15.70626023	37.41025398	-15.984115	Artemide
15.63096428	37.45888868	-13.4138662	Artemide
15.86943391	37.30642935	-21.2150814	Artemide
15.90452012	37.30706488	-12.2821639	Artemide
15.65432621	37.4339084	-18.737731	Artemide
15.66601939	37.44658041	-10.2286947	Artemide
15.62778152	37.44597899	-19.9293075	Artemide
15.8052367	37.36120896	-13.1854307	Artemide
15.727758	37.38359406	-22.6445037	Artemide
15.95024164	37.2580919	-22.6444398	Artemide
15.63781293	37.44951957	-15.8832087	Artemide
15.83704764	37.32120955	-22.6444403	Artemide
15.79207468	37.37732284	-9.2813885	Artemide
15.80401295	37.3533072	-16.9912306	Artemide
15.63482114	37.4488496	-16.9186165	Artemide
15.70930348	37.40236136	-18.7609967	Artemide
15.96373718	37.28291048	-8.3854832	Artemide
15.90586137	37.31597136	-7.9999998	Artemide
15.63123827	37.46982128	-8.4931058	Artemide
15.63554793	37.44167235	-19.9249212	Artemide
15.63939905	37.43340406	-22.6444403	Artemide
15.80858322	37.34657677	-18.7547904	Artemide
15.92584501	37.28617827	-16.2893635	Artemide
15.94903369	37.27116776	-17.2305849	Artemide
15.65568503	37.43656774	-17.2221793	Artemide
15.92359432	37.29775168	-11.7099237	Artemide
15.75444442	37.4005304	-8.5175184	Artemide
15.84902087	37.33939815	-11.6218294	Artemide
15.95922932	37.279597	-10.9777205	Artemide
15.67824263	37.43596657	-11.8178499	Artemide
15.96993453	37.27433951	-10.534556	Artemide
15.64449125	37.44584462	-15.8668102	Artemide
15.78123538	37.37481126	-13.069318	Artemide
15.881748	37.31100053	-16.1505393	Artemide
15.97635749	37.25461078	-17.4868514	Artemide
15.98198754	37.25547846	-15.6700254	Artemide
15.84239124	37.35142555	-7.9999998	Artemide
15.70264078	37.41749004	-13.7334493	Artemide
15.8456457	37.33979956	-12.2758714	Artemide
15.769368	37.37452414	-16.1512877	Artemide
15.90935236	37.31016217	-9.7165267	Artemide
15.70037758	37.40973391	-17.703461	Artemide
15.81901731	37.33240825	-22.2609788	Artemide
15.83387526	37.33923748	-15.4869558	Artemide
15.74405679	37.38880393	-16.2836563	Artemide
15.90408008	37.31588598	-8.4770887	Artemide
15.6857921	37.40688594	-22.6444398	Artemide
15.84067433	37.33210487	-16.9159472	Artemide
15.77818591	37.38803638	-8.000016	Artemide
15.79027902	37.35552298	-19.3974925	Artemide
15.61936255	37.44910891	-20.6167186	Artemide
15.83936737	37.33790792	-14.6632222	Artemide
15.74022634	37.40145064	-11.6338504	Artemide
15.91827296	37.28933653	-16.7550031	Artemide
15.70829695	37.41048866	-15.3770418	Artemide
15.81383715	37.34517606	-18.0222889	Artemide
15.93948154	37.28274141	-14.4519436	Artemide
15.68834152	37.43027484	-11.7543538	Artemide
15.67119849	37.4431923	-10.4361917	Artemide
15.97059912	37.26889177	-12.7378966	Artemide
15.81205571	37.3626949	-10.843577	Artemide
15.900204	37.30189263	-15.6410417	Artemide
15.6516523	37.4432068	-15.2708311	Artemide
15.90265704	37.28474149	-22.6444412	Artemide
15.65595801	37.43050959	-19.8437049	Artemide
15.79326122	37.37215672	-11.2812699	Artemide
15.6840855	37.42951313	-13.1655973	Artemide
15.68118022	37.41448054	-20.4859105	Artemide
15.70378227	37.40899313	-17.1649359	Artemide
15.82102151	37.36396285	-8.0000155	Artemide
15.71233057	37.41431722	-12.6830702	Artemide
15.66238519	37.43469286	-16.3916533	Artemide
15.67000517	37.44881942	-8.2525023	Artemide
15.70228487	37.42244308	-11.6542464	Artemide
15.76929522	37.38626732	-11.0211795	Artemide
15.71682304	37.39528979	-20.0862391	Artemide
15.81812607	37.35783773	-11.4088355	Artemide
15.92434745	37.27843974	-20.0915785	Artemide
15.94462949	37.28368506	-12.7640189	Artemide
15.90066792	37.31221312	-10.9479559	Artemide
15.80073296	37.35064474	-18.9833282	Artemide
15.76859585	37.38176054	-13.1739898	Artemide
15.73578164	37.38506539	-20.014638	Artemide
15.74486579	37.40043626	-10.9563607	Artemide
15.83600964	37.32795548	-19.9071883	Artemide
15.8277305	37.3380821	-17.5616021	Artemide
15.6896894	37.42485528	-13.7870327	Artemide
15.75901362	37.39365935	-10.3766717	Artemide
15.74527155	37.38314397	-18.4585716	Artemide
15.9941447	37.26316649	-9.2142679	Artemide
15.66439955	37.4417054	-12.7930501	Artemide
15.79927372	37.37345771	-9.2211336	Artemide
15.8739289	37.31610864	-15.812655	Artemide
15.63273538	37.46522394	-10.1647264	Artemide
15.7337064	37.38223348	-21.7795477	Artemide
15.66119879	37.42466291	-21.0842552	Artemide
15.92034504	37.2749094	-22.6444403	Artemide
15.76993589	37.37798293	-14.4911954	Artemide
15.90062591	37.30721646	-13.1751317	Artemide
15.98389884	37.26488518	-11.0842948	Artemide
15.95824255	37.26220939	-18.8063768	Artemide
15.7939299	37.35684902	-17.9086392	Artemide
15.73264181	37.38935906	-18.8799947	Artemide
15.93200879	37.29833473	-9.3763387	Artemide
15.78742988	37.3816573	-8.5030067	Artemide
15.98739099	37.25978107	-12.4149747	Artemide
15.6979032	37.4162187	-15.4900207	Artemide
15.63748957	37.4674587	-7.9999998	Artemide
15.86927268	37.31114421	-19.1633348	Artemide
15.64301213	37.43202966	-22.362993	Artemide
15.68232031	37.42324423	-16.3585811	Artemide
15.8341517	37.3353639	-17.1039505	Artemide
15.84900038	37.32272231	-19.0260428	Artemide
15.93207762	37.27501163	-19.7063993	Artemide
15.72940267	37.40724011	-11.6860889	Artemide
15.86068681	37.30807028	-22.6444403	Artemide
15.95502619	37.28791303	-8.3249237	Artemide
15.84848717	37.34333139	-10.0080809	Artemide
15.83924032	37.32485684	-20.4855286	Artemide
15.81477995	37.36276729	-10.11741	Artemide
15.9294698	37.28253909	-17.0101444	Artemide
15.83809319	37.33647068	-15.6151101	Artemide
15.86365845	37.33861188	-8.361535	Artemide
15.6539799	37.4572842	-8.4484862	Artemide
15.92774206	37.27079815	-22.6444412	Artemide
15.71619697	37.40354641	-16.5525062	Artemide
15.93260886	37.3011036	-7.9999901	Artemide
15.91136145	37.28417231	-20.7501927	Artemide
15.75267524	37.39041349	-13.4009008	Artemide
15.69957391	37.42033251	-13.2651334	Artemide
15.95084285	37.27747193	-13.9880118	Artemide
15.63020496	37.44299657	-20.6552371	Artemide
15.95355787	37.27189402	-15.786071	Artemide
15.8811362	37.2967039	-22.6444393	Artemide
15.9785289	37.24555758	-20.8749032	Artemide
15.73021825	37.38384249	-21.9336141	Artemide
15.83615588	37.32474523	-21.2955496	Artemide
15.84914169	37.32880236	-16.2935583	Artemide
15.67024541	37.44143991	-11.4452896	Artemide
15.7939278	37.37825083	-8.4126405	Artemide
15.95219831	37.27038386	-16.7921683	Artemide
15.79767293	37.37101193	-10.7012132	Artemide
15.97324532	37.25880437	-16.4556388	Artemide
15.86507102	37.32122133	-15.729042	Artemide
15.67891503	37.42696899	-15.5891763	Artemide
15.9635685	37.28102736	-9.2478338	Artemide
15.6683349	37.4236641	-19.7155516	Artemide
15.70658868	37.41197937	-15.1467717	Artemide
15.73600303	37.40737148	-10.0193309	Artemide
15.86757914	37.32377382	-13.9780969	Artemide
15.97999963	37.24721634	-19.7765702	Artemide
15.96153277	37.26820958	-15.3515726	Artemide
15.7471912	37.40578967	-8.0000262	Artemide
15.9101415	37.31230968	-8.5691883	Artemide
15.79438997	37.36269119	-15.2030442	Artemide
15.63966904	37.46556123	-8.3047113	Artemide
15.90075247	37.29987707	-16.3999593	Artemide
15.74451794	37.40237931	-10.1738016	Artemide
15.81254072	37.35634928	-13.4855875	Artemide
15.70899998	37.41253332	-14.2939317	Artemide
15.70050768	37.43094378	-8.3807933	Artemide
15.63403676	37.43720679	-22.2796639	Artemide
15.73071079	37.38268208	-22.3334212	Artemide
15.67678196	37.4414112	-9.8023289	Artemide
15.73891081	37.40914241	-8.5201815	Artemide
15.96548006	37.26345478	-16.4144531	Artemide
15.63062609	37.47127213	-7.9999998	Artemide
15.93289201	37.2713951	-21.1098241	Artemide
15.77305282	37.36889783	-17.7110982	Artemide
15.87473312	37.33069127	-9.1448602	Artemide
15.6323225	37.43733775	-22.6444403	Artemide
15.68861107	37.42204173	-15.2924736	Artemide
15.76234938	37.38855062	-11.7743753	Artemide
15.89968049	37.29668525	-18.0802562	Artemide
15.75862185	37.37713779	-17.7202469	Artemide
15.66754645	37.43579882	-14.5991463	Artemide
15.86058813	37.32919562	-13.2965965	Artemide
15.9761594	37.24288509	-22.6444403	Artemide
15.65563375	37.42752548	-21.2411126	Artemide
15.84400414	37.32700395	-18.3582718	Artemide
15.83565509	37.33372029	-17.4365064	Artemide
15.7097294	37.41529725	-12.8982432	Artemide
15.9723782	37.27872416	-7.9999998	Artemide
15.83890325	37.34133276	-13.288769	Artemide
15.96260711	37.27788527	-10.8625457	Artemide
15.92283023	37.29956903	-11.0921063	Artemide
15.84517475	37.34445796	-10.324804	Artemide
15.81789477	37.36531004	-8.2136546	Artemide
15.96654954	37.25149258	-21.3516102	Artemide
15.7986596	37.34758331	-20.8521195	Artemide
15.67244895	37.44704038	-8.4348997	Artemide
15.77580401	37.37217091	-15.5800206	Artemide
15.90701684	37.29312289	-17.8514369	Artemide
15.80657495	37.34374691	-20.5013587	Artemide
15.99218336	37.2609552	-10.6787122	Artemide
15.78905772	37.3602725	-17.5913453	Artemide
15.87404429	37.32469426	-11.9753553	Artemide
15.66685051	37.44307141	-11.5818221	Artemide
15.87217239	37.31879249	-15.0552641	Artemide
15.85557602	37.33776596	-10.7298153	Artemide
15.76625918	37.36690871	-20.2737303	Artemide
15.80170948	37.35941915	-14.8493177	Artemide
15.92507913	37.29020463	-14.6918181	Artemide
15.96110796	37.28099402	-9.8916624	Artemide
15.76534475	37.37003015	-19.1377525	Artemide
15.96858943	37.26839633	-13.4672579	Artemide
15.84605346	37.31620451	-22.6444403	Artemide
15.67020985	37.42453842	-18.8578607	Artemide
15.66193164	37.43064837	-18.2778404	Artemide
15.87486799	37.30271521	-21.5228411	Artemide
15.65340165	37.42617985	-22.394366	Artemide
15.7279967	37.41141413	-10.165013	Artemide
15.82230053	37.33969596	-18.2465318	Artemide
15.94594345	37.26461417	-20.8993119	Artemide
15.99318852	37.2620885	-9.9281844	Artemide
15.90474964	37.30074145	-15.0308567	Artemide
15.94121775	37.26658283	-21.1914378	Artemide
15.85926726	37.33997432	-8.8397674	Artemide
15.69089858	37.419217	-15.95052	Artemide
15.88898403	37.29887468	-19.7464427	Artemide
15.77280306	37.37077223	-16.9391348	Artemide
15.9100366	37.3022368	-13.063773	Artemide
15.98124954	37.2534874	-16.7258365	Artemide
15.77458777	37.38245481	-11.3560208	Artemide
15.70284204	37.39718873	-22.6444393	Artemide
15.70583527	37.42873328	-7.9999998	Artemide
15.65295937	37.42586124	-22.6444764	Artemide
15.76484854	37.3623383	-22.6444134	Artemide
15.82868464	37.32585664	-22.6444403	Artemide
15.93300902	37.29936669	-8.6719593	Artemide
15.76277385	37.36758634	-20.8590653	Artemide
15.94508393	37.2611179	-22.644452	Artemide
15.790205	37.3482454	-22.6444281	Artemide
15.85809751	37.32911389	-13.9470156	Artemide
15.82587954	37.35458002	-10.8465125	Artemide
15.80836512	37.36452606	-10.9417503	Artemide
15.91504422	37.28938389	-17.5303258	Artemide
15.8089643	37.3590274	-13.2324559	Artemide
15.76670149	37.39103668	-9.5849544	Artemide
15.79519209	37.34547626	-22.6445018	Artemide
15.95078125	37.29100497	-7.9999998	Artemide
15.73640547	37.3830599	-20.7345604	Artemide
15.74018967	37.39921191	-12.6419788	Artemide
15.82809771	37.34340382	-15.1490801	Artemide
15.66599721	37.44977173	-8.8180345	Artemide
15.64704518	37.43114053	-21.7623328	Artemide
15.72028055	37.39869744	-17.7225352	Artemide
15.73209591	37.38406463	-21.378471	Artemide
15.85167401	37.32908919	-15.5418867	Artemide
15.77481436	37.37096418	-16.3595299	Artemide
15.93029208	37.27992429	-17.9673722	Artemide
15.91216441	37.29460797	-15.9232524	Artemide
15.80799952	37.33858156	-22.3875814	Artemide
15.97736047	37.24423979	-21.7474676	Artemide
15.81428645	37.36701553	-8.3783875	Artemide
15.78150485	37.38376866	-9.0306922	Artemide
15.91092141	37.28953964	-18.4780211	Artemide
15.80458079	37.35561705	-15.8287024	Artemide
15.93611949	37.28847592	-12.7369422	Artemide
15.7793823	37.378002	-12.1091766	Artemide
15.91679953	37.28681733	-18.2358492	Artemide
15.97370367	37.25441505	-18.2503458	Artemide
15.76468583	37.36427593	-21.8266439	Artemide
15.6795372	37.44393263	-7.9999876	Artemide
15.97585935	37.26151529	-14.6067779	Artemide
15.64880681	37.44249456	-16.2889827	Artemide
15.73605529	37.38744985	-18.8979041	Artemide
15.83650069	37.33058983	-18.6172191	Artemide
15.86511413	37.31815325	-17.0795532	Artemide
15.68891258	37.40618063	-22.1631561	Artemide
15.65181705	37.45610248	-9.5065848	Artemide
15.71357939	37.40880248	-14.8432172	Artemide
15.91813928	37.29692429	-13.4222553	Artemide
15.70254009	37.41572881	-14.5305117	Artemide
15.63180114	37.4458591	-18.9909576	Artemide
15.7650972	37.38527794	-12.515369	Artemide
15.98710451	37.25522862	-14.4710119	Artemide
15.6978278	37.39992659	-22.644326	Artemide
15.74763204	37.39644824	-12.0279779	Artemide
15.83804474	37.34028546	-13.9645499	Artemide
15.95130187	37.28492415	-10.5690667	Artemide
15.97787495	37.26650602	-11.9177691	Artemide
15.84781323	37.34743353	-8.3539085	Artemide
15.97300201	37.27663361	-8.7511888	Artemide
15.96225333	37.27168383	-13.6541213	Artemide
15.90260294	37.28559435	-22.279474	Artemide
15.72045365	37.41964359	-8.3279686	Artemide
15.71793233	37.40450006	-15.7039683	Artemide
15.79883825	37.35641713	-16.8897306	Artemide
15.63925109	37.43587859	-21.5827171	Artemide
15.69848744	37.40446351	-20.4904886	Artemide
15.80364059	37.37378253	-8.0000018	Artemide
15.84017431	37.32756916	-19.0517852	Artemide
15.7401428	37.38958002	-16.9331917	Artemide
15.83742069	37.34958742	-10.0715785	Artemide
15.7705302	37.37129878	-17.2716844	Artemide
15.8298116	37.32712813	-21.8023827	Artemide
15.91731342	37.30363521	-10.6489661	Artemide
15.91136911	37.2989164	-14.2081556	Artemide
15.84391685	37.34303927	-11.2644893	Artemide
15.72335431	37.39397293	-19.0828658	Artemide
15.74217498	37.395324	-13.8953169	Artemide
15.95400765	37.26328713	-19.4188397	Artemide
15.63621927	37.46580549	-9.0472303	Artemide
15.92397926	37.30590093	-7.9999998	Artemide
15.75022772	37.37883333	-19.0969759	Artemide
15.72534785	37.40139055	-15.2856089	Artemide
15.73977455	37.40395075	-10.6276102	Artemide
15.65955741	37.45019194	-10.2203104	Artemide
15.86418671	37.33598132	-9.3984681	Artemide
15.6287907	37.45291151	-16.6032274	Artemide
15.97816787	37.27532797	-7.9999998	Artemide
15.75865541	37.38850496	-12.7274083	Artemide
15.8050263	37.3685479	-9.9808065	Artemide
15.65864934	37.45209044	-9.6017352	Artemide
15.7487149	37.38680323	-15.9842705	Artemide
15.80874279	37.35611009	-14.5610643	Artemide
15.7181151	37.39848845	-18.3433978	Artemide
15.88073823	37.32691307	-9.340119	Artemide
15.80977736	37.3394563	-21.5522093	Artemide
15.77140213	37.36590135	-19.4478372	Artemide
15.87641022	37.32700146	-10.3682806	Artemide
15.7338163	37.41308759	-7.9999998	Artemide
15.71774155	37.42185395	-7.9996981	Artemide
15.78916105	37.34934707	-22.4133289	Artemide
15.92320685	37.28517703	-17.38388	Artemide
15.63983481	37.44494128	-17.4164893	Artemide
15.66236263	37.44457647	-12.0203526	Artemide
15.72169509	37.39141792	-20.6277786	Artemide
15.83761857	37.33183116	-17.7907996	Artemide
15.93499426	37.29296529	-11.0227039	Artemide
15.75063867	37.40390172	-7.9999998	Artemide
15.93145871	37.28914832	-13.5875705	Artemide
15.960036	37.27798043	-11.4780709	Artemide
15.6723381	37.44808864	-8.0000892	Artemide
15.75514187	37.40130861	-8.0000003	Artemide
15.74101527	37.391783	-15.7463601	Artemide
15.6756075	37.41277395	-22.6444403	Artemide
15.73762796	37.38994615	-17.4030238	Artemide
15.75645393	37.39254632	-11.5112335	Artemide
15.95665823	37.28385443	-9.7230194	Artemide
15.66038828	37.43456097	-16.9522662	Artemide
15.75569265	37.36942024	-21.843953	Artemide
15.8027203	37.34377852	-21.47289	Artemide
15.62223156	37.45285772	-18.2450062	Artemide
15.74321077	37.39334258	-14.5068728	Artemide
15.76421184	37.38996602	-10.6832879	Artemide
15.89686628	37.29495783	-19.5405052	Artemide
15.62419412	37.44940875	-19.2918548	Artemide
15.8781651	37.3177108	-14.0570327	Artemide
15.79564116	37.34605041	-22.2783602	Artemide
15.77273144	37.36327092	-20.2868202	Artemide
15.70084215	37.39894962	-22.3454491	Artemide
15.96162173	37.27985861	-10.2546497	Artemide
15.75480842	37.37256427	-20.6887967	Artemide
15.9585573	37.27775723	-11.9541156	Artemide
15.71939802	37.38815429	-22.6444417	Artemide
15.85319478	37.31904243	-19.6244051	Artemide
15.83417707	37.34714741	-11.9639156	Artemide
15.89162984	37.3230474	-8.3691595	Artemide
15.87117841	37.33524741	-7.9999998	Artemide
15.75264592	37.39800249	-10.0803538	Artemide
15.7751967	37.38915534	-8.2642952	Artemide
15.78451819	37.35873379	-19.3936795	Artemide
15.73142382	37.38712127	-20.1762855	Artemide
15.74082278	37.39445276	-14.6145346	Artemide
15.6263371	37.46400075	-12.2858824	Artemide
15.66254162	37.42837931	-19.1168165	Artemide
15.6900609	37.41724198	-17.0276866	Artemide
15.85712731	37.3149769	-20.4583094	Artemide
15.94802427	37.28433228	-11.6397481	Artemide
15.74559997	37.40586203	-8.3554583	Artemide
15.7161686	37.41132309	-13.0874288	Artemide
15.77657687	37.38026422	-11.8136414	Artemide
15.9125945	37.30530323	-11.0726629	Artemide
15.89016995	37.30015318	-18.8868446	Artemide
15.94285767	37.2623966	-22.6444696	Artemide
15.69015174	37.43397586	-9.6747669	Artemide
15.88606894	37.30428219	-18.0661461	Artemide
15.93372698	37.26882837	-22.0424525	Artemide
15.94394727	37.27324873	-17.5615965	Artemide
15.8013409	37.36702561	-11.5653866	Artemide
15.83092237	37.32838129	-20.972534	Artemide
15.84706339	37.34228973	-10.8213431	Artemide
15.94186385	37.29036826	-10.4811649	Artemide
15.70289854	37.40761228	-17.993255	Artemide
15.75109251	37.38829509	-14.7295775	Artemide
15.74434513	37.39774989	-12.2836202	Artemide
15.83382306	37.34981079	-10.893995	Artemide
15.92912229	37.29566083	-11.2744027	Artemide
15.79613526	37.37795377	-7.9999998	Artemide
15.93407005	37.29530697	-10.2115335	Artemide
15.94533942	37.26258614	-21.9429471	Artemide
15.90988363	37.29388569	-16.8061141	Artemide
15.78621028	37.36869959	-14.5543445	Artemide
15.80555295	37.35689415	-15.0232982	Artemide
15.64510338	37.46322784	-7.9999998	Artemide
15.69426337	37.4332147	-8.9671434	Artemide
15.7516601	37.38377282	-16.5692856	Artemide
15.66041494	37.44303916	-13.1833348	Artemide
15.77671744	37.37609049	-13.6135833	Artemide
15.7282875	37.38978359	-19.7510135	Artemide
15.84522574	37.34834498	-8.6174261	Artemide
15.91153409	37.29667782	-15.1605214	Artemide
15.89756842	37.31941428	-8.5171322	Artemide
15.62142369	37.45651203	-16.8221308	Artemide
15.79979032	37.36560384	-12.5786746	Artemide
15.96852584	37.26626071	-14.4138074	Artemide
15.85675773	37.34326132	-7.9999998	Artemide
15.96199079	37.28271062	-8.9152791	Artemide
15.81521055	37.33376176	-22.6444422	Artemide
15.74598349	37.39883116	-11.3987537	Artemide
15.76978024	37.38382437	-11.9700257	Artemide
15.71709627	37.4216669	-8.2439793	Artemide
15.63101615	37.46266057	-11.7267047	Artemide
15.76323275	37.37924788	-15.6303635	Artemide
15.70250795	37.40430608	-19.5476522	Artemide
15.62614848	37.4440357	-21.1946785	Artemide
15.70722391	37.39569512	-22.244014	Artemide
15.72548968	37.38733887	-21.5239779	Artemide
15.88526967	37.31527709	-13.384877	Artemide
15.83053146	37.33260554	-19.2312091	Artemide
15.9573817	37.27600296	-13.0188682	Artemide
15.9843303	37.25210027	-16.5425903	Artemide
15.74557161	37.38546588	-17.3644253	Artemide
15.677366	37.42243344	-17.9681351	Artemide
15.95749767	37.27417074	-13.7858866	Artemide
15.99517442	37.26432741	-8.4454349	Artemide
15.75090711	37.37035148	-22.6444403	Artemide
15.98096063	37.26872212	-10.163869	Artemide
15.81126185	37.34298715	-19.6343211	Artemide
15.63924116	37.44208151	-18.8322142	Artemide
15.66811829	37.43695779	-13.9478302	Artemide
15.89425023	37.31054827	-13.2689476	Artemide
15.81760588	37.360184	-10.5194959	Artemide
15.7079705	37.39961298	-20.3125706	Artemide
15.95297471	37.28002816	-12.328502	Artemide
15.77832406	37.3822914	-10.4834378	Artemide
15.80702557	37.35530649	-15.3497066	Artemide
15.62395892	37.44198628	-22.6444403	Artemide
15.64115143	37.43688887	-20.665534	Artemide
15.77900883	37.37219238	-14.7799027	Artemide
15.85382529	37.33285822	-13.3391189	Artemide
15.94879785	37.28977251	-9.0357894	Artemide
15.97305218	37.24662512	-21.8097254	Artemide
15.67753844	37.44368647	-8.613994	Artemide
15.95204241	37.26643985	-18.5486097	Artemide
15.80737207	37.35876514	-13.7450275	Artemide
15.80109851	37.3744468	-8.3321693	Artemide
15.9795723	37.26059319	-14.0595184	Artemide
15.96550445	37.27410496	-11.76865	Artemide
15.66942698	37.43776262	-13.2628463	Artemide
15.8028756	37.35162915	-18.0128773	Artemide
15.83101157	37.3573519	-8.3268289	Artemide
15.73279019	37.40306171	-12.7262647	Artemide
15.98400998	37.27190068	-7.9999998	Artemide
15.78093205	37.35618852	-21.4074803	Artemide
15.83683533	37.3350518	-16.5547931	Artemide
15.81486897	37.35647095	-12.8368553	Artemide
15.92168897	37.30425467	-9.295118	Artemide
15.74500426	37.39637365	-12.7259547	Artemide
15.8090476	37.36990173	-8.3882225	Artemide
15.66307355	37.43158679	-17.5768546	Artemide
15.97332295	37.26494267	-13.7620533	Artemide
15.99104744	37.25967447	-11.5268695	Artemide
15.995771	37.265	-7.9999998	Artemide
15.70016276	37.40256172	-20.8991976	Artemide
15.70808699	37.4048228	-17.9582161	Artemide
15.69189121	37.42575955	-12.8334278	Artemide
15.90983821	37.28188431	-22.1406473	Artemide
15.93124021	37.28424247	-15.8179954	Artemide
15.69804226	37.42271215	-12.6107108	Artemide
15.97829171	37.24858113	-19.6186854	Artemide
15.75249309	37.39985544	-9.3065745	Artemide
15.94003783	37.27720131	-16.7723632	Artemide
15.86649347	37.30965636	-20.5087928	Artemide
15.73580126	37.40282531	-12.0981551	Artemide
15.84028869	37.34388807	-11.821273	Artemide
15.6594419	37.43993794	-14.7997535	Artemide
15.69489867	37.4211234	-14.102613	Artemide
15.82079458	37.3421376	-17.567701	Artemide
15.97936721	37.26364658	-12.7819437	Artemide
15.85533657	37.34023161	-9.6947889	Artemide
15.69369132	37.41091315	-18.8803626	Artemide
15.76522062	37.36845687	-19.8589168	Artemide
15.82197112	37.33821306	-18.976848	Artemide
15.88159772	37.322964	-10.8800721	Artemide
15.85002118	37.32485828	-17.8266483	Artemide
15.92670667	37.27251274	-22.1391297	Artemide
15.77140517	37.39194177	-7.9999998	Artemide
15.72264917	37.41065658	-11.8060291	Artemide
15.7812874	37.37912373	-11.1424559	Artemide
15.715537	37.41873486	-9.9312171	Artemide
15.85366512	37.31197368	-22.6444403	Artemide
15.75772164	37.38496912	-14.513725	Artemide
15.80693788	37.35404656	-15.9213827	Artemide
15.8136728	37.36481178	-9.5065633	Artemide
15.8758802	37.32128214	-13.0363136	Artemide
15.65844954	37.43214751	-18.5013961	Artemide
15.81592448	37.36493776	-8.8787181	Artemide
15.71092877	37.41353713	-13.3724788	Artemide
15.92045325	37.29369906	-14.2822326	Artemide
15.72459394	37.41811956	-8.0000003	Artemide
15.89208368	37.32362684	-7.9999896	Artemide
15.82283197	37.36142496	-8.6425882	Artemide
15.66353796	37.43757349	-14.8372393	Artemide
15.80508352	37.35880214	-14.2910059	Artemide
15.65617694	37.42904127	-20.4387244	Artemide
15.84425135	37.33552763	-14.5152502	Artemide
15.70954905	37.41134802	-14.6875816	Artemide
15.88665711	37.30593279	-17.188814	Artemide
15.90344737	37.28856644	-20.752866	Artemide
15.78125348	37.35322206	-22.6444403	Artemide
15.62312996	37.45849396	-15.5214834	Artemide
15.73372943	37.39436088	-16.3816474	Artemide
15.73347944	37.3847237	-20.7438123	Artemide
15.94236545	37.29568224	-7.9999998	Artemide
15.71385757	37.41476449	-12.1126048	Artemide
15.81700149	37.33685991	-20.8367669	Artemide
15.71131572	37.4158683	-12.2468875	Artemide
15.89846186	37.29028736	-21.2188953	Artemide
15.68207568	37.42708185	-14.7394934	Artemide
15.74823893	37.37690531	-20.4447235	Artemide
15.71450558	37.40231506	-17.5143097	Artemide
15.67888148	37.41995636	-18.6694661	Artemide
15.70762606	37.4242257	-9.5212869	Artemide
15.82533215	37.34825452	-13.7426038	Artemide
15.63119075	37.45720007	-14.1075706	Artemide
15.77099531	37.36159131	-21.4604827	Artemide
15.66301066	37.43309594	-16.9315815	Artemide
15.7243743	37.3952367	-18.2701766	Artemide
15.70985906	37.40610007	-16.9563739	Artemide
15.76015683	37.37090255	-20.0664085	Artemide
15.69439956	37.42633815	-11.944846	Artemide
15.71915005	37.41122253	-12.4059242	Artemide
15.88566322	37.29627945	-21.7165775	Artemide
15.84269984	37.34166667	-12.1736666	Artemide
15.81868431	37.35239256	-13.638872	Artemide
15.787878	37.38254064	-7.9999622	Artemide
15.77713557	37.37719375	-13.0217125	Artemide
15.67070932	37.43966086	-12.1065433	Artemide
15.64425249	37.43780088	-19.4956947	Artemide
15.92946505	37.27416315	-20.7269339	Artemide
15.76932488	37.36847243	-18.8184906	Artemide
15.75952492	37.37262712	-19.4699559	Artemide
15.71731963	37.41488117	-11.2179578	Artemide
15.87921864	37.31431875	-15.3019997	Artemide
15.82187038	37.35300523	-12.5575101	Artemide
15.85281601	37.3303773	-14.6887718	Artemide
15.7743185	37.38684476	-9.4991507	Artemide
15.73376333	37.410399	-9.2133153	Artemide
15.73994059	37.38790639	-17.7164303	Artemide
15.94865193	37.26651892	-19.381617	Artemide
15.91774797	37.30039161	-11.9806949	Artemide
15.78098277	37.36746264	-16.3923327	Artemide
15.95797763	37.2568912	-21.1906742	Artemide
15.98230924	37.25694366	-14.9496257	Artemide
15.7596276	37.36617493	-22.2729964	Artemide
15.84252151	37.3331223	-16.0090595	Artemide
15.64014109	37.44994576	-15.119715	Artemide
15.89187461	37.31357722	-12.5107931	Artemide
15.91434727	37.28635281	-19.0466309	Artemide
15.7400721	37.40967382	-7.9999998	Artemide
15.69690835	37.42643763	-11.266015	Artemide
15.77072663	37.37258086	-16.6592009	Artemide
15.9591465	37.28104767	-10.355367	Artemide
15.74617258	37.38992143	-15.2589113	Artemide
15.7057543	37.40869091	-16.8002797	Artemide
15.73167969	37.38142932	-22.6445067	Artemide
15.90458342	37.28974636	-19.9493294	Artemide
15.773061	37.37309347	-15.8469301	Artemide
15.66920865	37.42775392	-17.7027015	Artemide
15.98981347	37.25828314	-12.4482484	Artemide
15.63871825	37.46173472	-10.2378538	Artemide
15.80371768	37.34764275	-19.5340199	Artemide
15.71271317	37.42475679	-7.9999994	Artemide
15.97168613	37.25015447	-20.6216766	Artemide
15.76480021	37.39481563	-8.4080604	Artemide
15.66109101	37.43688891	-15.7463195	Artemide
15.88688169	37.31248117	-14.2280825	Artemide
15.64911667	37.43978818	-17.4136287	Artemide
15.84434528	37.31813639	-22.2085389	Artemide
15.76356621	37.37713026	-16.4747104	Artemide
15.97898572	37.27418636	-8.2883123	Artemide
15.84331829	37.33806578	-13.6190411	Artemide
15.82870978	37.34480495	-14.3821538	Artemide
15.97566819	37.24681781	-21.0571961	Artemide
15.81187588	37.36438716	-10.1387537	Artemide
15.65935164	37.42889928	-19.6972879	Artemide
15.96199486	37.26348042	-17.2938817	Artemide
15.64277887	37.45804338	-10.8747342	Artemide
15.67800956	37.43811295	-10.9365125	Artemide
15.74187784	37.37837237	-21.4080535	Artemide
15.86420281	37.32016587	-16.4114001	Artemide
15.67675759	37.42437658	-17.2709984	Artemide
15.7066345	37.41625186	-13.2643692	Artemide
15.8927412	37.29025377	-22.6444403	Artemide
15.95766264	37.25373849	-22.6444403	Artemide
15.87448536	37.32629722	-11.1554188	Artemide
15.7873139	37.35535422	-20.2037	Artemide
15.71313082	37.41915696	-10.3461244	Artemide
15.67413258	37.4279266	-16.3805097	Artemide
15.76350782	37.36353338	-22.4490614	Artemide
15.71171878	37.39559585	-21.1931541	Artemide
15.77914938	37.38339153	-9.7923939	Artemide
15.67263298	37.44584876	-8.9092039	Artemide
15.7365517	37.37862025	-22.6444373	Artemide
15.93519126	37.27798191	-17.6210919	Artemide
15.70219943	37.42487722	-10.6096849	Artemide
15.94990289	37.26378133	-20.2529105	Artemide
15.73874385	37.38666332	-18.5638267	Artemide
15.87939991	37.30372629	-19.9569539	Artemide
15.73174624	37.391497	-18.1437664	Artemide
15.95658049	37.27724131	-12.6779513	Artemide
15.70481044	37.40726507	-17.6652555	Artemide
15.84741793	37.33739849	-12.9043619	Artemide
15.71736286	37.42025311	-8.807679	Artemide
15.93346849	37.2760276	-18.9127777	Artemide
15.82987875	37.35418914	-9.9945418	Artemide
15.69689348	37.41452641	-16.4869102	Artemide
15.69850379	37.40046427	-22.2385199	Artemide
15.86328219	37.31355384	-19.5717772	Artemide
15.70395325	37.40462765	-19.0519591	Artemide
15.98590252	37.25797586	-13.5816674	Artemide
15.65335104	37.42731896	-21.9031497	Artemide
15.65723295	37.43095505	-19.3312491	Artemide
15.94049005	37.26485388	-22.1377987	Artemide
15.68278329	37.43842036	-9.5933455	Artemide
15.72547116	37.39783126	-16.8446324	Artemide
15.98140503	37.24880134	-18.7270523	Artemide
15.64585127	37.44826529	-14.4569015	Artemide
15.96631999	37.2785107	-9.6409154	Artemide
15.81387588	37.35013872	-15.8500301	Artemide
15.76534545	37.36533618	-21.1951507	Artemide
15.97439993	37.2701381	-11.2236839	Artemide
15.75091887	37.3934422	-12.5161236	Artemide
15.65845577	37.43689475	-16.3946738	Artemide
15.78476308	37.3787735	-10.4407415	Artemide
15.89873157	37.31993346	-8.0000003	Artemide
15.65344785	37.44893054	-12.287503	Artemide
15.67154926	37.41891107	-20.983783	Artemide
15.66771251	37.43159592	-16.3984332	Artemide
15.81919054	37.35027862	-14.4305874	Artemide
15.77419778	37.37837036	-13.2453018	Artemide
15.93056926	37.29344612	-11.9002223	Artemide
15.97997105	37.27133909	-9.2768123	Artemide
15.89308905	37.30635072	-15.4175615	Artemide
15.84655517	37.34601478	-9.2935897	Artemide
15.89053123	37.32143068	-9.3572713	Artemide
15.69611035	37.40227685	-22.0486732	Artemide
15.75912312	37.37429535	-18.8399369	Artemide
15.66719476	37.41763679	-22.6444403	Artemide
15.79917027	37.35883402	-15.7352295	Artemide
15.62713198	37.46589085	-11.2507606	Artemide
15.83945768	37.35188468	-8.5499295	Artemide
15.63358017	37.43961519	-21.3233895	Artemide
15.6635718	37.43562548	-15.6822703	Artemide
15.89589114	37.31780211	-9.6459735	Artemide
15.98644273	37.2692757	-8.5217088	Artemide
15.84950051	37.31895234	-20.5753407	Artemide
15.8161928	37.34599452	-17.0635355	Artemide
15.6472826	37.45145483	-12.6881278	Artemide
15.82177861	37.33264233	-21.4530545	Artemide
15.76028226	37.36494986	-22.6444359	Artemide
15.72933246	37.38681535	-20.8219095	Artemide
15.89757619	37.31229962	-11.6718836	Artemide
15.66558038	37.43983286	-13.3300715	Artemide
15.70820795	37.40104334	-19.6164017	Artemide
15.89168662	37.31711036	-10.9895257	Artemide
15.67889662	37.41403665	-21.2585575	Artemide
15.89428236	37.29080486	-22.0199539	Artemide
15.9719407	37.2525001	-19.5349754	Artemide
15.78305755	37.38522701	-7.9998953	Artemide
15.77875702	37.36582051	-17.6699071	Artemide
15.90186093	37.31461877	-9.5864813	Artemide
15.75184887	37.37028561	-22.4354515	Artemide
15.85350895	37.31452248	-21.5522088	Artemide
15.76828832	37.36730275	-19.5935062	Artemide
15.66334044	37.4394946	-14.0355551	Artemide
15.75200154	37.37646176	-19.6888563	Artemide
15.87309818	37.3132142	-17.3015036	Artemide
15.91443815	37.31120454	-7.9999998	Artemide
15.9061571	37.31055496	-10.3301444	Artemide
15.7174098	37.3901117	-22.2549701	Artemide
15.76570337	37.37188772	-18.2330741	Artemide
15.94020173	37.28030772	-15.3539689	Artemide
15.62513539	37.45929246	-14.672373	Artemide
15.69640123	37.4183949	-14.9172097	Artemide
15.88465237	37.29999348	-20.3181097	Artemide
15.85811077	37.32650295	-15.1021721	Artemide
15.7353175	37.39816673	-14.2955731	Artemide
15.80054357	37.3530253	-17.9746493	Artemide
15.78087671	37.38134586	-10.2568944	Artemide
15.94001587	37.29628137	-8.3134832	Artemide
15.945301	37.26737538	-19.833013	Artemide
15.87660035	37.30689775	-19.2399813	Artemide
