17.0926	40.626	-13.0000007	Baragiano-Palagianello
17.0926	40.626	-14.0125007	Baragiano-Palagianello
15.99351679	40.67685163	-27.6499998	Baragiano-Palagianello
15.577227	40.696	-18.85	Baragiano-Palagianello
15.88302287	40.68168716	-13.9000007	Baragiano-Palagianello
16.38188172	40.65811809	-17.65	Baragiano-Palagianello
16.49180942	40.65317423	-13.0000007	Baragiano-Palagianello
16.37976412	40.65822637	-21.3148437	Baragiano-Palagianello
15.84027272	40.68354597	-27.2781257	Baragiano-Palagianello
16.0972424	40.67158246	-24.5738286	Baragiano-Palagianello
17.0926	40.626	-16.3312502	Baragiano-Palagianello
16.8850149	40.63504936	-13.6578132	Baragiano-Palagianello
17.06026612	40.6274142	-18.496875	Baragiano-Palagianello
16.43331214	40.65571994	-28.0000007	Baragiano-Palagianello
16.54646633	40.65078644	-16.9156252	Baragiano-Palagianello
16.30558719	40.66199694	-16.505469	Baragiano-Palagianello
16.41981768	40.65630624	-23.38125	Baragiano-Palagianello
15.77318879	40.68647321	-22.13125	Baragiano-Palagianello
15.577227	40.696	-25.7000007	Baragiano-Palagianello
16.7486637	40.64148459	-20.7796875	Baragiano-Palagianello
15.93833789	40.67928009	-17.525	Baragiano-Palagianello
17.04003638	40.62829714	-21.11875	Baragiano-Palagianello
15.64215132	40.69270929	-15.0156257	Baragiano-Palagianello
17.0926	40.626	-18.55	Baragiano-Palagianello
15.8878098	40.68147926	-28.0000007	Baragiano-Palagianello
15.96431612	40.67814588	-16.5234377	Baragiano-Palagianello
16.08965982	40.67196868	-16.6890627	Baragiano-Palagianello
16.68324577	40.64480454	-24.3000002	Baragiano-Palagianello
16.76017261	40.64089954	-17.1812502	Baragiano-Palagianello
16.78646182	40.63956144	-20.9679687	Baragiano-Palagianello
16.10141985	40.67136956	-28.0000007	Baragiano-Palagianello
17.00521751	40.6298135	-27.5093757	Baragiano-Palagianello
16.02252381	40.67537906	-21.1019529	Baragiano-Palagianello
17.0926	40.626	-20.775	Baragiano-Palagianello
15.97239366	40.67779222	-21.8953125	Baragiano-Palagianello
16.81974357	40.63788241	-22.2109376	Baragiano-Palagianello
16.81437792	40.63813276	-23.775002	Baragiano-Palagianello
15.58249481	40.69573355	-22.0453125	Baragiano-Palagianello
15.86648456	40.68240462	-25.5968757	Baragiano-Palagianello
16.36586239	40.65893404	-16.567969	Baragiano-Palagianello
16.38485469	40.65796642	-14.2796882	Baragiano-Palagianello
16.81966415	40.63788365	-26.7445374	Baragiano-Palagianello
17.05138499	40.627802	-16.1750007	Baragiano-Palagianello
15.61314567	40.69418127	-22.3890625	Baragiano-Palagianello
17.0926	40.626	-22.725	Baragiano-Palagianello
16.93840335	40.63271938	-28.0000007	Baragiano-Palagianello
16.44926611	40.65502683	-28.0000007	Baragiano-Palagianello
16.18829334	40.66739398	-13.5500007	Baragiano-Palagianello
16.3486346	40.65981077	-13.7832039	Baragiano-Palagianello
16.62036709	40.64757554	-15.1937507	Baragiano-Palagianello
16.39716996	40.65733631	-18.3187505	Baragiano-Palagianello
16.87871723	40.63532356	-20.73125	Baragiano-Palagianello
16.32143269	40.66119298	-16.796094	Baragiano-Palagianello
17.0926	40.626	-24.4125002	Baragiano-Palagianello
16.79758864	40.638995	-24.451563	Baragiano-Palagianello
16.67899374	40.64501382	-28.0000017	Baragiano-Palagianello
16.69937203	40.64398502	-21.975	Baragiano-Palagianello
15.70092518	40.68971708	-26.885157	Baragiano-Palagianello
16.1483057	40.66913195	-26.8062507	Baragiano-Palagianello
16.40436169	40.65697394	-27.1187522	Baragiano-Palagianello
16.00849995	40.67608949	-24.0968752	Baragiano-Palagianello
17.0926	40.626	-26.6312507	Baragiano-Palagianello
16.21721159	40.66613392	-23.8453125	Baragiano-Palagianello
16.96525522	40.63154853	-23.8296875	Baragiano-Palagianello
16.59393631	40.64872639	-16.6703127	Baragiano-Palagianello
16.20610969	40.66661801	-15.8968757	Baragiano-Palagianello
15.98190095	40.6773785	-24.7406243	Baragiano-Palagianello
16.090644	40.67191859	-13.9218757	Baragiano-Palagianello
16.67593648	40.64515034	-25.5312512	Baragiano-Palagianello
16.83431707	40.63725321	-13.8812507	Baragiano-Palagianello
16.88115988	40.63521723	-15.1578132	Baragiano-Palagianello
16.72823641	40.64252185	-25.478907	Baragiano-Palagianello
16.50895943	40.65242563	-13.0000007	Baragiano-Palagianello
16.34239369	40.66012811	-18.1476563	Baragiano-Palagianello
16.50729761	40.65249821	-19.15	Baragiano-Palagianello
17.0926	40.626	-28.0000007	Baragiano-Palagianello
16.53461761	40.65130294	-25.1718757	Baragiano-Palagianello
16.40672125	40.65686918	-18.45	Baragiano-Palagianello
16.98009371	40.63090501	-23.446875	Baragiano-Palagianello
16.98993686	40.63047764	-20.8328124	Baragiano-Palagianello
16.71166185	40.64336246	-15.3093757	Baragiano-Palagianello
16.02942983	40.67502923	-18.75	Baragiano-Palagianello
16.21102911	40.66640355	-18	Baragiano-Palagianello
16.0579671	40.67358067	-19	Baragiano-Palagianello
16.03564229	40.67471407	-13.0000007	Baragiano-Palagianello
16.45697716	40.65469151	-13.0000007	Baragiano-Palagianello
16.06394691	40.67327679	-20.9109375	Baragiano-Palagianello
16.17380082	40.66802437	-24.5156252	Baragiano-Palagianello
15.89578801	40.68113261	-13.0000007	Baragiano-Palagianello
15.90217055	40.68085513	-13.5000007	Baragiano-Palagianello
16.31185731	40.66167892	-15.1015632	Baragiano-Palagianello
15.98820011	40.67710275	-20.2000005	Baragiano-Palagianello
16.09824732	40.67153133	-26.7765632	Baragiano-Palagianello
16.02756941	40.67512349	-14.3531257	Baragiano-Palagianello
16.11597032	40.67062786	-24.3750002	Baragiano-Palagianello
16.30015584	40.66227233	-27.3179695	Baragiano-Palagianello
16.56200455	40.65011353	-13.0000007	Baragiano-Palagianello
15.8065649	40.68501885	-27.1906257	Baragiano-Palagianello
17.04168966	40.62822504	-18.0109375	Baragiano-Palagianello
16.24014644	40.6651325	-19.35625	Baragiano-Palagianello
15.65215196	40.6922011	-24.1125002	Baragiano-Palagianello
16.25164695	40.66462885	-22.1374996	Baragiano-Palagianello
15.63437659	40.69310413	-19.403125	Baragiano-Palagianello
15.71693952	40.68891093	-14.3000002	Baragiano-Palagianello
16.08033311	40.67244343	-23.0484375	Baragiano-Palagianello
16.83910273	40.63704539	-15.3250007	Baragiano-Palagianello
15.63985877	40.69282574	-28.0000007	Baragiano-Palagianello
16.68600244	40.64466105	-14.0718752	Baragiano-Palagianello
15.80604959	40.68504134	-17.4296877	Baragiano-Palagianello
16.47901329	40.65373212	-13.5812507	Baragiano-Palagianello
16.6598256	40.64585266	-20.6628905	Baragiano-Palagianello
15.69235349	40.69015516	-13.0000007	Baragiano-Palagianello
16.07497624	40.67271597	-13.0000007	Baragiano-Palagianello
15.78606642	40.68591253	-17.8964844	Baragiano-Palagianello
16.81923641	40.637902	-14.1332029	Baragiano-Palagianello
16.70038508	40.64393341	-25.8937507	Baragiano-Palagianello
16.58885951	40.64894717	-18.175	Baragiano-Palagianello
15.99796857	40.67662634	-19.8953106	Baragiano-Palagianello
16.17265404	40.66807422	-15.9031257	Baragiano-Palagianello
15.58211271	40.69575288	-15.9750007	Baragiano-Palagianello
16.3409819	40.66019988	-27.1171882	Baragiano-Palagianello
16.25696521	40.66439738	-14.7000007	Baragiano-Palagianello
17.05365308	40.62770299	-28.0000007	Baragiano-Palagianello
16.39684613	40.65735359	-13.7078127	Baragiano-Palagianello
15.59932375	40.69488167	-13.0000007	Baragiano-Palagianello
16.374034	40.65851781	-13.0000007	Baragiano-Palagianello
17.08824681	40.62619061	-22.5	Baragiano-Palagianello
16.0969019	40.6715999	-13.0000007	Baragiano-Palagianello
15.76734629	40.68672739	-25.403907	Baragiano-Palagianello
15.79918499	40.68534076	-21.3046875	Baragiano-Palagianello
16.60507866	40.64824153	-13.0000007	Baragiano-Palagianello
16.19434294	40.66713062	-13.0000007	Baragiano-Palagianello
15.95628837	40.67849669	-25.6750007	Baragiano-Palagianello
16.66397163	40.64567114	-28.0000007	Baragiano-Palagianello
16.27798181	40.66339651	-13.4937527	Baragiano-Palagianello
17.05436753	40.6276718	-23.4730471	Baragiano-Palagianello
17.00396299	40.62986806	-20.0593751	Baragiano-Palagianello
16.51753436	40.65205097	-24.8734382	Baragiano-Palagianello
16.42187843	40.65621686	-18.9265625	Baragiano-Palagianello
16.40326551	40.657028	-15.0999978	Baragiano-Palagianello
16.36127829	40.65916742	-28.0000007	Baragiano-Palagianello
15.60721485	40.69448189	-25.9906257	Baragiano-Palagianello
16.67859512	40.64503244	-13.8062493	Baragiano-Palagianello
17.00828322	40.62968016	-14.2392585	Baragiano-Palagianello
16.96992443	40.63134611	-15.1421882	Baragiano-Palagianello
16.44914978	40.65503189	-25.8921882	Baragiano-Palagianello
15.85785797	40.68277834	-27.3515632	Baragiano-Palagianello
16.65958467	40.64586341	-16.5000002	Baragiano-Palagianello
16.43703475	40.65555828	-13.6500007	Baragiano-Palagianello
16.00942184	40.67604233	-19.0015625	Baragiano-Palagianello
15.84650559	40.6832724	-19.08125	Baragiano-Palagianello
16.71858734	40.6430113	-18.2	Baragiano-Palagianello
16.63951067	40.64674046	-13.0000007	Baragiano-Palagianello
16.47273152	40.65400578	-14.9203132	Baragiano-Palagianello
16.89586554	40.63457661	-13.0000007	Baragiano-Palagianello
16.84515124	40.63678265	-22.825	Baragiano-Palagianello
16.20567757	40.66663684	-21.9625	Baragiano-Palagianello
17.00953151	40.62962586	-18.3710938	Baragiano-Palagianello
16.81716815	40.63799578	-17.4499998	Baragiano-Palagianello
16.02182201	40.67541483	-13.0000007	Baragiano-Palagianello
17.03389476	40.62856492	-25.2777351	Baragiano-Palagianello
15.7505832	40.68745603	-25.5625007	Baragiano-Palagianello
16.70260224	40.6438214	-13.6585945	Baragiano-Palagianello
17.04652483	40.62801411	-13.7015632	Baragiano-Palagianello
16.27732575	40.66342953	-18.28047	Baragiano-Palagianello
15.95792127	40.67842519	-24.1781252	Baragiano-Palagianello
15.98946328	40.67704709	-14.8062507	Baragiano-Palagianello
16.80866529	40.6384287	-25.8500012	Baragiano-Palagianello
16.04637284	40.67416951	-18.325	Baragiano-Palagianello
16.37988033	40.65821988	-28.0000007	Baragiano-Palagianello
17.08111868	40.62650258	-15.8968757	Baragiano-Palagianello
16.59258197	40.6487853	-14.2750007	Baragiano-Palagianello
15.93235433	40.67954098	-20.6	Baragiano-Palagianello
15.65927867	40.69183873	-26.8074226	Baragiano-Palagianello
16.97210121	40.63125182	-21.065625	Baragiano-Palagianello
15.98846607	40.67709135	-13.4375007	Baragiano-Palagianello
17.01924986	40.6292029	-26.8812507	Baragiano-Palagianello
17.08275945	40.62643079	-18.4386716	Baragiano-Palagianello
16.26693629	40.66395696	-17.9750017	Baragiano-Palagianello
15.92095234	40.68003778	-21.9375	Baragiano-Palagianello
16.08788252	40.67205917	-19.3	Baragiano-Palagianello
16.70237807	40.64383278	-13.0000007	Baragiano-Palagianello
16.85332679	40.63642764	-28.0000007	Baragiano-Palagianello
15.99853332	40.67659471	-21.1046876	Baragiano-Palagianello
16.95450432	40.63201455	-18.515625	Baragiano-Palagianello
16.05753522	40.67360262	-25.8718757	Baragiano-Palagianello
16.23496119	40.66535904	-20.8875001	Baragiano-Palagianello
16.86662026	40.63584987	-13.5906257	Baragiano-Palagianello
16.55450963	40.65043791	-13.7523445	Baragiano-Palagianello
15.81459301	40.68466845	-15.5343757	Baragiano-Palagianello
17.05624507	40.62758982	-25.7296882	Baragiano-Palagianello
16.14651072	40.66920989	-23.725	Baragiano-Palagianello
16.41629443	40.65645846	-27.5000007	Baragiano-Palagianello
16.80362941	40.63868681	-20.0625	Baragiano-Palagianello
16.19912942	40.66692216	-18.7	Baragiano-Palagianello
15.73562344	40.68810552	-22.2359375	Baragiano-Palagianello
15.98633878	40.67718611	-27.9999949	Baragiano-Palagianello
16.84933874	40.63660085	-25.6500007	Baragiano-Palagianello
16.31018804	40.6617636	-18.346875	Baragiano-Palagianello
16.03504431	40.67474441	-17.225	Baragiano-Palagianello
16.40532538	40.65693033	-13.8999998	Baragiano-Palagianello
16.55216643	40.65053904	-21.496875	Baragiano-Palagianello
15.71627493	40.68894096	-18.4499998	Baragiano-Palagianello
16.43783244	40.65552365	-17.859375	Baragiano-Palagianello
16.92316628	40.63338532	-19.4335938	Baragiano-Palagianello
17.08285917	40.62642642	-23.8111331	Baragiano-Palagianello
16.67334424	40.64526452	-24.003126	Baragiano-Palagianello
16.40665497	40.65687318	-22.6999995	Baragiano-Palagianello
16.07404609	40.67276329	-16.7125002	Baragiano-Palagianello
16.96857852	40.63140453	-27.5187507	Baragiano-Palagianello
16.00308476	40.67636393	-13.0000007	Baragiano-Palagianello
15.74567975	40.68766898	-16.6843752	Baragiano-Palagianello
16.9768203	40.63104707	-13.0000007	Baragiano-Palagianello
16.31610104	40.66146359	-13.0000007	Baragiano-Palagianello
15.62495733	40.69358221	-24.2906252	Baragiano-Palagianello
16.04629811	40.67417331	-21.8710938	Baragiano-Palagianello
15.98188418	40.677379	-17.8375007	Baragiano-Palagianello
16.1261023	40.67010633	-24.9187527	Baragiano-Palagianello
15.8077616	40.68496664	-28.0000007	Baragiano-Palagianello
16.53627943	40.65123068	-14.8617195	Baragiano-Palagianello
16.81544092	40.6380814	-24.9624993	Baragiano-Palagianello
16.52477984	40.65173416	-13.0000007	Baragiano-Palagianello
15.9996962	40.67653779	-13.9921873	Baragiano-Palagianello
17.08628613	40.62627644	-27.3500007	Baragiano-Palagianello
16.26480973	40.66405558	-19.109374	Baragiano-Palagianello
16.14115897	40.66944135	-13.0000007	Baragiano-Palagianello
16.11140253	40.67086046	-13.7812507	Baragiano-Palagianello
17.08701718	40.62624444	-28.0000007	Baragiano-Palagianello
15.93155657	40.67957576	-19.0625	Baragiano-Palagianello
16.64163774	40.6466476	-15.7937507	Baragiano-Palagianello
16.16226655	40.66852555	-19.9546875	Baragiano-Palagianello
16.8983414	40.63446868	-13.9265632	Baragiano-Palagianello
16.35622913	40.6594244	-13.0000007	Baragiano-Palagianello
15.71993197	40.68878394	-20.0750013	Baragiano-Palagianello
16.02182201	40.67541484	-28.0000007	Baragiano-Palagianello
16.52810343	40.65158867	-22.8546875	Baragiano-Palagianello
16.07358098	40.67278694	-18.50625	Baragiano-Palagianello
15.81755161	40.68453926	-22.3601563	Baragiano-Palagianello
16.97120395	40.63129074	-19.490625	Baragiano-Palagianello
16.83079418	40.63740599	-19.44375	Baragiano-Palagianello
16.39396455	40.65750117	-28.0000012	Baragiano-Palagianello
15.80111303	40.68525668	-15.7000007	Baragiano-Palagianello
16.06780052	40.67308089	-14.1656257	Baragiano-Palagianello
16.77960312	40.63991076	-27.0281257	Baragiano-Palagianello
16.04930464	40.67402066	-15.0625007	Baragiano-Palagianello
16.27951402	40.66331765	-27.028907	Baragiano-Palagianello
16.29298045	40.66263595	-28.0000007	Baragiano-Palagianello
16.68381849	40.64477387	-19.0968785	Baragiano-Palagianello
16.22592022	40.66575388	-22.3875	Baragiano-Palagianello
16.13756899	40.6695967	-14.0500007	Baragiano-Palagianello
16.66583282	40.64558973	-25.9531257	Baragiano-Palagianello
16.81716809	40.63799557	-20.5249998	Baragiano-Palagianello
15.71813699	40.68886323	-23.4999993	Baragiano-Palagianello
15.98314743	40.67732418	-27.2937488	Baragiano-Palagianello
15.76378094	40.68688245	-13.4531257	Baragiano-Palagianello
16.57787495	40.64942456	-21.85625	Baragiano-Palagianello
16.86183461	40.63605794	-17.225	Baragiano-Palagianello
15.99899019	40.67657436	-22.5624998	Baragiano-Palagianello
15.9391357	40.6792453	-14.1000007	Baragiano-Palagianello
16.33435479	40.66053669	-15.203907	Baragiano-Palagianello
17.03638091	40.62845654	-14.9515632	Baragiano-Palagianello
15.88940545	40.68140994	-18.55	Baragiano-Palagianello
16.41184044	40.65665049	-15.3999993	Baragiano-Palagianello
15.7124204	40.68912631	-16.8999985	Baragiano-Palagianello
16.97266202	40.63122724	-25.444532	Baragiano-Palagianello
16.53681118	40.651207	-17.890625	Baragiano-Palagianello
15.87065649	40.68222353	-18.23125	Baragiano-Palagianello
16.91500765	40.63374159	-28.0000007	Baragiano-Palagianello
16.06328248	40.67331056	-28.0000007	Baragiano-Palagianello
15.84911515	40.68315856	-28.0000007	Baragiano-Palagianello
16.33868982	40.66031639	-24.9984382	Baragiano-Palagianello
15.86719922	40.68237304	-16.4875005	Baragiano-Palagianello
16.25370778	40.6645393	-19.7718751	Baragiano-Palagianello
15.90855307	40.68057751	-25.5250007	Baragiano-Palagianello
15.71295231	40.68910362	-27.9999836	Baragiano-Palagianello
15.73209957	40.68825857	-28.0000007	Baragiano-Palagianello
16.93629313	40.63281165	-23.4921875	Baragiano-Palagianello
15.84951402	40.68314117	-13.0000007	Baragiano-Palagianello
15.96306957	40.67820045	-27.3875007	Baragiano-Palagianello
16.6729452	40.64527992	-16.8812515	Baragiano-Palagianello
15.61726559	40.69397238	-13.0000007	Baragiano-Palagianello
16.59668658	40.64860675	-22.040625	Baragiano-Palagianello
15.69381532	40.69008026	-28.0000007	Baragiano-Palagianello
16.44527762	40.65520019	-16.7031252	Baragiano-Palagianello
16.85488877	40.63635973	-21.9601563	Baragiano-Palagianello
16.12048407	40.6703957	-20.0421875	Baragiano-Palagianello
16.63811482	40.6468014	-20.7875	Baragiano-Palagianello
16.74466129	40.64168794	-26.9796882	Baragiano-Palagianello
16.62395653	40.64741906	-20.69375	Baragiano-Palagianello
16.83444992	40.63724722	-25.7687507	Baragiano-Palagianello
16.5175593	40.65204995	-26.6390632	Baragiano-Palagianello
17.05458358	40.62766237	-13.0000007	Baragiano-Palagianello
16.48755513	40.65335977	-15.9812507	Baragiano-Palagianello
16.95761158	40.63187965	-16.840625	Baragiano-Palagianello
16.26550775	40.66402468	-15.7390657	Baragiano-Palagianello
16.05425462	40.67376927	-17.1187502	Baragiano-Palagianello
16.76449053	40.64067993	-25.3250007	Baragiano-Palagianello
16.11550519	40.67065113	-13.0000007	Baragiano-Palagianello
16.77020343	40.64038926	-14.6031257	Baragiano-Palagianello
15.64939432	40.69234127	-20.45625	Baragiano-Palagianello
15.63364571	40.69314124	-23.0734375	Baragiano-Palagianello
16.00190533	40.67642323	-26.9937512	Baragiano-Palagianello
16.98438906	40.63071856	-18.5599609	Baragiano-Palagianello
16.78779044	40.63949373	-22.925	Baragiano-Palagianello
17.08462458	40.62634916	-13.0000007	Baragiano-Palagianello
16.44062439	40.65540238	-15.3781257	Baragiano-Palagianello
16.38864977	40.65777249	-26.941407	Baragiano-Palagianello
17.0842839	40.62636407	-14.1957039	Baragiano-Palagianello
16.68324573	40.64480409	-25.6500012	Baragiano-Palagianello
16.40153815	40.65711369	-25.5750002	Baragiano-Palagianello
15.66288353	40.69165537	-17.284375	Baragiano-Palagianello
16.08040786	40.67243963	-15.2375007	Baragiano-Palagianello
16.26667036	40.66396829	-25.0062507	Baragiano-Palagianello
17.02779878	40.62883057	-19.7296875	Baragiano-Palagianello
15.72009843	40.68877864	-25.0625007	Baragiano-Palagianello
16.24858897	40.66476229	-28.0000007	Baragiano-Palagianello
16.8594418	40.63616195	-24.0484377	Baragiano-Palagianello
16.99542231	40.63023932	-15.1679695	Baragiano-Palagianello
16.64455415	40.64652027	-22.6078125	Baragiano-Palagianello
16.51208363	40.65228913	-14.2828132	Baragiano-Palagianello
15.8989793	40.68099388	-19.8	Baragiano-Palagianello
16.7382425	40.64201394	-14.0281257	Baragiano-Palagianello
15.6297085	40.6933411	-21.440625	Baragiano-Palagianello
16.52381599	40.65177625	-16.9406252	Baragiano-Palagianello
16.40486034	40.65695198	-12.9999988	Baragiano-Palagianello
15.80643192	40.68502465	-13.0000007	Baragiano-Palagianello
16.16333855	40.66847896	-21.8859375	Baragiano-Palagianello
16.32736225	40.6608919	-18.328125	Baragiano-Palagianello
15.62623651	40.6935173	-17.428125	Baragiano-Palagianello
16.01781877	40.67561773	-17.321875	Baragiano-Palagianello
15.78442508	40.68598402	-24.7750007	Baragiano-Palagianello
16.43882956	40.65548027	-22.4203125	Baragiano-Palagianello
16.79587807	40.63908154	-13.4250007	Baragiano-Palagianello
15.82915321	40.68403238	-15.6687507	Baragiano-Palagianello
16.38506229	40.65795574	-22.96875	Baragiano-Palagianello
16.44075734	40.6553966	-13.0000007	Baragiano-Palagianello
16.62914127	40.64719295	-19.09375	Baragiano-Palagianello
16.9058853	40.63413969	-15.4218757	Baragiano-Palagianello
16.23878365	40.66519199	-25.1000007	Baragiano-Palagianello
17.02715907	40.62885844	-13.8281257	Baragiano-Palagianello
16.20351703	40.666731	-25.0968757	Baragiano-Palagianello
15.66308288	40.69164523	-22.70625	Baragiano-Palagianello
16.51715217	40.65206769	-20.5710937	Baragiano-Palagianello
15.79044203	40.68572189	-14.6937507	Baragiano-Palagianello
16.92883239	40.63313775	-16.2312507	Baragiano-Palagianello
17.08494017	40.62633535	-20.628125	Baragiano-Palagianello
15.92065321	40.6800508	-13.5750007	Baragiano-Palagianello
15.94392249	40.67903648	-15.8875007	Baragiano-Palagianello
15.83500388	40.68377663	-13.7390632	Baragiano-Palagianello
16.81743384	40.63798362	-12.9999929	Baragiano-Palagianello
15.68894799	40.69032822	-18.14375	Baragiano-Palagianello
16.40479374	40.65695418	-24.2999995	Baragiano-Palagianello
16.4563041	40.65472079	-18.1269531	Baragiano-Palagianello
15.71813703	40.68886374	-17.0999998	Baragiano-Palagianello
16.47072069	40.65409336	-18.8515625	Baragiano-Palagianello
15.90217055	40.68085513	-22.275	Baragiano-Palagianello
15.77229125	40.68651226	-23.440625	Baragiano-Palagianello
16.39207119	40.65759825	-19.834375	Baragiano-Palagianello
16.57742625	40.64944404	-15.9000007	Baragiano-Palagianello
16.2528436	40.6645774	-16.2937498	Baragiano-Palagianello
16.89951287	40.63441761	-16.6343752	Baragiano-Palagianello
16.98117378	40.63085815	-16.2281257	Baragiano-Palagianello
16.53750915	40.6511768	-19.7515625	Baragiano-Palagianello
16.72111166	40.64288329	-13.0000007	Baragiano-Palagianello
16.73564339	40.6421459	-19.6507813	Baragiano-Palagianello
16.25935915	40.66429822	-27.4937483	Baragiano-Palagianello
16.2634803	40.66411468	-16.8124998	Baragiano-Palagianello
16.66483585	40.64563452	-12.9999993	Baragiano-Palagianello
15.64942755	40.69233958	-13.0000007	Baragiano-Palagianello
15.6240104	40.69363025	-25.8406257	Baragiano-Palagianello
16.72503938	40.64268406	-27.4328132	Baragiano-Palagianello
16.80957878	40.63838284	-14.3281248	Baragiano-Palagianello
17.07826498	40.62662743	-25.9673835	Baragiano-Palagianello
16.61092817	40.64798681	-13.9750007	Baragiano-Palagianello
16.79856838	40.63894427	-13.0000007	Baragiano-Palagianello
16.74373958	40.64173476	-24.821094	Baragiano-Palagianello
15.91014871	40.68050808	-20.5125	Baragiano-Palagianello
15.60437411	40.69462583	-28.0000007	Baragiano-Palagianello
16.69227204	40.64434382	-27.0890632	Baragiano-Palagianello
16.64010892	40.64671436	-28.0000007	Baragiano-Palagianello
16.23373135	40.66541275	-26.3421882	Baragiano-Palagianello
15.80762862	40.68497244	-24	Baragiano-Palagianello
16.12158443	40.67034055	-21.8000006	Baragiano-Palagianello
16.97269944	40.63122584	-28.0000007	Baragiano-Palagianello
16.72269776	40.64280284	-13.9906257	Baragiano-Palagianello
16.77598277	40.64009509	-13.0000007	Baragiano-Palagianello
15.9759339	40.67763784	-20.2796874	Baragiano-Palagianello
16.32324312	40.66110106	-25.0343757	Baragiano-Palagianello
16.56825303	40.64984237	-19.75	Baragiano-Palagianello
15.80024871	40.68529438	-13.6484382	Baragiano-Palagianello
16.77455449	40.64016781	-17.95625	Baragiano-Palagianello
15.62537265	40.69356114	-16.0500007	Baragiano-Palagianello
16.50709819	40.65250692	-16.1000007	Baragiano-Palagianello
15.84552499	40.68331594	-21.3	Baragiano-Palagianello
16.87007652	40.63569954	-22.253125	Baragiano-Palagianello
16.73041202	40.64241144	-28.0000007	Baragiano-Palagianello
15.99266956	40.67689343	-24.065625	Baragiano-Palagianello
16.49719374	40.65293931	-24.8531257	Baragiano-Palagianello
15.72372209	40.68862165	-13.0000007	Baragiano-Palagianello
16.78123891	40.63982746	-13.7304695	Baragiano-Palagianello
16.26318151	40.66413113	-20.6765611	Baragiano-Palagianello
16.60507866	40.64824153	-28.0000007	Baragiano-Palagianello
16.11005712	40.67092945	-21.75	Baragiano-Palagianello
15.92065321	40.68005081	-15.0375007	Baragiano-Palagianello
16.55994384	40.65020252	-15.2203132	Baragiano-Palagianello
16.20830349	40.66652238	-28.0000007	Baragiano-Palagianello
15.68846623	40.69035265	-24.2656252	Baragiano-Palagianello
16.70444571	40.64372798	-19.8699218	Baragiano-Palagianello
16.25231176	40.66460038	-13.5000007	Baragiano-Palagianello
16.94352115	40.6324954	-16.821094	Baragiano-Palagianello
16.2969917	40.66243269	-23.6359375	Baragiano-Palagianello
15.63593403	40.69302506	-26.750782	Baragiano-Palagianello
16.06035903	40.67345913	-24.3562502	Baragiano-Palagianello
15.88302288	40.68168722	-15.3500007	Baragiano-Palagianello
16.61963591	40.64760741	-27.3843757	Baragiano-Palagianello
16.93689129	40.63278548	-26.9562507	Baragiano-Palagianello
15.86327657	40.68254352	-20.775	Baragiano-Palagianello
16.55907973	40.65024042	-27.4062507	Baragiano-Palagianello
15.7516969	40.68740761	-14.4585945	Baragiano-Palagianello
16.60128147	40.64840681	-23.8078127	Baragiano-Palagianello
15.67200368	40.69119127	-24.1531252	Baragiano-Palagianello
15.82597022	40.68417148	-26.8089851	Baragiano-Palagianello
15.60173264	40.69475966	-20.3507813	Baragiano-Palagianello
15.577227	40.696	-13.0000007	Baragiano-Palagianello
16.91789893	40.63361537	-17.3796877	Baragiano-Palagianello
16.81743379	40.63798268	-28.0000085	Baragiano-Palagianello
16.39476179	40.65746061	-24.7625007	Baragiano-Palagianello
15.89578801	40.68113261	-27.4000007	Baragiano-Palagianello
16.92012551	40.63351813	-27.3281257	Baragiano-Palagianello
16.42068183	40.65626836	-14.3484382	Baragiano-Palagianello
15.69487854	40.69002657	-22.653125	Baragiano-Palagianello
15.73480901	40.68814129	-13.8656257	Baragiano-Palagianello
16.06202007	40.67337472	-23.065625	Baragiano-Palagianello
15.68004394	40.69078188	-15.3140632	Baragiano-Palagianello
16.49313888	40.65311624	-18.6125	Baragiano-Palagianello
16.59098663	40.64885468	-13.0000007	Baragiano-Palagianello
16.94179714	40.63257028	-13.6906257	Baragiano-Palagianello
16.21867411	40.66607011	-19.9093751	Baragiano-Palagianello
16.47997716	40.65369012	-25.4250007	Baragiano-Palagianello
16.58394055	40.64916099	-28.0000007	Baragiano-Palagianello
16.17813861	40.66783576	-19.0984375	Baragiano-Palagianello
15.703932	40.68956461	-18.248437	Baragiano-Palagianello
16.68085405	40.64492391	-16.9999995	Baragiano-Palagianello
16.04808375	40.67408265	-13.7906257	Baragiano-Palagianello
16.47053789	40.65410132	-23.85	Baragiano-Palagianello
16.95807682	40.63185875	-13.0000007	Baragiano-Palagianello
16.04497755	40.67424035	-23.8125	Baragiano-Palagianello
15.85629556	40.6828462	-13.9093757	Baragiano-Palagianello
16.76156765	40.6408286	-13.6359382	Baragiano-Palagianello
15.71587601	40.68895883	-26.2750002	Baragiano-Palagianello
16.36097103	40.65918306	-20.5828125	Baragiano-Palagianello
16.57018073	40.64975869	-26.2750007	Baragiano-Palagianello
15.68192112	40.69068627	-20.490625	Baragiano-Palagianello
16.99200761	40.63038769	-24.4015627	Baragiano-Palagianello
16.80653973	40.638538	-16.6000002	Baragiano-Palagianello
16.7612521	40.64084465	-27.157032	Baragiano-Palagianello
16.91691024	40.63365854	-13.7390632	Baragiano-Palagianello
16.57398629	40.64959349	-18.05625	Baragiano-Palagianello
17.01969018	40.62918373	-21.19375	Baragiano-Palagianello
15.96546296	40.6780959	-28.0000007	Baragiano-Palagianello
15.92065321	40.68005081	-17.0500002	Baragiano-Palagianello
15.58390694	40.69566211	-28.0000007	Baragiano-Palagianello
15.81341285	40.68471998	-20.665625	Baragiano-Palagianello
16.21963805	40.66602806	-27.3437507	Baragiano-Palagianello
16.66518473	40.64561846	-14.2453132	Baragiano-Palagianello
15.79007636	40.68573782	-28.0000007	Baragiano-Palagianello
16.29557156	40.66250465	-13.0000007	Baragiano-Palagianello
16.69334329	40.64428989	-24.6812507	Baragiano-Palagianello
16.84907286	40.63661235	-18.8171875	Baragiano-Palagianello
16.3115002	40.66169703	-21.8929688	Baragiano-Palagianello
16.33297622	40.66060673	-13.0000007	Baragiano-Palagianello
15.66989391	40.69129866	-13.7250007	Baragiano-Palagianello
16.16983695	40.66819666	-23.3046875	Baragiano-Palagianello
16.0839625	40.67225873	-26.7125007	Baragiano-Palagianello
15.83395673	40.6838224	-17.10625	Baragiano-Palagianello
16.75250001	40.64128962	-18.8875	Baragiano-Palagianello
15.65926206	40.69183958	-15.3781257	Baragiano-Palagianello
16.65177443	40.64620455	-19.1171875	Baragiano-Palagianello
16.16470968	40.66841948	-17.1375002	Baragiano-Palagianello
15.59598453	40.69505078	-15.4562507	Baragiano-Palagianello
15.97351558	40.67774349	-23.2328125	Baragiano-Palagianello
15.96845466	40.67796504	-18.553125	Baragiano-Palagianello
15.59666566	40.69501629	-22.40625	Baragiano-Palagianello
16.62967302	40.64716976	-13.8875007	Baragiano-Palagianello
16.046622	40.67415687	-27.4421882	Baragiano-Palagianello
16.84481893	40.6367971	-13.0000007	Baragiano-Palagianello
15.99991203	40.67652452	-16.6937502	Baragiano-Palagianello
16.47799957	40.65377629	-22.39375	Baragiano-Palagianello
16.40698739	40.65685925	-21.4000004	Baragiano-Palagianello
15.82802298	40.68408178	-18.2578125	Baragiano-Palagianello
17.07296049	40.62685942	-19.55625	Baragiano-Palagianello
16.88273842	40.6351485	-22.4	Baragiano-Palagianello
16.41988414	40.65630307	-16.6750002	Baragiano-Palagianello
15.75882764	40.68709779	-13.0000007	Baragiano-Palagianello
16.65724159	40.64596572	-24.0296877	Baragiano-Palagianello
15.577227	40.696	-15.9000007	Baragiano-Palagianello
16.82158802	40.63780273	-15.6593757	Baragiano-Palagianello
15.87963211	40.68183436	-26.7500007	Baragiano-Palagianello
16.93840336	40.63271947	-13.0000007	Baragiano-Palagianello
15.577227	40.696	-27.5000007	Baragiano-Palagianello
16.40196999	40.65709104	-20.0562469	Baragiano-Palagianello
16.15073221	40.66902629	-28.0000007	Baragiano-Palagianello
16.56200455	40.65011352	-28.0000007	Baragiano-Palagianello
16.12480646	40.67017013	-28.0000125	Baragiano-Palagianello
16.23755382	40.66524581	-15.5000007	Baragiano-Palagianello
15.75696598	40.68717871	-17.5734375	Baragiano-Palagianello
16.81304948	40.63820346	-22.2499999	Baragiano-Palagianello
15.73299719	40.68821997	-15.6859382	Baragiano-Palagianello
15.681348	40.69071547	-16.9609375	Baragiano-Palagianello
16.55277514	40.6505137	-19.5472657	Baragiano-Palagianello
15.64451027	40.69258945	-16.482813	Baragiano-Palagianello
16.41815575	40.65637772	-21.05	Baragiano-Palagianello
15.97024964	40.67788616	-13.0000007	Baragiano-Palagianello
15.75738152	40.68716065	-27.0859382	Baragiano-Palagianello
17.0327836	40.62861335	-28.0000007	Baragiano-Palagianello
16.76163408	40.64082522	-13.0000007	Baragiano-Palagianello
16.69999891	40.64395276	-17.8445313	Baragiano-Palagianello
16.12782985	40.67002168	-17.3749995	Baragiano-Palagianello
16.93545401	40.63284827	-25.2359382	Baragiano-Palagianello
16.96714951	40.63146647	-17.64375	Baragiano-Palagianello
16.35606304	40.65943285	-24.9687507	Baragiano-Palagianello
16.18863405	40.66737915	-17.4546875	Baragiano-Palagianello
16.52584339	40.65168769	-18.71875	Baragiano-Palagianello
16.75406113	40.64121027	-28.0000007	Baragiano-Palagianello
16.27789873	40.66339961	-14.7343757	Baragiano-Palagianello
15.63427691	40.6931092	-13.0000007	Baragiano-Palagianello
15.577227	40.696	-17.1	Baragiano-Palagianello
15.68195435	40.69068463	-22.35	Baragiano-Palagianello
15.87025764	40.68224106	-13.0000007	Baragiano-Palagianello
17.02452541	40.62897317	-22.740625	Baragiano-Palagianello
16.8761998	40.63543313	-18.9273438	Baragiano-Palagianello
17.07239553	40.62688412	-28.0000007	Baragiano-Palagianello
15.65083961	40.69226781	-21.790625	Baragiano-Palagianello
17.03297472	40.62860502	-27.3710945	Baragiano-Palagianello
16.13005632	40.66992128	-21.0437488	Baragiano-Palagianello
15.86839604	40.68232187	-28.0000007	Baragiano-Palagianello
16.32897336	40.66081007	-21.6609375	Baragiano-Palagianello
16.78247615	40.63976444	-25.4281257	Baragiano-Palagianello
15.61003905	40.69433875	-16.5515627	Baragiano-Palagianello
16.10102121	40.67138993	-18.35	Baragiano-Palagianello
16.78231007	40.63977291	-14.9562507	Baragiano-Palagianello
16.60507866	40.64824153	-15.9000007	Baragiano-Palagianello
16.563334	40.65005584	-24.5500005	Baragiano-Palagianello
16.23728791	40.66525749	-13.0000007	Baragiano-Palagianello
16.18357331	40.66759937	-21.33125	Baragiano-Palagianello
16.18397218	40.66758201	-28.0000007	Baragiano-Palagianello
16.25497081	40.66448367	-13.0000007	Baragiano-Palagianello
17.01188058	40.62952365	-16.1109382	Baragiano-Palagianello
15.90217055	40.68085513	-15.0500007	Baragiano-Palagianello
15.76764132	40.68671456	-19.2179688	Baragiano-Palagianello
16.13756899	40.66959698	-28.0000007	Baragiano-Palagianello
15.72932375	40.68837906	-18.9109374	Baragiano-Palagianello
15.70962162	40.68927177	-23.2699224	Baragiano-Palagianello
16.97032325	40.63132876	-22.203125	Baragiano-Palagianello
16.03916794	40.6745352	-19.921875	Baragiano-Palagianello
16.01517763	40.6757515	-22.4875	Baragiano-Palagianello
16.54060011	40.65104171	-27.3125007	Baragiano-Palagianello
16.82203688	40.6377852	-24.9437507	Baragiano-Palagianello
16.29643526	40.66246076	-19.6507813	Baragiano-Palagianello
16.36771429	40.65883971	-22.5953125	Baragiano-Palagianello
16.54445552	40.65087376	-28.0000007	Baragiano-Palagianello
16.61956943	40.64761031	-28.0000007	Baragiano-Palagianello
15.93833789	40.67928009	-22.925	Baragiano-Palagianello
16.49074584	40.65322062	-14.7125007	Baragiano-Palagianello
15.95823296	40.67841175	-13.688282	Baragiano-Palagianello
16.07922854	40.67249964	-28.0000007	Baragiano-Palagianello
16.98745476	40.63058544	-28.0000007	Baragiano-Palagianello
15.64467639	40.69258101	-17.8546875	Baragiano-Palagianello
16.95262667	40.63209654	-23.4328125	Baragiano-Palagianello
16.2598237	40.66427222	-25.0000007	Baragiano-Palagianello
16.21920593	40.66604691	-13.5750007	Baragiano-Palagianello
15.71168977	40.68916495	-13.5749988	Baragiano-Palagianello
15.90217055	40.68085513	-17.925	Baragiano-Palagianello
16.07351454	40.67279032	-24.8250007	Baragiano-Palagianello
16.91518215	40.63373398	-25.7265632	Baragiano-Palagianello
16.35930181	40.65926802	-23.790625	Baragiano-Palagianello
16.25596805	40.66444101	-26.2250007	Baragiano-Palagianello
16.15927495	40.66865549	-14.594532	Baragiano-Palagianello
15.75487578	40.68726953	-21.5671875	Baragiano-Palagianello
16.5053699	40.6525824	-17.44375	Baragiano-Palagianello
16.61626249	40.64775442	-16.9937502	Baragiano-Palagianello
16.05517651	40.67372244	-13.0000007	Baragiano-Palagianello
16.80888126	40.63841805	-27.0453132	Baragiano-Palagianello
15.9520999	40.67867957	-17.8249998	Baragiano-Palagianello
15.76181954	40.68696773	-15.9375007	Baragiano-Palagianello
16.89441992	40.63463962	-20.3234375	Baragiano-Palagianello
15.66506806	40.69154423	-20.0000001	Baragiano-Palagianello
16.60680693	40.64816628	-18.525	Baragiano-Palagianello
15.81987853	40.68443764	-17.178125	Baragiano-Palagianello
16.29404347	40.6625821	-22.175	Baragiano-Palagianello
16.30879284	40.66183437	-28.0000007	Baragiano-Palagianello
16.14071024	40.66946086	-17.6875	Baragiano-Palagianello
16.1767924	40.6678943	-14.297657	Baragiano-Palagianello
15.81716928	40.68455596	-25.8062507	Baragiano-Palagianello
16.21880706	40.66606431	-25.3343757	Baragiano-Palagianello
17.02855895	40.62879745	-16.6066409	Baragiano-Palagianello
15.94392249	40.67903648	-27.1375007	Baragiano-Palagianello
16.14425039	40.66930806	-21.1875005	Baragiano-Palagianello
15.61148438	40.69426549	-18.215625	Baragiano-Palagianello
16.5902222	40.64888792	-25.6531257	Baragiano-Palagianello
16.35678138	40.65939626	-18.3171875	Baragiano-Palagianello
17.01154619	40.6295382	-24.1765627	Baragiano-Palagianello
16.70888834	40.64350296	-28.0000007	Baragiano-Palagianello
16.27836381	40.66337614	-13.0000007	Baragiano-Palagianello
16.50005207	40.65281457	-13.4875007	Baragiano-Palagianello
16.82886661	40.63748907	-13.0000007	Baragiano-Palagianello
15.69175549	40.69018556	-13.8847664	Baragiano-Palagianello
16.74351537	40.64174615	-16.2226565	Baragiano-Palagianello
15.97305851	40.67776351	-14.407032	Baragiano-Palagianello
15.99265294	40.67689398	-25.3312498	Baragiano-Palagianello
15.58390694	40.69566211	-13.0000007	Baragiano-Palagianello
16.58134812	40.64927365	-24.1750002	Baragiano-Palagianello
16.87127294	40.6356475	-25.4765632	Baragiano-Palagianello
17.06545024	40.62718771	-14.2011731	Baragiano-Palagianello
15.85400177	40.68294548	-22.25	Baragiano-Palagianello
15.60988954	40.69434633	-14.6703132	Baragiano-Palagianello
16.93893508	40.63269605	-19.2890625	Baragiano-Palagianello
15.78553867	40.68593552	-15.9250007	Baragiano-Palagianello
15.71022791	40.68923817	-21.3999985	Baragiano-Palagianello
16.28003324	40.6632937	-21.4062497	Baragiano-Palagianello
15.84613167	40.68328931	-25.8562507	Baragiano-Palagianello
15.91014871	40.68050808	-27.1500007	Baragiano-Palagianello
16.80360033	40.63868814	-22.9359375	Baragiano-Palagianello
16.33948707	40.66027587	-23.3	Baragiano-Palagianello
15.9263708	40.67980175	-26.9250007	Baragiano-Palagianello
16.83415087	40.63726049	-21.959375	Baragiano-Palagianello
16.2532757	40.66455841	-18.0749995	Baragiano-Palagianello
16.46894251	40.65417078	-28.0000007	Baragiano-Palagianello
16.41021151	40.65671986	-26.0750007	Baragiano-Palagianello
16.31943955	40.66129415	-26.744532	Baragiano-Palagianello
16.42108068	40.65625094	-13.0000007	Baragiano-Palagianello
16.68577007	40.6446752	-21.143751	Baragiano-Palagianello
16.65529733	40.64605043	-17.8296875	Baragiano-Palagianello
16.80574259	40.63857855	-28.0000007	Baragiano-Palagianello
16.79139415	40.63931009	-28.0000007	Baragiano-Palagianello
16.68125272	40.64490392	-27.2375071	Baragiano-Palagianello
16.78951341	40.63940588	-18.9398438	Baragiano-Palagianello
16.04401413	40.67428925	-28.0000007	Baragiano-Palagianello
16.6340601	40.64697836	-17.55625	Baragiano-Palagianello
16.87246932	40.63559546	-28.0000007	Baragiano-Palagianello
15.90217055	40.68085513	-28.0000007	Baragiano-Palagianello
16.22036931	40.66599615	-15.7046882	Baragiano-Palagianello
15.89578802	40.68113266	-16.6500002	Baragiano-Palagianello
16.67334431	40.64526494	-18.9437521	Baragiano-Palagianello
16.04301747	40.67433984	-25.7578132	Baragiano-Palagianello
16.68271427	40.6448321	-12.9999998	Baragiano-Palagianello
16.61996828	40.64759292	-22.4	Baragiano-Palagianello
16.91620404	40.63368937	-21.2718749	Baragiano-Palagianello
16.13118585	40.66986701	-22.6375005	Baragiano-Palagianello
17.02022188	40.62916058	-13.0000007	Baragiano-Palagianello
15.91661427	40.68022667	-23.70625	Baragiano-Palagianello
16.84857438	40.63663401	-16.6984377	Baragiano-Palagianello
16.91926148	40.63355594	-13.0000007	Baragiano-Palagianello
15.75723195	40.68716715	-28.0000007	Baragiano-Palagianello
16.90983168	40.63396751	-19.7796875	Baragiano-Palagianello
16.44854319	40.65505826	-27.4109382	Baragiano-Palagianello
16.51906324	40.65198413	-28.0000007	Baragiano-Palagianello
16.99760313	40.63014456	-22.784375	Baragiano-Palagianello
16.40572404	40.6569111	-16.6499995	Baragiano-Palagianello
16.0231343	40.67534836	-27.1671882	Baragiano-Palagianello
15.85223993	40.68302217	-17.35625	Baragiano-Palagianello
16.24063669	40.66511083	-23.5328125	Baragiano-Palagianello
16.6936754	40.64427286	-23.19375	Baragiano-Palagianello
16.29673424	40.66244574	-20.9671875	Baragiano-Palagianello
16.64961417	40.64629914	-27.1718757	Baragiano-Palagianello
16.54365782	40.65090843	-23.8749998	Baragiano-Palagianello
15.88574042	40.68156914	-24.5343752	Baragiano-Palagianello
16.45604652	40.65473199	-24.2562502	Baragiano-Palagianello
15.62537265	40.69356114	-28.0000007	Baragiano-Palagianello
15.87903372	40.68186033	-19.6125	Baragiano-Palagianello
16.06202007	40.67337472	-15.8875007	Baragiano-Palagianello
15.79121492	40.68568821	-22.6976563	Baragiano-Palagianello
16.11279784	40.67079017	-16.6062502	Baragiano-Palagianello
15.69447979	40.69004628	-19.69375	Baragiano-Palagianello
15.73944651	40.68793957	-20.453125	Baragiano-Palagianello
15.77638019	40.68633431	-28.0000007	Baragiano-Palagianello
16.12806235	40.67001041	-19.2500009	Baragiano-Palagianello
16.88194499	40.63518304	-16.9906252	Baragiano-Palagianello
16.63379421	40.64698996	-27.3625007	Baragiano-Palagianello
15.94472029	40.67900167	-28.0000007	Baragiano-Palagianello
15.58377403	40.69566883	-19.015625	Baragiano-Palagianello
15.92577246	40.67982782	-24.7750002	Baragiano-Palagianello
16.44408108	40.65525216	-19.8992188	Baragiano-Palagianello
16.2426061	40.66502498	-27.3625007	Baragiano-Palagianello
16.46402343	40.65438492	-20.8078125	Baragiano-Palagianello
16.23816874	40.66521896	-13.8968757	Baragiano-Palagianello
16.58550268	40.6490931	-27.4718757	Baragiano-Palagianello
15.62010638	40.6938283	-20.5	Baragiano-Palagianello
16.71244449	40.64332278	-24.2945315	Baragiano-Palagianello
16.37466514	40.65848572	-25.5468757	Baragiano-Palagianello
16.91979316	40.63353264	-22.721875	Baragiano-Palagianello
15.58284369	40.6957159	-20.4	Baragiano-Palagianello
15.70022752	40.68975311	-16.0312517	Baragiano-Palagianello
16.83086065	40.63740297	-16.2750007	Baragiano-Palagianello
16.01420168	40.67580029	-25.4578132	Baragiano-Palagianello
16.9933951	40.63032741	-16.89375	Baragiano-Palagianello
15.64758355	40.69243329	-13.688282	Baragiano-Palagianello
16.8919856	40.6347457	-24.4421877	Baragiano-Palagianello
16.3983493	40.65727579	-21.7812527	Baragiano-Palagianello
16.7936195	40.63919667	-27.1304695	Baragiano-Palagianello
16.71235106	40.64332747	-26.819532	Baragiano-Palagianello
16.34828996	40.65982829	-21.3125	Baragiano-Palagianello
16.67952548	40.64499038	-22.7062488	Baragiano-Palagianello
16.2918842	40.66269147	-15.1960945	Baragiano-Palagianello
16.61976886	40.64760161	-26.1000007	Baragiano-Palagianello
16.89586554	40.63457661	-28.0000007	Baragiano-Palagianello
15.577227	40.696	-23.9	Baragiano-Palagianello
16.39391471	40.65750339	-16.3671873	Baragiano-Palagianello
15.65224337	40.69219645	-19	Baragiano-Palagianello
16.13537474	40.66968912	-25.5250007	Baragiano-Palagianello
15.83076547	40.68396194	-13.0000007	Baragiano-Palagianello
15.62563845	40.69354765	-14.1281257	Baragiano-Palagianello
16.54445555	40.65087407	-13.0000007	Baragiano-Palagianello
16.64559272	40.64647488	-14.1687507	Baragiano-Palagianello
16.41948528	40.65632032	-28.0000007	Baragiano-Palagianello
16.81052544	40.63833273	-18.3999998	Baragiano-Palagianello
16.36858003	40.65879563	-14.4292976	Baragiano-Palagianello
16.5322247	40.65140846	-20.95	Baragiano-Palagianello
16.93370097	40.6329249	-21.3375	Baragiano-Palagianello
15.92065321	40.68005081	-28.0000007	Baragiano-Palagianello
16.32194758	40.66116684	-13.5867195	Baragiano-Palagianello
16.41007878	40.65672657	-19.9749982	Baragiano-Palagianello
17.0690725	40.62702939	-20.840625	Baragiano-Palagianello
16.327628	40.6608784	-19.915625	Baragiano-Palagianello
16.14225588	40.66939349	-15.7000007	Baragiano-Palagianello
16.79104543	40.63932782	-16.6843752	Baragiano-Palagianello
15.71507859	40.68899585	-27.5875017	Baragiano-Palagianello
16.32090118	40.66121996	-23.6390625	Baragiano-Palagianello
15.73818324	40.68799444	-24.9734382	Baragiano-Palagianello
15.77983746	40.6861838	-27.4062507	Baragiano-Palagianello
16.88670566	40.63497573	-27.0339851	Baragiano-Palagianello
16.75454273	40.64118579	-23.425	Baragiano-Palagianello
16.69633274	40.64413868	-15.885157	Baragiano-Palagianello
16.74476094	40.64168288	-13.0000007	Baragiano-Palagianello
16.26726844	40.66393965	-26.2812502	Baragiano-Palagianello
16.95171274	40.63213617	-26.9023445	Baragiano-Palagianello
15.68122341	40.69072184	-26.8410164	Baragiano-Palagianello
16.26640456	40.66398012	-28.0000022	Baragiano-Palagianello
16.18953982	40.66733973	-15.8218757	Baragiano-Palagianello
15.98753533	40.67713332	-23.2062485	Baragiano-Palagianello
15.85985256	40.68269178	-24.3093752	Baragiano-Palagianello
15.83152589	40.68392874	-20.2773438	Baragiano-Palagianello
16.36151912	40.65915519	-27.0421882	Baragiano-Palagianello
17.00445318	40.62984674	-26.1890632	Baragiano-Palagianello
17.00799246	40.62969281	-28.0000007	Baragiano-Palagianello
16.20630912	40.66660931	-14.2281257	Baragiano-Palagianello
16.20023464	40.66687401	-26.6687507	Baragiano-Palagianello
16.82941497	40.63746547	-23.1765625	Baragiano-Palagianello
16.10128698	40.67137643	-20.6	Baragiano-Palagianello
15.84382965	40.68338979	-15.4218757	Baragiano-Palagianello
16.98693132	40.63060817	-13.622657	Baragiano-Palagianello
16.13244878	40.66981113	-27.5437424	Baragiano-Palagianello
15.95559027	40.67852717	-20.1835937	Baragiano-Palagianello
16.81451085	40.63812921	-15.9000002	Baragiano-Palagianello
15.84233374	40.68345544	-23.0953125	Baragiano-Palagianello
16.75492467	40.64116637	-14.8375007	Baragiano-Palagianello
16.17639352	40.66791164	-13.0000007	Baragiano-Palagianello
15.98974585	40.67703586	-26.3687502	Baragiano-Palagianello
16.26866359	40.66386796	-23.0812478	Baragiano-Palagianello
16.4367273	40.65557165	-24.3906252	Baragiano-Palagianello
15.7296894	40.68836343	-23.775	Baragiano-Palagianello
16.72933252	40.64246623	-23.3304688	Baragiano-Palagianello
16.18998855	40.66732019	-23.3484375	Baragiano-Palagianello
16.1223153	40.67030227	-23.5718748	Baragiano-Palagianello
16.00564287	40.67623412	-17.8671875	Baragiano-Palagianello
16.56173866	40.65012512	-16.8781252	Baragiano-Palagianello
15.88780984	40.68147925	-21.2	Baragiano-Palagianello
15.92065321	40.6800508	-13.0000007	Baragiano-Palagianello
15.74918695	40.68751668	-19.59375	Baragiano-Palagianello
16.34081581	40.66020833	-28.0000007	Baragiano-Palagianello
15.75354186	40.68732747	-23.7	Baragiano-Palagianello
16.15777913	40.66872042	-18.35	Baragiano-Palagianello
15.72498502	40.68856396	-21.2968746	Baragiano-Palagianello
16.55216651	40.65054027	-25.9781257	Baragiano-Palagianello
16.94987667	40.6322167	-24.8328132	Baragiano-Palagianello
16.30570346	40.66199109	-25.038282	Baragiano-Palagianello
15.93913566	40.6792453	-25.3250007	Baragiano-Palagianello
16.61199172	40.64794048	-24.5750002	Baragiano-Palagianello
17.04617599	40.62802933	-26.8750007	Baragiano-Palagianello
16.12018925	40.67041252	-18.30625	Baragiano-Palagianello
16.60966522	40.64804182	-20.4875	Baragiano-Palagianello
17.07026873	40.6269771	-13.0000007	Baragiano-Palagianello
16.3818734	40.65811833	-24.2750002	Baragiano-Palagianello
16.09836358	40.67152541	-15.0750007	Baragiano-Palagianello
16.41981766	40.6563059	-25.1656257	Baragiano-Palagianello
16.67246346	40.64530177	-27.3531257	Baragiano-Palagianello
16.96487299	40.63156492	-13.6171882	Baragiano-Palagianello
15.70863308	40.68932218	-14.8343757	Baragiano-Palagianello
16.32460509	40.66103191	-28.0000007	Baragiano-Palagianello
16.2283799	40.6656465	-28.0000007	Baragiano-Palagianello
15.87864316	40.68187731	-22.2546875	Baragiano-Palagianello
16.89831647	40.63446977	-22.0113281	Baragiano-Palagianello
16.40539186	40.65692583	-28.0000076	Baragiano-Palagianello
15.90217055	40.68085513	-23.9	Baragiano-Palagianello
16.00215437	40.67640988	-28.0000037	Baragiano-Palagianello
15.66976101	40.69130536	-13.0000007	Baragiano-Palagianello
16.00941359	40.67604344	-15.4125007	Baragiano-Palagianello
15.82688859	40.68413133	-24.0751956	Baragiano-Palagianello
16.57742625	40.64944404	-13.0000007	Baragiano-Palagianello
15.70962973	40.68926836	-20.1500033	Baragiano-Palagianello
16.53033019	40.65149073	-13.6609382	Baragiano-Palagianello
16.92175388	40.63344702	-24.2218752	Baragiano-Palagianello
16.12467397	40.67018293	-26.1874998	Baragiano-Palagianello
16.80056124	40.63884292	-15.3593757	Baragiano-Palagianello
15.99579246	40.67673321	-15.4734382	Baragiano-Palagianello
15.67225282	40.69117859	-18.69375	Baragiano-Palagianello
16.43145083	40.65580076	-20.88125	Baragiano-Palagianello
16.68696587	40.64461354	-28.0000007	Baragiano-Palagianello
16.7735498	40.64021894	-23.8828127	Baragiano-Palagianello
15.69740348	40.68989721	-21.2875	Baragiano-Palagianello
15.7146799	40.68901624	-24.575	Baragiano-Palagianello
16.45571415	40.65474645	-15.1906257	Baragiano-Palagianello
16.27836379	40.66337594	-28.0000007	Baragiano-Palagianello
15.98866556	40.67708332	-21.975	Baragiano-Palagianello
16.27823096	40.66338414	-23.7359402	Baragiano-Palagianello
15.61357752	40.69415938	-27.2937507	Baragiano-Palagianello
15.95359577	40.67861429	-22.2812501	Baragiano-Palagianello
16.67969152	40.64498191	-15.3000017	Baragiano-Palagianello
16.48539474	40.65345396	-27.3105476	Baragiano-Palagianello
15.78542235	40.68594058	-13.0000007	Baragiano-Palagianello
16.87885015	40.63531778	-13.0000007	Baragiano-Palagianello
15.9927859	40.67688812	-18.4624989	Baragiano-Palagianello
17.02082005	40.62913454	-15.1468757	Baragiano-Palagianello
15.70285215	40.68961894	-25.3000007	Baragiano-Palagianello
16.46701477	40.65425471	-26.2125007	Baragiano-Palagianello
15.98913099	40.67706345	-16.8000007	Baragiano-Palagianello
16.26693622	40.66395575	-14.7249993	Baragiano-Palagianello
16.94680271	40.63235076	-15.3433601	Baragiano-Palagianello
15.58151463	40.69578313	-13.8562507	Baragiano-Palagianello
16.95418863	40.6320283	-20.1999999	Baragiano-Palagianello
17.0665967	40.6271376	-27.3609382	Baragiano-Palagianello
16.472798	40.65400289	-13.0000007	Baragiano-Palagianello
15.97623305	40.67762468	-15.9562507	Baragiano-Palagianello
16.15201198	40.66897096	-25.2375007	Baragiano-Palagianello
16.26294861	40.66413929	-13.5562458	Baragiano-Palagianello
16.86391172	40.63596764	-20.2890626	Baragiano-Palagianello
15.97204468	40.67780804	-26.3265632	Baragiano-Palagianello
16.39037708	40.65768437	-13.0000007	Baragiano-Palagianello
16.11955805	40.67044445	-14.9250012	Baragiano-Palagianello
16.60507866	40.64824153	-26.4750007	Baragiano-Palagianello
15.98992854	40.67702738	-12.9999866	Baragiano-Palagianello
15.74348564	40.68776424	-18.3875	Baragiano-Palagianello
16.21481837	40.6662383	-13.0000007	Baragiano-Palagianello
15.58347499	40.69568396	-24.1812502	Baragiano-Palagianello
17.05095298	40.62782086	-19.5609376	Baragiano-Palagianello
15.71627486	40.6889416	-22.1999994	Baragiano-Palagianello
15.577227	40.696	-28.0000007	Baragiano-Palagianello
16.71961698	40.64295909	-20.18125	Baragiano-Palagianello
16.83471585	40.63723576	-28.0000007	Baragiano-Palagianello
15.82837202	40.68406655	-28.0000007	Baragiano-Palagianello
16.29497361	40.66253496	-17.9125	Baragiano-Palagianello
16.27882895	40.66335406	-16.7265623	Baragiano-Palagianello
15.577227	40.696	-14.1000007	Baragiano-Palagianello
16.02870726	40.6750658	-15.8781257	Baragiano-Palagianello
16.37477311	40.65848034	-19.7738281	Baragiano-Palagianello
16.34501795	40.65999469	-16.8570313	Baragiano-Palagianello
15.73465104	40.68814776	-26.8937507	Baragiano-Palagianello
16.26454368	40.66406652	-22.0406245	Baragiano-Palagianello
16.4890674	40.65329383	-20.7304688	Baragiano-Palagianello
16.42904111	40.65590541	-26.8218757	Baragiano-Palagianello
17.0695709	40.62700761	-16.9687502	Baragiano-Palagianello
16.86077115	40.63610416	-15.6843757	Baragiano-Palagianello
16.72069238	40.64290455	-22.0257813	Baragiano-Palagianello
15.76964012	40.68662761	-17.0199221	Baragiano-Palagianello
15.60081893	40.69480594	-13.5687507	Baragiano-Palagianello
16.46335869	40.65441385	-22.496875	Baragiano-Palagianello
16.74602312	40.64161875	-22.33125	Baragiano-Palagianello
16.1565825	40.66877237	-13.0000007	Baragiano-Palagianello
16.98399027	40.63073587	-27.1117195	Baragiano-Palagianello
16.95621583	40.63194038	-28.0000007	Baragiano-Palagianello
16.12666707	40.67007602	-15.5249993	Baragiano-Palagianello
16.92120552	40.63347096	-15.0781257	Baragiano-Palagianello
16.77080127	40.64035884	-15.9703132	Baragiano-Palagianello
15.8015286	40.68523856	-25.194532	Baragiano-Palagianello
16.02640665	40.67518244	-24.7781257	Baragiano-Palagianello
16.84535068	40.63677402	-20.6125001	Baragiano-Palagianello
17.05861286	40.62748641	-21.7828125	Baragiano-Palagianello
15.78794879	40.68583052	-26.263282	Baragiano-Palagianello
16.72570376	40.64265036	-16.4257815	Baragiano-Palagianello
16.57706065	40.64945993	-14.1625007	Baragiano-Palagianello
16.83710867	40.63713172	-24.3968752	Baragiano-Palagianello
16.64938985	40.64630905	-25.6609382	Baragiano-Palagianello
16.3021656	40.66217042	-13.4906257	Baragiano-Palagianello
16.27391242	40.66360265	-20.0187513	Baragiano-Palagianello
15.94472029	40.67900167	-13.0000007	Baragiano-Palagianello
17.07528672	40.62675769	-22.06875	Baragiano-Palagianello
15.58756175	40.69547717	-25.4625007	Baragiano-Palagianello
16.1389651	40.66953638	-19.4875002	Baragiano-Palagianello
15.58895726	40.69540654	-27.0023445	Baragiano-Palagianello
16.37792049	40.65831982	-15.9437507	Baragiano-Palagianello
16.50826146	40.65245612	-22.6328125	Baragiano-Palagianello
16.59037175	40.64888142	-19.990625	Baragiano-Palagianello
17.03916404	40.62833519	-13.0000007	Baragiano-Palagianello
16.18586684	40.66749958	-25.0812507	Baragiano-Palagianello
15.81778429	40.6845291	-13.9671882	Baragiano-Palagianello
16.87885015	40.63531778	-23.89375	Baragiano-Palagianello
15.60429105	40.69463004	-24.2410159	Baragiano-Palagianello
17.06655108	40.6271396	-24.452344	Baragiano-Palagianello
15.65952786	40.69182606	-28.0000007	Baragiano-Palagianello
16.77452132	40.64016949	-28.0000007	Baragiano-Palagianello
16.27065686	40.66376717	-27.5750007	Baragiano-Palagianello
16.13205052	40.66983267	-23.8874988	Baragiano-Palagianello
15.7414079	40.68785451	-13.0000007	Baragiano-Palagianello
15.72186033	40.68870172	-13.4187507	Baragiano-Palagianello
16.99675989	40.63018119	-13.0000007	Baragiano-Palagianello
16.48592653	40.65343079	-17.3828125	Baragiano-Palagianello
16.12786311	40.67002077	-13.8437498	Baragiano-Palagianello
15.77583166	40.68635818	-14.2265632	Baragiano-Palagianello
15.67102351	40.69124116	-21.3109375	Baragiano-Palagianello
15.64254998	40.69268904	-24.957032	Baragiano-Palagianello
16.9339336	40.63291479	-18.028125	Baragiano-Palagianello
17.02603751	40.6289073	-18.2609375	Baragiano-Palagianello
16.2865815	40.66295977	-25.1707039	Baragiano-Palagianello
15.64916175	40.69235309	-27.6375007	Baragiano-Palagianello
16.89817524	40.63447592	-18.2375	Baragiano-Palagianello
15.67587431	40.69099422	-28.0000007	Baragiano-Palagianello
16.67753165	40.64507921	-20.79375	Baragiano-Palagianello
16.81995948	40.63787275	-19.1875	Baragiano-Palagianello
15.577227	40.696	-22.3000001	Baragiano-Palagianello
16.1742454	40.66800504	-26.8953132	Baragiano-Palagianello
15.77212502	40.6865195	-13.0000007	Baragiano-Palagianello
16.84790967	40.6366629	-13.9648445	Baragiano-Palagianello
16.47003932	40.65412303	-16.429688	Baragiano-Palagianello
16.12812885	40.67000766	-12.9999958	Baragiano-Palagianello
15.81279789	40.68474682	-19.16875	Baragiano-Palagianello
16.49021406	40.65324382	-23.415625	Baragiano-Palagianello
15.73266476	40.68823396	-17.4546873	Baragiano-Palagianello
16.83325356	40.63729948	-17.8124998	Baragiano-Palagianello
16.16442715	40.66843171	-28.0000007	Baragiano-Palagianello
15.71215432	40.68913632	-12.9999998	Baragiano-Palagianello
16.10739952	40.67106492	-23.325	Baragiano-Palagianello
16.56373284	40.65003852	-23.19375	Baragiano-Palagianello
16.86183461	40.63605794	-13.0000007	Baragiano-Palagianello
16.19839816	40.66695401	-20.3	Baragiano-Palagianello
16.49446834	40.65305824	-28.0000007	Baragiano-Palagianello
16.40007659	40.65718636	-23.287498	Baragiano-Palagianello
16.66699602	40.64553907	-22.403125	Baragiano-Palagianello
16.01413111	40.67580437	-13.7687507	Baragiano-Palagianello
16.84023262	40.63699612	-27.2906257	Baragiano-Palagianello
16.90698194	40.63409185	-23.9187502	Baragiano-Palagianello
15.91493557	40.68029975	-18.7	Baragiano-Palagianello
16.95064937	40.63218274	-21.8039063	Baragiano-Palagianello
15.71720566	40.68890029	-15.4499993	Baragiano-Palagianello
16.77212986	40.64029122	-20.0062501	Baragiano-Palagianello
16.86020615	40.63612873	-27.3125007	Baragiano-Palagianello
16.09703477	40.67159306	-22.45	Baragiano-Palagianello
16.8974026	40.63450961	-25.8906257	Baragiano-Palagianello
16.83145891	40.63737723	-20.7	Baragiano-Palagianello
16.11394392	40.67073143	-26.0343757	Baragiano-Palagianello
15.62138557	40.69376341	-18.83125	Baragiano-Palagianello
16.23213589	40.66548247	-17.7234375	Baragiano-Palagianello
16.61956943	40.64761031	-13.0000007	Baragiano-Palagianello
16.07957737	40.67248189	-20.8679687	Baragiano-Palagianello
16.02700463	40.67515213	-23.4046875	Baragiano-Palagianello
15.59325167	40.69518916	-17.7730469	Baragiano-Palagianello
16.63183332	40.64707552	-24.9968757	Baragiano-Palagianello
16.76721412	40.64054137	-21.6328125	Baragiano-Palagianello
16.2621177	40.66417536	-23.6687488	Baragiano-Palagianello
15.577227	40.696	-20.6499999	Baragiano-Palagianello
16.07001806	40.67296814	-26.9906257	Baragiano-Palagianello
16.9046889	40.63419188	-27.2406257	Baragiano-Palagianello
17.00834139	40.62967763	-22.053125	Baragiano-Palagianello
16.73619146	40.64211808	-18.096875	Baragiano-Palagianello
15.79697428	40.68543716	-19.953125	Baragiano-Palagianello
16.12025566	40.67040904	-27.5312507	Baragiano-Palagianello
16.54445552	40.65087398	-22.4375	Baragiano-Palagianello
16.45408551	40.65481728	-13.7640632	Baragiano-Palagianello
15.77998707	40.68617729	-20.7015625	Baragiano-Palagianello
16.35421943	40.65952666	-15.6812507	Baragiano-Palagianello
16.34769203	40.6598587	-19.4	Baragiano-Palagianello
16.26640457	40.66398059	-12.9999958	Baragiano-Palagianello
