14.09568799	41.791	-2.0000001	Borbona-L'Aquila-Aremogna
13.82938461	42.05497851	-3.8483814	Borbona-L'Aquila-Aremogna
13.99858088	41.87157202	-4.3771307	Borbona-L'Aquila-Aremogna
14.0425976	41.81716968	-4.8211983	Borbona-L'Aquila-Aremogna
13.7211659	42.05087592	-13.4906519	Borbona-L'Aquila-Aremogna
13.60645707	42.24475809	-3.0006436	Borbona-L'Aquila-Aremogna
14.09199458	41.78847937	-2.5553839	Borbona-L'Aquila-Aremogna
13.86497155	41.99529429	-6.194416	Borbona-L'Aquila-Aremogna
13.63058722	42.14979529	-10.8130689	Borbona-L'Aquila-Aremogna
13.99937164	41.76145278	-13.4906666	Borbona-L'Aquila-Aremogna
13.62128682	42.24281178	-2.0000001	Borbona-L'Aquila-Aremogna
13.42359283	42.34455541	-6.5840489	Borbona-L'Aquila-Aremogna
13.42210358	42.35943982	-4.9953819	Borbona-L'Aquila-Aremogna
13.83678586	41.97869785	-10.2072149	Borbona-L'Aquila-Aremogna
14.0846081	41.78343783	-3.666148	Borbona-L'Aquila-Aremogna
13.14184807	42.46179132	-13.4906695	Borbona-L'Aquila-Aremogna
13.39670681	42.33399324	-9.749077	Borbona-L'Aquila-Aremogna
14.07639436	41.77783078	-4.9013936	Borbona-L'Aquila-Aremogna
13.78882772	42.00462226	-12.0327886	Borbona-L'Aquila-Aremogna
13.54173879	42.26959932	-5.6587405	Borbona-L'Aquila-Aremogna
13.44278812	42.35166205	-4.3731961	Borbona-L'Aquila-Aremogna
13.19620734	42.45250767	-10.5521275	Borbona-L'Aquila-Aremogna
13.53766431	42.19643354	-13.4906695	Borbona-L'Aquila-Aremogna
13.29843599	42.41553453	-7.2650966	Borbona-L'Aquila-Aremogna
13.95773973	41.80869727	-13.4911558	Borbona-L'Aquila-Aremogna
13.46858615	42.27935021	-10.4797586	Borbona-L'Aquila-Aremogna
13.87084403	41.90312196	-13.490668	Borbona-L'Aquila-Aremogna
14.06671692	41.77122329	-6.3568782	Borbona-L'Aquila-Aremogna
13.81513168	42.06409365	-4.2598309	Borbona-L'Aquila-Aremogna
13.88276754	41.89683831	-12.9233111	Borbona-L'Aquila-Aremogna
13.16489178	42.53958915	-3.00244	Borbona-L'Aquila-Aremogna
13.71595399	42.09292836	-9.6586486	Borbona-L'Aquila-Aremogna
13.89306356	42.01410243	-2.0001851	Borbona-L'Aquila-Aremogna
13.84013801	41.98314304	-9.5076497	Borbona-L'Aquila-Aremogna
13.64963987	42.13722662	-10.5701265	Borbona-L'Aquila-Aremogna
13.6480479	42.14248023	-10.168347	Borbona-L'Aquila-Aremogna
13.87412071	41.93949679	-10.0952344	Borbona-L'Aquila-Aremogna
13.64891407	42.19385234	-4.8020467	Borbona-L'Aquila-Aremogna
14.05608528	41.76396296	-7.9559954	Borbona-L'Aquila-Aremogna
13.89364772	41.97045448	-5.6590594	Borbona-L'Aquila-Aremogna
13.66350417	42.16434325	-6.6777126	Borbona-L'Aquila-Aremogna
13.58791681	42.20041266	-9.0212136	Borbona-L'Aquila-Aremogna
13.23768235	42.41251554	-12.0523887	Borbona-L'Aquila-Aremogna
13.93996967	41.96317626	-1.9999996	Borbona-L'Aquila-Aremogna
13.21808612	42.48464201	-5.3143072	Borbona-L'Aquila-Aremogna
14.04812814	41.75852795	-9.1529382	Borbona-L'Aquila-Aremogna
13.51687678	42.30573245	-3.8953502	Borbona-L'Aquila-Aremogna
13.28041803	42.4321626	-6.6992041	Borbona-L'Aquila-Aremogna
13.17340077	42.50199104	-6.6309782	Borbona-L'Aquila-Aremogna
13.46126154	42.30281891	-8.5442943	Borbona-L'Aquila-Aremogna
13.59804277	42.19860219	-8.3864757	Borbona-L'Aquila-Aremogna
13.37944474	42.36998886	-6.7855357	Borbona-L'Aquila-Aremogna
13.60112393	42.23148873	-4.7849891	Borbona-L'Aquila-Aremogna
13.90325125	42.00304364	-1.9999249	Borbona-L'Aquila-Aremogna
13.78037727	42.02670745	-10.7436785	Borbona-L'Aquila-Aremogna
13.33224807	42.41779238	-4.5470965	Borbona-L'Aquila-Aremogna
14.03934399	41.75252713	-10.4743668	Borbona-L'Aquila-Aremogna
14.00908422	41.88812229	-1.9999996	Borbona-L'Aquila-Aremogna
13.30846242	42.3615485	-12.7988326	Borbona-L'Aquila-Aremogna
13.72247885	42.16335428	-1.9999996	Borbona-L'Aquila-Aremogna
13.85866162	41.94986227	-10.6413397	Borbona-L'Aquila-Aremogna
13.44729218	42.28970456	-11.0512947	Borbona-L'Aquila-Aremogna
14.00315854	41.84992596	-5.7943406	Borbona-L'Aquila-Aremogna
13.99956803	41.82876705	-7.9015646	Borbona-L'Aquila-Aremogna
13.88427748	42.01360325	-2.838356	Borbona-L'Aquila-Aremogna
13.63482665	42.16382301	-9.0271105	Borbona-L'Aquila-Aremogna
14.03145153	41.7471346	-11.6617362	Borbona-L'Aquila-Aremogna
13.47038224	42.33293813	-4.4692965	Borbona-L'Aquila-Aremogna
13.76098012	42.0708808	-8.2271024	Borbona-L'Aquila-Aremogna
13.50945078	42.22688435	-12.6603516	Borbona-L'Aquila-Aremogna
13.23168026	42.47562458	-5.336991	Borbona-L'Aquila-Aremogna
13.46021387	42.35493831	-2.725628	Borbona-L'Aquila-Aremogna
13.78320334	42.07296353	-6.2086927	Borbona-L'Aquila-Aremogna
13.76511133	42.05304305	-9.6604443	Borbona-L'Aquila-Aremogna
14.02330502	41.7415676	-12.8874083	Borbona-L'Aquila-Aremogna
14.01929563	41.73882737	-13.4906671	Borbona-L'Aquila-Aremogna
13.51170745	42.22154553	-13.0289805	Borbona-L'Aquila-Aremogna
13.7928362	42.04948491	-7.5574134	Borbona-L'Aquila-Aremogna
13.60894064	42.21303661	-6.033868	Borbona-L'Aquila-Aremogna
13.89478477	41.8890042	-12.4791778	Borbona-L'Aquila-Aremogna
13.32580236	42.36221951	-11.4923677	Borbona-L'Aquila-Aremogna
13.18195147	42.45026405	-11.8508775	Borbona-L'Aquila-Aremogna
13.45922789	42.27312013	-11.8714625	Borbona-L'Aquila-Aremogna
13.56394231	42.19761651	-11.2451981	Borbona-L'Aquila-Aremogna
13.77441991	42.01899722	-11.9747369	Borbona-L'Aquila-Aremogna
13.33627115	42.36947396	-9.9040228	Borbona-L'Aquila-Aremogna
13.39550573	42.39571125	-2.6451534	Borbona-L'Aquila-Aremogna
13.77845817	42.06551996	-7.3431266	Borbona-L'Aquila-Aremogna
14.07386607	41.78515996	-4.5327332	Borbona-L'Aquila-Aremogna
14.03006579	41.86532407	-1.9999991	Borbona-L'Aquila-Aremogna
13.59687939	42.17539897	-10.8705733	Borbona-L'Aquila-Aremogna
13.65936557	42.14072302	-9.4253778	Borbona-L'Aquila-Aremogna
13.49114305	42.31430714	-5.0546033	Borbona-L'Aquila-Aremogna
13.09580411	42.50621948	-11.8430718	Borbona-L'Aquila-Aremogna
13.63094874	42.13071648	-12.7501773	Borbona-L'Aquila-Aremogna
13.78592387	42.11236031	-1.9999996	Borbona-L'Aquila-Aremogna
13.38719657	42.34318044	-9.364796	Borbona-L'Aquila-Aremogna
14.01170861	41.85192716	-4.8343634	Borbona-L'Aquila-Aremogna
13.53634891	42.22950657	-10.2242017	Borbona-L'Aquila-Aremogna
13.27119588	42.47956839	-2.0000045	Borbona-L'Aquila-Aremogna
13.91275285	41.86559191	-12.8119996	Borbona-L'Aquila-Aremogna
13.74626246	42.04574239	-11.9682091	Borbona-L'Aquila-Aremogna
13.82996597	42.06696207	-2.6957232	Borbona-L'Aquila-Aremogna
13.83510359	42.01251359	-7.2497986	Borbona-L'Aquila-Aremogna
13.41018113	42.3247689	-9.805262	Borbona-L'Aquila-Aremogna
13.81663778	41.96199438	-13.4914063	Borbona-L'Aquila-Aremogna
13.84113586	42.06387859	-2.0000001	Borbona-L'Aquila-Aremogna
13.3062267	42.45004143	-2.7845972	Borbona-L'Aquila-Aremogna
13.59993487	42.15169415	-13.0711373	Borbona-L'Aquila-Aremogna
13.92832352	41.96980852	-2.5116929	Borbona-L'Aquila-Aremogna
13.86205323	41.92100688	-12.7820753	Borbona-L'Aquila-Aremogna
13.09484518	42.51216828	-11.2404117	Borbona-L'Aquila-Aremogna
13.41698356	42.28777902	-13.4906676	Borbona-L'Aquila-Aremogna
13.18071659	42.44113495	-12.9744068	Borbona-L'Aquila-Aremogna
13.71529487	42.16339287	-2.5805235	Borbona-L'Aquila-Aremogna
13.80896592	42.0556259	-5.5788641	Borbona-L'Aquila-Aremogna
13.43337758	42.37212057	-2.715171	Borbona-L'Aquila-Aremogna
13.10438989	42.49304571	-12.7036768	Borbona-L'Aquila-Aremogna
13.85447592	41.97657709	-8.7552646	Borbona-L'Aquila-Aremogna
13.51485356	42.32556786	-2.0001158	Borbona-L'Aquila-Aremogna
14.04982965	41.76661777	-8.3240549	Borbona-L'Aquila-Aremogna
13.98398995	41.91537246	-1.9999986	Borbona-L'Aquila-Aremogna
13.46091199	42.25620686	-13.490671	Borbona-L'Aquila-Aremogna
13.91627423	41.91311162	-8.444541	Borbona-L'Aquila-Aremogna
13.80256724	42.01748322	-9.646082	Borbona-L'Aquila-Aremogna
13.39877138	42.39925591	-1.9999991	Borbona-L'Aquila-Aremogna
13.5288366	42.22559185	-11.2308687	Borbona-L'Aquila-Aremogna
13.37487906	42.32980579	-11.7981978	Borbona-L'Aquila-Aremogna
13.57040779	42.2800039	-2.294358	Borbona-L'Aquila-Aremogna
13.83225659	41.98602262	-9.9333372	Borbona-L'Aquila-Aremogna
13.77521984	42.00738072	-12.9723907	Borbona-L'Aquila-Aremogna
13.67641874	42.13606925	-8.5089883	Borbona-L'Aquila-Aremogna
14.03573979	41.75528213	-10.585085	Borbona-L'Aquila-Aremogna
13.84165113	41.93483144	-13.490668	Borbona-L'Aquila-Aremogna
13.78981147	42.03857867	-8.8252756	Borbona-L'Aquila-Aremogna
13.57339725	42.18797949	-11.4630499	Borbona-L'Aquila-Aremogna
13.54216905	42.2132273	-11.4139683	Borbona-L'Aquila-Aremogna
14.05266227	41.83245716	-2.6110416	Borbona-L'Aquila-Aremogna
13.99793209	41.77223373	-12.7339005	Borbona-L'Aquila-Aremogna
13.86656927	41.96581152	-8.5544675	Borbona-L'Aquila-Aremogna
13.56882623	42.24004714	-6.5235347	Borbona-L'Aquila-Aremogna
13.40518439	42.30391144	-12.5308687	Borbona-L'Aquila-Aremogna
13.27674341	42.38322556	-12.5139371	Borbona-L'Aquila-Aremogna
13.7009213	42.0965737	-10.5123106	Borbona-L'Aquila-Aremogna
13.11550417	42.50183318	-10.8947938	Borbona-L'Aquila-Aremogna
13.24220768	42.49421825	-2.4610308	Borbona-L'Aquila-Aremogna
13.99745061	41.90075762	-2.0000006	Borbona-L'Aquila-Aremogna
13.63950389	42.12443685	-12.6892769	Borbona-L'Aquila-Aremogna
13.98963617	41.82387294	-9.2391488	Borbona-L'Aquila-Aremogna
13.53308063	42.30299513	-2.8875338	Borbona-L'Aquila-Aremogna
13.90719495	41.86364674	-13.4906666	Borbona-L'Aquila-Aremogna
14.01722974	41.74117401	-13.4906651	Borbona-L'Aquila-Aremogna
13.40077443	42.32020202	-11.0111771	Borbona-L'Aquila-Aremogna
13.76027476	42.04282763	-11.0237664	Borbona-L'Aquila-Aremogna
13.51078392	42.2530515	-9.8417769	Borbona-L'Aquila-Aremogna
13.53045027	42.23800642	-9.8330081	Borbona-L'Aquila-Aremogna
13.25656083	42.43717064	-7.8769974	Borbona-L'Aquila-Aremogna
13.5097146	42.27741907	-7.4015112	Borbona-L'Aquila-Aremogna
13.8106964	42.08748176	-2.4979385	Borbona-L'Aquila-Aremogna
13.63466625	42.18868073	-6.4759736	Borbona-L'Aquila-Aremogna
13.96540826	41.82183545	-11.6688465	Borbona-L'Aquila-Aremogna
13.74431314	42.10079511	-6.5555725	Borbona-L'Aquila-Aremogna
13.29752121	42.39489436	-9.6791699	Borbona-L'Aquila-Aremogna
13.19149667	42.42963129	-13.4906744	Borbona-L'Aquila-Aremogna
13.57898012	42.18052486	-11.7737357	Borbona-L'Aquila-Aremogna
13.57920268	42.21602485	-8.1343418	Borbona-L'Aquila-Aremogna
13.49295724	42.28527946	-7.9224809	Borbona-L'Aquila-Aremogna
13.17870407	42.46260271	-10.6952344	Borbona-L'Aquila-Aremogna
13.31961488	42.38932282	-8.7663275	Borbona-L'Aquila-Aremogna
13.86947462	41.95523457	-9.1858554	Borbona-L'Aquila-Aremogna
13.79063002	42.10370484	-2.4931412	Borbona-L'Aquila-Aremogna
13.75378984	42.06595062	-9.310894	Borbona-L'Aquila-Aremogna
13.56284269	42.26251646	-4.7108897	Borbona-L'Aquila-Aremogna
13.87424293	41.92702287	-11.1446553	Borbona-L'Aquila-Aremogna
13.95035994	41.84692625	-10.9262166	Borbona-L'Aquila-Aremogna
13.40436328	42.38098869	-3.7361683	Borbona-L'Aquila-Aremogna
13.6650882	42.12784873	-10.2627989	Borbona-L'Aquila-Aremogna
13.20538033	42.51821973	-2.4500504	Borbona-L'Aquila-Aremogna
13.23716255	42.43024896	-10.0805716	Borbona-L'Aquila-Aremogna
13.75336839	42.05406235	-10.5488992	Borbona-L'Aquila-Aremogna
13.73005935	42.1310004	-4.6578023	Borbona-L'Aquila-Aremogna
13.41261972	42.34499491	-7.338493	Borbona-L'Aquila-Aremogna
13.89937481	41.99757269	-2.8235245	Borbona-L'Aquila-Aremogna
13.9626397	41.9061234	-4.7580631	Borbona-L'Aquila-Aremogna
13.81737499	41.96734791	-12.9548243	Borbona-L'Aquila-Aremogna
13.98098019	41.89868423	-3.6972674	Borbona-L'Aquila-Aremogna
13.82334136	41.95903987	-13.1220006	Borbona-L'Aquila-Aremogna
13.44521348	42.33048986	-6.5908806	Borbona-L'Aquila-Aremogna
13.25404498	42.40652884	-11.5336636	Borbona-L'Aquila-Aremogna
13.96635873	41.80527643	-12.9640181	Borbona-L'Aquila-Aremogna
13.524738	42.2328284	-10.8241893	Borbona-L'Aquila-Aremogna
13.96444672	41.86763859	-7.864131	Borbona-L'Aquila-Aremogna
13.36603389	42.40551877	-3.5877476	Borbona-L'Aquila-Aremogna
13.4518636	42.28756614	-10.9579022	Borbona-L'Aquila-Aremogna
13.83764714	41.99997028	-8.1792237	Borbona-L'Aquila-Aremogna
13.65231085	42.18331998	-5.6165675	Borbona-L'Aquila-Aremogna
13.26801476	42.47325184	-2.9488848	Borbona-L'Aquila-Aremogna
14.02548893	41.78062894	-9.4512795	Borbona-L'Aquila-Aremogna
13.08544049	42.49837144	-13.4906666	Borbona-L'Aquila-Aremogna
13.32500599	42.41447382	-5.4469962	Borbona-L'Aquila-Aremogna
13.27421769	42.46213136	-3.7559173	Borbona-L'Aquila-Aremogna
13.10904697	42.51341787	-10.0578301	Borbona-L'Aquila-Aremogna
13.22415727	42.45277806	-8.4778654	Borbona-L'Aquila-Aremogna
13.38793548	42.31483241	-12.5594444	Borbona-L'Aquila-Aremogna
13.43501577	42.27608974	-13.4906671	Borbona-L'Aquila-Aremogna
13.21003976	42.46208388	-8.4548042	Borbona-L'Aquila-Aremogna
13.36130049	42.33990338	-11.5821422	Borbona-L'Aquila-Aremogna
13.77105913	42.06618808	-7.8827807	Borbona-L'Aquila-Aremogna
13.40770065	42.38805874	-2.6744781	Borbona-L'Aquila-Aremogna
13.76031447	42.01595871	-13.4906671	Borbona-L'Aquila-Aremogna
13.54686172	42.22026985	-10.3163702	Borbona-L'Aquila-Aremogna
13.99219463	41.84502014	-7.2240853	Borbona-L'Aquila-Aremogna
13.8510032	41.92467587	-13.4906671	Borbona-L'Aquila-Aremogna
13.84551033	41.98464765	-8.8952977	Borbona-L'Aquila-Aremogna
13.90691936	41.95373066	-5.8556574	Borbona-L'Aquila-Aremogna
13.61427812	42.16561167	-10.4875321	Borbona-L'Aquila-Aremogna
13.7106041	42.08127002	-11.2739254	Borbona-L'Aquila-Aremogna
13.764543	42.0295289	-11.8723975	Borbona-L'Aquila-Aremogna
13.82689784	41.95084626	-13.4906148	Borbona-L'Aquila-Aremogna
13.2994088	42.36111471	-13.4906671	Borbona-L'Aquila-Aremogna
13.70365666	42.14538428	-5.3502489	Borbona-L'Aquila-Aremogna
13.55891851	42.1890974	-12.5199298	Borbona-L'Aquila-Aremogna
13.43096178	42.3595994	-4.3432713	Borbona-L'Aquila-Aremogna
13.32007781	42.3518038	-13.1136295	Borbona-L'Aquila-Aremogna
13.60823274	42.25316228	-2.0000001	Borbona-L'Aquila-Aremogna
13.30898774	42.39830993	-8.4695356	Borbona-L'Aquila-Aremogna
13.58610575	42.18600703	-10.637692	Borbona-L'Aquila-Aremogna
13.41106053	42.37078481	-4.4525435	Borbona-L'Aquila-Aremogna
13.76471639	42.12451927	-2.4943399	Borbona-L'Aquila-Aremogna
13.82161435	41.96727221	-12.5810167	Borbona-L'Aquila-Aremogna
13.65035402	42.17135942	-7.0068184	Borbona-L'Aquila-Aremogna
13.45878588	42.36227636	-1.9999742	Borbona-L'Aquila-Aremogna
13.51026674	42.32353057	-2.5770933	Borbona-L'Aquila-Aremogna
13.81871425	41.99039095	-10.719742	Borbona-L'Aquila-Aremogna
13.38158982	42.40968048	-1.9999996	Borbona-L'Aquila-Aremogna
13.53615327	42.30919346	-2.0000006	Borbona-L'Aquila-Aremogna
13.98191342	41.78829323	-12.9092506	Borbona-L'Aquila-Aremogna
13.42191399	42.29034659	-12.8389302	Borbona-L'Aquila-Aremogna
13.6056165	42.17957309	-9.7406441	Borbona-L'Aquila-Aremogna
13.28159493	42.41243215	-8.8489226	Borbona-L'Aquila-Aremogna
13.72688664	42.05125009	-12.9873306	Borbona-L'Aquila-Aremogna
13.47819263	42.24291553	-13.4906676	Borbona-L'Aquila-Aremogna
13.15302537	42.50486482	-7.8003914	Borbona-L'Aquila-Aremogna
13.54553642	42.28122721	-4.1509085	Borbona-L'Aquila-Aremogna
14.02314716	41.86769758	-2.4375635	Borbona-L'Aquila-Aremogna
13.50114813	42.32111513	-3.5512491	Borbona-L'Aquila-Aremogna
13.34587688	42.43135291	-1.9989903	Borbona-L'Aquila-Aremogna
13.69446661	42.07599187	-13.1208018	Borbona-L'Aquila-Aremogna
13.33263695	42.38074243	-8.8459229	Borbona-L'Aquila-Aremogna
13.5251298	42.31766803	-1.9999937	Borbona-L'Aquila-Aremogna
13.89646839	41.87529025	-13.4906749	Borbona-L'Aquila-Aremogna
13.42511611	42.3664249	-3.9654366	Borbona-L'Aquila-Aremogna
13.84154714	41.98086773	-9.58384	Borbona-L'Aquila-Aremogna
13.90146653	41.91702854	-9.4797113	Borbona-L'Aquila-Aremogna
13.97075521	41.92973701	-2.0000113	Borbona-L'Aquila-Aremogna
13.73746915	42.14263655	-2.877358	Borbona-L'Aquila-Aremogna
13.47453097	42.26775385	-11.2080936	Borbona-L'Aquila-Aremogna
13.89073469	42.01655121	-2.0000001	Borbona-L'Aquila-Aremogna
13.839602	41.95749784	-11.7518043	Borbona-L'Aquila-Aremogna
13.8309756	41.9736575	-11.1733819	Borbona-L'Aquila-Aremogna
13.80600745	42.09013216	-2.616108	Borbona-L'Aquila-Aremogna
13.51990931	42.22525343	-11.9875421	Borbona-L'Aquila-Aremogna
13.22214574	42.51132347	-1.9999986	Borbona-L'Aquila-Aremogna
13.79616888	42.0775867	-4.6811212	Borbona-L'Aquila-Aremogna
13.78980835	42.06098899	-6.7650352	Borbona-L'Aquila-Aremogna
13.36187727	42.32319613	-13.4906676	Borbona-L'Aquila-Aremogna
13.99141669	41.86398857	-5.6835247	Borbona-L'Aquila-Aremogna
13.23937131	42.45405401	-7.220471	Borbona-L'Aquila-Aremogna
14.07289129	41.80818591	-2.7196612	Borbona-L'Aquila-Aremogna
13.3728135	42.39063487	-4.8452872	Borbona-L'Aquila-Aremogna
13.92740306	41.91406142	-7.3359093	Borbona-L'Aquila-Aremogna
13.74654622	42.07915604	-8.5640423	Borbona-L'Aquila-Aremogna
13.63439119	42.21407258	-3.8777535	Borbona-L'Aquila-Aremogna
13.49981781	42.31559218	-4.2330606	Borbona-L'Aquila-Aremogna
13.70300722	42.15681394	-4.2460487	Borbona-L'Aquila-Aremogna
13.31273783	42.3530277	-13.4906676	Borbona-L'Aquila-Aremogna
13.42084023	42.37763097	-2.9605435	Borbona-L'Aquila-Aremogna
14.00115201	41.83840705	-6.95583	Borbona-L'Aquila-Aremogna
13.54704629	42.24863094	-7.4080612	Borbona-L'Aquila-Aremogna
13.33012608	42.34247482	-13.4906671	Borbona-L'Aquila-Aremogna
13.82538237	41.97199891	-11.8245218	Borbona-L'Aquila-Aremogna
13.20682297	42.41974269	-13.4906666	Borbona-L'Aquila-Aremogna
13.51063174	42.21786383	-13.4906671	Borbona-L'Aquila-Aremogna
13.62154772	42.23909505	-2.3578858	Borbona-L'Aquila-Aremogna
13.2800965	42.39546925	-10.8799322	Borbona-L'Aquila-Aremogna
13.88467915	41.94120065	-8.9751934	Borbona-L'Aquila-Aremogna
13.69772965	42.1767241	-2.6597286	Borbona-L'Aquila-Aremogna
13.35220905	42.39491442	-5.805086	Borbona-L'Aquila-Aremogna
13.47952452	42.28578736	-8.9404605	Borbona-L'Aquila-Aremogna
13.64550116	42.20302673	-4.1287655	Borbona-L'Aquila-Aremogna
13.93521886	41.89741809	-8.0303472	Borbona-L'Aquila-Aremogna
13.71033001	42.11362109	-8.0218262	Borbona-L'Aquila-Aremogna
13.31064752	42.41236429	-6.7301931	Borbona-L'Aquila-Aremogna
14.02240912	41.74639158	-12.5726099	Borbona-L'Aquila-Aremogna
13.38853236	42.3283597	-10.9856004	Borbona-L'Aquila-Aremogna
13.90171556	41.94561251	-7.0265684	Borbona-L'Aquila-Aremogna
13.19162434	42.52697719	-2.4686031	Borbona-L'Aquila-Aremogna
13.30972035	42.37010777	-11.7105098	Borbona-L'Aquila-Aremogna
13.52166574	42.20911723	-13.490609	Borbona-L'Aquila-Aremogna
13.70933184	42.17391737	-1.9999473	Borbona-L'Aquila-Aremogna
13.7922547	42.08018867	-4.7412955	Borbona-L'Aquila-Aremogna
13.97641826	41.86656197	-6.8500192	Borbona-L'Aquila-Aremogna
13.85087943	41.99459527	-7.5125397	Borbona-L'Aquila-Aremogna
13.97287263	41.82265947	-10.9104886	Borbona-L'Aquila-Aremogna
13.47363826	42.31615372	-6.1290113	Borbona-L'Aquila-Aremogna
13.74772741	42.11179734	-5.1641312	Borbona-L'Aquila-Aremogna
13.59128424	42.2455729	-4.1443277	Borbona-L'Aquila-Aremogna
13.64260545	42.1477514	-10.0617274	Borbona-L'Aquila-Aremogna
13.13601733	42.53541335	-5.5920303	Borbona-L'Aquila-Aremogna
13.21448082	42.43186536	-11.5563995	Borbona-L'Aquila-Aremogna
13.3058924	42.44051444	-3.8887774	Borbona-L'Aquila-Aremogna
13.6992068	42.16919285	-3.3024737	Borbona-L'Aquila-Aremogna
13.66423738	42.10380109	-12.7659171	Borbona-L'Aquila-Aremogna
13.443543	42.37208273	-2.000607	Borbona-L'Aquila-Aremogna
14.08357463	41.79234008	-3.0269771	Borbona-L'Aquila-Aremogna
13.57994188	42.19435315	-10.2840679	Borbona-L'Aquila-Aremogna
13.77050425	42.09647509	-4.8621968	Borbona-L'Aquila-Aremogna
14.0485051	41.80088498	-5.6138741	Borbona-L'Aquila-Aremogna
13.98191815	41.82735683	-9.6749766	Borbona-L'Aquila-Aremogna
13.62373397	42.1380885	-12.5690362	Borbona-L'Aquila-Aremogna
13.68899213	42.10302906	-10.8298524	Borbona-L'Aquila-Aremogna
13.14770168	42.51602091	-6.9290179	Borbona-L'Aquila-Aremogna
13.20568185	42.4739829	-7.4292794	Borbona-L'Aquila-Aremogna
13.96910727	41.85456196	-8.545494	Borbona-L'Aquila-Aremogna
13.52361507	42.27021186	-7.040333	Borbona-L'Aquila-Aremogna
13.91792015	41.85200156	-13.4906671	Borbona-L'Aquila-Aremogna
13.98068598	41.8206629	-10.3451026	Borbona-L'Aquila-Aremogna
13.25678007	42.48477017	-2.4643731	Borbona-L'Aquila-Aremogna
13.68858898	42.17300737	-3.7766475	Borbona-L'Aquila-Aremogna
13.64207984	42.17869828	-6.9122601	Borbona-L'Aquila-Aremogna
13.93524885	41.84010594	-12.9017696	Borbona-L'Aquila-Aremogna
13.88048529	42.0263339	-1.9998692	Borbona-L'Aquila-Aremogna
13.22880854	42.42459444	-11.3325762	Borbona-L'Aquila-Aremogna
13.77839831	42.05408773	-8.3997651	Borbona-L'Aquila-Aremogna
13.85265714	41.98763751	-7.9825144	Borbona-L'Aquila-Aremogna
13.61545057	42.13558126	-13.4906392	Borbona-L'Aquila-Aremogna
14.02200833	41.87408068	-1.9999986	Borbona-L'Aquila-Aremogna
13.23935662	42.50015529	-2.0000196	Borbona-L'Aquila-Aremogna
14.05559153	41.77397426	-7.1743927	Borbona-L'Aquila-Aremogna
13.65118784	42.12567174	-11.6137994	Borbona-L'Aquila-Aremogna
13.49796522	42.23712225	-12.5145714	Borbona-L'Aquila-Aremogna
14.0392174	41.77994567	-8.2184262	Borbona-L'Aquila-Aremogna
13.69313691	42.07340664	-13.490669	Borbona-L'Aquila-Aremogna
13.91730446	41.96076071	-4.298732	Borbona-L'Aquila-Aremogna
13.57342725	42.2644901	-3.6593863	Borbona-L'Aquila-Aremogna
13.55411949	42.18338244	-13.4906734	Borbona-L'Aquila-Aremogna
13.74284595	42.0897113	-7.7968017	Borbona-L'Aquila-Aremogna
13.48141434	42.32413784	-4.6560186	Borbona-L'Aquila-Aremogna
13.64511882	42.11200818	-13.490648	Borbona-L'Aquila-Aremogna
13.72374004	42.11298963	-6.9944455	Borbona-L'Aquila-Aremogna
13.4294443	42.27970185	-13.4906676	Borbona-L'Aquila-Aremogna
13.89948748	41.87800727	-12.9807774	Borbona-L'Aquila-Aremogna
13.69207313	42.08665588	-12.2359063	Borbona-L'Aquila-Aremogna
13.29012239	42.44604844	-4.4154354	Borbona-L'Aquila-Aremogna
13.82948319	42.02207105	-6.8643825	Borbona-L'Aquila-Aremogna
13.44498849	42.30936037	-8.9973369	Borbona-L'Aquila-Aremogna
13.55354862	42.24160999	-7.5993436	Borbona-L'Aquila-Aremogna
13.16133745	42.46913462	-11.2308377	Borbona-L'Aquila-Aremogna
13.34287565	42.42823845	-2.5745465	Borbona-L'Aquila-Aremogna
13.66260267	42.17428131	-5.7248909	Borbona-L'Aquila-Aremogna
13.29910635	42.46155967	-1.9999991	Borbona-L'Aquila-Aremogna
13.65699188	42.15064103	-8.6124946	Borbona-L'Aquila-Aremogna
13.84867259	42.00397859	-6.8440344	Borbona-L'Aquila-Aremogna
13.95443943	41.88215893	-7.5535228	Borbona-L'Aquila-Aremogna
13.5575039	42.28689561	-2.6092447	Borbona-L'Aquila-Aremogna
13.87900064	42.01898464	-2.8055133	Borbona-L'Aquila-Aremogna
13.16581192	42.48143182	-9.5123221	Borbona-L'Aquila-Aremogna
13.93001281	41.97399126	-1.9999991	Borbona-L'Aquila-Aremogna
13.60624023	42.20569266	-7.0004594	Borbona-L'Aquila-Aremogna
13.8471659	42.03093562	-4.4992196	Borbona-L'Aquila-Aremogna
13.60354919	42.14482101	-13.4906671	Borbona-L'Aquila-Aremogna
13.27693193	42.37913082	-12.9780645	Borbona-L'Aquila-Aremogna
13.35482353	42.42591313	-1.999961	Borbona-L'Aquila-Aremogna
13.93929145	41.91088164	-6.5088369	Borbona-L'Aquila-Aremogna
13.32092249	42.44264958	-2.547003	Borbona-L'Aquila-Aremogna
13.77553048	42.00144553	-13.4906676	Borbona-L'Aquila-Aremogna
13.49555804	42.27121362	-9.1732901	Borbona-L'Aquila-Aremogna
13.67147317	42.1480948	-7.6938381	Borbona-L'Aquila-Aremogna
13.4672784	42.30850546	-7.4601628	Borbona-L'Aquila-Aremogna
13.4463377	42.26741231	-13.4906373	Borbona-L'Aquila-Aremogna
13.15652627	42.52530491	-5.2317508	Borbona-L'Aquila-Aremogna
13.36997154	42.31824439	-13.4919537	Borbona-L'Aquila-Aremogna
13.54284105	42.19643698	-13.0717359	Borbona-L'Aquila-Aremogna
13.53880074	42.240908	-8.8637541	Borbona-L'Aquila-Aremogna
13.75250642	42.13394556	-2.5331656	Borbona-L'Aquila-Aremogna
13.76966767	42.05952913	-8.6645715	Borbona-L'Aquila-Aremogna
13.80488179	41.99672134	-11.351128	Borbona-L'Aquila-Aremogna
13.26164473	42.41726014	-9.7615853	Borbona-L'Aquila-Aremogna
13.83945169	41.97016489	-10.6880457	Borbona-L'Aquila-Aremogna
13.97000342	41.8897519	-5.4705404	Borbona-L'Aquila-Aremogna
13.93172601	41.85396221	-12.0489473	Borbona-L'Aquila-Aremogna
13.55829018	42.29216914	-2.0000142	Borbona-L'Aquila-Aremogna
13.97699787	41.91232937	-2.9044385	Borbona-L'Aquila-Aremogna
14.01552929	41.84840238	-4.7785692	Borbona-L'Aquila-Aremogna
13.61905202	42.19008022	-7.5813627	Borbona-L'Aquila-Aremogna
13.47022126	42.34250211	-3.3992276	Borbona-L'Aquila-Aremogna
13.60897254	42.18984592	-8.4119045	Borbona-L'Aquila-Aremogna
13.82931062	42.07515382	-1.9999996	Borbona-L'Aquila-Aremogna
14.05240575	41.78726561	-6.3742327	Borbona-L'Aquila-Aremogna
13.22292865	42.46415737	-7.2772151	Borbona-L'Aquila-Aremogna
13.42608121	42.35247484	-5.5060743	Borbona-L'Aquila-Aremogna
13.4711991	42.30073212	-8.0517375	Borbona-L'Aquila-Aremogna
13.29009878	42.40020104	-9.6116934	Borbona-L'Aquila-Aremogna
13.93803949	41.8597103	-10.9770841	Borbona-L'Aquila-Aremogna
13.43312797	42.37840052	-1.9999996	Borbona-L'Aquila-Aremogna
13.86867406	42.03147347	-2.5637642	Borbona-L'Aquila-Aremogna
13.24963418	42.4297978	-9.2193721	Borbona-L'Aquila-Aremogna
13.85111183	41.98954616	-7.9560349	Borbona-L'Aquila-Aremogna
13.59779777	42.18701875	-9.59819	Borbona-L'Aquila-Aremogna
13.74179746	42.06538796	-10.3435606	Borbona-L'Aquila-Aremogna
13.80778216	42.00639294	-10.2080465	Borbona-L'Aquila-Aremogna
13.92392421	41.94399676	-5.1126544	Borbona-L'Aquila-Aremogna
14.03071638	41.81846186	-5.8299293	Borbona-L'Aquila-Aremogna
13.5561203	42.2699596	-4.4746607	Borbona-L'Aquila-Aremogna
13.40341228	42.34168906	-8.3874107	Borbona-L'Aquila-Aremogna
13.56637087	42.27254337	-3.3897017	Borbona-L'Aquila-Aremogna
13.45180101	42.26662982	-13.136359	Borbona-L'Aquila-Aremogna
13.76652107	42.11206691	-3.6080948	Borbona-L'Aquila-Aremogna
13.91424843	41.97055262	-3.7482867	Borbona-L'Aquila-Aremogna
13.87072225	41.9081363	-13.0756275	Borbona-L'Aquila-Aremogna
13.29544111	42.37229221	-12.4666749	Borbona-L'Aquila-Aremogna
13.84022692	42.04232254	-4.0611387	Borbona-L'Aquila-Aremogna
13.859974	41.91493191	-13.490668	Borbona-L'Aquila-Aremogna
14.01122156	41.79093167	-9.9387337	Borbona-L'Aquila-Aremogna
13.29675543	42.403716	-8.7267127	Borbona-L'Aquila-Aremogna
13.35755981	42.36422499	-9.0087086	Borbona-L'Aquila-Aremogna
13.73056686	42.12050186	-5.6787462	Borbona-L'Aquila-Aremogna
13.45542904	42.29546462	-9.8034776	Borbona-L'Aquila-Aremogna
14.04233202	41.7624192	-9.3755729	Borbona-L'Aquila-Aremogna
14.01516034	41.86318246	-3.5591104	Borbona-L'Aquila-Aremogna
13.86303269	41.93249871	-11.7144007	Borbona-L'Aquila-Aremogna
13.94149502	41.8263927	-13.4906666	Borbona-L'Aquila-Aremogna
13.73431242	42.04030607	-13.490796	Borbona-L'Aquila-Aremogna
13.58531193	42.1633142	-13.0430093	Borbona-L'Aquila-Aremogna
13.57016322	42.25425935	-4.9661456	Borbona-L'Aquila-Aremogna
13.48537784	42.33546948	-3.0838336	Borbona-L'Aquila-Aremogna
13.55661649	42.25370768	-6.1176874	Borbona-L'Aquila-Aremogna
13.98369504	41.88473617	-4.6326807	Borbona-L'Aquila-Aremogna
13.71492109	42.15027249	-3.9390504	Borbona-L'Aquila-Aremogna
14.05377624	41.83857669	-1.9999996	Borbona-L'Aquila-Aremogna
13.73756812	42.0376443	-13.4906671	Borbona-L'Aquila-Aremogna
13.18327503	42.4914202	-7.1019763	Borbona-L'Aquila-Aremogna
13.45520192	42.34066514	-4.7077933	Borbona-L'Aquila-Aremogna
13.43913211	42.36720616	-2.8810264	Borbona-L'Aquila-Aremogna
13.48082001	42.3072815	-6.6058231	Borbona-L'Aquila-Aremogna
13.28608208	42.38209342	-11.9848609	Borbona-L'Aquila-Aremogna
13.40889403	42.34847302	-7.2107542	Borbona-L'Aquila-Aremogna
13.32655202	42.42523873	-4.1077723	Borbona-L'Aquila-Aremogna
13.99269141	41.89972205	-2.5275533	Borbona-L'Aquila-Aremogna
13.78942588	42.01328183	-11.1844542	Borbona-L'Aquila-Aremogna
13.92114479	41.85306004	-13.102857	Borbona-L'Aquila-Aremogna
13.66536855	42.15672	-7.3152656	Borbona-L'Aquila-Aremogna
13.68938086	42.13326686	-7.7381546	Borbona-L'Aquila-Aremogna
13.39116736	42.37609822	-5.2419239	Borbona-L'Aquila-Aremogna
13.2800738	42.38794741	-11.7329283	Borbona-L'Aquila-Aremogna
13.61787952	42.20341084	-6.2991386	Borbona-L'Aquila-Aremogna
13.98660266	41.77594651	-13.4906671	Borbona-L'Aquila-Aremogna
13.6175538	42.15007106	-11.8281033	Borbona-L'Aquila-Aremogna
13.5296974	42.24610427	-9.0536051	Borbona-L'Aquila-Aremogna
13.85663678	42.03263108	-3.5129381	Borbona-L'Aquila-Aremogna
14.0085226	41.75106264	-13.4906676	Borbona-L'Aquila-Aremogna
14.06053598	41.80550452	-4.1018326	Borbona-L'Aquila-Aremogna
13.23797739	42.39963275	-13.490668	Borbona-L'Aquila-Aremogna
13.51717931	42.31488198	-2.9225167	Borbona-L'Aquila-Aremogna
13.307627	42.40579899	-7.6944442	Borbona-L'Aquila-Aremogna
13.14587831	42.47584573	-11.6060762	Borbona-L'Aquila-Aremogna
13.63066413	42.20347491	-5.2700777	Borbona-L'Aquila-Aremogna
13.43326698	42.29410694	-11.5815408	Borbona-L'Aquila-Aremogna
13.33502023	42.38973821	-7.6268355	Borbona-L'Aquila-Aremogna
13.42285889	42.30989793	-10.558452	Borbona-L'Aquila-Aremogna
13.24040349	42.4410454	-8.6197008	Borbona-L'Aquila-Aremogna
13.14990498	42.48417413	-10.3690367	Borbona-L'Aquila-Aremogna
13.62296708	42.2123232	-4.9728304	Borbona-L'Aquila-Aremogna
13.26496449	42.38220221	-13.4906099	Borbona-L'Aquila-Aremogna
13.22457541	42.43769549	-10.1571773	Borbona-L'Aquila-Aremogna
13.39503827	42.33719738	-9.5072689	Borbona-L'Aquila-Aremogna
13.79711678	41.99082887	-12.5735098	Borbona-L'Aquila-Aremogna
13.43765015	42.27409311	-13.4908345	Borbona-L'Aquila-Aremogna
13.81030134	42.09276862	-2.000524	Borbona-L'Aquila-Aremogna
13.44440541	42.27828048	-12.5183477	Borbona-L'Aquila-Aremogna
13.4933387	42.33989258	-2.0000006	Borbona-L'Aquila-Aremogna
13.75617883	42.08766913	-6.9188468	Borbona-L'Aquila-Aremogna
14.0653704	41.7780352	-5.9199929	Borbona-L'Aquila-Aremogna
13.58136395	42.27442678	-2.0008326	Borbona-L'Aquila-Aremogna
13.12739793	42.53432335	-6.347303	Borbona-L'Aquila-Aremogna
14.06196867	41.8292813	-1.9999981	Borbona-L'Aquila-Aremogna
14.01724577	41.8138985	-7.4724268	Borbona-L'Aquila-Aremogna
13.17976155	42.51330794	-4.8846361	Borbona-L'Aquila-Aremogna
13.95913511	41.93594452	-2.5445147	Borbona-L'Aquila-Aremogna
13.39677114	42.35648592	-7.133659	Borbona-L'Aquila-Aremogna
13.57343982	42.17337784	-12.9539737	Borbona-L'Aquila-Aremogna
13.16852036	42.49047251	-8.2914405	Borbona-L'Aquila-Aremogna
13.755338	42.13693857	-1.9999683	Borbona-L'Aquila-Aremogna
13.22498885	42.40801824	-13.4906671	Borbona-L'Aquila-Aremogna
13.81430269	41.96443988	-13.4906671	Borbona-L'Aquila-Aremogna
13.84470412	42.05177739	-2.7995582	Borbona-L'Aquila-Aremogna
13.50493337	42.30285555	-5.1455242	Borbona-L'Aquila-Aremogna
13.7183558	42.10499745	-8.2414259	Borbona-L'Aquila-Aremogna
13.26922509	42.4073082	-10.3346182	Borbona-L'Aquila-Aremogna
13.68037082	42.16667496	-5.0873809	Borbona-L'Aquila-Aremogna
13.91647344	41.89878036	-9.6451909	Borbona-L'Aquila-Aremogna
13.13893201	42.52597538	-6.4460511	Borbona-L'Aquila-Aremogna
13.29117893	42.43346381	-5.7643845	Borbona-L'Aquila-Aremogna
13.88092044	41.95632063	-8.0364899	Borbona-L'Aquila-Aremogna
13.51426373	42.24192557	-10.7174244	Borbona-L'Aquila-Aremogna
13.9538117	41.86154449	-9.3645018	Borbona-L'Aquila-Aremogna
13.73717972	42.0422608	-13.060046	Borbona-L'Aquila-Aremogna
13.4966845	42.22868716	-13.4906632	Borbona-L'Aquila-Aremogna
13.97755825	41.80526145	-11.9136646	Borbona-L'Aquila-Aremogna
13.70156802	42.18014985	-2.0000001	Borbona-L'Aquila-Aremogna
13.07987768	42.50197672	-13.4906671	Borbona-L'Aquila-Aremogna
13.68147858	42.17717595	-3.9150809	Borbona-L'Aquila-Aremogna
13.19389353	42.49660977	-5.7362639	Borbona-L'Aquila-Aremogna
13.46298062	42.29513655	-9.2870039	Borbona-L'Aquila-Aremogna
13.27578661	42.42398083	-7.9652688	Borbona-L'Aquila-Aremogna
13.34450398	42.35920727	-10.5192523	Borbona-L'Aquila-Aremogna
13.21520502	42.44942612	-9.5126336	Borbona-L'Aquila-Aremogna
13.76021393	42.10494999	-4.8415455	Borbona-L'Aquila-Aremogna
14.01141091	41.83668701	-6.1339178	Borbona-L'Aquila-Aremogna
14.01741562	41.76387957	-11.5951558	Borbona-L'Aquila-Aremogna
13.6706716	42.20097629	-2.3255689	Borbona-L'Aquila-Aremogna
13.20026561	42.48375672	-6.7219468	Borbona-L'Aquila-Aremogna
13.32007135	42.37705169	-10.1667537	Borbona-L'Aquila-Aremogna
13.17044879	42.52076511	-4.7242474	Borbona-L'Aquila-Aremogna
13.16312793	42.45444102	-12.760565	Borbona-L'Aquila-Aremogna
13.45934896	42.32564846	-6.1025273	Borbona-L'Aquila-Aremogna
13.89776089	41.983252	-4.1907073	Borbona-L'Aquila-Aremogna
13.48272937	42.34424889	-2.2848721	Borbona-L'Aquila-Aremogna
14.05278776	41.81656292	-3.9145133	Borbona-L'Aquila-Aremogna
13.43530134	42.28217677	-12.7814766	Borbona-L'Aquila-Aremogna
13.33030247	42.4085694	-5.7619968	Borbona-L'Aquila-Aremogna
13.90241232	41.89564781	-11.2097767	Borbona-L'Aquila-Aremogna
14.08941754	41.79812153	-1.9999996	Borbona-L'Aquila-Aremogna
13.85723101	41.99263892	-7.1335213	Borbona-L'Aquila-Aremogna
13.69441046	42.18570845	-2.0000968	Borbona-L'Aquila-Aremogna
13.77774693	42.11382367	-2.5170806	Borbona-L'Aquila-Aremogna
13.35527363	42.41874462	-2.8054029	Borbona-L'Aquila-Aremogna
13.96258468	41.83370622	-10.9207867	Borbona-L'Aquila-Aremogna
13.44126283	42.36177781	-3.340668	Borbona-L'Aquila-Aremogna
13.31509903	42.40692783	-7.0290585	Borbona-L'Aquila-Aremogna
13.20861633	42.44295536	-10.7281402	Borbona-L'Aquila-Aremogna
13.34813673	42.33154059	-13.4906715	Borbona-L'Aquila-Aremogna
13.38758458	42.33212189	-10.6275777	Borbona-L'Aquila-Aremogna
13.85845187	42.00725499	-5.68541	Borbona-L'Aquila-Aremogna
13.48537592	42.2435165	-12.8556881	Borbona-L'Aquila-Aremogna
13.72718473	42.08380137	-9.668972	Borbona-L'Aquila-Aremogna
13.81068423	41.97448748	-12.884981	Borbona-L'Aquila-Aremogna
13.23191919	42.48630816	-4.1106239	Borbona-L'Aquila-Aremogna
13.54499641	42.29454748	-2.8133228	Borbona-L'Aquila-Aremogna
13.19633551	42.50672791	-4.4130413	Borbona-L'Aquila-Aremogna
14.03414334	41.86084951	-2.0003404	Borbona-L'Aquila-Aremogna
13.13956768	42.54260223	-4.5183707	Borbona-L'Aquila-Aremogna
13.44701552	42.36651545	-2.3831607	Borbona-L'Aquila-Aremogna
13.15632701	42.55400002	-2.0000001	Borbona-L'Aquila-Aremogna
13.48523503	42.25829789	-11.3349696	Borbona-L'Aquila-Aremogna
13.45803612	42.28582917	-10.6493306	Borbona-L'Aquila-Aremogna
13.88235623	41.98416822	-5.5351741	Borbona-L'Aquila-Aremogna
13.25779217	42.45654396	-5.5908331	Borbona-L'Aquila-Aremogna
13.64298648	42.22561151	-1.9994439	Borbona-L'Aquila-Aremogna
13.65890367	42.10092758	-13.4906671	Borbona-L'Aquila-Aremogna
13.27075846	42.38184041	-13.1075982	Borbona-L'Aquila-Aremogna
13.2828507	42.37115935	-13.490776	Borbona-L'Aquila-Aremogna
13.63922425	42.14022835	-11.1091783	Borbona-L'Aquila-Aremogna
13.23232143	42.46677773	-6.2934344	Borbona-L'Aquila-Aremogna
14.01464886	41.77964053	-10.5511209	Borbona-L'Aquila-Aremogna
13.66563248	42.18451583	-4.4268094	Borbona-L'Aquila-Aremogna
13.336932	42.42302322	-3.6034654	Borbona-L'Aquila-Aremogna
13.68827643	42.14899721	-6.2356756	Borbona-L'Aquila-Aremogna
14.00623182	41.84368459	-6.0409362	Borbona-L'Aquila-Aremogna
13.15180241	42.55092324	-2.6798634	Borbona-L'Aquila-Aremogna
13.3435233	42.33983184	-12.850003	Borbona-L'Aquila-Aremogna
13.95919555	41.94228509	-1.9999376	Borbona-L'Aquila-Aremogna
13.75482668	42.04941239	-10.8956402	Borbona-L'Aquila-Aremogna
13.31463214	42.4515377	-1.9999996	Borbona-L'Aquila-Aremogna
14.00585998	41.88158343	-2.8537266	Borbona-L'Aquila-Aremogna
13.58800487	42.26919503	-2.0000001	Borbona-L'Aquila-Aremogna
13.86836192	42.01502933	-4.1019715	Borbona-L'Aquila-Aremogna
13.45301221	42.3150081	-7.7704688	Borbona-L'Aquila-Aremogna
13.16492869	42.54842585	-1.9999991	Borbona-L'Aquila-Aremogna
13.9475107	41.92081056	-4.9051868	Borbona-L'Aquila-Aremogna
13.91343633	41.88017385	-11.5085291	Borbona-L'Aquila-Aremogna
13.24624733	42.41663598	-10.9588289	Borbona-L'Aquila-Aremogna
13.54552412	42.23246137	-9.1810465	Borbona-L'Aquila-Aremogna
13.36840821	42.36733653	-7.8769978	Borbona-L'Aquila-Aremogna
13.17956093	42.52460855	-3.6212603	Borbona-L'Aquila-Aremogna
13.46740728	42.25799873	-12.7871656	Borbona-L'Aquila-Aremogna
13.91868623	41.98629046	-2.0000006	Borbona-L'Aquila-Aremogna
14.02882328	41.76902647	-10.097929	Borbona-L'Aquila-Aremogna
13.5087957	42.3263181	-2.4021729	Borbona-L'Aquila-Aremogna
13.8339119	41.94843983	-13.0477974	Borbona-L'Aquila-Aremogna
13.56335295	42.22782642	-8.2124451	Borbona-L'Aquila-Aremogna
13.96622669	41.79906405	-13.4906661	Borbona-L'Aquila-Aremogna
13.11507325	42.52026202	-8.8417348	Borbona-L'Aquila-Aremogna
13.59400502	42.19176967	-9.4108233	Borbona-L'Aquila-Aremogna
13.5114725	42.32813905	-2.0000001	Borbona-L'Aquila-Aremogna
13.10994195	42.52244477	-8.9710045	Borbona-L'Aquila-Aremogna
13.59300904	42.2110973	-7.5203171	Borbona-L'Aquila-Aremogna
13.91725354	41.93014628	-6.9062756	Borbona-L'Aquila-Aremogna
13.53359284	42.20546066	-12.8993824	Borbona-L'Aquila-Aremogna
13.6176509	42.22902623	-3.6996795	Borbona-L'Aquila-Aremogna
13.71394784	42.13050673	-6.018744	Borbona-L'Aquila-Aremogna
13.55263662	42.20059585	-11.8556417	Borbona-L'Aquila-Aremogna
13.50025274	42.29301791	-6.538649	Borbona-L'Aquila-Aremogna
13.67856722	42.09259149	-12.7341534	Borbona-L'Aquila-Aremogna
13.40208986	42.29743069	-13.4906661	Borbona-L'Aquila-Aremogna
13.58097297	42.25560579	-3.9545784	Borbona-L'Aquila-Aremogna
13.3485264	42.34945873	-11.3720755	Borbona-L'Aquila-Aremogna
13.72291413	42.14008673	-4.3196783	Borbona-L'Aquila-Aremogna
13.44905768	42.3685772	-2.000085	Borbona-L'Aquila-Aremogna
13.62400592	42.12894067	-13.4908272	Borbona-L'Aquila-Aremogna
13.11771399	42.52773408	-7.8027871	Borbona-L'Aquila-Aremogna
13.73195895	42.09976713	-7.6645402	Borbona-L'Aquila-Aremogna
14.07602643	41.81332595	-1.9999996	Borbona-L'Aquila-Aremogna
13.12947363	42.5204857	-7.7605937	Borbona-L'Aquila-Aremogna
13.81921967	42.03466263	-6.6070386	Borbona-L'Aquila-Aremogna
13.10306217	42.51776206	-10.0051639	Borbona-L'Aquila-Aremogna
13.20493273	42.52248965	-1.9999991	Borbona-L'Aquila-Aremogna
13.85397066	41.96225057	-10.0207249	Borbona-L'Aquila-Aremogna
13.37756649	42.31873684	-12.8780919	Borbona-L'Aquila-Aremogna
13.80522317	42.04794612	-6.6130235	Borbona-L'Aquila-Aremogna
13.81400981	42.08973811	-2.0000001	Borbona-L'Aquila-Aremogna
13.73138195	42.07318548	-10.401951	Borbona-L'Aquila-Aremogna
13.82885701	41.96544114	-12.0680943	Borbona-L'Aquila-Aremogna
14.0047707	41.81363983	-8.6651805	Borbona-L'Aquila-Aremogna
14.03837798	41.8287914	-4.2556422	Borbona-L'Aquila-Aremogna
13.57258245	42.20580267	-9.7119136	Borbona-L'Aquila-Aremogna
13.17834841	42.53268046	-2.7971646	Borbona-L'Aquila-Aremogna
13.96304798	41.92311724	-3.2747657	Borbona-L'Aquila-Aremogna
13.40740841	42.36099407	-5.8538361	Borbona-L'Aquila-Aremogna
13.67281625	42.15894738	-6.4865117	Borbona-L'Aquila-Aremogna
13.70420428	42.12436923	-7.432632	Borbona-L'Aquila-Aremogna
13.12409042	42.50969298	-9.3761701	Borbona-L'Aquila-Aremogna
13.09921555	42.4894421	-13.4906671	Borbona-L'Aquila-Aremogna
13.92631718	41.86950124	-11.2269444	Borbona-L'Aquila-Aremogna
13.42518564	42.33535852	-7.5077185	Borbona-L'Aquila-Aremogna
13.64620536	42.2181351	-2.5134185	Borbona-L'Aquila-Aremogna
13.87085009	42.0048243	-4.8221141	Borbona-L'Aquila-Aremogna
13.12615368	42.47197312	-13.490669	Borbona-L'Aquila-Aremogna
13.65019076	42.15976361	-8.2157273	Borbona-L'Aquila-Aremogna
13.76285833	42.05927683	-9.2489295	Borbona-L'Aquila-Aremogna
13.56487277	42.17484975	-13.4905733	Borbona-L'Aquila-Aremogna
13.87591203	41.97035988	-7.304858	Borbona-L'Aquila-Aremogna
13.81471346	42.02595811	-7.8021879	Borbona-L'Aquila-Aremogna
13.37328383	42.35188511	-9.3348759	Borbona-L'Aquila-Aremogna
13.67599779	42.10552898	-11.6342054	Borbona-L'Aquila-Aremogna
13.31320845	42.42831203	-4.7362369	Borbona-L'Aquila-Aremogna
13.67881153	42.1168626	-10.2583206	Borbona-L'Aquila-Aremogna
13.70359121	42.10572001	-9.3695371	Borbona-L'Aquila-Aremogna
13.13895002	42.46844777	-12.9506959	Borbona-L'Aquila-Aremogna
13.75225002	42.12125705	-3.8384471	Borbona-L'Aquila-Aremogna
13.53871195	42.25713586	-7.1917913	Borbona-L'Aquila-Aremogna
13.79961689	42.10135277	-2.000003	Borbona-L'Aquila-Aremogna
13.87537441	41.91759348	-11.8418756	Borbona-L'Aquila-Aremogna
13.28571006	42.47020457	-2.0000001	Borbona-L'Aquila-Aremogna
13.25353073	42.39519848	-12.8550889	Borbona-L'Aquila-Aremogna
13.2264947	42.50125536	-2.8193145	Borbona-L'Aquila-Aremogna
13.81494548	41.98191428	-11.8289835	Borbona-L'Aquila-Aremogna
13.93288913	41.9304054	-5.4398494	Borbona-L'Aquila-Aremogna
13.32096557	42.39862089	-7.5849425	Borbona-L'Aquila-Aremogna
13.29060077	42.39319981	-10.3686024	Borbona-L'Aquila-Aremogna
13.08430403	42.50499101	-12.8251666	Borbona-L'Aquila-Aremogna
13.58313572	42.26791338	-2.5241973	Borbona-L'Aquila-Aremogna
13.19661558	42.46867059	-8.6951025	Borbona-L'Aquila-Aremogna
13.22532005	42.41228259	-12.9831622	Borbona-L'Aquila-Aremogna
13.80240123	42.02818979	-8.6765563	Borbona-L'Aquila-Aremogna
13.67409863	42.17232039	-5.0067125	Borbona-L'Aquila-Aremogna
14.04314635	41.85063368	-1.9999527	Borbona-L'Aquila-Aremogna
13.19427398	42.4613217	-9.6975308	Borbona-L'Aquila-Aremogna
13.69897075	42.13689358	-6.5908824	Borbona-L'Aquila-Aremogna
13.18114254	42.43630976	-13.490647	Borbona-L'Aquila-Aremogna
13.74926104	42.03466664	-12.7395836	Borbona-L'Aquila-Aremogna
13.17059835	42.44313012	-13.4905445	Borbona-L'Aquila-Aremogna
13.11700967	42.48581581	-12.5959498	Borbona-L'Aquila-Aremogna
13.19872308	42.43300483	-12.5795909	Borbona-L'Aquila-Aremogna
14.01547451	41.8237388	-6.8242796	Borbona-L'Aquila-Aremogna
13.26369028	42.39984593	-11.5851307	Borbona-L'Aquila-Aremogna
13.63397167	42.23275134	-2.0000074	Borbona-L'Aquila-Aremogna
13.95789446	41.89253392	-6.3520903	Borbona-L'Aquila-Aremogna
13.44352219	42.30088069	-10.0638143	Borbona-L'Aquila-Aremogna
13.78446384	41.99766325	-13.0549796	Borbona-L'Aquila-Aremogna
13.79590647	42.06633135	-5.7392486	Borbona-L'Aquila-Aremogna
13.26782826	42.44138653	-6.5748721	Borbona-L'Aquila-Aremogna
13.39698107	42.34641424	-8.2941476	Borbona-L'Aquila-Aremogna
13.99656445	41.79017481	-11.3777601	Borbona-L'Aquila-Aremogna
13.68204384	42.19530684	-2.0000001	Borbona-L'Aquila-Aremogna
13.5512782	42.25787803	-6.1126806	Borbona-L'Aquila-Aremogna
13.96001071	41.81303507	-12.9165191	Borbona-L'Aquila-Aremogna
13.62057789	42.17282609	-9.2391202	Borbona-L'Aquila-Aremogna
13.98254526	41.85651239	-7.1384824	Borbona-L'Aquila-Aremogna
13.89289038	41.9604262	-6.5819034	Borbona-L'Aquila-Aremogna
13.18052671	42.53831544	-1.9999996	Borbona-L'Aquila-Aremogna
13.67079255	42.20403853	-2.0000001	Borbona-L'Aquila-Aremogna
13.84953183	41.94215243	-12.1402135	Borbona-L'Aquila-Aremogna
13.94931726	41.95302038	-2.0000006	Borbona-L'Aquila-Aremogna
14.07217341	41.79802221	-3.6278438	Borbona-L'Aquila-Aremogna
13.70640469	42.06804167	-12.9544356	Borbona-L'Aquila-Aremogna
13.97604194	41.84085915	-9.0697263	Borbona-L'Aquila-Aremogna
13.77131585	42.12409964	-1.9999898	Borbona-L'Aquila-Aremogna
13.15531335	42.45305329	-13.4906749	Borbona-L'Aquila-Aremogna
13.48993664	42.30962933	-5.6388497	Borbona-L'Aquila-Aremogna
13.81880711	42.08516605	-1.9999996	Borbona-L'Aquila-Aremogna
13.77164051	42.07645015	-6.7961356	Borbona-L'Aquila-Aremogna
13.35222076	42.38085147	-7.4460973	Borbona-L'Aquila-Aremogna
13.66344845	42.11746844	-11.4468843	Borbona-L'Aquila-Aremogna
13.88896248	42.01040423	-2.6940494	Borbona-L'Aquila-Aremogna
13.80810284	41.97035842	-13.4905919	Borbona-L'Aquila-Aremogna
13.86441279	41.98435644	-7.1758787	Borbona-L'Aquila-Aremogna
13.54624148	42.30143606	-1.9999996	Borbona-L'Aquila-Aremogna
13.5896003	42.15564699	-13.4906715	Borbona-L'Aquila-Aremogna
13.59867097	42.26074189	-2.0000001	Borbona-L'Aquila-Aremogna
13.46453741	42.29217783	-9.4726102	Borbona-L'Aquila-Aremogna
13.90019246	41.93674417	-7.9212836	Borbona-L'Aquila-Aremogna
13.31813699	42.41677095	-5.6829012	Borbona-L'Aquila-Aremogna
13.73521549	42.05563642	-11.865754	Borbona-L'Aquila-Aremogna
13.21069117	42.49586302	-4.58839	Borbona-L'Aquila-Aremogna
13.95016482	41.9055259	-5.9606867	Borbona-L'Aquila-Aremogna
13.86289494	41.99757948	-6.1845233	Borbona-L'Aquila-Aremogna
13.58836632	42.22489887	-6.488552	Borbona-L'Aquila-Aremogna
14.02074569	41.80273905	-8.0673102	Borbona-L'Aquila-Aremogna
13.33245478	42.35234257	-12.1740264	Borbona-L'Aquila-Aremogna
13.68135735	42.08287194	-13.4906153	Borbona-L'Aquila-Aremogna
13.91066032	41.98499839	-2.8510274	Borbona-L'Aquila-Aremogna
13.16305626	42.51003356	-6.4801633	Borbona-L'Aquila-Aremogna
13.92634823	41.88373314	-10.013543	Borbona-L'Aquila-Aremogna
13.84255696	42.02260798	-5.6686356	Borbona-L'Aquila-Aremogna
13.97326548	41.83171617	-10.1032559	Borbona-L'Aquila-Aremogna
13.63104335	42.22955624	-2.5625714	Borbona-L'Aquila-Aremogna
13.13342581	42.4852726	-11.4534671	Borbona-L'Aquila-Aremogna
13.68560821	42.16117229	-5.2202847	Borbona-L'Aquila-Aremogna
13.438837	42.27869317	-12.9160982	Borbona-L'Aquila-Aremogna
13.55929633	42.21241816	-10.1116927	Borbona-L'Aquila-Aremogna
13.409706	42.33591015	-8.5795986	Borbona-L'Aquila-Aremogna
13.79331182	42.02537423	-9.7322611	Borbona-L'Aquila-Aremogna
13.85285383	41.93147683	-12.74138	Borbona-L'Aquila-Aremogna
13.78712251	42.071424	-6.0409152	Borbona-L'Aquila-Aremogna
13.5234037	42.28263278	-5.7697763	Borbona-L'Aquila-Aremogna
13.62528723	42.17956596	-8.16697	Borbona-L'Aquila-Aremogna
13.32359478	42.43442776	-3.2831202	Borbona-L'Aquila-Aremogna
13.67784902	42.18873903	-3.0132066	Borbona-L'Aquila-Aremogna
13.09004032	42.4990301	-13.078918	Borbona-L'Aquila-Aremogna
14.00588191	41.86079459	-4.6189134	Borbona-L'Aquila-Aremogna
13.69553518	42.1167764	-8.9063697	Borbona-L'Aquila-Aremogna
13.19250466	42.51804017	-3.4147896	Borbona-L'Aquila-Aremogna
13.58076208	42.24106895	-5.4543819	Borbona-L'Aquila-Aremogna
13.43878515	42.34089621	-5.8846673	Borbona-L'Aquila-Aremogna
13.79964254	42.08401827	-3.752588	Borbona-L'Aquila-Aremogna
13.13560405	42.51053049	-8.4371679	Borbona-L'Aquila-Aremogna
13.25617023	42.48925618	-1.9995938	Borbona-L'Aquila-Aremogna
13.93727306	41.95315008	-3.1014908	Borbona-L'Aquila-Aremogna
13.76089283	42.01985349	-13.0819102	Borbona-L'Aquila-Aremogna
13.38567369	42.30806474	-13.4905924	Borbona-L'Aquila-Aremogna
13.76304328	42.05501407	-9.660445	Borbona-L'Aquila-Aremogna
13.36147803	42.3271826	-13.0537398	Borbona-L'Aquila-Aremogna
13.62950787	42.12455559	-13.4908414	Borbona-L'Aquila-Aremogna
14.02406274	41.85585071	-3.3597784	Borbona-L'Aquila-Aremogna
13.88593474	41.92185649	-10.5039964	Borbona-L'Aquila-Aremogna
13.27681822	42.44986256	-4.9564525	Borbona-L'Aquila-Aremogna
13.33263583	42.39963108	-6.6405522	Borbona-L'Aquila-Aremogna
13.24060318	42.40145491	-13.0920831	Borbona-L'Aquila-Aremogna
13.94174218	41.87366744	-9.4482105	Borbona-L'Aquila-Aremogna
13.6555567	42.2072219	-2.891126	Borbona-L'Aquila-Aremogna
13.73881833	42.15022103	-1.9999996	Borbona-L'Aquila-Aremogna
13.24840936	42.46762509	-5.0207965	Borbona-L'Aquila-Aremogna
13.57332363	42.16827458	-13.4906109	Borbona-L'Aquila-Aremogna
13.22023372	42.47256251	-6.5218437	Borbona-L'Aquila-Aremogna
13.37780565	42.40760906	-2.509897	Borbona-L'Aquila-Aremogna
13.15267269	42.54799494	-2.9473824	Borbona-L'Aquila-Aremogna
13.30235037	42.40066183	-8.6645008	Borbona-L'Aquila-Aremogna
13.89978199	41.92748291	-8.7465767	Borbona-L'Aquila-Aremogna
13.37224758	42.32248064	-12.8397144	Borbona-L'Aquila-Aremogna
13.75601226	42.09833433	-5.8529641	Borbona-L'Aquila-Aremogna
13.13087871	42.49632308	-10.3905806	Borbona-L'Aquila-Aremogna
13.83272223	42.03654993	-5.2497037	Borbona-L'Aquila-Aremogna
13.59199622	42.25845163	-2.7732281	Borbona-L'Aquila-Aremogna
13.78718879	41.9903221	-13.4906676	Borbona-L'Aquila-Aremogna
13.99491958	41.80270376	-10.4953131	Borbona-L'Aquila-Aremogna
13.27024697	42.37880068	-13.4906671	Borbona-L'Aquila-Aremogna
14.06408294	41.81989506	-2.5781231	Borbona-L'Aquila-Aremogna
13.56567502	42.18014135	-12.8859791	Borbona-L'Aquila-Aremogna
13.63918188	42.1360318	-11.5424586	Borbona-L'Aquila-Aremogna
13.19288218	42.53030462	-2.0000015	Borbona-L'Aquila-Aremogna
14.03113194	41.85906356	-2.4314727	Borbona-L'Aquila-Aremogna
13.33564985	42.42760171	-3.1741246	Borbona-L'Aquila-Aremogna
13.82476208	42.00026428	-9.2822103	Borbona-L'Aquila-Aremogna
13.65129477	42.11259088	-12.9293033	Borbona-L'Aquila-Aremogna
13.11268533	42.48070831	-13.4906671	Borbona-L'Aquila-Aremogna
13.99435185	41.88990611	-3.2089141	Borbona-L'Aquila-Aremogna
13.47581029	42.35124983	-2.0000035	Borbona-L'Aquila-Aremogna
13.34909976	42.40889928	-4.3924329	Borbona-L'Aquila-Aremogna
13.48537018	42.30330568	-6.6587369	Borbona-L'Aquila-Aremogna
13.41819371	42.35225434	-6.1083397	Borbona-L'Aquila-Aremogna
13.70692419	42.06232576	-13.490669	Borbona-L'Aquila-Aremogna
13.68039327	42.12621126	-9.1834627	Borbona-L'Aquila-Aremogna
13.9696362	41.81689055	-11.6956046	Borbona-L'Aquila-Aremogna
13.95323323	41.81977682	-12.9688604	Borbona-L'Aquila-Aremogna
13.8192227	42.01388067	-8.5167638	Borbona-L'Aquila-Aremogna
14.02418491	41.79254351	-8.5879822	Borbona-L'Aquila-Aremogna
13.48455726	42.26985854	-10.1906903	Borbona-L'Aquila-Aremogna
13.80539606	42.07375521	-4.2248282	Borbona-L'Aquila-Aremogna
13.71934388	42.06769989	-11.9364351	Borbona-L'Aquila-Aremogna
13.25279087	42.39006656	-13.4906729	Borbona-L'Aquila-Aremogna
13.95122697	41.81581633	-13.4906676	Borbona-L'Aquila-Aremogna
13.94998214	41.94380696	-2.721753	Borbona-L'Aquila-Aremogna
13.4756509	42.29700241	-8.0870125	Borbona-L'Aquila-Aremogna
13.948437	41.83459834	-12.1518853	Borbona-L'Aquila-Aremogna
13.85477838	42.05086657	-2.0000001	Borbona-L'Aquila-Aremogna
13.88525864	41.90712809	-11.8185372	Borbona-L'Aquila-Aremogna
13.98384565	41.81069595	-10.8735469	Borbona-L'Aquila-Aremogna
13.2857953	42.38798241	-11.3166029	Borbona-L'Aquila-Aremogna
13.60711423	42.1996996	-7.5437434	Borbona-L'Aquila-Aremogna
13.66967452	42.09226721	-13.4906695	Borbona-L'Aquila-Aremogna
13.57164463	42.28189476	-1.9999991	Borbona-L'Aquila-Aremogna
13.36017888	42.35154381	-10.303203	Borbona-L'Aquila-Aremogna
13.79694415	41.98101185	-13.4906671	Borbona-L'Aquila-Aremogna
13.26822463	42.39020787	-12.345147	Borbona-L'Aquila-Aremogna
13.17702159	42.47295921	-9.6478785	Borbona-L'Aquila-Aremogna
13.39120218	42.38874628	-3.7630992	Borbona-L'Aquila-Aremogna
13.33462016	42.43863113	-2.0000186	Borbona-L'Aquila-Aremogna
13.80368709	42.08270782	-3.5512012	Borbona-L'Aquila-Aremogna
13.43758861	42.31908168	-8.4401618	Borbona-L'Aquila-Aremogna
14.03375713	41.80336382	-6.7937614	Borbona-L'Aquila-Aremogna
14.03770645	41.84602622	-2.8919185	Borbona-L'Aquila-Aremogna
13.92974653	41.83915687	-13.4906666	Borbona-L'Aquila-Aremogna
13.50069654	42.32985894	-2.5954771	Borbona-L'Aquila-Aremogna
13.96825012	41.88046269	-6.4224102	Borbona-L'Aquila-Aremogna
13.5781921	42.27154074	-2.5514766	Borbona-L'Aquila-Aremogna
13.99284746	41.81456233	-9.7083214	Borbona-L'Aquila-Aremogna
13.52593029	42.21546698	-12.4984005	Borbona-L'Aquila-Aremogna
13.8160869	42.0809905	-2.6224136	Borbona-L'Aquila-Aremogna
13.60632445	42.16180133	-11.5172037	Borbona-L'Aquila-Aremogna
13.61263205	42.22013977	-5.0115123	Borbona-L'Aquila-Aremogna
13.28926331	42.46024362	-2.8692799	Borbona-L'Aquila-Aremogna
14.02567994	41.84041042	-4.4859947	Borbona-L'Aquila-Aremogna
13.38018579	42.39594394	-3.703252	Borbona-L'Aquila-Aremogna
14.00932701	41.75520288	-13.0726343	Borbona-L'Aquila-Aremogna
13.51168139	42.23323974	-11.8234586	Borbona-L'Aquila-Aremogna
13.33739643	42.43419644	-2.2991983	Borbona-L'Aquila-Aremogna
13.714813	42.0595324	-13.1315841	Borbona-L'Aquila-Aremogna
13.14469719	42.49564663	-9.4536729	Borbona-L'Aquila-Aremogna
13.50681266	42.33115975	-1.9999996	Borbona-L'Aquila-Aremogna
13.24582178	42.47856921	-3.9689117	Borbona-L'Aquila-Aremogna
13.49585825	42.32390914	-3.6230543	Borbona-L'Aquila-Aremogna
13.74443401	42.03109987	-13.4906671	Borbona-L'Aquila-Aremogna
13.34460628	42.37369071	-8.8213868	Borbona-L'Aquila-Aremogna
13.88266004	41.99870945	-4.2700145	Borbona-L'Aquila-Aremogna
13.99345263	41.83543338	-7.9228881	Borbona-L'Aquila-Aremogna
13.8531378	42.04259258	-2.9042921	Borbona-L'Aquila-Aremogna
13.74049749	42.03964209	-13.0501915	Borbona-L'Aquila-Aremogna
13.59269173	42.16895373	-11.8706099	Borbona-L'Aquila-Aremogna
13.21381937	42.50902456	-2.8707794	Borbona-L'Aquila-Aremogna
13.36878031	42.4174502	-1.9999991	Borbona-L'Aquila-Aremogna
13.9750127	41.78909749	-13.4906676	Borbona-L'Aquila-Aremogna
13.82156373	42.04790941	-5.1838724	Borbona-L'Aquila-Aremogna
13.14577663	42.53880607	-4.4926368	Borbona-L'Aquila-Aremogna
13.18840661	42.47995974	-8.0212288	Borbona-L'Aquila-Aremogna
13.66186934	42.19642384	-3.4997716	Borbona-L'Aquila-Aremogna
13.8662695	42.03990315	-2.0000006	Borbona-L'Aquila-Aremogna
13.52333511	42.29396675	-4.6003614	Borbona-L'Aquila-Aremogna
14.06145355	41.79443593	-4.9313172	Borbona-L'Aquila-Aremogna
13.90100724	41.90756009	-10.3267532	Borbona-L'Aquila-Aremogna
14.03690191	41.79411641	-7.263563	Borbona-L'Aquila-Aremogna
14.00429229	41.80497041	-9.4276396	Borbona-L'Aquila-Aremogna
13.36512199	42.38275355	-6.3101971	Borbona-L'Aquila-Aremogna
13.41969873	42.38655407	-1.9999981	Borbona-L'Aquila-Aremogna
13.42378836	42.32770992	-8.4754709	Borbona-L'Aquila-Aremogna
13.32752724	42.41887123	-4.757231	Borbona-L'Aquila-Aremogna
13.38122892	42.32567648	-11.825409	Borbona-L'Aquila-Aremogna
13.8786989	42.0072714	-3.9066221	Borbona-L'Aquila-Aremogna
13.50564999	42.22178789	-13.4907545	Borbona-L'Aquila-Aremogna
13.77465226	42.08644239	-5.539919	Borbona-L'Aquila-Aremogna
13.51740309	42.26148104	-8.4404595	Borbona-L'Aquila-Aremogna
13.83043172	41.97745198	-10.8817254	Borbona-L'Aquila-Aremogna
13.63747517	42.2233504	-2.6749293	Borbona-L'Aquila-Aremogna
13.62668027	42.21967732	-3.9221195	Borbona-L'Aquila-Aremogna
13.21430567	42.41910103	-13.0160777	Borbona-L'Aquila-Aremogna
13.87379531	42.001981	-4.8106995	Borbona-L'Aquila-Aremogna
13.72684843	42.1519138	-2.8025513	Borbona-L'Aquila-Aremogna
13.4987676	42.24845673	-11.2760203	Borbona-L'Aquila-Aremogna
13.7472481	42.04424544	-12.0351866	Borbona-L'Aquila-Aremogna
13.12615227	42.4767773	-12.9475528	Borbona-L'Aquila-Aremogna
13.31872903	42.41234714	-6.1411037	Borbona-L'Aquila-Aremogna
13.69078513	42.18096316	-2.7795284	Borbona-L'Aquila-Aremogna
13.94947837	41.93323315	-3.6669317	Borbona-L'Aquila-Aremogna
13.80234152	42.04042138	-7.5574127	Borbona-L'Aquila-Aremogna
13.88437248	41.88841905	-13.4905274	Borbona-L'Aquila-Aremogna
13.37575469	42.34012478	-10.5321148	Borbona-L'Aquila-Aremogna
13.83964702	41.98991245	-8.9279633	Borbona-L'Aquila-Aremogna
13.78764255	42.09476764	-3.640505	Borbona-L'Aquila-Aremogna
13.30083261	42.38607511	-10.4755511	Borbona-L'Aquila-Aremogna
13.38065412	42.35784127	-8.1175859	Borbona-L'Aquila-Aremogna
13.87276263	41.99176196	-5.7748414	Borbona-L'Aquila-Aremogna
13.6566572	42.21500573	-2.0000196	Borbona-L'Aquila-Aremogna
