11.093027	47.316	-3.5000004	Brenner
11.48536521	47.05937702	-4.1637338	Brenner
11.32490017	46.89147798	-15.0058217	Brenner
11.08768738	47.31420494	-3.949952	Brenner
11.1136373	47.27817092	-8.5310203	Brenner
11.46043491	47.09969292	-5.0426898	Brenner
11.30011348	47.12299735	-15.8249608	Brenner
11.29273661	46.85342954	-16.3557948	Brenner
11.18631456	47.28050045	-5.5997186	Brenner
11.4407036	47.11018079	-6.105798	Brenner
11.34712246	46.96645817	-15.9580277	Brenner
11.07367149	47.30949233	-5.1310731	Brenner
11.32251381	47.06237689	-16.3556615	Brenner
11.26030105	47.27640371	-3.5000594	Brenner
11.26298637	47.1529873	-16.3557523	Brenner
11.19522702	47.25963459	-8.2641619	Brenner
11.23172007	47.17610185	-16.3557157	Brenner
11.44860665	47.09270064	-6.125788	Brenner
11.20597438	47.28751862	-3.8833929	Brenner
11.32630282	47.05455315	-16.3557523	Brenner
11.48152672	46.98232613	-3.4999994	Brenner
11.41195304	46.95362583	-9.1726185	Brenner
11.06013317	47.30493917	-6.2720214	Brenner
11.25135152	47.17450459	-15.4635048	Brenner
11.33181241	47.14945228	-12.4370431	Brenner
11.25315331	47.17142935	-15.6485433	Brenner
11.4382388	47.01340976	-8.8833455	Brenner
11.28318943	47.25083419	-6.3809974	Brenner
11.01585948	47.27272449	-12.6265819	Brenner
11.28155268	47.18098562	-13.2543663	Brenner
11.18449093	47.27191651	-6.9052616	Brenner
11.06961286	47.25202472	-13.8790096	Brenner
11.04611899	47.30022483	-7.4531434	Brenner
11.41061276	46.99812238	-10.9877218	Brenner
11.46946814	47.10700076	-4.1312362	Brenner
11.33924485	46.93861164	-15.670411	Brenner
11.34235839	47.11402262	-13.0951471	Brenner
11.24538217	47.23342415	-10.2573047	Brenner
11.35684407	46.93503218	-13.8247728	Brenner
11.33001375	47.25427993	-3.8751263	Brenner
11.33651597	47.02388589	-16.3557489	Brenner
11.10350846	47.27670325	-9.1032585	Brenner
11.00682029	47.25008498	-16.3556703	Brenner
11.03220104	47.29554167	-8.6262323	Brenner
11.34489254	47.08328038	-13.9984598	Brenner
11.3746182	47.02614236	-13.4049369	Brenner
11.01723546	47.29050472	-9.8877017	Brenner
11.21543971	47.2519155	-8.6099526	Brenner
11.29937426	46.82898731	-13.7702897	Brenner
11.41812699	46.86599999	-3.5000004	Brenner
11.41264572	47.20668742	-3.4999994	Brenner
11.34072699	47.2069151	-7.7095189	Brenner
11.34358915	47.01737968	-15.9808666	Brenner
11.06284868	47.28017342	-9.9329046	Brenner
11.16847255	47.28939278	-4.951911	Brenner
11.29702734	46.85970395	-16.3557523	Brenner
11.31009313	46.88362859	-16.1287728	Brenner
11.00031682	47.25832198	-15.3252904	Brenner
11.43813901	46.89499512	-3.4999994	Brenner
11.20202242	47.24924999	-9.4806028	Brenner
11.00379584	47.28598023	-11.0206152	Brenner
11.39774874	46.99082075	-11.9609407	Brenner
11.33977361	46.92652357	-15.1406561	Brenner
11.26595989	46.81453212	-16.3557523	Brenner
11.11457028	47.2633079	-10.6449882	Brenner
11.06707125	47.26060589	-12.7317447	Brenner
11.43571806	46.97378807	-7.6268802	Brenner
10.99273976	47.28225734	-11.9526578	Brenner
11.37900783	47.05164041	-12.4352506	Brenner
11.31608373	46.89332842	-15.9676566	Brenner
11.23476992	47.1785517	-15.9662992	Brenner
11.38929864	46.94598438	-11.0848954	Brenner
11.28893257	47.24675405	-6.7541122	Brenner
11.33611253	47.18850861	-9.4189237	Brenner
10.97882512	47.27757088	-13.1257443	Brenner
11.16762875	47.22648919	-13.9948947	Brenner
11.49182454	47.00870323	-3.4999999	Brenner
11.34063489	47.25225305	-3.5000028	Brenner
11.30840635	47.25459364	-4.9462875	Brenner
11.30131702	46.83983564	-14.379181	Brenner
11.28968408	47.17729042	-13.0227933	Brenner
10.96462547	47.27278721	-14.3229359	Brenner
11.15206797	47.29853973	-4.1758593	Brenner
11.16275918	47.29656603	-4.118683	Brenner
11.31563396	47.07658403	-16.3557596	Brenner
11.33484904	47.20187199	-8.4902543	Brenner
11.32919894	47.10682733	-14.3045687	Brenner
11.33838876	47.23828015	-4.9178173	Brenner
11.3328207	47.05784547	-15.7681693	Brenner
11.34928323	46.98504482	-16.3557523	Brenner
11.27448147	46.82173352	-15.9627982	Brenner
11.27255331	47.24255428	-7.9673745	Brenner
11.29399766	47.18880029	-11.8728125	Brenner
10.94985497	47.26780994	-15.5683383	Brenner
11.3877983	46.99139041	-12.9492289	Brenner
11.35631145	47.12335969	-11.75176	Brenner
11.21085088	47.27517487	-5.4930634	Brenner
11.42619279	46.89827894	-5.0653007	Brenner
11.0114166	47.28132756	-11.4715708	Brenner
11.39302984	47.04149562	-11.6232114	Brenner
10.94051671	47.26466254	-16.3557523	Brenner
11.46739634	46.98316598	-4.9045912	Brenner
11.30667968	46.88111031	-16.3557479	Brenner
11.350823	46.93913052	-14.5649891	Brenner
11.37814063	47.01255461	-13.4764513	Brenner
11.37761309	47.21960539	-4.5728627	Brenner
11.13659264	47.26401289	-9.7572702	Brenner
11.36736945	47.17806382	-8.2631819	Brenner
11.46130654	46.9901598	-5.761306	Brenner
11.31871259	46.86703842	-14.5237904	Brenner
11.18406811	47.29558404	-3.4999867	Brenner
11.15740334	47.26366941	-9.0641898	Brenner
11.35142734	47.19709626	-7.8850137	Brenner
11.37909218	47.16100314	-8.7547593	Brenner
11.4013853	46.9228159	-8.7951619	Brenner
11.46443009	47.13541326	-3.5000853	Brenner
11.31988935	47.25930773	-3.8555292	Brenner
11.35488375	47.15286589	-10.7956074	Brenner
11.40143128	46.93343453	-9.2860983	Brenner
11.13812141	47.24360858	-12.629441	Brenner
11.13466644	47.29266837	-5.645767	Brenner
11.38101232	47.07131739	-11.7919626	Brenner
11.43211545	46.94046288	-6.5406466	Brenner
11.45203406	47.0821287	-6.1283741	Brenner
11.3278344	47.16931099	-11.2757216	Brenner
11.39327923	47.21852111	-3.8374642	Brenner
11.05949915	47.27043946	-11.5184401	Brenner
11.29331112	47.12190104	-16.3557523	Brenner
11.3158533	47.12839598	-14.4939149	Brenner
11.37562497	47.23227681	-3.4999432	Brenner
11.38926044	46.95033283	-11.2531019	Brenner
11.16600689	47.27765305	-6.7362804	Brenner
11.3739212	46.94798507	-12.6553531	Brenner
11.40010497	47.11083587	-9.0269364	Brenner
11.3572059	46.94913764	-14.3230638	Brenner
11.07821202	47.27552983	-10.1239288	Brenner
11.41325657	47.11717187	-7.8508641	Brenner
11.05355271	47.29528646	-7.9535637	Brenner
11.03714938	47.29441376	-8.6322571	Brenner
11.34096026	47.03137238	-15.8312201	Brenner
11.34228415	46.93011605	-15.0541014	Brenner
11.48073449	47.10013759	-3.5000004	Brenner
11.36629982	46.9319127	-12.7347865	Brenner
11.16765675	47.25961888	-9.2814523	Brenner
11.43037725	47.17823024	-4.4320624	Brenner
11.32091686	46.90041747	-15.8112328	Brenner
11.46393268	46.94357144	-3.4995087	Brenner
11.35733175	47.24272	-3.4999823	Brenner
11.35804286	46.87738149	-10.9813759	Brenner
11.31812546	47.18859159	-10.5023676	Brenner
11.31503356	47.1463249	-13.6741322	Brenner
11.11805601	47.29370507	-6.042712	Brenner
11.40809743	46.9594911	-9.7694545	Brenner
11.35732048	46.98934533	-15.6386537	Brenner
11.124862	47.28632034	-6.9353741	Brenner
11.39923213	47.00399315	-12.0887252	Brenner
11.36400222	47.07548316	-12.8862296	Brenner
11.26174724	47.18384902	-14.0429442	Brenner
11.45557656	47.14309598	-3.8720809	Brenner
11.27235093	47.26852168	-4.1683378	Brenner
11.45163335	46.93882674	-4.5103588	Brenner
11.43741273	46.95745814	-6.804702	Brenner
11.28753104	46.82891741	-15.0698026	Brenner
11.33871522	47.07003386	-14.9116478	Brenner
11.32632364	47.06732102	-15.9057489	Brenner
11.37121498	47.00386948	-14.2194691	Brenner
10.97964235	47.25917714	-15.8842069	Brenner
11.27431724	47.22530449	-9.523184	Brenner
11.31668121	46.8368037	-12.4565922	Brenner
11.14614341	47.27291108	-8.130578	Brenner
11.259285	47.26457527	-5.2064423	Brenner
11.46141972	46.95521913	-4.2948466	Brenner
11.17419194	47.24001042	-11.8093463	Brenner
11.4169058	46.93755072	-7.9282129	Brenner
11.33238456	46.92780676	-15.9320819	Brenner
11.30909783	47.19024592	-10.9322328	Brenner
11.04976721	47.26327845	-12.9283636	Brenner
11.45958763	47.14538393	-3.5002767	Brenner
11.3912556	47.08684642	-10.5109653	Brenner
11.25800623	47.1665313	-15.7009149	Brenner
10.99091765	47.27557099	-13.0260624	Brenner
11.28707302	46.84018132	-15.974599	Brenner
11.36231828	47.03202964	-14.1923656	Brenner
11.33774179	46.95286866	-16.3557533	Brenner
11.36144602	47.01107966	-14.781681	Brenner
11.35046964	47.2041473	-7.4451188	Brenner
11.36873826	47.18857687	-7.4380848	Brenner
11.23175016	47.22884181	-11.406288	Brenner
11.40717662	47.08115757	-9.5557531	Brenner
11.33510476	47.21580393	-7.1812079	Brenner
11.34691031	47.06066205	-14.6461307	Brenner
11.32686869	46.92491006	-16.3557523	Brenner
11.43637379	47.18632282	-3.5000673	Brenner
11.48917511	47.07440378	-3.499974	Brenner
11.06984181	47.23482468	-16.3557401	Brenner
11.3363241	47.09622934	-14.1654193	Brenner
10.97089822	47.26702766	-14.9864388	Brenner
11.1614597	47.2535127	-10.3717501	Brenner
11.25386198	47.26126591	-5.8781024	Brenner
10.95598115	47.26468981	-15.8370023	Brenner
11.26603988	47.19767592	-12.5301683	Brenner
10.95002722	47.26257282	-16.3557523	Brenner
11.13489224	47.30099557	-4.377056	Brenner
11.41616423	46.95008043	-8.5876744	Brenner
11.40880379	46.86285059	-4.2874149	Brenner
11.42298513	46.90226512	-5.7176493	Brenner
11.14803397	47.29196218	-5.3079154	Brenner
11.34783199	46.8422412	-9.4377508	Brenner
11.32059077	47.25738355	-4.0865433	Brenner
11.34611084	46.90323979	-13.4209532	Brenner
11.38198501	46.97290832	-12.8144569	Brenner
11.20951172	47.206382	-14.7194061	Brenner
11.44925031	46.91112892	-3.5000004	Brenner
11.42373962	47.01014128	-10.0725059	Brenner
11.46326638	46.97092322	-4.8418265	Brenner
11.44039958	46.90814246	-4.2472308	Brenner
11.27919869	47.21146295	-10.550552	Brenner
11.28574799	47.15858432	-14.5820604	Brenner
11.41422003	46.91708628	-7.2582101	Brenner
11.3464075	47.13254898	-12.1374586	Brenner
11.21953343	47.19304605	-15.4271708	Brenner
11.40072064	46.94983751	-10.1207139	Brenner
11.04844456	47.24010673	-16.3557421	Brenner
11.34968899	46.98356588	-16.3557523	Brenner
10.98912324	47.25397831	-16.3557523	Brenner
11.29927659	46.86469324	-16.3557523	Brenner
11.24623268	47.25563685	-6.9710243	Brenner
11.1686841	47.23406668	-12.8503593	Brenner
11.06542689	47.30084276	-6.7161976	Brenner
11.3383318	46.91356633	-14.6803744	Brenner
11.33557244	46.85267495	-11.580043	Brenner
11.41433371	47.19690151	-4.0885516	Brenner
11.36598235	47.20285432	-6.5969276	Brenner
11.35521756	47.09475447	-12.8467408	Brenner
11.19772145	47.21739838	-14.2747289	Brenner
11.36430526	47.23349189	-3.9877303	Brenner
11.43964324	47.01549761	-8.7306805	Brenner
11.39476701	47.15888759	-7.6984537	Brenner
11.49381206	47.03463934	-4.1391371	Brenner
11.47916731	46.97628013	-3.5000004	Brenner
11.47176837	47.07598066	-4.7828119	Brenner
11.15483144	47.21906412	-15.5307093	Brenner
11.29695003	47.22778498	-8.0919071	Brenner
11.5020544	47.03488841	-3.5000004	Brenner
11.40132862	46.97132498	-10.8749762	Brenner
11.39845856	47.18542197	-5.8604572	Brenner
11.44410616	47.1765676	-3.4999989	Brenner
11.30437838	47.13587825	-15.0540609	Brenner
11.4736222	47.1032921	-3.9599017	Brenner
11.38388957	47.20955614	-5.0391742	Brenner
11.31708455	47.25008741	-4.9507914	Brenner
11.33052492	46.84199757	-11.325688	Brenner
11.30827597	46.87064613	-15.7262738	Brenner
11.08288994	47.26970115	-10.8506481	Brenner
11.19550391	47.2682289	-7.0410602	Brenner
11.17602067	47.2481193	-10.5973414	Brenner
11.33927756	46.86824604	-12.3547174	Brenner
11.29313701	47.23983932	-7.1738383	Brenner
11.32970229	47.15875504	-11.9076543	Brenner
11.36077456	47.10897959	-11.9447788	Brenner
11.39884721	47.09990176	-9.5020289	Brenner
11.15150756	47.25446331	-10.6032423	Brenner
11.41288722	47.0950988	-8.6523155	Brenner
11.43020219	46.88349828	-3.4999999	Brenner
11.32755236	47.25972016	-3.5000004	Brenner
11.42812049	46.98236923	-8.6901323	Brenner
11.4306853	46.9629778	-7.7060751	Brenner
11.41143692	46.89193859	-6.2085372	Brenner
11.37047124	46.95793763	-13.3667894	Brenner
11.2304197	47.22173829	-12.1831571	Brenner
11.24387047	47.25918313	-6.5364496	Brenner
11.28402433	46.82064937	-14.8291317	Brenner
10.99454772	47.26707606	-14.1917426	Brenner
11.38169175	46.91630627	-10.4642157	Brenner
11.33238318	47.03645937	-16.3557513	Brenner
11.47816055	47.09742603	-3.7632909	Brenner
11.44005378	47.13651324	-5.2291058	Brenner
11.38957022	47.06667703	-11.2577274	Brenner
11.18094513	47.22885896	-13.1816034	Brenner
11.2536561	47.23490264	-9.727005	Brenner
11.03935559	47.27143912	-12.0385387	Brenner
11.39728412	47.21986525	-3.5000004	Brenner
11.4496326	47.150484	-4.036308	Brenner
11.17999425	47.2114342	-15.7692093	Brenner
11.234779	47.20068214	-13.9088475	Brenner
11.33726146	46.87330936	-12.9570236	Brenner
11.0521202	47.25438903	-14.1612904	Brenner
11.10242162	47.28986971	-7.1449972	Brenner
11.36028263	46.88108992	-11.0125842	Brenner
11.31839142	47.19872067	-9.6565276	Brenner
11.27145934	47.18040634	-13.8481107	Brenner
11.38242999	47.19534561	-6.1309171	Brenner
11.28476122	47.1987636	-11.4358702	Brenner
11.37958185	46.94293603	-11.9147711	Brenner
11.24183041	47.17033764	-16.3564506	Brenner
11.14016781	47.21693784	-16.3557533	Brenner
11.09637729	47.26966379	-10.3765443	Brenner
11.36600981	47.20936639	-6.1354352	Brenner
11.34229164	47.00631715	-16.3557435	Brenner
11.22631605	47.24875852	-8.6757048	Brenner
11.02808998	47.24513011	-16.3558158	Brenner
11.19863835	47.23937936	-11.0194657	Brenner
10.96904747	47.25839242	-16.3557518	Brenner
11.09831127	47.31483735	-3.5000004	Brenner
11.20234475	47.27979475	-5.1293593	Brenner
11.34998614	47.18646934	-8.7226499	Brenner
11.41772191	46.98936928	-9.9655394	Brenner
11.46434115	47.09771391	-4.8062675	Brenner
11.4491783	47.16635364	-3.5000018	Brenner
11.44022291	46.90628539	-4.129454	Brenner
11.35823498	47.05620634	-13.8991132	Brenner
11.33489783	46.83786639	-10.5304891	Brenner
11.26833806	47.23983607	-8.4896389	Brenner
11.27175937	46.81649624	-15.8656263	Brenner
11.21889558	47.2694411	-6.007901	Brenner
11.48592504	47.04352665	-4.5161058	Brenner
11.43997866	47.16109526	-4.3532045	Brenner
11.34727768	46.99114972	-16.3558075	Brenner
11.33253631	46.93948645	-16.3557406	Brenner
11.44129273	46.96406984	-6.7184635	Brenner
11.27974458	47.27133323	-3.4993324	Brenner
11.20347465	47.24537154	-9.9743148	Brenner
11.10829202	47.22498416	-16.3557484	Brenner
11.29967706	46.85002826	-15.333037	Brenner
11.18298283	47.22028872	-14.3668885	Brenner
11.17891051	47.25849187	-9.0259762	Brenner
11.22349158	47.2580366	-7.4496708	Brenner
11.03321543	47.26286412	-13.5414974	Brenner
11.16216839	47.21168757	-16.3557513	Brenner
11.46446203	47.11783873	-4.1141635	Brenner
11.36446065	47.14604624	-10.3487139	Brenner
11.43960278	47.08668212	-6.9590006	Brenner
11.04117411	47.24557464	-15.8249135	Brenner
11.49519303	47.05605756	-3.5000096	Brenner
11.42282783	47.19794999	-3.5000052	Brenner
11.07351121	47.2869103	-8.5571871	Brenner
11.13509474	47.2207348	-15.9742176	Brenner
11.14247265	47.25107389	-11.4150455	Brenner
11.34631533	47.16492026	-10.4661544	Brenner
11.20483181	47.27126844	-6.2688951	Brenner
11.0481493	47.28714581	-9.3666918	Brenner
11.42909064	47.03361059	-9.0807036	Brenner
11.40378416	47.08824062	-9.5532398	Brenner
11.12372563	47.2373384	-14.0438495	Brenner
11.09237331	47.23691873	-15.250847	Brenner
11.29734632	47.14841337	-14.5976166	Brenner
11.32837131	47.04866113	-16.3557523	Brenner
11.3468057	46.95524364	-15.5646967	Brenner
11.35133632	47.14229025	-11.4316517	Brenner
11.42409118	46.9280778	-6.7690892	Brenner
11.44708696	46.90794772	-3.5002338	Brenner
11.39367388	46.99839592	-12.6436517	Brenner
11.46214905	47.08919749	-5.1840692	Brenner
11.3675482	47.2122099	-5.794243	Brenner
11.20389714	47.21817307	-13.9211952	Brenner
11.15866212	47.25854933	-9.7595465	Brenner
11.31663206	47.23821101	-6.0786808	Brenner
11.15598419	47.24691897	-11.503926	Brenner
11.28351561	47.14551875	-15.6395785	Brenner
11.39049455	47.00960965	-12.611514	Brenner
11.49946663	47.04302311	-3.4999037	Brenner
11.08184402	47.23185988	-16.3563109	Brenner
11.30873806	47.17970993	-11.6980491	Brenner
11.17303718	47.20909303	-16.3557523	Brenner
11.26760399	47.23652744	-8.8361409	Brenner
11.33136252	47.13996565	-12.9580157	Brenner
11.4179782	47.08734802	-8.5558343	Brenner
11.28592646	47.26274521	-4.5385287	Brenner
11.21597227	47.28770042	-3.4999501	Brenner
11.09303872	47.27451853	-9.7835562	Brenner
11.19799774	47.19534575	-16.3557264	Brenner
11.39435626	46.96106174	-11.1639871	Brenner
11.37771661	46.89492511	-9.8978544	Brenner
11.43276558	47.05581373	-8.2478053	Brenner
11.41074686	47.17608305	-5.7756327	Brenner
11.34475562	46.84585171	-10.0506645	Brenner
11.42401503	47.00198165	-9.8319597	Brenner
11.2459049	47.18779846	-14.5162738	Brenner
11.32930071	47.22773352	-6.3802072	Brenner
11.44781649	47.13150383	-4.841847	Brenner
11.35605511	47.0629143	-13.8969535	Brenner
11.43138039	46.95911416	-7.4872006	Brenner
11.02998706	47.2487274	-15.7706205	Brenner
11.3490566	47.03933445	-15.0174535	Brenner
11.36625354	46.98915193	-14.9576498	Brenner
11.3892996	46.89089324	-8.5619314	Brenner
11.20021212	47.22189844	-13.5279889	Brenner
11.38727507	46.87130979	-7.300735	Brenner
11.30048524	47.2561928	-4.9894584	Brenner
11.30270658	47.14033801	-14.8435092	Brenner
11.36712821	46.91426677	-11.8280242	Brenner
11.4537036	47.09659814	-5.6390443	Brenner
11.17910474	47.23545992	-12.277566	Brenner
11.42192402	46.88272401	-4.3525531	Brenner
11.47103788	47.12175253	-3.5000023	Brenner
11.38111018	47.13097399	-9.6868207	Brenner
11.31205052	46.86252134	-14.9187577	Brenner
11.39291611	47.07615085	-10.7650555	Brenner
11.46025031	46.97407355	-5.2542318	Brenner
11.14125556	47.23242796	-14.0923094	Brenner
11.16986993	47.26807934	-7.9818334	Brenner
11.43178428	47.07728676	-7.7871554	Brenner
11.44671317	47.09508006	-6.1997084	Brenner
11.35794832	46.88575059	-11.4548734	Brenner
11.12280887	47.22120311	-16.3557015	Brenner
11.29667031	46.82493058	-13.7604965	Brenner
11.4498576	47.01732217	-7.9030964	Brenner
11.31631546	47.21543083	-8.2125962	Brenner
11.31667035	47.14001507	-14.0176625	Brenner
11.36658774	47.1294248	-10.791568	Brenner
11.18674136	47.23975667	-11.3831229	Brenner
11.09252738	47.31071048	-4.3180472	Brenner
11.23963606	47.2775633	-4.0977977	Brenner
11.26149074	47.24855514	-7.4751307	Brenner
11.18991828	47.23270972	-12.3034059	Brenner
11.28894314	47.13068425	-16.3557523	Brenner
11.39843597	47.21073754	-4.0747474	Brenner
11.08380403	47.29243981	-7.3765636	Brenner
11.44407311	47.06137768	-7.2502565	Brenner
11.10551188	47.30249775	-5.1293138	Brenner
11.39257018	47.12171302	-9.1914941	Brenner
11.47934007	47.10438725	-3.5000004	Brenner
11.31178937	46.83004776	-12.4829564	Brenner
11.29499118	47.18550346	-12.1213763	Brenner
11.29266167	47.13492756	-15.8337225	Brenner
11.37607521	46.88642587	-9.6787966	Brenner
11.4839474	47.09034402	-3.4999984	Brenner
11.35165266	46.90951038	-13.1563319	Brenner
11.35940192	46.9793721	-15.253348	Brenner
11.39234201	47.02393658	-12.1135507	Brenner
11.31275398	46.8945273	-16.3551508	Brenner
11.3136342	46.85234847	-13.9716234	Brenner
11.49813744	47.02486397	-3.5000121	Brenner
11.46024686	47.1340017	-3.8527562	Brenner
11.4238462	47.12709912	-6.735382	Brenner
11.30221451	47.24783959	-5.9486193	Brenner
11.42793519	47.11295587	-6.9343937	Brenner
11.39349381	47.22207635	-3.5002059	Brenner
11.32933345	47.17825338	-10.5535972	Brenner
11.36299768	46.96614518	-14.403536	Brenner
11.3268204	46.91924499	-16.0986127	Brenner
11.3747364	46.98145847	-13.8423566	Brenner
11.39718958	46.91027767	-8.6485873	Brenner
11.41207142	46.90350577	-6.8608207	Brenner
11.37209752	46.99350684	-14.411601	Brenner
11.31773884	47.09654699	-15.50158	Brenner
11.36795617	47.04277862	-13.4958397	Brenner
11.48699699	46.99634006	-3.5000004	Brenner
11.39759793	46.8922552	-7.7555926	Brenner
11.24111491	47.28140343	-3.4999867	Brenner
11.25905668	47.27094126	-4.3176786	Brenner
11.39402677	46.94293153	-10.4714341	Brenner
11.12903597	47.21959352	-16.3557523	Brenner
11.43641851	47.12237119	-5.9887902	Brenner
11.15437199	47.28549605	-6.0181788	Brenner
11.30225823	46.86147343	-15.9138295	Brenner
11.41457526	47.05955818	-9.5361818	Brenner
11.31633165	47.16441261	-12.3182452	Brenner
11.35021635	47.17354915	-9.6207237	Brenner
11.44221139	46.98860288	-7.5573456	Brenner
11.10988218	47.28190196	-8.1038368	Brenner
11.45174617	46.96704113	-5.8140531	Brenner
11.46074377	47.01437608	-6.7340248	Brenner
11.38668932	46.88262854	-8.2255072	Brenner
11.12440215	47.25633707	-11.3013112	Brenner
11.2832753	46.83969047	-16.3557528	Brenner
11.29124539	47.21759743	-9.3412936	Brenner
11.36049387	46.99754249	-15.1919291	Brenner
11.04278461	47.27845538	-10.8616713	Brenner
11.14190345	47.30524157	-3.5000004	Brenner
11.37023462	47.06147917	-12.8560839	Brenner
11.30069975	47.17006922	-12.8656161	Brenner
11.15890886	47.23894311	-12.5228981	Brenner
11.2707101	47.15695263	-15.6080184	Brenner
11.45322747	46.91992062	-3.5000018	Brenner
11.13581077	47.28674423	-6.5016493	Brenner
11.32691229	47.05309767	-16.3557523	Brenner
11.27723019	47.14076753	-16.3556805	Brenner
11.23232646	47.27175883	-5.1860721	Brenner
11.40515568	46.94650024	-9.5233268	Brenner
11.4751332	46.99306762	-4.5283065	Brenner
11.4462644	46.9713813	-6.5110577	Brenner
11.12710915	47.30849912	-3.4999999	Brenner
11.07447736	47.23652372	-15.9449579	Brenner
11.49262319	47.03171495	-4.295329	Brenner
11.4247221	47.01844429	-9.7907498	Brenner
11.42138539	47.07019034	-8.7537852	Brenner
11.27931849	47.18662516	-12.8533942	Brenner
11.37439137	46.88298322	-9.6069221	Brenner
11.46040397	46.93577944	-3.5000072	Brenner
11.22884048	47.25404114	-7.8159667	Brenner
11.3819583	47.10559619	-10.5271288	Brenner
11.21778537	47.22414647	-12.5833922	Brenner
11.50164999	47.03636662	-3.5000004	Brenner
11.15815001	47.30166309	-3.4999891	Brenner
11.40463799	47.16958655	-6.6014801	Brenner
11.31404528	47.26311022	-3.4999008	Brenner
11.21985825	47.21433374	-13.4315712	Brenner
11.34515444	47.10478186	-13.2244794	Brenner
11.14290454	47.2561749	-10.6646874	Brenner
11.44434867	47.02515893	-8.1323177	Brenner
11.09286809	47.2290023	-16.3560145	Brenner
11.30146838	46.85937864	-15.845726	Brenner
11.30657287	47.25267767	-5.2676659	Brenner
11.4547121	46.99909374	-6.7405536	Brenner
11.32682074	46.90860978	-15.6030243	Brenner
11.3744635	46.8512458	-7.187994	Brenner
11.25710826	47.23736493	-9.2690186	Brenner
11.46251872	47.06925319	-5.652954	Brenner
11.32253812	47.19476327	-9.7993401	Brenner
11.38345855	47.03372226	-12.5442054	Brenner
11.05885557	47.24371284	-15.4634813	Brenner
11.40472054	47.14746364	-7.3893593	Brenner
11.38390533	47.07596024	-11.4267301	Brenner
11.41550524	47.17323632	-5.6854886	Brenner
11.4515709	46.96361595	-5.6741278	Brenner
11.14194013	47.27989481	-7.2713478	Brenner
11.43360095	47.0898375	-7.3345692	Brenner
11.33538107	47.04613328	-15.8864794	Brenner
11.4476815	47.07200078	-6.7114269	Brenner
11.47843159	47.02694101	-5.4927543	Brenner
11.37970535	47.12070745	-10.1571737	Brenner
11.40609317	47.01323487	-11.3359518	Brenner
11.34813523	47.0516943	-14.7790023	Brenner
11.39636585	47.19871795	-5.0487167	Brenner
11.40769883	46.98173654	-10.6502593	Brenner
11.28655545	47.13276944	-16.3560629	Brenner
11.40649532	46.87581562	-5.5265404	Brenner
11.3785839	47.16815795	-8.2836002	Brenner
11.23280573	47.2835426	-3.5006595	Brenner
11.30538512	47.26213243	-3.9469384	Brenner
11.35832157	47.02190245	-14.7487792	Brenner
11.17789099	47.26398441	-8.2874015	Brenner
11.09685576	47.28232712	-8.4730608	Brenner
11.36593914	47.15658213	-9.8635358	Brenner
11.2340933	47.23876913	-9.8691788	Brenner
11.32729723	46.86655958	-13.546109	Brenner
11.38434318	46.99925804	-13.3382718	Brenner
11.25514409	47.2309419	-10.0162593	Brenner
11.26277238	47.20730369	-11.808506	Brenner
11.47708349	47.08720982	-4.0993212	Brenner
11.47966795	47.03020068	-5.3243646	Brenner
11.34258983	47.14873289	-11.8321411	Brenner
11.46007218	47.05679513	-6.1492218	Brenner
11.32436447	46.91948222	-16.3557421	Brenner
11.10135728	47.247149	-13.4511866	Brenner
11.41217662	46.92859972	-7.9832697	Brenner
11.10803485	47.23139579	-15.4601478	Brenner
11.45427584	47.02111307	-7.4794967	Brenner
11.31843475	46.90673405	-16.3557391	Brenner
11.08579457	47.26305492	-11.7081091	Brenner
11.40157449	46.89503762	-7.5254635	Brenner
11.3515587	46.92974792	-14.1104872	Brenner
11.42828331	47.09937488	-7.3857513	Brenner
11.36820271	47.11498165	-11.193786	Brenner
11.33487365	46.89034521	-13.9611134	Brenner
11.02354248	47.28731945	-10.160134	Brenner
11.33634065	47.05627325	-15.5602255	Brenner
11.43544402	46.89755042	-3.9908524	Brenner
11.39976835	46.88313038	-6.8228756	Brenner
11.42245801	47.1550962	-5.8341239	Brenner
11.48990668	47.02617736	-4.349183	Brenner
11.35179959	47.15492318	-10.8401031	Brenner
11.18412054	47.21151984	-15.5884242	Brenner
11.01764712	47.2476971	-16.3564701	Brenner
11.34398109	46.88702752	-12.9042994	Brenner
11.32872412	46.92967708	-16.3559154	Brenner
11.24384079	47.26480329	-5.7443612	Brenner
11.21490749	47.24043682	-10.2960534	Brenner
11.43376889	47.14675005	-5.3163988	Brenner
11.38459504	46.92733821	-10.6880981	Brenner
11.30765081	47.09303283	-16.3566024	Brenner
11.33485347	46.87719984	-13.3719376	Brenner
11.39400044	47.13547102	-8.5942877	Brenner
11.40848552	47.16352104	-6.5411876	Brenner
11.17712458	47.21453151	-15.4156771	Brenner
11.04180572	47.25583483	-14.3197675	Brenner
11.3306778	47.14472647	-12.8364735	Brenner
11.40717115	47.12461619	-8.0311721	Brenner
11.44788497	46.92833789	-4.4116727	Brenner
11.37309881	46.85692836	-7.7697687	Brenner
11.20898282	47.26354816	-7.2050299	Brenner
11.07770495	47.24362102	-14.8044994	Brenner
11.37154439	47.06979042	-12.5392006	Brenner
11.46466737	47.02230616	-6.653526	Brenner
11.36114734	46.8467439	-8.3128723	Brenner
11.31972518	46.87784418	-14.9087445	Brenner
11.19422917	47.24403231	-10.504291	Brenner
11.23659192	47.22916713	-11.1652419	Brenner
11.48777585	47.01491097	-4.1287279	Brenner
11.48352037	47.07632468	-3.8816547	Brenner
11.32301046	46.83384477	-11.5348451	Brenner
11.47769042	47.10799838	-3.5000629	Brenner
11.26276179	47.21699862	-10.9081263	Brenner
11.43794122	47.17260322	-4.0875433	Brenner
11.22192061	47.27748047	-4.7617074	Brenner
11.12508544	47.2771383	-8.2711897	Brenner
11.44878882	47.03892838	-7.4516879	Brenner
11.12996707	47.24984353	-12.0413226	Brenner
11.24862948	47.20063066	-13.1789379	Brenner
11.30551644	47.19258751	-10.9095666	Brenner
11.11400371	47.27214958	-9.3875324	Brenner
11.2114586	47.226281	-12.492005	Brenner
11.39424773	47.16609613	-7.4772709	Brenner
11.35407254	46.92050089	-13.42692	Brenner
11.25020766	47.1639457	-16.3557523	Brenner
11.24768977	47.24265016	-8.8241171	Brenner
11.33070818	47.12401789	-13.5779386	Brenner
11.40228988	47.21557167	-3.5000004	Brenner
11.46855021	47.02668996	-6.2563597	Brenner
11.41880622	46.97057679	-9.1485184	Brenner
11.14668406	47.22646696	-14.7331029	Brenner
11.30053041	47.10737962	-16.3557396	Brenner
11.24561696	47.22524382	-11.0512484	Brenner
11.39690604	47.16966935	-7.0666678	Brenner
11.08462536	47.2546028	-12.9710692	Brenner
11.47239933	47.01102449	-5.4748055	Brenner
11.10884183	47.23956528	-14.2776112	Brenner
11.44143639	47.18194283	-3.5000004	Brenner
11.29099467	47.26861775	-3.4999003	Brenner
11.21391834	47.24845168	-9.1562422	Brenner
11.34255574	46.96524061	-16.3557523	Brenner
11.36002288	46.90509891	-12.1180704	Brenner
11.34712083	46.97696927	-16.3557518	Brenner
11.22905841	47.23055364	-11.2496078	Brenner
11.2882847	47.16737544	-13.8077018	Brenner
11.35860625	47.21706905	-5.8164403	Brenner
11.44748559	46.94407029	-5.1697133	Brenner
11.4703738	46.957397	-3.4998876	Brenner
11.43809905	46.93328987	-5.6085468	Brenner
11.33322873	46.90035654	-14.5758773	Brenner
11.09683905	47.29729898	-6.2059857	Brenner
11.29351643	47.13222335	-15.9700682	Brenner
11.38330252	46.95970896	-12.1869242	Brenner
11.24476752	47.16860983	-16.3557523	Brenner
11.4151837	47.04602421	-9.827418	Brenner
11.37074943	46.9386463	-12.605205	Brenner
11.17068846	47.29888074	-3.5007079	Brenner
11.41039146	47.00700351	-11.1656822	Brenner
11.36758144	47.06679578	-12.9248866	Brenner
11.06951322	47.26553301	-11.9290763	Brenner
11.12446808	47.22739733	-15.4202352	Brenner
11.39107035	47.17727325	-6.8831066	Brenner
11.34774279	47.00574102	-15.9560179	Brenner
11.39106224	46.85685597	-5.7859135	Brenner
11.22537643	47.28211181	-3.9724672	Brenner
11.35642208	47.06545468	-13.7890699	Brenner
11.41211503	47.10691173	-8.2937925	Brenner
11.34698561	47.22539892	-5.6589911	Brenner
11.04031931	47.25146426	-15.0051195	Brenner
11.40738527	47.02765898	-10.8779954	Brenner
11.17501913	47.20845716	-16.3557523	Brenner
11.38108962	46.93968127	-11.6152335	Brenner
11.47488532	46.97641695	-3.9236659	Brenner
11.38874886	47.21913423	-4.0254867	Brenner
11.12173338	47.28183348	-7.7130155	Brenner
11.42020435	47.1702146	-5.454474	Brenner
11.27331365	46.82521881	-16.3557518	Brenner
11.34936976	46.86167367	-10.7433884	Brenner
11.42503687	47.18229015	-4.4718529	Brenner
11.39549118	46.89743507	-8.2395538	Brenner
11.2702907	47.26029878	-5.4450336	Brenner
11.21672016	47.18466125	-16.3557167	Brenner
11.44874863	47.0072674	-7.6296591	Brenner
11.27388131	47.16970753	-14.515266	Brenner
11.1830403	47.29142187	-4.1382513	Brenner
11.45409778	47.10778541	-5.2184486	Brenner
11.36483399	47.16081221	-9.6349053	Brenner
11.44240636	46.91243655	-4.2407748	Brenner
11.30060767	47.20494314	-10.0208754	Brenner
11.43391865	46.9232229	-5.5725536	Brenner
11.42598769	46.9122415	-5.8677675	Brenner
11.42542461	46.94849248	-7.585653	Brenner
11.2909553	47.24873527	-6.416649	Brenner
11.46728607	47.04067866	-6.0029049	Brenner
11.31000852	47.10882435	-15.6190385	Brenner
11.34858162	46.87713555	-12.0008785	Brenner
11.26935386	47.17688191	-14.2827748	Brenner
11.32514866	46.85428296	-12.8501464	Brenner
11.41927213	47.13921269	-6.6341036	Brenner
11.39480328	46.86382733	-5.9033944	Brenner
11.41612504	46.87006526	-4.0292958	Brenner
11.24587046	47.21396091	-12.0864867	Brenner
11.31129618	47.23064492	-7.0649493	Brenner
11.36914869	47.10074277	-11.6262374	Brenner
11.43719185	47.00360755	-8.6135503	Brenner
11.01897263	47.25201037	-15.661514	Brenner
11.01573769	47.26368517	-13.9995358	Brenner
11.35325553	47.20841678	-6.905462	Brenner
11.19674618	47.27213113	-6.4368422	Brenner
11.11520103	47.30820505	-3.9416644	Brenner
11.44614332	46.95345631	-5.7425922	Brenner
11.35995242	46.8547589	-9.0529614	Brenner
11.05150637	47.25928496	-13.4740902	Brenner
11.32557037	47.26035655	-3.5000004	Brenner
11.41232683	46.89866785	-6.6175245	Brenner
11.39474263	47.05393586	-11.1828235	Brenner
11.15722894	47.23014445	-13.8259405	Brenner
11.37977279	46.99370945	-13.8166681	Brenner
11.42256064	46.95681531	-8.2614491	Brenner
11.30136628	47.15793945	-13.6816549	Brenner
11.46695075	46.96805124	-4.3414125	Brenner
11.03067594	47.25475952	-14.8550399	Brenner
11.4771252	46.97184948	-3.5003676	Brenner
11.33426314	47.19870291	-8.8110297	Brenner
11.41892819	47.0840762	-8.5940914	Brenner
11.33047249	46.92424126	-15.9671669	Brenner
11.11271051	47.31166861	-3.5000004	Brenner
11.45065667	46.98206694	-6.489213	Brenner
11.35551048	46.89528158	-12.1266827	Brenner
11.44902814	47.12107072	-5.1200253	Brenner
11.40529064	47.00231135	-11.6634731	Brenner
11.36350797	46.94148132	-13.4210238	Brenner
11.12009687	47.24451431	-13.1627596	Brenner
11.45558405	47.15344982	-3.4999877	Brenner
11.18150891	47.20475481	-16.3557513	Brenner
11.21952903	47.22343031	-12.6034796	Brenner
11.38145551	47.21455167	-4.8337201	Brenner
11.37285899	46.86977746	-8.7718466	Brenner
11.37840952	47.14715353	-9.301299	Brenner
11.19476798	47.20334078	-15.7840262	Brenner
11.37433594	47.09040065	-11.6131639	Brenner
11.41919302	47.00699547	-10.4903849	Brenner
11.42256266	46.87242872	-3.5000004	Brenner
11.48224862	47.00437122	-4.2658207	Brenner
11.41750447	47.03203256	-10.0001894	Brenner
11.0803902	47.30152794	-6.1137103	Brenner
11.35463923	46.98523549	-15.9379403	Brenner
11.3635966	46.87183962	-9.9484367	Brenner
11.10922594	47.2546647	-12.0844462	Brenner
11.32522216	47.08490788	-15.3679789	Brenner
11.40524887	47.07532158	-9.8518945	Brenner
11.47221382	47.05986894	-5.1503954	Brenner
