14.098823	43.817	-2.0000003	Clara
13.90811347	43.82108129	-7.0734629	Clara
14.02462224	43.8310176	-3.6725579	Clara
13.86742746	43.82645381	-6.9280523	Clara
13.89985807	43.85437811	-4.208241	Clara
13.93138301	43.8076188	-8.0153554	Clara
13.77669085	43.816813	-8.5329346	Clara
13.86336869	43.85061209	-4.7529369	Clara
14.09756652	43.81412075	-2.2688636	Clara
13.9597161	43.77174451	-10.3516988	Clara
13.95268311	43.85283264	-3.7604024	Clara
13.99014692	43.76872699	-9.7374566	Clara
13.79416145	43.8518448	-5.2496695	Clara
14.07223079	43.78871139	-5.1963443	Clara
13.80550779	43.85938618	-4.4996072	Clara
13.85685781	43.87046882	-2.9822339	Clara
14.09520446	43.8087075	-2.7743282	Clara
13.82268005	43.87893988	-2.5928929	Clara
13.75376473	43.81017482	-9.2664966	Clara
13.89486881	43.86056034	-3.673448	Clara
13.79515754	43.80030646	-9.8638223	Clara
14.09304357	43.80375467	-3.2367742	Clara
13.82267137	43.79183031	-10.3240572	Clara
13.92673338	43.79212516	-9.4172837	Clara
14.04926088	43.81973675	-3.7193831	Clara
14.09051433	43.79795682	-3.7780867	Clara
13.95043741	43.8476368	-4.2452569	Clara
13.8283404	43.81821375	-7.9219761	Clara
13.94109243	43.82619832	-6.2473871	Clara
13.92034163	43.84659901	-4.6786698	Clara
13.82977957	43.80819333	-8.7968743	Clara
13.8099059	43.88437401	-2.2025164	Clara
14.04360372	43.83447978	-2.7541648	Clara
13.94740527	43.77509134	-10.357636	Clara
13.81890216	43.87313024	-3.1489461	Clara
13.84233632	43.81015056	-8.5495293	Clara
14.01562028	43.75667116	-9.8158658	Clara
13.90844336	43.86233834	-3.4112886	Clara
13.9754923	43.84413641	-3.9575535	Clara
13.87511271	43.79948576	-9.3386602	Clara
13.82948303	43.81236558	-8.4284353	Clara
13.99750234	43.79279838	-7.5972993	Clara
14.02383459	43.83826847	-3.1299009	Clara
13.79993282	43.84669937	-5.6846377	Clara
14.02575087	43.76515803	-8.8047908	Clara
14.08795176	43.79208179	-4.3265696	Clara
13.83650737	43.833665	-6.4640466	Clara
14.01993586	43.77501524	-8.2291096	Clara
13.89718704	43.85635841	-4.042918	Clara
13.91931912	43.77988805	-10.6036468	Clara
13.92938618	43.86078602	-3.3226988	Clara
14.08595879	43.78751206	-4.753167	Clara
13.88992382	43.85454985	-4.2477022	Clara
13.77279198	43.80359714	-9.7559285	Clara
14.04443157	43.79298263	-5.952826	Clara
13.8980671	43.79214222	-9.747315	Clara
13.88736416	43.79208171	-9.8683042	Clara
13.91259183	43.85269834	-4.2214695	Clara
13.93251994	43.77944392	-10.3392635	Clara
13.86759183	43.8806104	-2.0000017	Clara
13.79310327	43.86467789	-4.0890735	Clara
14.00215347	43.83179274	-4.3695876	Clara
14.08376497	43.78248124	-5.2227829	Clara
14.05650402	43.75385735	-8.470211	Clara
13.90611096	43.86729323	-2.9974961	Clara
13.80750292	43.80897357	-8.9635764	Clara
13.75641491	43.81045784	-9.2257188	Clara
14.01321488	43.85716403	-2.0000003	Clara
13.86521893	43.84523777	-5.231628	Clara
13.79098725	43.82008714	-8.1533783	Clara
14.02745635	43.79131489	-6.6934671	Clara
13.94065954	43.82892963	-6.0257711	Clara
13.98972402	43.80326538	-7.0331332	Clara
13.93740753	43.8348123	-5.5393709	Clara
14.08018149	43.77426234	-5.9899411	Clara
13.96201439	43.86341526	-2.6625091	Clara
13.74868078	43.79845867	-10.3598767	Clara
14.05465137	43.72965668	-10.3896758	Clara
13.94020756	43.84844588	-4.3001353	Clara
14.07077971	43.81389368	-3.329532	Clara
14.04610742	43.7621672	-8.2407805	Clara
14.07750249	43.76811687	-6.5635175	Clara
13.7755272	43.85121826	-5.4126676	Clara
14.02004022	43.79000362	-7.0490429	Clara
13.88091752	43.80955906	-8.3889575	Clara
13.76198737	43.81698503	-8.6009475	Clara
13.84785717	43.8497793	-4.9145002	Clara
13.77206933	43.7975967	-10.3051997	Clara
13.89199099	43.78656547	-10.3072237	Clara
14.07534269	43.76316179	-7.0259634	Clara
13.7897322	43.88387816	-2.3625176	Clara
13.8662507	43.87676135	-2.3577083	Clara
13.95074646	43.86064636	-3.1041367	Clara
14.06417378	43.74911553	-8.5333943	Clara
13.84104992	43.83893656	-5.9477122	Clara
13.86456675	43.83243877	-6.3995102	Clara
13.8164259	43.87667997	-2.8606758	Clara
13.76613027	43.80860714	-9.3386433	Clara
14.07264732	43.75697714	-7.6031247	Clara
13.81382098	43.87262907	-3.2475347	Clara
13.95512505	43.85709169	-3.3490056	Clara
14.02124657	43.74390176	-10.6036468	Clara
13.91394647	43.86796279	-2.8529436	Clara
13.94964661	43.80874276	-7.5034268	Clara
14.08646856	43.82120247	-2.1601975	Clara
13.87461916	43.79635944	-9.6249649	Clara
14.00348263	43.82385147	-4.955263	Clara
13.93165037	43.87542199	-2.0000003	Clara
14.07038739	43.75179093	-8.08708	Clara
14.07510451	43.77245695	-6.3255729	Clara
14.05471079	43.78580175	-6.1009626	Clara
13.88197609	43.80687431	-8.6155896	Clara
14.0195003	43.79740414	-6.4864431	Clara
13.78369891	43.80330258	-9.7199602	Clara
13.85658781	43.87394877	-2.6747556	Clara
14.02814454	43.84744189	-2.2625906	Clara
13.90938644	43.87085039	-2.6462823	Clara
13.99409919	43.8107278	-6.3054081	Clara
13.78083536	43.86433436	-4.1901209	Clara
14.0683452	43.74710387	-8.5244322	Clara
13.99521076	43.86215909	-1.9999993	Clara
13.85518498	43.81695027	-7.8601139	Clara
13.84794701	43.83689216	-6.0861991	Clara
13.80550803	43.79860657	-9.9044471	Clara
14.06069212	43.81749953	-3.4469368	Clara
13.98921508	43.79951497	-7.3521851	Clara
14.06588469	43.74145602	-9.0514055	Clara
13.94977203	43.78083714	-9.8245013	Clara
13.87871906	43.85274946	-4.4735486	Clara
13.90456383	43.83375957	-5.9876911	Clara
13.92034819	43.77964684	-10.6036468	Clara
13.9373361	43.86347488	-2.9982693	Clara
13.7921774	43.83382713	-6.8988317	Clara
14.06292227	43.73465507	-9.6859243	Clara
14.02053321	43.75191942	-10.0192991	Clara
13.98849791	43.78734675	-8.3319702	Clara
13.9145009	43.78047584	-10.6036468	Clara
13.89856961	43.80455036	-8.6420598	Clara
13.92161852	43.87017817	-2.5735774	Clara
14.05005995	43.81170393	-4.3037384	Clara
13.89048928	43.81303387	-7.9772688	Clara
13.83385859	43.87363939	-2.9444966	Clara
14.01699057	43.85561975	-2.0000003	Clara
13.98256487	43.77149024	-9.7787781	Clara
14.03778749	43.82499835	-3.696867	Clara
14.04070683	43.79791768	-5.7212315	Clara
13.96501298	43.80739715	-7.2603233	Clara
13.99558806	43.75532924	-10.6036468	Clara
13.95511432	43.83013103	-5.5953839	Clara
14.05979276	43.72746933	-10.3562923	Clara
14.05863808	43.72481776	-10.6036468	Clara
13.76655287	43.83963124	-6.5169144	Clara
13.78613332	43.81471318	-8.6701653	Clara
14.09512314	43.81715024	-2.1326389	Clara
13.82761356	43.85673813	-4.5111894	Clara
13.98503613	43.80552733	-6.9531463	Clara
13.77463756	43.83307085	-7.0671892	Clara
13.80449541	43.79084486	-10.6036463	Clara
13.8213699	43.78883377	-10.6036468	Clara
14.02394591	43.75975683	-9.288003	Clara
14.03546517	43.77033544	-8.0315846	Clara
13.88334928	43.82478755	-6.9914586	Clara
13.94455389	43.80477947	-7.9511292	Clara
13.99768639	43.82154237	-5.3267433	Clara
13.97299236	43.80166159	-7.553553	Clara
13.95749015	43.86496273	-2.6381028	Clara
13.83486644	43.81794501	-7.8816127	Clara
13.80634434	43.85543211	-4.8535511	Clara
13.98660372	43.82627268	-5.1889506	Clara
13.90067341	43.85093526	-4.5068827	Clara
13.79614294	43.84011868	-6.3043911	Clara
13.83346792	43.80474164	-9.0903897	Clara
13.94415345	43.78698163	-9.4427168	Clara
14.05533019	43.76469548	-7.6884892	Clara
13.88124066	43.857706	-4.0086377	Clara
13.94034146	43.7740977	-10.6036438	Clara
13.83585995	43.79368788	-10.0822742	Clara
13.85602811	43.85681462	-4.2291868	Clara
14.01200984	43.85440079	-2.2581092	Clara
13.81085023	43.86579665	-3.8856292	Clara
13.8161418	43.88351218	-2.2455633	Clara
13.95249487	43.84034784	-4.8047	Clara
14.02702926	43.76059903	-9.1036089	Clara
13.8780591	43.84688263	-5.0109408	Clara
13.98683849	43.85767638	-2.5670789	Clara
13.7803133	43.87130424	-3.5594109	Clara
13.9174456	43.80628318	-8.2844711	Clara
13.87282079	43.83861424	-5.7921021	Clara
13.97114172	43.82211265	-5.8929261	Clara
13.9226872	43.78502469	-10.1017674	Clara
13.79496059	43.79562426	-10.2812334	Clara
13.89543414	43.85122455	-4.5197035	Clara
14.00287135	43.81509524	-5.6637195	Clara
13.92257701	43.78737854	-9.9045994	Clara
14.00115072	43.80968129	-6.1474504	Clara
13.9351198	43.81359869	-7.43463	Clara
13.76846331	43.81383171	-8.8506536	Clara
13.79815851	43.82578779	-7.5713085	Clara
13.92215665	43.85453175	-3.9555374	Clara
14.04620294	43.81083653	-4.5201308	Clara
13.8588936	43.79985843	-9.3938709	Clara
14.02160791	43.7827273	-7.566829	Clara
13.88659345	43.8238954	-7.0546615	Clara
13.87642236	43.78511801	-10.6036096	Clara
13.86352186	43.8390764	-5.8015056	Clara
14.0321756	43.77990776	-7.4281531	Clara
13.87485414	43.87800721	-2.196719	Clara
13.97561986	43.82774467	-5.3202457	Clara
14.01968441	43.80761748	-5.678283	Clara
14.00898169	43.81924157	-5.1300244	Clara
13.9472729	43.84151094	-4.8284427	Clara
13.96044749	43.85541168	-3.3657051	Clara
13.92449168	43.78917327	-9.7146275	Clara
13.99324957	43.77579681	-9.0768367	Clara
13.90797526	43.84705347	-4.7719762	Clara
13.85357411	43.84224799	-5.5681048	Clara
14.03461655	43.78254214	-7.1328692	Clara
13.83031495	43.84744483	-5.30719	Clara
13.86969327	43.81748428	-7.7312834	Clara
13.75114766	43.80414408	-9.8293181	Clara
13.94581723	43.83037814	-5.7896374	Clara
13.8965916	43.84687359	-4.9090933	Clara
14.02873058	43.77074309	-8.262672	Clara
14.04311967	43.80189782	-5.3234435	Clara
14.00259584	43.85043982	-2.8058079	Clara
14.02478602	43.77756867	-7.8634595	Clara
13.89150457	43.83518375	-6.0007164	Clara
13.99977031	43.82374367	-5.0901429	Clara
13.88674909	43.82167279	-7.2518081	Clara
14.08095731	43.81172916	-3.0984773	Clara
14.05386152	43.82902656	-2.8321123	Clara
13.89175782	43.82273547	-7.1034642	Clara
14.00560015	43.75098295	-10.6036487	Clara
14.05751805	43.83803791	-2.00043	Clara
14.04394914	43.80818806	-4.8069409	Clara
13.7791865	43.79744231	-10.2788267	Clara
14.03448913	43.75564611	-9.1912154	Clara
14.03999384	43.74258889	-9.9736092	Clara
13.94877167	43.79301391	-8.8336253	Clara
14.00427846	43.83666797	-3.9143113	Clara
13.76651258	43.82339846	-7.9924171	Clara
13.83996385	43.83194801	-6.5801775	Clara
14.00939905	43.84841348	-2.8173465	Clara
14.05464314	43.7768831	-6.7846581	Clara
13.8015755	43.86548538	-3.9673992	Clara
14.03800091	43.79600994	-5.9658767	Clara
13.81838193	43.82187261	-7.7033871	Clara
14.01781228	43.74819345	-10.4065076	Clara
13.8730745	43.87361473	-2.6062896	Clara
13.78303303	43.83734504	-6.6309544	Clara
13.94900768	43.83576192	-5.267369	Clara
14.0196702	43.74775901	-10.3707923	Clara
13.83410264	43.82400869	-7.346221	Clara
13.87476012	43.81287069	-8.1228343	Clara
13.84762828	43.78840122	-10.4978933	Clara
13.80875544	43.8661574	-3.8655552	Clara
13.94062532	43.8721245	-2.1954866	Clara
13.96831258	43.82998867	-5.3022094	Clara
14.08614965	43.80293634	-3.5678128	Clara
14.01511232	43.85353615	-2.2276377	Clara
13.85865267	43.86828908	-3.1706787	Clara
14.0430903	43.81928992	-3.9645025	Clara
13.88881497	43.83626376	-5.9173473	Clara
13.81759624	43.85150754	-5.0820771	Clara
13.94796671	43.86540473	-2.7121546	Clara
13.97867067	43.81295967	-6.4812899	Clara
13.84535383	43.85345218	-4.6137082	Clara
13.83010066	43.82995979	-6.8610888	Clara
13.88354846	43.87757686	-2.1877561	Clara
14.02935112	43.79722219	-6.1651155	Clara
13.99480902	43.81493852	-5.943338	Clara
13.99157342	43.80492956	-6.8467209	Clara
13.93988623	43.87441835	-1.9999998	Clara
14.01419481	43.85683149	-2.0000003	Clara
13.81991403	43.88454102	-2.1260008	Clara
13.92033559	43.79048844	-9.6532124	Clara
14.04114483	43.78807714	-6.4555046	Clara
13.83748038	43.88096209	-2.2558706	Clara
14.01954819	43.8191449	-4.7777577	Clara
13.79855457	43.81830328	-8.2311486	Clara
14.02191588	43.75970323	-9.3636468	Clara
14.01032286	43.83120998	-4.1444138	Clara
13.90923357	43.87590971	-2.1971756	Clara
13.98721524	43.79750505	-7.5708612	Clara
13.85788666	43.86261311	-3.6913782	Clara
13.98542353	43.76318992	-10.3329097	Clara
13.96147527	43.79213249	-8.6133814	Clara
13.78054945	43.80463234	-9.6179307	Clara
13.78103913	43.79717569	-10.2917564	Clara
13.97612771	43.86745169	-2.0000003	Clara
13.88446084	43.81106478	-8.217133	Clara
13.78728157	43.8194566	-8.2325607	Clara
13.90612138	43.79077094	-9.7818191	Clara
13.9681148	43.78665693	-8.9158531	Clara
13.97306915	43.7650098	-10.6036468	Clara
14.06144188	43.79263127	-5.3172209	Clara
13.99174861	43.79819924	-7.3692133	Clara
13.92287197	43.79660251	-9.0838931	Clara
13.90021471	43.82073735	-7.1893004	Clara
14.03145399	43.77602245	-7.753984	Clara
14.0542056	43.77060695	-7.2809362	Clara
13.84434374	43.82506644	-7.1819236	Clara
13.84874244	43.79460999	-9.9272298	Clara
13.89942009	43.79963911	-9.0682093	Clara
13.80093815	43.84299293	-6.0150389	Clara
13.82204593	43.79769926	-9.8085388	Clara
14.06656021	43.75568712	-7.9387566	Clara
14.09138471	43.81388376	-2.5277576	Clara
13.94799505	43.79869619	-8.3783511	Clara
14.03327308	43.78448654	-7.0313566	Clara
14.07454489	43.80662502	-3.7380935	Clara
13.94792343	43.85462695	-3.6685244	Clara
13.83185564	43.81361558	-8.2927834	Clara
13.9045758	43.86263522	-3.4267754	Clara
13.91804567	43.86179273	-3.3559705	Clara
13.90386011	43.87840362	-1.9999978	Clara
14.05900917	43.8075931	-4.2692118	Clara
14.02862574	43.7401366	-10.6036487	Clara
13.85118249	43.88220019	-2.000013	Clara
13.844596	43.84486393	-5.3840967	Clara
13.82038212	43.86206367	-4.115511	Clara
14.04621871	43.76906281	-7.7099449	Clara
13.77643647	43.81080743	-9.080064	Clara
13.78425342	43.79720696	-10.2547957	Clara
13.78474312	43.86870687	-3.770357	Clara
13.97389955	43.83763755	-4.5358351	Clara
13.79751681	43.8599049	-4.4978521	Clara
13.81480529	43.80238901	-9.4699727	Clara
13.76573157	43.83053913	-7.3479283	Clara
13.98986017	43.79222376	-7.902684	Clara
14.02638657	43.77100084	-8.3247891	Clara
13.77958841	43.79383359	-10.6036468	Clara
14.01762443	43.80252285	-6.1484588	Clara
13.84944134	43.85470694	-4.4584359	Clara
13.9202881	43.78211606	-10.3957249	Clara
13.8411268	43.8355895	-6.2439738	Clara
13.99984091	43.83421505	-4.2212644	Clara
13.82668331	43.86477863	-3.8074375	Clara
13.98158738	43.83744088	-4.3745169	Clara
13.83687942	43.82885727	-6.8864924	Clara
13.77688509	43.79401042	-10.6037044	Clara
13.96532418	43.80080057	-7.8025323	Clara
13.90274429	43.86311812	-3.397451	Clara
13.96769772	43.86723786	-2.2126194	Clara
13.79338112	43.79217881	-10.6036468	Clara
13.84086202	43.87646265	-2.6192827	Clara
13.96555233	43.81924982	-6.2605974	Clara
13.86793009	43.78931484	-10.3025179	Clara
13.87167108	43.7856988	-10.6039495	Clara
14.02403801	43.85256499	-2.0000003	Clara
13.80210995	43.83298007	-6.8910825	Clara
13.82350327	43.83305948	-6.6562755	Clara
13.81191686	43.81420851	-8.4521731	Clara
13.97581323	43.80888116	-6.8870504	Clara
13.84192667	43.80045652	-9.4333035	Clara
14.05582284	43.81489014	-3.8358938	Clara
14.06920038	43.77589178	-6.2933093	Clara
14.05230328	43.74018041	-9.6779141	Clara
14.06413376	43.78555642	-5.7526686	Clara
13.78610731	43.80302898	-9.7186375	Clara
13.82751019	43.80296987	-9.2844434	Clara
14.00640358	43.84154293	-3.4590349	Clara
13.78522011	43.84879621	-5.5776833	Clara
13.80239959	43.80503972	-9.3668723	Clara
13.78985321	43.80915154	-9.1356487	Clara
14.04472736	43.7346101	-10.3982459	Clara
14.05269112	43.84014147	-2.0000388	Clara
14.04048665	43.80103848	-5.4863675	Clara
13.98887446	43.78223746	-8.7202544	Clara
13.99029042	43.83527338	-4.3539038	Clara
14.08972152	43.82164103	-2.0000003	Clara
13.80989855	43.79293599	-10.3606905	Clara
13.90698899	43.80708543	-8.3263688	Clara
13.81333182	43.86017799	-4.3579348	Clara
13.94001713	43.77676022	-10.3894514	Clara
13.83378113	43.85995127	-4.1603221	Clara
13.90947298	43.79501362	-9.3695608	Clara
13.85160622	43.85196245	-4.6951378	Clara
14.02222088	43.85133618	-2.1584055	Clara
13.81111484	43.87235278	-3.2888377	Clara
14.02951556	43.77705257	-7.7430573	Clara
14.02272268	43.844825	-2.6527793	Clara
13.83255929	43.88443453	-2.0000056	Clara
13.85179826	43.85883867	-4.068469	Clara
14.05571385	43.75872732	-8.1292021	Clara
13.96611139	43.84266464	-4.2969927	Clara
13.92529501	43.81927983	-7.0474726	Clara
14.00753403	43.84155581	-3.4267713	Clara
13.96718746	43.83650109	-4.7856546	Clara
13.99422598	43.822589	-5.3195736	Clara
13.79290803	43.88766598	-2.0000003	Clara
13.90155725	43.86629682	-3.114439	Clara
13.96977437	43.76592494	-10.6036468	Clara
13.87377986	43.80718345	-8.645429	Clara
13.9600931	43.8487274	-3.9308587	Clara
13.90762159	43.8023727	-8.7372825	Clara
13.83567292	43.81255948	-8.3672188	Clara
13.93823593	43.8233625	-6.5455932	Clara
14.0480738	43.77571836	-7.1294771	Clara
13.93561169	43.81733418	-7.1084151	Clara
14.02885315	43.78385572	-7.2314087	Clara
13.89308621	43.78308728	-10.6036468	Clara
13.92886457	43.83288494	-5.8026326	Clara
13.91015282	43.8780203	-2.0000003	Clara
14.03223338	43.76611515	-8.4797344	Clara
13.90288221	43.78481103	-10.345033	Clara
14.06810301	43.8194027	-3.0129429	Clara
13.77668631	43.84358587	-6.0998405	Clara
13.98504112	43.79251246	-8.036892	Clara
13.86230174	43.80422059	-8.978364	Clara
13.82534104	43.79797657	-9.750501	Clara
13.93484051	43.80057739	-8.5256343	Clara
13.82908139	43.79103667	-10.3607693	Clara
13.79963503	43.811327	-8.838555	Clara
13.80618713	43.83846126	-6.3613088	Clara
13.93070819	43.81491464	-7.375935	Clara
13.84160299	43.88334962	-2.0000003	Clara
14.04291004	43.74795693	-9.4502207	Clara
13.92926432	43.78660824	-9.8178535	Clara
13.93902889	43.85725753	-3.5314038	Clara
14.09160222	43.80824039	-2.9503221	Clara
14.06729854	43.83307166	-2.0000003	Clara
14.00229667	43.82954069	-4.5488302	Clara
13.96046724	43.87179368	-2.0000003	Clara
13.87866779	43.80774463	-8.5677556	Clara
13.82642002	43.87166824	-3.1986831	Clara
13.91841811	43.82954938	-6.2113054	Clara
13.86586839	43.78612821	-10.6036468	Clara
13.98513933	43.82096483	-5.6649517	Clara
13.77889862	43.82331722	-7.92935	Clara
13.81576432	43.86696799	-3.729357	Clara
13.99553379	43.85927862	-2.2325672	Clara
13.92788374	43.79697026	-8.98692	Clara
14.05379254	43.74750157	-9.0610396	Clara
13.85764007	43.82321604	-7.276679	Clara
13.98098724	43.78061892	-9.1159326	Clara
14.01870304	43.75304957	-9.9952359	Clara
14.07562428	43.82882796	-2.0000003	Clara
14.05947994	43.73483009	-9.806689	Clara
14.03245156	43.83331097	-3.2257952	Clara
13.90182997	43.85890757	-3.7852515	Clara
13.90855853	43.82825951	-6.4322237	Clara
13.9074452	43.81507526	-7.6131525	Clara
13.9784463	43.85443036	-3.0315413	Clara
14.03442542	43.79126002	-6.4606027	Clara
13.78371938	43.8295487	-7.3355891	Clara
14.06620863	43.79863899	-4.672732	Clara
13.95331635	43.85798847	-3.3120252	Clara
14.02440865	43.74441904	-10.44097	Clara
13.90338411	43.8751974	-2.2944029	Clara
13.88149101	43.81934795	-7.4964757	Clara
14.07097219	43.78227064	-5.7372089	Clara
14.01469692	43.84300028	-3.0694065	Clara
14.09538227	43.81875459	-2.0000003	Clara
13.99615497	43.75803797	-10.3717513	Clara
14.00111704	43.78212882	-8.3118055	Clara
14.00155416	43.84181842	-3.5482083	Clara
13.99304161	43.85302747	-2.811073	Clara
13.78625774	43.86056807	-4.5016674	Clara
13.94060863	43.82245937	-6.5699895	Clara
13.99198207	43.80844936	-6.5491781	Clara
13.82740953	43.80765393	-8.8684449	Clara
14.079639	43.81872311	-2.6155862	Clara
13.95190588	43.77088709	-10.6036468	Clara
13.9923426	43.81655931	-5.8653674	Clara
13.81976052	43.78901169	-10.6035852	Clara
13.82493455	43.80282868	-9.3228018	Clara
13.94656124	43.84248145	-4.7603367	Clara
13.92924415	43.80270326	-8.4742439	Clara
13.77035521	43.84838563	-5.6995681	Clara
13.97726556	43.77465206	-9.7038487	Clara
13.8970011	43.83771476	-5.7191304	Clara
14.0302337	43.80426128	-5.582406	Clara
13.77435812	43.85759985	-4.8392034	Clara
13.81757715	43.83920373	-6.1741693	Clara
14.01927098	43.82753822	-4.1280584	Clara
14.05478887	43.82183816	-3.3454163	Clara
13.95542495	43.80454608	-7.7194085	Clara
13.8827831	43.86259627	-3.5551536	Clara
13.86023156	43.87822131	-2.2580808	Clara
13.93345202	43.80772884	-7.9626263	Clara
13.88030862	43.86877349	-3.0067832	Clara
13.92157935	43.81269559	-7.671349	Clara
13.97593427	43.76623788	-10.4174197	Clara
13.79311508	43.80487067	-9.4806914	Clara
13.99492616	43.80393488	-6.8106483	Clara
13.81565827	43.83252882	-6.7868988	Clara
13.98012709	43.8324028	-4.8280006	Clara
13.99716855	43.78756648	-8.0194158	Clara
13.92247697	43.8765396	-2.0000013	Clara
13.9820468	43.80104126	-7.3958755	Clara
13.93272781	43.85453684	-3.8408218	Clara
13.9582834	43.86938686	-2.2473382	Clara
13.92570321	43.77816099	-10.6036873	Clara
13.98498999	43.85228452	-3.0590999	Clara
14.08287912	43.78871342	-4.7813976	Clara
13.9141436	43.78858676	-9.8886924	Clara
14.00102408	43.79641885	-7.1931073	Clara
13.84884307	43.80331812	-9.1348648	Clara
14.03763427	43.84402342	-2.2079234	Clara
13.93037357	43.80269256	-8.4527412	Clara
14.08328356	43.8249234	-2.0000003	Clara
13.81008128	43.85525403	-4.8295688	Clara
14.01292573	43.8124602	-5.5282234	Clara
13.92349319	43.83803496	-5.4040415	Clara
14.01305064	43.74774814	-10.6036468	Clara
14.01355064	43.8241446	-4.5893839	Clara
13.81822176	43.8069395	-9.0299243	Clara
13.86288168	43.81968236	-7.5690688	Clara
13.81672266	43.88617728	-2.0005325	Clara
13.96648378	43.78043132	-9.4719534	Clara
14.07717921	43.79858871	-4.249271	Clara
13.91716314	43.87524695	-2.1720476	Clara
13.97404859	43.76467706	-10.6036468	Clara
13.9967088	43.81671764	-5.7461711	Clara
13.95449144	43.84426874	-4.4318882	Clara
14.07632038	43.77800764	-5.8543887	Clara
14.02909617	43.74893602	-9.9135552	Clara
13.84636838	43.84426132	-5.423859	Clara
13.94351007	43.83547549	-5.4145734	Clara
13.8385473	43.78779015	-10.6036468	Clara
13.90933422	43.85805921	-3.781199	Clara
13.83043135	43.83806327	-6.1384997	Clara
13.95943763	43.8720348	-2.0000003	Clara
13.84433018	43.83057005	-6.6813367	Clara
13.81737622	43.88080465	-2.4840537	Clara
13.85314971	43.86973186	-3.085584	Clara
13.8707466	43.79517595	-9.7540374	Clara
13.98005787	43.78106685	-9.105178	Clara
13.79185544	43.85658106	-4.8322611	Clara
13.9934931	43.84828661	-3.1956602	Clara
13.80623582	43.8868312	-1.9999554	Clara
13.79874624	43.8791669	-2.739604	Clara
14.05160862	43.8244888	-3.2661941	Clara
14.05558389	43.83740438	-2.116679	Clara
13.89047237	43.82699258	-6.7403436	Clara
13.80844703	43.8602691	-4.4018647	Clara
14.06500619	43.8106014	-3.8058701	Clara
13.78677007	43.88615787	-2.1720725	Clara
13.90029819	43.87046362	-2.7423235	Clara
13.79508451	43.87203319	-3.4090723	Clara
13.847593	43.8194295	-7.6766127	Clara
13.76360648	43.79762101	-10.3511407	Clara
13.79643361	43.83262565	-6.9829505	Clara
14.0556603	43.83377803	-2.3985677	Clara
13.92524446	43.86622031	-2.8854585	Clara
14.00700906	43.80064006	-6.657844	Clara
13.98283135	43.77829623	-9.2354654	Clara
14.07392697	43.79373893	-4.7463332	Clara
13.82961711	43.79750834	-9.7693772	Clara
13.85437319	43.80929588	-8.5607	Clara
13.87321131	43.78879658	-10.3125008	Clara
13.94878379	43.84758682	-4.2834899	Clara
13.98344536	43.78626511	-8.5889593	Clara
13.87528806	43.83067799	-6.5003346	Clara
14.01047934	43.84831121	-2.7958372	Clara
13.81962994	43.88598502	-2.0000003	Clara
13.84367864	43.86957624	-3.2006184	Clara
14.07932458	43.7827396	-5.3760352	Clara
13.88142163	43.78726198	-10.3596358	Clara
13.94115635	43.81254398	-7.382964	Clara
13.7534484	43.79757968	-10.4126409	Clara
14.07273302	43.76752206	-6.7947407	Clara
13.87719798	43.79360256	-9.8436866	Clara
13.95483802	43.78968355	-8.9707464	Clara
13.93663822	43.8271408	-6.2278857	Clara
13.82360096	43.82683973	-7.2071168	Clara
14.01087233	43.78482793	-7.7676355	Clara
13.82141175	43.84448947	-5.6642788	Clara
13.79861906	43.83765584	-6.5133322	Clara
13.79403144	43.82709573	-7.4991346	Clara
13.77333425	43.82825009	-7.5127193	Clara
13.9394912	43.78205092	-9.9610618	Clara
13.84667257	43.81389799	-8.1847726	Clara
13.97085653	43.77175224	-10.0934773	Clara
13.89123621	43.86579141	-3.2176192	Clara
13.81340011	43.78977583	-10.6036526	Clara
13.95550733	43.86301633	-2.8424434	Clara
13.98416338	43.84276615	-3.8712932	Clara
13.9860876	43.79233341	-8.0225526	Clara
13.74754742	43.79584634	-10.6036468	Clara
13.91722168	43.80034143	-8.8135728	Clara
14.0444933	43.81339478	-4.3798112	Clara
13.8193851	43.7914306	-10.392844	Clara
13.76838729	43.84385496	-6.1225806	Clara
13.93878808	43.79647326	-8.7762703	Clara
13.86143425	43.88098461	-2.0000003	Clara
13.84897464	43.85855613	-4.122117	Clara
13.91266961	43.83697648	-5.6148767	Clara
13.89345581	43.83283741	-6.1897783	Clara
14.04159998	43.8287442	-3.272847	Clara
13.82405142	43.88545486	-2.0000003	Clara
13.83946755	43.78946911	-10.4459134	Clara
13.89849357	43.82616773	-6.7263568	Clara
14.05082899	43.83214201	-2.6916595	Clara
13.99977765	43.82634138	-4.8786366	Clara
14.05218563	43.79260349	-5.6798512	Clara
14.01416538	43.84777162	-2.7127137	Clara
13.9667244	43.8136216	-6.7023186	Clara
13.90265599	43.78192049	-10.6036468	Clara
13.76468521	43.83533052	-6.918418	Clara
13.84200047	43.8592728	-4.1329859	Clara
14.04748829	43.82474072	-3.3866721	Clara
14.0367596	43.76131649	-8.6698426	Clara
13.98959463	43.81153059	-6.3477542	Clara
13.78290978	43.85369299	-5.1457082	Clara
13.80428598	43.87269391	-3.2965899	Clara
13.86944697	43.80134395	-9.200407	Clara
14.03356781	43.74057619	-10.3775782	Clara
13.85802221	43.87896552	-2.2140442	Clara
13.87718126	43.79772677	-9.4781534	Clara
13.8396337	43.85054951	-4.9324152	Clara
13.99193975	43.84190067	-3.7636353	Clara
13.93321227	43.84308786	-4.8509097	Clara
14.05342378	43.72747983	-10.6036468	Clara
13.88335687	43.83296536	-6.2476005	Clara
14.00449849	43.76022741	-9.9156919	Clara
13.91750281	43.81742973	-7.2957236	Clara
13.93197161	43.82196707	-6.7370468	Clara
13.98595468	43.86472645	-2.0000003	Clara
13.95674401	43.81110952	-7.1422472	Clara
13.94309746	43.84152939	-4.8822217	Clara
13.77232325	43.85291607	-5.2765555	Clara
14.04939166	43.79824413	-5.3577938	Clara
13.84549541	43.84871401	-5.0326599	Clara
13.9073784	43.87164994	-2.5951038	Clara
13.97643934	43.7701706	-10.0910127	Clara
13.85599291	43.83437274	-6.2710097	Clara
13.78373965	43.79333562	-10.6036472	Clara
14.01332448	43.85483582	-2.1864114	Clara
14.00430715	43.78789415	-7.7505518	Clara
13.96020212	43.84011948	-4.6456214	Clara
14.06046803	43.74275906	-9.1629842	Clara
13.98142788	43.8476985	-3.5235623	Clara
14.0865463	43.79608177	-4.0758538	Clara
13.75765677	43.80472947	-9.7391365	Clara
14.06365918	43.76307081	-7.4880736	Clara
13.87473224	43.86300728	-3.5623238	Clara
13.75966636	43.8237713	-7.9974586	Clara
13.9612837	43.83426358	-5.1085154	Clara
13.85539767	43.79021679	-10.2898601	Clara
14.04890718	43.80524324	-4.8421255	Clara
13.92629954	43.80259736	-8.51547	Clara
14.01067916	43.85786764	-2.0000003	Clara
13.86449267	43.87125586	-2.8684566	Clara
13.85253858	43.84784989	-5.0641982	Clara
14.00749058	43.7529808	-10.3824312	Clara
13.85136194	43.86459006	-3.5610135	Clara
13.80335751	43.84856003	-5.4952322	Clara
13.95120855	43.85315236	-3.7636761	Clara
14.01172076	43.77040413	-8.8709336	Clara
13.78727615	43.81154186	-8.9510491	Clara
13.80991422	43.84830383	-5.4481791	Clara
13.91633477	43.82251029	-6.8579235	Clara
13.91296844	43.87769837	-2.0001238	Clara
13.86584366	43.86231844	-3.6741817	Clara
13.79978014	43.8850207	-2.2014236	Clara
13.76687797	43.79463671	-10.603637	Clara
13.87785945	43.80381108	-8.9295979	Clara
13.78724	43.87591258	-3.1009978	Clara
14.00783336	43.85515098	-2.2921653	Clara
13.95679366	43.77830521	-9.8730086	Clara
13.92759918	43.80884379	-7.9477178	Clara
13.87871668	43.80223095	-9.0622879	Clara
13.83769065	43.82639687	-7.0976838	Clara
14.01735212	43.74587155	-10.6043289	Clara
13.95010194	43.82464706	-6.168036	Clara
13.82688156	43.78849897	-10.6036394	Clara
13.97849586	43.77489554	-9.6500755	Clara
13.88616281	43.87158189	-2.7188189	Clara
14.0411748	43.80486505	-5.1627687	Clara
13.82702918	43.88280095	-2.203843	Clara
13.98190762	43.86309447	-2.229543	Clara
13.82216606	43.81430555	-8.3344541	Clara
13.96853422	43.85703824	-3.043303	Clara
13.81905842	43.85584341	-4.6816939	Clara
13.95193854	43.8729492	-2.0000022	Clara
14.06085967	43.83635316	-2.0000003	Clara
13.8910537	43.84723313	-4.9070928	Clara
13.91678385	43.78312252	-10.3444173	Clara
13.90485633	43.84053092	-5.3840913	Clara
13.93352247	43.81253428	-7.5565218	Clara
13.91061422	43.87518674	-2.2483838	Clara
13.76211733	43.82941669	-7.4704853	Clara
13.78364165	43.87896165	-2.8442329	Clara
14.02738145	43.81829745	-4.5775097	Clara
13.89386001	43.84059693	-5.4952263	Clara
13.89466449	43.8764621	-2.2276375	Clara
13.94321866	43.83220147	-5.6977801	Clara
14.0342204	43.82083209	-4.1455354	Clara
14.01271507	43.8379534	-3.5333086	Clara
14.01286423	43.7627652	-9.4314959	Clara
13.9720127	43.79391554	-8.2212879	Clara
13.85902006	43.88125834	-1.9998177	Clara
14.05654537	43.82757612	-2.8387012	Clara
14.05758643	43.80188721	-4.7604488	Clara
13.85694176	43.78667149	-10.6036468	Clara
13.83592363	43.8545267	-4.6189673	Clara
13.8722486	43.86797227	-3.1242996	Clara
14.0444799	43.84370219	-2.0000003	Clara
14.03457567	43.83946187	-2.6703692	Clara
13.83588793	43.82224943	-7.4848232	Clara
13.86113935	43.79529743	-9.7961585	Clara
14.01195637	43.77893447	-8.1933372	Clara
13.95988973	43.86947104	-2.2071717	Clara
14.04366035	43.7324637	-10.6036468	Clara
14.0266346	43.8111277	-5.16592	Clara
13.83996614	43.84483174	-5.4363424	Clara
14.0448701	43.80575765	-4.960547	Clara
13.96576138	43.8703258	-1.9999695	Clara
14.07760283	43.82569457	-2.1623264	Clara
13.80712244	43.84400842	-5.8590932	Clara
13.98604114	43.7594729	-10.6036468	Clara
14.02176896	43.75601448	-9.6579051	Clara
14.04575751	43.83924906	-2.3062005	Clara
13.7893627	43.82602301	-7.6240871	Clara
13.84921814	43.87859733	-2.3408235	Clara
14.03683471	43.77771864	-7.4144857	Clara
13.7770103	43.86370375	-4.2692118	Clara
13.95307761	43.87058753	-2.1971668	Clara
13.83651751	43.86583264	-3.6091509	Clara
14.06595391	43.80352629	-4.3093731	Clara
14.00275488	43.86006624	-2.0000003	Clara
13.88178306	43.81283609	-8.0871076	Clara
14.05014984	43.81740148	-3.8651919	Clara
13.7692997	43.83641124	-6.7939563	Clara
13.8333118	43.81890721	-7.8074633	Clara
14.03830522	43.79229027	-6.2447144	Clara
13.787571	43.888	-2.0000003	Clara
13.88420475	43.818404	-7.5672376	Clara
13.92242197	43.78066527	-10.4712034	Clara
14.06151894	43.83259562	-2.261552	Clara
13.99564188	43.82779999	-4.8527586	Clara
14.047178	43.75475025	-8.7653455	Clara
14.02040013	43.76774991	-8.783523	Clara
14.00494035	43.83560603	-3.9824236	Clara
14.06450661	43.77235391	-6.7462889	Clara
13.88244435	43.87970721	-2.0000003	Clara
13.84655717	43.84024311	-5.7891893	Clara
13.80218256	43.85362932	-5.0418634	Clara
13.97496695	43.85976047	-2.667791	Clara
13.89379795	43.81745036	-7.5500147	Clara
13.78314159	43.80968287	-9.1442566	Clara
13.81240471	43.87750897	-2.812857	Clara
13.84767694	43.78723507	-10.6036468	Clara
13.88472091	43.78410696	-10.6036502	Clara
13.92673757	43.7969424	-9.0119727	Clara
13.85578772	43.82820251	-6.8333907	Clara
13.97272747	43.84983762	-3.546416	Clara
13.86727323	43.85593546	-4.247032	Clara
14.04679848	43.78177036	-6.7169947	Clara
13.93013515	43.87206548	-2.314125	Clara
13.80766211	43.82742859	-7.3245702	Clara
13.95694684	43.79933249	-8.1184477	Clara
14.03545313	43.84761624	-2.0000008	Clara
14.06782652	43.82770418	-2.3895103	Clara
13.87580727	43.82225854	-7.2632359	Clara
13.8977123	43.84330756	-5.2153857	Clara
13.95644536	43.8184845	-6.5348386	Clara
14.0581924	43.83630722	-2.1079539	Clara
14.03579983	43.78759791	-6.7002639	Clara
13.80847632	43.82040849	-7.9387566	Clara
13.93872809	43.81860833	-6.9344055	Clara
14.01116672	43.79289481	-7.1243229	Clara
14.03544975	43.73665422	-10.6036468	Clara
13.97961172	43.78877068	-8.4740198	Clara
13.89532559	43.80917416	-8.2672023	Clara
13.98317119	43.81672723	-6.0634305	Clara
14.02679241	43.75487733	-9.5497041	Clara
13.98251597	43.78671302	-8.5782046	Clara
13.84273207	43.83799256	-6.0150109	Clara
13.88871476	43.82877176	-6.5993704	Clara
13.95551668	43.86043421	-3.0611468	Clara
13.93432736	43.79041475	-9.3838789	Clara
13.87145514	43.78908033	-10.3042766	Clara
13.94899824	43.81842578	-6.7118448	Clara
14.03878419	43.78370094	-6.8816481	Clara
13.9294694	43.84851195	-4.4103654	Clara
13.91442314	43.84116681	-5.2243517	Clara
13.97442331	43.76812155	-10.3132737	Clara
13.90303362	43.85653389	-3.9848191	Clara
13.88445792	43.84062826	-5.5444676	Clara
14.04758991	43.81527441	-4.1264373	Clara
13.85467011	43.86544079	-3.4518513	Clara
13.84059278	43.8184186	-7.8072272	Clara
13.84363079	43.84134805	-5.7061273	Clara
13.95785381	43.78465844	-9.3194849	Clara
13.88526617	43.81629993	-7.7444967	Clara
13.79112967	43.84507497	-5.8822646	Clara
13.93022514	43.79496446	-9.0997901	Clara
13.75355762	43.7954704	-10.6036463	Clara
13.97888064	43.76258033	-10.6036468	Clara
14.06075828	43.77985507	-6.3195234	Clara
13.96072529	43.82336758	-6.0291504	Clara
13.77821101	43.85814007	-4.7681784	Clara
14.07094625	43.7625131	-7.246768	Clara
13.98093015	43.79521446	-7.9069412	Clara
14.00275889	43.7743449	-8.8668975	Clara
13.99823693	43.76708874	-9.5904773	Clara
13.86309442	43.81217745	-8.2504173	Clara
13.7570155	43.81766467	-8.5674502	Clara
13.97580387	43.78105885	-9.2042097	Clara
14.03825557	43.81181391	-4.7161798	Clara
13.88677918	43.80338374	-8.8728308	Clara
13.88204148	43.79780103	-9.4188423	Clara
13.79287315	43.81404754	-8.6691714	Clara
14.00486055	43.76788507	-9.302345	Clara
13.84406231	43.86417497	-3.6759187	Clara
13.89337218	43.87904223	-2.0000003	Clara
13.9619808	43.76808944	-10.6036468	Clara
14.02512639	43.82422289	-4.1890008	Clara
13.84945741	43.87349782	-2.7909153	Clara
13.87006118	43.78587294	-10.6036468	Clara
13.85920284	43.87426434	-2.6234424	Clara
13.92483267	43.79256389	-9.4206453	Clara
13.92642043	43.82683522	-6.3654544	Clara
13.89081078	43.7979825	-9.3080608	Clara
