12.736062	43.275	-2.4999998	Colfiorito-Campotosto
12.95322471	43.17632522	-12.6910189	Colfiorito-Campotosto
13.31665181	42.68660219	-9.0335561	Colfiorito-Campotosto
12.74371269	43.2788376	-3.357366	Colfiorito-Campotosto
13.09437201	42.94515637	-8.0994067	Colfiorito-Campotosto
12.99719889	43.0977238	-10.84663	Colfiorito-Campotosto
13.30669386	42.64069118	-4.7522454	Colfiorito-Campotosto
12.84737841	43.2373441	-8.6927081	Colfiorito-Campotosto
12.88032055	43.22492736	-10.3906876	Colfiorito-Campotosto
12.86760484	43.19643499	-7.4409043	Colfiorito-Campotosto
13.33860596	42.619522	-5.1162948	Colfiorito-Campotosto
12.9409976	43.17977311	-11.981054	Colfiorito-Campotosto
13.19565612	42.73411883	-2.5000003	Colfiorito-Campotosto
12.75570209	43.28485048	-4.7008682	Colfiorito-Campotosto
13.15286371	42.79351822	-2.9552659	Colfiorito-Campotosto
13.03569083	42.9367497	-2.908785	Colfiorito-Campotosto
13.00166924	42.99791584	-4.4119698	Colfiorito-Campotosto
12.77001289	43.26141941	-4.3561297	Colfiorito-Campotosto
13.16044292	42.91781488	-11.5752725	Colfiorito-Campotosto
13.01741153	43.0115049	-6.5637547	Colfiorito-Campotosto
13.336764	42.63003914	-5.8985321	Colfiorito-Campotosto
13.36258733	42.69305142	-13.1066014	Colfiorito-Campotosto
12.88508438	43.10423254	-2.4999998	Colfiorito-Campotosto
13.34524271	42.63609172	-7.0044901	Colfiorito-Campotosto
12.86757457	43.26855101	-12.4083333	Colfiorito-Campotosto
13.53590287	42.5162963	-9.6948126	Colfiorito-Campotosto
12.83596781	43.27148984	-10.1615975	Colfiorito-Campotosto
12.76777133	43.29090207	-6.0532113	Colfiorito-Campotosto
12.92143817	43.07751695	-3.5522127	Colfiorito-Campotosto
13.12538826	42.97525465	-12.5232371	Colfiorito-Campotosto
12.85537288	43.13850033	-2.4999774	Colfiorito-Campotosto
13.29119416	42.65517882	-4.9395186	Colfiorito-Campotosto
12.83564828	43.29432172	-11.7100626	Colfiorito-Campotosto
12.80472535	43.22477459	-4.5207774	Colfiorito-Campotosto
13.38914176	42.63106391	-9.5881937	Colfiorito-Campotosto
12.9458969	43.04585007	-3.3186971	Colfiorito-Campotosto
12.95301626	43.03489268	-3.1292137	Colfiorito-Campotosto
12.77960479	43.29683415	-7.3790376	Colfiorito-Campotosto
12.912137	43.07270705	-2.499995	Colfiorito-Campotosto
13.43947356	42.63172642	-13.1066029	Colfiorito-Campotosto
13.54503208	42.52089673	-10.7201151	Colfiorito-Campotosto
13.10626796	42.96781187	-10.5255301	Colfiorito-Campotosto
12.78922997	43.30165828	-8.4573745	Colfiorito-Campotosto
13.18912756	42.90626631	-13.1062742	Colfiorito-Campotosto
12.89734489	43.09865597	-3.0855736	Colfiorito-Campotosto
13.42096069	42.64646288	-13.1066014	Colfiorito-Campotosto
13.18705614	42.75896024	-3.4308392	Colfiorito-Campotosto
13.18101725	42.79365426	-5.2070889	Colfiorito-Campotosto
13.13712551	42.82631082	-3.8084237	Colfiorito-Campotosto
12.77844651	43.2250042	-2.5000013	Colfiorito-Campotosto
12.9642024	43.02032712	-3.0119578	Colfiorito-Campotosto
13.16698557	42.77918794	-3.1501361	Colfiorito-Campotosto
13.29359726	42.76899027	-12.5558504	Colfiorito-Campotosto
13.17135122	42.81320579	-5.6979852	Colfiorito-Campotosto
13.11567844	42.97013784	-11.418182	Colfiorito-Campotosto
12.80145952	43.30778655	-9.8273951	Colfiorito-Campotosto
13.45818565	42.52765267	-5.3256693	Colfiorito-Campotosto
13.27218182	42.79721466	-12.6867576	Colfiorito-Campotosto
13.33877322	42.60700512	-4.046243	Colfiorito-Campotosto
13.44261037	42.60038435	-10.5952674	Colfiorito-Campotosto
12.81195397	43.31304427	-11.0029586	Colfiorito-Campotosto
12.97848083	43.04462628	-5.7769974	Colfiorito-Campotosto
13.42153378	42.52413556	-2.4998602	Colfiorito-Campotosto
12.91909233	43.15656731	-8.6846463	Colfiorito-Campotosto
12.88743862	43.18737556	-8.3535194	Colfiorito-Campotosto
13.47467872	42.51374432	-5.2604766	Colfiorito-Campotosto
13.34087922	42.71962483	-13.1066014	Colfiorito-Campotosto
12.79826148	43.27047647	-7.1702846	Colfiorito-Campotosto
13.05900778	43.06004939	-13.1066014	Colfiorito-Campotosto
13.52567718	42.54622462	-11.5730631	Colfiorito-Campotosto
13.34969015	42.58690157	-3.06018	Colfiorito-Campotosto
13.08273325	42.9803979	-9.5445501	Colfiorito-Campotosto
13.09024308	42.93538679	-7.135952	Colfiorito-Campotosto
12.82418525	43.31917089	-12.3729783	Colfiorito-Campotosto
13.49152388	42.55295932	-9.8039243	Colfiorito-Campotosto
12.83073525	43.32245124	-13.1066014	Colfiorito-Campotosto
12.80417872	43.19606151	-2.5000106	Colfiorito-Campotosto
13.3788504	42.66376662	-11.7067508	Colfiorito-Campotosto
13.4476359	42.55817046	-7.246442	Colfiorito-Campotosto
13.49331133	42.53018311	-7.9612947	Colfiorito-Campotosto
13.34825521	42.71059765	-13.1066014	Colfiorito-Campotosto
13.07229003	42.94026547	-6.0256307	Colfiorito-Campotosto
13.46321144	42.5363762	-6.4244897	Colfiorito-Campotosto
13.20568188	42.75136943	-4.4185799	Colfiorito-Campotosto
12.97638622	42.99880029	-2.5000838	Colfiorito-Campotosto
13.45102664	42.62253764	-13.1069325	Colfiorito-Campotosto
13.21950147	42.82195369	-10.10615	Colfiorito-Campotosto
12.75492487	43.27737698	-4.1628053	Colfiorito-Campotosto
12.998625	42.9732858	-2.4999998	Colfiorito-Campotosto
12.82070776	43.29188538	-10.3577215	Colfiorito-Campotosto
13.20331171	42.88868222	-13.1066009	Colfiorito-Campotosto
12.90541432	43.18375261	-9.497041	Colfiorito-Campotosto
13.33243216	42.67786801	-9.7213288	Colfiorito-Campotosto
12.86528834	43.28125332	-13.1066038	Colfiorito-Campotosto
13.50437504	42.54823982	-10.2809437	Colfiorito-Campotosto
12.81777627	43.22301076	-5.4107376	Colfiorito-Campotosto
13.2933179	42.62527175	-2.4999998	Colfiorito-Campotosto
12.8638968	43.14447553	-3.5723138	Colfiorito-Campotosto
12.98372965	43.14702739	-13.1066019	Colfiorito-Campotosto
13.38666663	42.58460507	-5.3988009	Colfiorito-Campotosto
13.38603377	42.67424881	-13.1066024	Colfiorito-Campotosto
12.93689941	43.18978477	-12.3530892	Colfiorito-Campotosto
13.46673857	42.56709861	-9.3307977	Colfiorito-Campotosto
13.22042418	42.76791864	-6.6666822	Colfiorito-Campotosto
13.22433551	42.69903715	-2.499995	Colfiorito-Campotosto
13.36437258	42.6733751	-11.5421285	Colfiorito-Campotosto
12.98840932	43.13408047	-12.6027879	Colfiorito-Campotosto
13.23437377	42.83925309	-12.4060638	Colfiorito-Campotosto
13.03585202	43.08065806	-12.7005682	Colfiorito-Campotosto
12.75345019	43.25311056	-2.4999998	Colfiorito-Campotosto
13.24376231	42.74482021	-7.0216065	Colfiorito-Campotosto
13.17943161	42.84086603	-8.1228806	Colfiorito-Campotosto
13.54539419	42.54193127	-12.5596981	Colfiorito-Campotosto
13.1146467	42.88002293	-5.4780841	Colfiorito-Campotosto
12.99683779	43.01382371	-5.1164066	Colfiorito-Campotosto
13.35764796	42.69909933	-13.1066009	Colfiorito-Campotosto
13.29403798	42.74923412	-11.3068096	Colfiorito-Campotosto
12.85017474	43.25786882	-10.3237501	Colfiorito-Campotosto
12.94950137	43.07068678	-5.28913	Colfiorito-Campotosto
13.36989515	42.56789657	-2.7927772	Colfiorito-Campotosto
13.32802614	42.65367564	-7.3409187	Colfiorito-Campotosto
12.84164295	43.18136896	-4.3904061	Colfiorito-Campotosto
13.09174358	43.02247245	-13.1066014	Colfiorito-Campotosto
12.98133024	43.01842851	-4.219151	Colfiorito-Campotosto
12.92534305	43.09351849	-4.933993	Colfiorito-Campotosto
13.20630103	42.72108963	-2.5000369	Colfiorito-Campotosto
13.21847449	42.83255561	-10.7057454	Colfiorito-Campotosto
12.86723556	43.12501912	-2.4999813	Colfiorito-Campotosto
13.19241837	42.80548985	-6.883348	Colfiorito-Campotosto
13.19004112	42.86248347	-10.3610389	Colfiorito-Campotosto
13.15232175	42.87380146	-8.0782982	Colfiorito-Campotosto
13.00805527	43.10596017	-12.2523582	Colfiorito-Campotosto
12.79207807	43.27634031	-7.0740974	Colfiorito-Campotosto
13.47759779	42.48689733	-3.1452332	Colfiorito-Campotosto
13.33791537	42.70152047	-11.6943211	Colfiorito-Campotosto
13.41198367	42.53171349	-2.499681	Colfiorito-Campotosto
12.8952719	43.21441717	-10.8245223	Colfiorito-Campotosto
13.43364272	42.5643211	-6.829373	Colfiorito-Campotosto
13.36475437	42.59065402	-4.4202572	Colfiorito-Campotosto
12.80392219	43.24476248	-5.8361074	Colfiorito-Campotosto
13.30973111	42.6122176	-2.5000003	Colfiorito-Campotosto
13.17408626	42.78656758	-4.1949266	Colfiorito-Campotosto
13.12496773	42.94434317	-10.4787074	Colfiorito-Campotosto
12.88432749	43.16332079	-6.4546982	Colfiorito-Campotosto
12.88459972	43.1086081	-2.756326	Colfiorito-Campotosto
13.4156169	42.55672459	-4.9351048	Colfiorito-Campotosto
13.08498847	42.87654759	-2.893929	Colfiorito-Campotosto
12.98972489	43.1067247	-10.8670706	Colfiorito-Campotosto
13.31958177	42.74567878	-13.106595	Colfiorito-Campotosto
13.2759849	42.63905235	-2.4999998	Colfiorito-Campotosto
13.45657596	42.56168738	-8.1640092	Colfiorito-Campotosto
12.83639812	43.30095082	-12.1921204	Colfiorito-Campotosto
13.38258844	42.57249803	-4.0611131	Colfiorito-Campotosto
13.0419186	43.04895164	-11.0195316	Colfiorito-Campotosto
12.8533435	43.29467983	-13.1066263	Colfiorito-Campotosto
13.35030376	42.69376835	-12.1760384	Colfiorito-Campotosto
13.4290854	42.61690586	-11.1128397	Colfiorito-Campotosto
13.34975175	42.59884329	-4.0959625	Colfiorito-Campotosto
13.32655917	42.69504781	-10.3704295	Colfiorito-Campotosto
13.14082675	42.88672686	-7.9952478	Colfiorito-Campotosto
12.85712592	43.27920106	-12.3326527	Colfiorito-Campotosto
13.17311278	42.88691044	-10.5819959	Colfiorito-Campotosto
13.17827299	42.87237635	-10.0583101	Colfiorito-Campotosto
12.98652773	43.08735847	-9.3092479	Colfiorito-Campotosto
13.28224986	42.78445741	-12.6583045	Colfiorito-Campotosto
12.82474657	43.19027437	-3.6952752	Colfiorito-Campotosto
13.24297894	42.6988958	-3.9733231	Colfiorito-Campotosto
12.82223632	43.23108595	-6.3128525	Colfiorito-Campotosto
13.09504308	42.97028308	-9.817635	Colfiorito-Campotosto
13.14826453	42.95627919	-13.1066019	Colfiorito-Campotosto
13.55845151	42.52765774	-12.227138	Colfiorito-Campotosto
13.07306073	43.00850003	-10.6996759	Colfiorito-Campotosto
13.2905962	42.66878622	-5.803238	Colfiorito-Campotosto
12.86828854	43.24584521	-10.8991033	Colfiorito-Campotosto
13.03353178	42.99858669	-6.942624	Colfiorito-Campotosto
13.40616374	42.6118003	-9.0946366	Colfiorito-Campotosto
12.93746507	43.07079166	-4.3566143	Colfiorito-Campotosto
13.13157491	42.97668238	-13.1061038	Colfiorito-Campotosto
12.89657662	43.17184748	-7.9916817	Colfiorito-Campotosto
12.8221613	43.27247967	-9.160062	Colfiorito-Campotosto
13.48396459	42.57507854	-11.204045	Colfiorito-Campotosto
12.91245024	43.12667546	-6.1534743	Colfiorito-Campotosto
13.13116015	42.85039582	-4.8824837	Colfiorito-Campotosto
13.29701183	42.6274472	-2.9419417	Colfiorito-Campotosto
13.08399541	42.94700475	-7.3942599	Colfiorito-Campotosto
13.10243951	43.010196	-13.1066014	Colfiorito-Campotosto
13.52225471	42.51741501	-8.8518077	Colfiorito-Campotosto
13.16426707	42.7725125	-2.4999998	Colfiorito-Campotosto
13.39357454	42.65666319	-12.1050506	Colfiorito-Campotosto
13.28250983	42.64100931	-3.1176141	Colfiorito-Campotosto
12.90633776	43.08549819	-2.9054808	Colfiorito-Campotosto
13.24173672	42.78649275	-9.5688582	Colfiorito-Campotosto
13.21082772	42.82461318	-9.5844022	Colfiorito-Campotosto
13.44009851	42.57242351	-7.9784218	Colfiorito-Campotosto
13.43221842	42.6294133	-12.4077371	Colfiorito-Campotosto
12.96822696	43.1502897	-12.111411	Colfiorito-Campotosto
13.07002373	43.02608538	-11.6581363	Colfiorito-Campotosto
12.97258666	43.08005968	-7.7261449	Colfiorito-Campotosto
13.33092729	42.73180141	-13.1066009	Colfiorito-Campotosto
13.20324995	42.83787292	-9.8320795	Colfiorito-Campotosto
13.22903724	42.78125801	-8.2187255	Colfiorito-Campotosto
13.47038934	42.56032765	-8.9875109	Colfiorito-Campotosto
13.40992629	42.60016869	-8.3471502	Colfiorito-Campotosto
13.41649768	42.56966325	-6.1266839	Colfiorito-Campotosto
12.80472851	43.29872461	-9.5125101	Colfiorito-Campotosto
12.77547526	43.27069413	-5.3842254	Colfiorito-Campotosto
13.16470417	42.87461339	-9.1191845	Colfiorito-Campotosto
13.28496682	42.65395219	-4.3915108	Colfiorito-Campotosto
13.42082143	42.54667456	-4.4113289	Colfiorito-Campotosto
13.42557677	42.60079849	-9.4694115	Colfiorito-Campotosto
13.4511174	42.50054472	-2.4999998	Colfiorito-Campotosto
13.28757507	42.78483883	-13.1066014	Colfiorito-Campotosto
13.41292058	42.58288151	-7.0387492	Colfiorito-Campotosto
13.1837091	42.90496082	-12.5904041	Colfiorito-Campotosto
13.15130514	42.88841766	-8.9387403	Colfiorito-Campotosto
13.2566365	42.67988747	-3.8236151	Colfiorito-Campotosto
13.18220104	42.81226534	-6.5040461	Colfiorito-Campotosto
13.33240854	42.72010504	-12.4641283	Colfiorito-Campotosto
13.24529402	42.67340358	-2.4999998	Colfiorito-Campotosto
12.91993303	43.19535251	-11.4216991	Colfiorito-Campotosto
13.15966783	42.90011546	-10.3637808	Colfiorito-Campotosto
13.47819971	42.53332338	-7.1923157	Colfiorito-Campotosto
13.14440401	42.90830629	-9.6821029	Colfiorito-Campotosto
13.37343754	42.59818229	-5.6676021	Colfiorito-Campotosto
12.8517015	43.20293798	-6.6571274	Colfiorito-Campotosto
13.06311845	42.93029844	-4.6489517	Colfiorito-Campotosto
13.26037758	42.66290997	-3.0176239	Colfiorito-Campotosto
12.98138992	43.12211309	-11.2482371	Colfiorito-Campotosto
13.47427355	42.54395847	-7.840061	Colfiorito-Campotosto
13.3046746	42.66869487	-6.917208	Colfiorito-Campotosto
13.27007556	42.70577891	-6.5756693	Colfiorito-Campotosto
13.02027219	42.96810316	-3.8363209	Colfiorito-Campotosto
13.02147832	43.0881917	-12.0915194	Colfiorito-Campotosto
13.09371299	42.99877609	-11.6498514	Colfiorito-Campotosto
13.48633043	42.4913025	-4.1263453	Colfiorito-Campotosto
13.46476195	42.48965977	-2.4999998	Colfiorito-Campotosto
13.21968575	42.71175394	-2.9574246	Colfiorito-Campotosto
13.41047175	42.63726602	-11.5907425	Colfiorito-Campotosto
13.10577385	42.92938746	-7.9806304	Colfiorito-Campotosto
12.9410804	43.1960176	-13.106595	Colfiorito-Campotosto
13.1090554	42.91638579	-7.3964382	Colfiorito-Campotosto
12.92519767	43.16436797	-9.6946597	Colfiorito-Campotosto
13.04865781	43.01218948	-9.0470889	Colfiorito-Campotosto
12.98174594	43.14480372	-12.801661	Colfiorito-Campotosto
13.25465923	42.78553962	-10.5345008	Colfiorito-Campotosto
12.89697552	43.13602974	-5.5703372	Colfiorito-Campotosto
13.31338977	42.61523934	-3.0126527	Colfiorito-Campotosto
12.88764044	43.23172124	-11.4261756	Colfiorito-Campotosto
13.16412283	42.89276933	-10.2415577	Colfiorito-Campotosto
13.16075698	42.79000121	-3.3587967	Colfiorito-Campotosto
13.32106872	42.71561783	-11.2706099	Colfiorito-Campotosto
13.11189375	42.84438325	-2.9574095	Colfiorito-Campotosto
13.50623626	42.50134142	-6.3625705	Colfiorito-Campotosto
13.40203195	42.66152418	-13.1066014	Colfiorito-Campotosto
13.51184866	42.53175976	-9.3731607	Colfiorito-Campotosto
13.46279463	42.60835009	-12.669036	Colfiorito-Campotosto
12.98077618	43.00036925	-2.9492591	Colfiorito-Campotosto
12.78639851	43.22881098	-3.378638	Colfiorito-Campotosto
13.09786322	42.87984426	-4.1318668	Colfiorito-Campotosto
13.00779858	43.09749395	-11.6570701	Colfiorito-Campotosto
12.88092831	43.15009376	-5.279806	Colfiorito-Campotosto
13.07005954	43.04735531	-13.1066707	Colfiorito-Campotosto
12.86760707	43.2163795	-8.8162334	Colfiorito-Campotosto
12.82608905	43.17143185	-2.4999993	Colfiorito-Campotosto
13.42708518	42.58001189	-7.754134	Colfiorito-Campotosto
13.06540232	42.90261863	-3.0308817	Colfiorito-Campotosto
13.10925762	42.97459058	-11.2195179	Colfiorito-Campotosto
12.87764444	43.14142589	-4.4278678	Colfiorito-Campotosto
13.0338758	42.9545917	-3.9793983	Colfiorito-Campotosto
13.23248818	42.73262978	-5.3329154	Colfiorito-Campotosto
12.9066651	43.15057135	-7.308063	Colfiorito-Campotosto
13.24081721	42.84214031	-13.1067762	Colfiorito-Campotosto
13.09252892	42.96030762	-8.9429831	Colfiorito-Campotosto
13.28182528	42.71204813	-7.9176537	Colfiorito-Campotosto
13.04543893	42.98949857	-7.2536358	Colfiorito-Campotosto
12.86489869	43.25629679	-11.3565125	Colfiorito-Campotosto
12.94768402	43.05954075	-4.3887288	Colfiorito-Campotosto
12.94343011	43.17117366	-11.576495	Colfiorito-Campotosto
13.28449123	42.74403126	-10.2094295	Colfiorito-Campotosto
13.27595821	42.79905394	-13.1066014	Colfiorito-Campotosto
13.12510253	42.8208959	-2.4999998	Colfiorito-Campotosto
12.97569914	43.06338763	-6.8351721	Colfiorito-Campotosto
12.94367848	43.11678925	-7.9353318	Colfiorito-Campotosto
13.38659904	42.59417331	-6.2268393	Colfiorito-Campotosto
12.93845432	43.08020554	-5.0666163	Colfiorito-Campotosto
13.27386996	42.64835802	-3.1452347	Colfiorito-Campotosto
13.24921698	42.77207151	-9.2263535	Colfiorito-Campotosto
13.18586394	42.88944705	-11.7630821	Colfiorito-Campotosto
13.09160913	42.8905413	-4.329639	Colfiorito-Campotosto
12.90567674	43.21910691	-11.954099	Colfiorito-Campotosto
13.5603816	42.53631241	-13.1066014	Colfiorito-Campotosto
13.36723779	42.57601693	-3.3221366	Colfiorito-Campotosto
13.26101973	42.69295635	-5.0218294	Colfiorito-Campotosto
13.32407662	42.63579669	-5.5239862	Colfiorito-Campotosto
13.396654	42.58849808	-6.4208002	Colfiorito-Campotosto
13.3573369	42.64176124	-8.3258971	Colfiorito-Campotosto
12.95134509	43.09928326	-7.3591483	Colfiorito-Campotosto
12.80515277	43.20549369	-3.2253372	Colfiorito-Campotosto
13.2582161	42.8207549	-13.1065867	Colfiorito-Campotosto
12.81205984	43.28638628	-9.3147421	Colfiorito-Campotosto
13.02124411	42.98181062	-4.8438089	Colfiorito-Campotosto
13.43492835	42.53977977	-4.7719266	Colfiorito-Campotosto
13.3428243	42.64605596	-7.6994439	Colfiorito-Campotosto
13.29861514	42.63571385	-3.7667161	Colfiorito-Campotosto
13.27213236	42.66897423	-4.346764	Colfiorito-Campotosto
12.97552084	43.10899674	-9.9067061	Colfiorito-Campotosto
13.0125813	43.03959184	-8.0949823	Colfiorito-Campotosto
12.93186355	43.2063844	-13.1066014	Colfiorito-Campotosto
13.18641702	42.77298791	-4.292075	Colfiorito-Campotosto
13.31878292	42.669081	-8.0375295	Colfiorito-Campotosto
12.8059176	43.23387867	-5.2405924	Colfiorito-Campotosto
13.22880689	42.75521841	-6.5078595	Colfiorito-Campotosto
13.51477797	42.56588063	-12.5193949	Colfiorito-Campotosto
13.49444164	42.54031805	-8.9136795	Colfiorito-Campotosto
12.83663844	43.15957144	-2.4999998	Colfiorito-Campotosto
13.4940195	42.50349973	-5.7078062	Colfiorito-Campotosto
13.19505035	42.89892622	-13.1066043	Colfiorito-Campotosto
13.50012152	42.58422727	-13.1065887	Colfiorito-Campotosto
13.17280112	42.8623495	-8.9761033	Colfiorito-Campotosto
13.47864025	42.55339815	-8.9549649	Colfiorito-Campotosto
13.3366834	42.59077103	-2.5000028	Colfiorito-Campotosto
13.025595	42.94913216	-2.9623826	Colfiorito-Campotosto
12.9525072	43.18316059	-13.1066346	Colfiorito-Campotosto
13.48078094	42.49433472	-4.0059158	Colfiorito-Campotosto
12.87950329	43.1802762	-7.2492164	Colfiorito-Campotosto
13.39067369	42.61981875	-8.7219868	Colfiorito-Campotosto
13.19666897	42.79556368	-6.5752661	Colfiorito-Campotosto
13.30076058	42.73880597	-11.1631639	Colfiorito-Campotosto
13.19541363	42.81782618	-7.9168857	Colfiorito-Campotosto
13.14674474	42.92038008	-10.6527205	Colfiorito-Campotosto
13.17347298	42.76754289	-2.9087967	Colfiorito-Campotosto
12.92918839	43.12450443	-7.3188218	Colfiorito-Campotosto
13.09767866	42.98624668	-11.1079173	Colfiorito-Campotosto
13.49490616	42.49562785	-5.0897782	Colfiorito-Campotosto
13.1434791	42.95766138	-12.8160252	Colfiorito-Campotosto
13.37888758	42.65324202	-10.7996658	Colfiorito-Campotosto
13.43580686	42.58939973	-9.1702843	Colfiorito-Campotosto
13.50595425	42.51918585	-7.8825735	Colfiorito-Campotosto
12.77707125	43.24182516	-3.5529188	Colfiorito-Campotosto
13.27318799	42.67922466	-5.09696	Colfiorito-Campotosto
12.87057267	43.16802791	-5.7129163	Colfiorito-Campotosto
12.83700186	43.25181237	-8.8855057	Colfiorito-Campotosto
13.17220274	42.76280939	-2.4999993	Colfiorito-Campotosto
13.14323349	42.85955205	-6.4358348	Colfiorito-Campotosto
12.87601641	43.11479408	-2.500012	Colfiorito-Campotosto
12.90127191	43.10906385	-4.0931988	Colfiorito-Campotosto
12.7897971	43.29695254	-8.2032592	Colfiorito-Campotosto
13.16153145	42.88549739	-9.566645	Colfiorito-Campotosto
13.10311868	42.89570825	-5.5806151	Colfiorito-Campotosto
13.00529642	43.08208605	-10.414494	Colfiorito-Campotosto
12.90467027	43.11796785	-4.9583026	Colfiorito-Campotosto
13.40980874	42.62636095	-10.6029791	Colfiorito-Campotosto
13.17694967	42.85156419	-8.613159	Colfiorito-Campotosto
13.2346415	42.68643427	-2.5000003	Colfiorito-Campotosto
13.27600464	42.64752176	-3.2336229	Colfiorito-Campotosto
13.39928106	42.59635125	-7.2865657	Colfiorito-Campotosto
12.89912052	43.2431985	-13.1066722	Colfiorito-Campotosto
13.37259121	42.61608324	-7.1558565	Colfiorito-Campotosto
12.90870159	43.13993131	-6.7514809	Colfiorito-Campotosto
12.85836576	43.15678695	-3.9921058	Colfiorito-Campotosto
12.96289338	43.01429525	-2.4999998	Colfiorito-Campotosto
13.2184645	42.79568392	-8.3159564	Colfiorito-Campotosto
13.48135029	42.58852261	-12.2011732	Colfiorito-Campotosto
12.91091862	43.22993279	-13.1066014	Colfiorito-Campotosto
12.78183069	43.28449479	-6.7719188	Colfiorito-Campotosto
13.31266625	42.703984	-9.8461766	Colfiorito-Campotosto
13.41901309	42.61472188	-10.2307105	Colfiorito-Campotosto
13.22504049	42.85562971	-12.7143831	Colfiorito-Campotosto
12.89364736	43.09425642	-2.4999993	Colfiorito-Campotosto
13.24999846	42.7039808	-4.8621785	Colfiorito-Campotosto
13.47100406	42.50553829	-4.2995323	Colfiorito-Campotosto
12.81067649	43.27338945	-8.3332448	Colfiorito-Campotosto
13.47074714	42.59922803	-12.4138543	Colfiorito-Campotosto
13.39975291	42.5412556	-2.5000286	Colfiorito-Campotosto
13.07362687	42.94828688	-6.6538136	Colfiorito-Campotosto
13.35857356	42.60629234	-5.3461041	Colfiorito-Campotosto
13.35898028	42.57305709	-2.500473	Colfiorito-Campotosto
13.01504501	43.0563579	-9.4263316	Colfiorito-Campotosto
12.83279449	43.3128635	-12.6613416	Colfiorito-Campotosto
12.81384062	43.18519738	-2.5000389	Colfiorito-Campotosto
12.96206428	43.09062946	-7.6178636	Colfiorito-Campotosto
13.51480827	42.50969772	-7.6734814	Colfiorito-Campotosto
12.95937356	43.1390446	-10.6615592	Colfiorito-Campotosto
12.9742094	43.09728117	-9.0164596	Colfiorito-Campotosto
13.43834772	42.61650934	-11.714888	Colfiorito-Campotosto
12.91100819	43.16512133	-8.6468162	Colfiorito-Campotosto
12.89178311	43.19710989	-9.361146	Colfiorito-Campotosto
13.21888778	42.84482577	-11.5280264	Colfiorito-Campotosto
12.83012277	43.26335412	-9.1479094	Colfiorito-Campotosto
12.87592435	43.200818	-8.3877691	Colfiorito-Campotosto
13.56628326	42.5316028	-13.1066014	Colfiorito-Campotosto
13.53268513	42.55223854	-12.5743367	Colfiorito-Campotosto
13.4611899	42.59141116	-11.0780875	Colfiorito-Campotosto
12.79564775	43.25748613	-6.0719611	Colfiorito-Campotosto
13.06415745	42.9837742	-8.3247902	Colfiorito-Campotosto
13.24142513	42.83146411	-12.4683602	Colfiorito-Campotosto
12.88548644	43.25853874	-13.1066014	Colfiorito-Campotosto
13.46707306	42.49277857	-2.9281307	Colfiorito-Campotosto
13.11604358	42.99457625	-13.1066009	Colfiorito-Campotosto
13.35070019	42.6270774	-6.6006667	Colfiorito-Campotosto
13.39854208	42.54706853	-2.9256507	Colfiorito-Campotosto
13.37469457	42.58184456	-4.3412608	Colfiorito-Campotosto
13.0029979	43.06117077	-8.8136895	Colfiorito-Campotosto
13.13696269	42.8367568	-4.4677454	Colfiorito-Campotosto
13.28986472	42.64925202	-4.3357157	Colfiorito-Campotosto
12.92419829	43.18428556	-10.9896961	Colfiorito-Campotosto
13.0106262	43.11567454	-13.1066204	Colfiorito-Campotosto
13.13432812	42.80944975	-2.4999989	Colfiorito-Campotosto
12.8824247	43.20774299	-9.3688752	Colfiorito-Campotosto
12.78663167	43.21580011	-2.4999993	Colfiorito-Campotosto
12.96256999	43.11584762	-9.3523062	Colfiorito-Campotosto
13.39211695	42.64225999	-10.7601666	Colfiorito-Campotosto
12.75013436	43.26551316	-3.0237015	Colfiorito-Campotosto
13.35589445	42.6896822	-12.3553001	Colfiorito-Campotosto
13.06209601	43.00722538	-9.7577882	Colfiorito-Campotosto
13.20125681	42.76580792	-5.0052569	Colfiorito-Campotosto
13.10692376	42.85605503	-3.3119325	Colfiorito-Campotosto
13.08544502	42.99381328	-10.6676356	Colfiorito-Campotosto
13.16994581	42.79967973	-4.7161019	Colfiorito-Campotosto
13.29849446	42.77147264	-13.1066024	Colfiorito-Campotosto
12.97384721	43.13444978	-11.4866099	Colfiorito-Campotosto
13.34227328	42.68282402	-10.8261822	Colfiorito-Campotosto
13.01936792	42.94947722	-2.4999998	Colfiorito-Campotosto
13.03573507	43.086767	-13.1066024	Colfiorito-Campotosto
13.46315934	42.55418418	-7.9577869	Colfiorito-Campotosto
13.471855	42.48399999	-2.4999998	Colfiorito-Campotosto
13.44240755	42.62220123	-12.4857049	Colfiorito-Campotosto
13.0474332	43.00235142	-8.2828078	Colfiorito-Campotosto
13.258069	42.80843565	-12.2939818	Colfiorito-Campotosto
12.99928823	43.11547305	-12.2044769	Colfiorito-Campotosto
13.10842776	42.9467316	-9.3191951	Colfiorito-Campotosto
13.21209023	42.7385893	-4.0976195	Colfiorito-Campotosto
12.84563738	43.14945133	-2.4999993	Colfiorito-Campotosto
13.11484523	42.98500702	-12.3630321	Colfiorito-Campotosto
13.41742388	42.59422968	-8.3385887	Colfiorito-Campotosto
13.29053406	42.7188996	-9.0556545	Colfiorito-Campotosto
12.87509629	43.13357758	-3.6908529	Colfiorito-Campotosto
13.3319414	42.64326733	-6.7103239	Colfiorito-Campotosto
13.1372793	42.9697124	-13.1065789	Colfiorito-Campotosto
12.99372724	43.13537635	-13.1066009	Colfiorito-Campotosto
13.4129072	42.64724243	-12.6201888	Colfiorito-Campotosto
13.22032995	42.72695595	-3.997139	Colfiorito-Campotosto
12.92091567	43.06247681	-2.500599	Colfiorito-Campotosto
12.89304217	43.24211512	-12.5607982	Colfiorito-Campotosto
13.1815226	42.91558352	-13.1066097	Colfiorito-Campotosto
13.24096787	42.75941095	-7.7475063	Colfiorito-Campotosto
12.86377562	43.12903948	-2.4996873	Colfiorito-Campotosto
13.24850689	42.67470745	-2.8402948	Colfiorito-Campotosto
12.96141568	43.04304553	-4.3384779	Colfiorito-Campotosto
13.09223328	42.8616196	-2.4996283	Colfiorito-Campotosto
13.26812508	42.64546146	-2.4999998	Colfiorito-Campotosto
13.0304901	43.05778124	-10.7278502	Colfiorito-Campotosto
13.0870072	42.95537221	-8.1785609	Colfiorito-Campotosto
12.76627775	43.238684	-2.4999813	Colfiorito-Campotosto
12.76168219	43.25003235	-2.9265828	Colfiorito-Campotosto
13.26974266	42.74061784	-8.8148563	Colfiorito-Campotosto
12.96836124	43.12397053	-10.3521995	Colfiorito-Campotosto
13.36655672	42.66232081	-10.736689	Colfiorito-Campotosto
12.93126252	43.17370692	-10.8085506	Colfiorito-Campotosto
13.01165829	42.96157931	-2.7209705	Colfiorito-Campotosto
12.85178253	43.22249814	-8.0113267	Colfiorito-Campotosto
13.30829719	42.67740792	-7.7715363	Colfiorito-Campotosto
13.19256722	42.74827147	-3.1742371	Colfiorito-Campotosto
12.84364088	43.29766839	-12.5613324	Colfiorito-Campotosto
13.25754887	42.71673344	-6.2918596	Colfiorito-Campotosto
13.1297252	42.89653829	-7.7502674	Colfiorito-Campotosto
12.92154451	43.13565904	-7.4701877	Colfiorito-Campotosto
13.30824243	42.71979036	-10.5217952	Colfiorito-Campotosto
13.22167119	42.80603615	-9.2440054	Colfiorito-Campotosto
13.21228352	42.81438258	-9.0410479	Colfiorito-Campotosto
13.37561996	42.60707985	-6.5862913	Colfiorito-Campotosto
12.99214611	43.05984737	-7.8773261	Colfiorito-Campotosto
13.48446716	42.59644425	-13.1066019	Colfiorito-Campotosto
13.00818388	43.04892561	-8.3861112	Colfiorito-Campotosto
13.16879844	42.83087579	-6.6310502	Colfiorito-Campotosto
13.43915545	42.55096512	-6.0377294	Colfiorito-Campotosto
13.32235541	42.67279246	-8.5899574	Colfiorito-Campotosto
13.21143433	42.87860767	-13.1066014	Colfiorito-Campotosto
12.98633636	43.09449151	-9.7793253	Colfiorito-Campotosto
12.76668565	43.28249758	-5.4311795	Colfiorito-Campotosto
13.08493205	43.0220314	-12.5453333	Colfiorito-Campotosto
12.83699376	43.22835623	-7.2685509	Colfiorito-Campotosto
12.85449823	43.24750297	-9.9445089	Colfiorito-Campotosto
13.062524	42.9457666	-5.6141002	Colfiorito-Campotosto
13.02938236	43.01689988	-7.8641549	Colfiorito-Campotosto
13.50562308	42.57557838	-12.726325	Colfiorito-Campotosto
13.51985149	42.53997503	-10.6328316	Colfiorito-Campotosto
13.0563567	43.05022851	-12.2326605	Colfiorito-Campotosto
13.30753745	42.76040468	-13.106681	Colfiorito-Campotosto
12.88033977	43.12279386	-3.376848	Colfiorito-Campotosto
12.88777846	43.13131677	-4.5329368	Colfiorito-Campotosto
12.94194603	43.16294382	-10.9033209	Colfiorito-Campotosto
13.44037658	42.53041279	-4.3385074	Colfiorito-Campotosto
13.20755388	42.80384234	-7.9789291	Colfiorito-Campotosto
12.75059778	43.2567022	-2.4999998	Colfiorito-Campotosto
12.98401172	43.03160286	-5.3234554	Colfiorito-Campotosto
13.40274229	42.60202591	-8.0158585	Colfiorito-Campotosto
12.92052038	43.21291987	-12.6779154	Colfiorito-Campotosto
12.91717112	43.10931042	-5.3554957	Colfiorito-Campotosto
13.05562758	42.97203961	-6.8619625	Colfiorito-Campotosto
13.04678407	42.93647072	-3.7547847	Colfiorito-Campotosto
13.18319971	42.74935928	-2.4999993	Colfiorito-Campotosto
13.55288752	42.53077229	-12.112785	Colfiorito-Campotosto
12.92722636	43.06568527	-3.2107445	Colfiorito-Campotosto
13.26669341	42.72643264	-7.649715	Colfiorito-Campotosto
12.85102794	43.26910524	-11.1642681	Colfiorito-Campotosto
13.28121289	42.73234613	-9.188788	Colfiorito-Campotosto
13.30160905	42.6525359	-5.4267589	Colfiorito-Campotosto
13.09661702	42.86333045	-2.9591131	Colfiorito-Campotosto
13.19070531	42.89654778	-12.6066409	Colfiorito-Campotosto
13.009511	43.06685607	-9.70807	Colfiorito-Campotosto
13.13048898	42.87380092	-6.334978	Colfiorito-Campotosto
13.29601424	42.70554229	-8.6231027	Colfiorito-Campotosto
13.21069155	42.78395923	-6.9355773	Colfiorito-Campotosto
13.18981955	42.85216736	-9.6794816	Colfiorito-Campotosto
13.25493619	42.73603603	-7.3396259	Colfiorito-Campotosto
13.22252234	42.74301005	-5.2146229	Colfiorito-Campotosto
13.06644581	42.91645974	-4.0136497	Colfiorito-Campotosto
13.27181106	42.65576258	-3.4626038	Colfiorito-Campotosto
13.12930512	42.96659192	-12.2694569	Colfiorito-Campotosto
12.84499302	43.30449986	-13.1066024	Colfiorito-Campotosto
13.04928572	42.95873172	-5.4629202	Colfiorito-Campotosto
12.97120055	43.03258701	-4.3909591	Colfiorito-Campotosto
12.86922241	43.17871606	-6.3448924	Colfiorito-Campotosto
13.08257434	43.03299359	-13.1066014	Colfiorito-Campotosto
13.03714494	43.06794683	-11.9376663	Colfiorito-Campotosto
12.95101138	43.15453556	-11.0482486	Colfiorito-Campotosto
13.16001271	42.85609732	-7.5527795	Colfiorito-Campotosto
12.86761515	43.12904862	-2.7997679	Colfiorito-Campotosto
13.44502711	42.53881562	-5.3836109	Colfiorito-Campotosto
12.89181533	43.14470756	-5.7523096	Colfiorito-Campotosto
12.8977467	43.15414834	-6.8626742	Colfiorito-Campotosto
13.42104896	42.60725994	-9.726071	Colfiorito-Campotosto
13.54293956	42.55022784	-13.1066004	Colfiorito-Campotosto
13.04640738	42.94459865	-4.278327	Colfiorito-Campotosto
13.413526	42.53717789	-3.0834168	Colfiorito-Campotosto
13.36069536	42.62764675	-7.3370525	Colfiorito-Campotosto
12.96184577	43.07405097	-6.4796993	Colfiorito-Campotosto
13.15770795	42.8447127	-6.6360222	Colfiorito-Campotosto
12.83594796	43.19828345	-5.115366	Colfiorito-Campotosto
13.44524507	42.54484828	-5.9190789	Colfiorito-Campotosto
13.45868468	42.51333483	-4.124411	Colfiorito-Campotosto
13.16953499	42.93025677	-13.1066004	Colfiorito-Campotosto
13.26877714	42.78656126	-11.7235999	Colfiorito-Campotosto
13.49462365	42.56143672	-10.7487606	Colfiorito-Campotosto
13.33362219	42.67655579	-9.7036502	Colfiorito-Campotosto
13.39112473	42.60735751	-7.6765017	Colfiorito-Campotosto
13.20115519	42.81168795	-7.9804557	Colfiorito-Campotosto
12.85550934	43.17973638	-5.3524576	Colfiorito-Campotosto
13.02656934	43.09728453	-13.1066019	Colfiorito-Campotosto
12.86727102	43.22498592	-9.3832592	Colfiorito-Campotosto
12.84883573	43.19084857	-5.6013209	Colfiorito-Campotosto
12.94073933	43.03972379	-2.4999974	Colfiorito-Campotosto
12.91162384	43.09700226	-4.0932	Colfiorito-Campotosto
13.0805737	43.01500394	-11.7277432	Colfiorito-Campotosto
12.89904941	43.20468086	-10.4461121	Colfiorito-Campotosto
13.37798484	42.5874626	-5.0548712	Colfiorito-Campotosto
12.85245663	43.16769265	-4.2857208	Colfiorito-Campotosto
13.21381012	42.85764887	-11.9476092	Colfiorito-Campotosto
13.01302891	43.02738418	-7.3006074	Colfiorito-Campotosto
13.05273836	42.9099393	-2.5000003	Colfiorito-Campotosto
12.90676647	43.19464097	-10.3522	Colfiorito-Campotosto
13.23110109	42.71380889	-3.9987728	Colfiorito-Campotosto
13.1151388	42.899443	-6.7791055	Colfiorito-Campotosto
13.34440808	42.68198757	-10.9145704	Colfiorito-Campotosto
13.45199665	42.50481165	-2.9286834	Colfiorito-Campotosto
12.79020539	43.27154577	-6.6188977	Colfiorito-Campotosto
12.83859613	43.2852586	-11.3146129	Colfiorito-Campotosto
13.11562679	42.93425753	-9.0805127	Colfiorito-Campotosto
13.08124445	42.88815161	-3.3501888	Colfiorito-Campotosto
13.53733789	42.52483374	-10.5300799	Colfiorito-Campotosto
12.87008626	43.15842631	-5.0135426	Colfiorito-Campotosto
13.06092774	42.9382122	-4.9890584	Colfiorito-Campotosto
12.96365174	43.08130369	-7.1143071	Colfiorito-Campotosto
12.92028558	43.21940322	-13.1066004	Colfiorito-Campotosto
13.4190795	42.53064743	-2.8927205	Colfiorito-Campotosto
13.20189346	42.88393542	-12.6878631	Colfiorito-Campotosto
13.12916982	42.88626634	-7.0387175	Colfiorito-Campotosto
13.38361205	42.55858104	-2.9137718	Colfiorito-Campotosto
13.40550909	42.55369533	-3.9805037	Colfiorito-Campotosto
13.53507423	42.53827438	-11.5338424	Colfiorito-Campotosto
13.21914301	42.86904424	-13.1066014	Colfiorito-Campotosto
12.7954058	43.20593145	-2.4999998	Colfiorito-Campotosto
13.19420326	42.78057339	-5.4043646	Colfiorito-Campotosto
13.14423781	42.89577137	-8.8545987	Colfiorito-Campotosto
13.008233	42.96225956	-2.5000003	Colfiorito-Campotosto
13.4252398	42.63774998	-12.6480867	Colfiorito-Campotosto
13.12007812	42.90575997	-7.5823299	Colfiorito-Campotosto
13.06025978	42.99614941	-8.8617515	Colfiorito-Campotosto
12.93149973	43.16075361	-9.9375443	Colfiorito-Campotosto
13.50211243	42.50851282	-6.6973418	Colfiorito-Campotosto
13.48080408	42.56501002	-10.1076944	Colfiorito-Campotosto
12.78002975	43.26644324	-5.4786939	Colfiorito-Campotosto
13.26220925	42.65270349	-2.5000008	Colfiorito-Campotosto
13.37866697	42.67284711	-12.4790428	Colfiorito-Campotosto
13.03375482	43.04108705	-9.8483829	Colfiorito-Campotosto
13.17996128	42.82332451	-7.0365327	Colfiorito-Campotosto
13.25996829	42.76166813	-9.405337	Colfiorito-Campotosto
13.05288172	42.93263589	-3.9870462	Colfiorito-Campotosto
12.94582028	43.14088568	-9.7235398	Colfiorito-Campotosto
13.34610549	42.65392163	-8.6048728	Colfiorito-Campotosto
13.27409349	42.75391595	-10.0251868	Colfiorito-Campotosto
13.19023996	42.83077149	-8.3363931	Colfiorito-Campotosto
13.23173896	42.81050822	-10.3354088	Colfiorito-Campotosto
13.44548061	42.51964887	-3.7606366	Colfiorito-Campotosto
13.00043378	42.98660535	-3.5465716	Colfiorito-Campotosto
13.43710467	42.51172001	-2.4999989	Colfiorito-Campotosto
12.83555618	43.31638244	-13.1065916	Colfiorito-Campotosto
12.74115667	43.26858767	-2.4999974	Colfiorito-Campotosto
13.01776431	43.10738256	-13.1069871	Colfiorito-Campotosto
13.21583827	42.7094243	-2.5000535	Colfiorito-Campotosto
12.82226677	43.28241204	-9.8531722	Colfiorito-Campotosto
12.90127301	43.14549685	-6.543437	Colfiorito-Campotosto
13.27571699	42.77548009	-11.5553861	Colfiorito-Campotosto
12.79645139	43.21518142	-3.218431	Colfiorito-Campotosto
12.93311438	43.19905341	-12.6983587	Colfiorito-Campotosto
13.24572753	42.80049761	-10.7966307	Colfiorito-Campotosto
13.2694728	42.64422843	-2.4999998	Colfiorito-Campotosto
13.31859861	42.66210981	-7.4221251	Colfiorito-Campotosto
13.05379295	42.91926215	-3.1899588	Colfiorito-Campotosto
13.37038158	42.56416996	-2.4999959	Colfiorito-Campotosto
13.3904109	42.66688187	-12.7707264	Colfiorito-Campotosto
12.88078145	43.25673551	-12.6177025	Colfiorito-Campotosto
13.12531741	42.91855728	-8.8305394	Colfiorito-Campotosto
13.33808344	42.5957379	-3.0253553	Colfiorito-Campotosto
12.98814212	42.9853127	-2.499991	Colfiorito-Campotosto
13.32570621	42.6084902	-3.27616	Colfiorito-Campotosto
13.37518976	42.63710883	-9.1512236	Colfiorito-Campotosto
13.07770732	42.95351973	-7.325539	Colfiorito-Campotosto
13.51410895	42.55582136	-11.6051038	Colfiorito-Campotosto
13.23750878	42.72050847	-4.943942	Colfiorito-Campotosto
13.25295165	42.66403381	-2.4999998	Colfiorito-Campotosto
13.35566709	42.68765653	-12.1785238	Colfiorito-Campotosto
13.27498794	42.69155487	-6.0416103	Colfiorito-Campotosto
13.47686452	42.52162345	-6.0907778	Colfiorito-Campotosto
12.83240986	43.21655442	-6.1001955	Colfiorito-Campotosto
13.24738836	42.72626634	-6.104127	Colfiorito-Campotosto
13.187045	42.87719908	-11.0689744	Colfiorito-Campotosto
13.04214367	42.93139895	-3.0525428	Colfiorito-Campotosto
13.05459294	42.9391971	-4.5502149	Colfiorito-Campotosto
13.02349533	43.07237578	-11.1739361	Colfiorito-Campotosto
13.43287865	42.51992821	-2.9176678	Colfiorito-Campotosto
13.13136592	42.92578232	-9.7809902	Colfiorito-Campotosto
12.93251969	43.10595845	-6.3327396	Colfiorito-Campotosto
13.05057229	43.03473919	-10.7294051	Colfiorito-Campotosto
13.16115516	42.90830335	-11.0140277	Colfiorito-Campotosto
13.49386057	42.56959409	-11.4003604	Colfiorito-Campotosto
13.21580173	42.75551393	-5.4927742	Colfiorito-Campotosto
13.15082355	42.83777672	-5.6399962	Colfiorito-Campotosto
13.29376379	42.72817852	-9.9157823	Colfiorito-Campotosto
12.79814042	43.28654433	-8.2093382	Colfiorito-Campotosto
12.90319522	43.23259497	-12.6917918	Colfiorito-Campotosto
13.40194202	42.57508675	-5.6079556	Colfiorito-Campotosto
13.03659892	42.92966699	-2.4994002	Colfiorito-Campotosto
13.45428019	42.54966376	-6.9565391	Colfiorito-Campotosto
13.10134409	42.85035805	-2.5000062	Colfiorito-Campotosto
13.03152016	42.93552306	-2.4999539	Colfiorito-Campotosto
13.12753588	42.98137638	-13.1066014	Colfiorito-Campotosto
13.03567744	42.98293414	-6.0460301	Colfiorito-Campotosto
13.52311317	42.56603878	-13.1066214	Colfiorito-Campotosto
12.97243484	43.16018476	-13.1066908	Colfiorito-Campotosto
13.13084994	42.90729039	-8.5383032	Colfiorito-Campotosto
13.22879048	42.82872653	-11.2841793	Colfiorito-Campotosto
12.77579121	43.25771714	-4.549588	Colfiorito-Campotosto
13.25721937	42.79626065	-11.4349574	Colfiorito-Campotosto
13.15408091	42.82496237	-5.0754163	Colfiorito-Campotosto
12.95146407	43.08055277	-6.1099621	Colfiorito-Campotosto
13.03536732	42.96775649	-4.9903436	Colfiorito-Campotosto
13.15466518	42.93911703	-12.5000365	Colfiorito-Campotosto
13.51654422	42.50653852	-7.5204585	Colfiorito-Campotosto
12.95242124	43.12871005	-9.4219119	Colfiorito-Campotosto
12.81964558	43.3090031	-11.3620365	Colfiorito-Campotosto
13.31724738	42.62472503	-4.09762	Colfiorito-Campotosto
13.09332992	43.00903624	-12.3171829	Colfiorito-Campotosto
12.86266568	43.2090375	-7.9270538	Colfiorito-Campotosto
13.00779392	42.97237031	-3.1529686	Colfiorito-Campotosto
12.95958647	43.10500229	-8.3894246	Colfiorito-Campotosto
12.83569951	43.17115782	-3.2258885	Colfiorito-Campotosto
13.12312995	42.83604485	-3.3175926	Colfiorito-Campotosto
13.14103501	42.9325987	-10.9927391	Colfiorito-Campotosto
13.2487295	42.71460508	-5.4521705	Colfiorito-Campotosto
13.07653495	42.92448183	-5.3372662	Colfiorito-Campotosto
12.96013468	43.17451487	-13.1059437	Colfiorito-Campotosto
13.293433	42.68741085	-7.2392731	Colfiorito-Campotosto
13.39625061	42.56212846	-4.0862933	Colfiorito-Campotosto
12.78495565	43.26531786	-5.7837043	Colfiorito-Campotosto
13.25125112	42.82300144	-12.6988734	Colfiorito-Campotosto
12.98412672	43.05282665	-6.7746811	Colfiorito-Campotosto
13.07888481	42.87795598	-2.5000179	Colfiorito-Campotosto
13.32274978	42.60185991	-2.4999998	Colfiorito-Campotosto
13.28622835	42.68161684	-6.2896502	Colfiorito-Campotosto
13.36531445	42.68273513	-12.4160672	Colfiorito-Campotosto
12.84811572	43.30056712	-13.1066014	Colfiorito-Campotosto
12.84982716	43.29121115	-12.5951126	Colfiorito-Campotosto
13.02518083	43.03249001	-8.595479	Colfiorito-Campotosto
12.82587695	43.17919832	-3.0190037	Colfiorito-Campotosto
12.96095052	43.05195066	-4.9074805	Colfiorito-Campotosto
12.8795426	43.24225269	-11.5239019	Colfiorito-Campotosto
13.13934398	42.87607975	-7.188574	Colfiorito-Campotosto
13.37263301	42.62920193	-8.2922008	Colfiorito-Campotosto
13.07195358	43.03780078	-12.6052288	Colfiorito-Campotosto
12.86408751	43.23585771	-9.8853975	Colfiorito-Campotosto
13.34592575	42.70882429	-12.8060809	Colfiorito-Campotosto
13.46417847	42.61227272	-13.1065477	Colfiorito-Campotosto
13.29763861	42.66033897	-5.8145628	Colfiorito-Campotosto
13.26370582	42.77534562	-10.591401	Colfiorito-Campotosto
13.07625119	42.97382349	-8.5921739	Colfiorito-Campotosto
12.825233	43.28910318	-10.5433536	Colfiorito-Campotosto
13.07885148	42.96388518	-8.1198253	Colfiorito-Campotosto
13.40696132	42.5919236	-7.4233161	Colfiorito-Campotosto
13.37026234	42.6867887	-13.1066014	Colfiorito-Campotosto
13.11665301	42.85890319	-4.2721837	Colfiorito-Campotosto
12.93560455	43.1667694	-10.6668392	Colfiorito-Campotosto
13.31169299	42.65690307	-6.497363	Colfiorito-Campotosto
12.92020536	43.17238877	-9.8605516	Colfiorito-Campotosto
13.4546771	42.58379593	-9.9677105	Colfiorito-Campotosto
12.91976479	43.14631172	-8.0473374	Colfiorito-Campotosto
13.32724662	42.66767259	-8.4974254	Colfiorito-Campotosto
13.00106522	43.0263564	-6.2973802	Colfiorito-Campotosto
13.132753	42.95707904	-11.9255159	Colfiorito-Campotosto
13.00257284	43.12506499	-13.1066014	Colfiorito-Campotosto
12.97382745	43.09085172	-8.5549402	Colfiorito-Campotosto
13.21265638	42.86903089	-12.5878719	Colfiorito-Campotosto
13.06691172	42.9569834	-6.7194688	Colfiorito-Campotosto
13.21098975	42.72170906	-2.9132674	Colfiorito-Campotosto
12.91221356	43.20531613	-11.5100867	Colfiorito-Campotosto
13.10537081	42.96266582	-10.1111685	Colfiorito-Campotosto
12.84505226	43.15675439	-2.9579696	Colfiorito-Campotosto
12.98544419	43.0083527	-3.8556949	Colfiorito-Campotosto
12.99812938	43.0397082	-6.9754879	Colfiorito-Campotosto
12.93015093	43.05187147	-2.4999959	Colfiorito-Campotosto
13.01842042	43.0992544	-12.604993	Colfiorito-Campotosto
13.14479077	42.79646381	-2.5000653	Colfiorito-Campotosto
12.81402977	43.28348886	-9.2882242	Colfiorito-Campotosto
13.24916734	42.83181507	-13.1068245	Colfiorito-Campotosto
13.25799805	42.75190481	-8.6142797	Colfiorito-Campotosto
13.03917843	43.02344118	-9.0728814	Colfiorito-Campotosto
13.11747182	42.96501476	-11.2266234	Colfiorito-Campotosto
13.36083698	42.58108017	-3.3245472	Colfiorito-Campotosto
13.34519987	42.66403584	-9.4169405	Colfiorito-Campotosto
13.32319294	42.67685158	-8.9203094	Colfiorito-Campotosto
13.12600941	42.82447449	-2.8027313	Colfiorito-Campotosto
13.23925754	42.82167583	-11.6592552	Colfiorito-Campotosto
13.31598474	42.64497946	-5.7615299	Colfiorito-Campotosto
13.04635419	43.07457821	-13.1066014	Colfiorito-Campotosto
13.26670501	42.81037318	-13.1066014	Colfiorito-Campotosto
13.36393472	42.69181855	-13.1066014	Colfiorito-Campotosto
13.43472707	42.60813629	-10.7355968	Colfiorito-Campotosto
13.48698923	42.52419482	-7.0094632	Colfiorito-Campotosto
13.12193782	42.86597715	-5.1487725	Colfiorito-Campotosto
13.33408682	42.68560312	-10.355514	Colfiorito-Campotosto
13.02271894	43.04494546	-9.2495553	Colfiorito-Campotosto
13.0905187	42.91054128	-5.5427689	Colfiorito-Campotosto
13.05452911	43.02060467	-10.0770855	Colfiorito-Campotosto
12.9340123	43.13539533	-8.4291996	Colfiorito-Campotosto
12.82111185	43.25902035	-8.1508989	Colfiorito-Campotosto
13.48765562	42.5146807	-6.2344071	Colfiorito-Campotosto
12.86289718	43.1888411	-6.5526066	Colfiorito-Campotosto
13.07649797	42.99134553	-9.8019823	Colfiorito-Campotosto
12.82044192	43.20830143	-4.603951	Colfiorito-Campotosto
12.80251165	43.27771555	-7.9977395	Colfiorito-Campotosto
13.45091064	42.61868735	-12.7634202	Colfiorito-Campotosto
13.38316893	42.55419568	-2.4999998	Colfiorito-Campotosto
13.45060494	42.60550774	-11.5887691	Colfiorito-Campotosto
12.83134963	43.23946494	-7.5965541	Colfiorito-Campotosto
13.14262888	42.94458668	-11.8985811	Colfiorito-Campotosto
13.4954703	42.57840566	-12.2801615	Colfiorito-Campotosto
13.2024862	42.85517295	-10.8841878	Colfiorito-Campotosto
13.42600537	42.53528784	-3.7701778	Colfiorito-Campotosto
12.93545283	43.05873745	-3.3803001	Colfiorito-Campotosto
13.01879587	42.99857472	-5.7924644	Colfiorito-Campotosto
13.50919037	42.57713644	-13.1060164	Colfiorito-Campotosto
12.76189846	43.26347746	-3.8368753	Colfiorito-Campotosto
13.30991784	42.6665265	-7.1934214	Colfiorito-Campotosto
13.31598259	42.73507331	-12.1308758	Colfiorito-Campotosto
13.23145877	42.79627657	-9.3876635	Colfiorito-Campotosto
12.79047236	43.243726	-4.7224176	Colfiorito-Campotosto
12.95321774	43.02540298	-2.4999998	Colfiorito-Campotosto
13.15876159	42.94343911	-13.1066014	Colfiorito-Campotosto
13.08056666	42.90033669	-4.0882281	Colfiorito-Campotosto
13.10581921	42.86895194	-4.0564386	Colfiorito-Campotosto
13.11360317	42.83515863	-2.4999993	Colfiorito-Campotosto
12.9878613	43.07251414	-8.4040534	Colfiorito-Campotosto
13.24505376	42.68690214	-3.358472	Colfiorito-Campotosto
13.09472122	42.95468989	-8.7466462	Colfiorito-Campotosto
13.52685275	42.51173502	-8.6783452	Colfiorito-Campotosto
13.14036044	42.81079837	-3.0684393	Colfiorito-Campotosto
13.44832857	42.57511735	-8.7755727	Colfiorito-Campotosto
13.35034053	42.57989937	-2.4999622	Colfiorito-Campotosto
13.28633247	42.76333416	-11.6107633	Colfiorito-Campotosto
12.87479838	43.27056009	-13.1066024	Colfiorito-Campotosto
13.18099077	42.80298074	-5.8105322	Colfiorito-Campotosto
13.42733659	42.55730822	-5.785836	Colfiorito-Campotosto
13.04237406	42.92260994	-2.5000174	Colfiorito-Campotosto
13.10502602	42.99990959	-12.6094168	Colfiorito-Campotosto
12.9331683	43.15105484	-9.4164104	Colfiorito-Campotosto
13.17390201	42.90000968	-11.4886712	Colfiorito-Campotosto
13.27331595	42.76638056	-10.77315	Colfiorito-Campotosto
13.36869652	42.64839203	-9.6798966	Colfiorito-Campotosto
12.90292875	43.08344054	-2.4999998	Colfiorito-Campotosto
13.19885947	42.87059205	-11.5868746	Colfiorito-Campotosto
13.11933088	42.9540097	-10.6591312	Colfiorito-Campotosto
13.15429656	42.81289869	-4.3163648	Colfiorito-Campotosto
13.15528086	42.78348871	-2.5005907	Colfiorito-Campotosto
13.35777252	42.61727536	-6.2399329	Colfiorito-Campotosto
13.47087043	42.57795043	-10.5615885	Colfiorito-Campotosto
13.17411848	42.91412796	-12.4232557	Colfiorito-Campotosto
12.75698169	43.24912773	-2.5002015	Colfiorito-Campotosto
12.81075312	43.25539603	-7.0983989	Colfiorito-Campotosto
13.28871595	42.69835017	-7.5751483	Colfiorito-Campotosto
13.16020796	42.92788027	-12.2105638	Colfiorito-Campotosto
13.3026122	42.6957014	-8.5081984	Colfiorito-Campotosto
12.88523265	43.13789454	-4.7759549	Colfiorito-Campotosto
13.22932822	42.85640516	-13.1065872	Colfiorito-Campotosto
13.0688726	42.89020646	-2.4999998	Colfiorito-Campotosto
12.95764287	43.16775163	-12.4560765	Colfiorito-Campotosto
12.75968076	43.25623653	-3.1982498	Colfiorito-Campotosto
13.1568947	42.80132764	-3.7794156	Colfiorito-Campotosto
13.30363017	42.66144626	-6.336054	Colfiorito-Campotosto
13.231227	42.69943657	-3.0739676	Colfiorito-Campotosto
12.94210931	43.09241915	-6.1738724	Colfiorito-Campotosto
13.30646236	42.75429954	-12.6240809	Colfiorito-Campotosto
13.09457227	42.92556352	-6.8415249	Colfiorito-Campotosto
13.0504691	43.06022664	-12.4525277	Colfiorito-Campotosto
12.80825458	43.19593327	-2.8072132	Colfiorito-Campotosto
13.34878352	42.67388679	-10.514889	Colfiorito-Campotosto
13.06066689	42.90024359	-2.4999998	Colfiorito-Campotosto
12.96495262	43.06073576	-5.8167734	Colfiorito-Campotosto
13.199818	42.73510758	-2.8952508	Colfiorito-Campotosto
