17.188724	38.76800001	-3.0000011	Crotone-Rossano
17.12691366	38.79040438	-12.4714456	Crotone-Rossano
17.16624631	39.36026734	-16.1716977	Crotone-Rossano
17.15190618	39.39960561	-16.0230187	Crotone-Rossano
17.1318097	39.01728932	-23.4788019	Crotone-Rossano
17.13415245	39.25451631	-23.4788019	Crotone-Rossano
17.2031702	39.04608992	-13.8588843	Crotone-Rossano
17.2137383	39.09205979	-12.4928842	Crotone-Rossano
17.16561488	38.81856359	-8.7161437	Crotone-Rossano
17.20411963	39.05656131	-13.7449716	Crotone-Rossano
17.18298476	38.76811567	-3.7781955	Crotone-Rossano
17.17218593	38.76833304	-5.2424279	Crotone-Rossano
17.21896716	38.84688261	-2.9999162	Crotone-Rossano
17.28084582	39.1613265	-3.5132541	Crotone-Rossano
17.14688203	39.48337617	-12.1882614	Crotone-Rossano
17.19167617	39.11487655	-15.5096664	Crotone-Rossano
17.08044342	39.46428551	-22.2481623	Crotone-Rossano
17.12241071	39.38994736	-20.5567653	Crotone-Rossano
17.11867348	38.98173865	-23.4788039	Crotone-Rossano
17.18061528	39.01468164	-16.8487895	Crotone-Rossano
17.17273643	38.81323479	-7.4835895	Crotone-Rossano
17.16350154	38.76850751	-6.4199596	Crotone-Rossano
17.21406686	39.19808276	-12.5968785	Crotone-Rossano
17.2197654	39.45999725	-3.5145334	Crotone-Rossano
17.15549679	38.76866815	-7.5053361	Crotone-Rossano
17.11187196	38.86934934	-18.5824479	Crotone-Rossano
17.25735852	39.32099228	-5.856153	Crotone-Rossano
17.09091274	39.41516411	-23.4787941	Crotone-Rossano
17.15264774	38.91095708	-15.2706471	Crotone-Rossano
17.16474828	39.18125578	-19.2432091	Crotone-Rossano
17.19926425	39.36980556	-11.1662433	Crotone-Rossano
17.14601065	39.21779053	-21.8264172	Crotone-Rossano
17.27959766	39.20997815	-3.7525968	Crotone-Rossano
17.2252285	39.1955844	-11.0840068	Crotone-Rossano
17.23229291	39.4377072	-3.0000002	Crotone-Rossano
17.113732	38.96881859	-23.4788107	Crotone-Rossano
17.14583063	38.76886176	-8.8159797	Crotone-Rossano
17.16758509	39.16997144	-18.8441925	Crotone-Rossano
17.15296615	39.09071072	-20.7141632	Crotone-Rossano
17.19458223	38.91414803	-9.7970417	Crotone-Rossano
17.13808662	39.01716436	-22.6289308	Crotone-Rossano
17.26876693	39.11752757	-5.0837174	Crotone-Rossano
17.15411715	39.01058011	-20.1983532	Crotone-Rossano
17.22634888	39.14595333	-10.8625798	Crotone-Rossano
17.22096823	39.0331751	-11.4318263	Crotone-Rossano
17.22595787	38.87109231	-3.335341	Crotone-Rossano
17.21352439	39.1154974	-12.5546402	Crotone-Rossano
17.16151877	39.22277877	-19.7363	Crotone-Rossano
17.24259305	39.25023271	-8.8134196	Crotone-Rossano
17.13253965	38.76912747	-10.6181137	Crotone-Rossano
17.1936941	39.2004637	-15.3551174	Crotone-Rossano
17.17770424	38.84046647	-8.2189108	Crotone-Rossano
17.19512336	39.45297286	-7.2429674	Crotone-Rossano
17.09356662	38.82972142	-18.982735	Crotone-Rossano
17.12098552	38.76935795	-12.1847421	Crotone-Rossano
17.1594924	39.38721628	-15.653341	Crotone-Rossano
17.19331344	39.04303129	-15.1887264	Crotone-Rossano
17.14109115	39.30484661	-22.557255	Crotone-Rossano
17.06235622	38.80033432	-21.6689865	Crotone-Rossano
17.14021888	38.8559055	-14.0609383	Crotone-Rossano
17.13610642	39.23763338	-23.1920988	Crotone-Rossano
17.27285673	39.23445612	-4.6994211	Crotone-Rossano
17.26563856	39.1064987	-5.4910534	Crotone-Rossano
17.17496365	38.85092742	-9.1266227	Crotone-Rossano
17.13430542	39.2700201	-23.4788019	Crotone-Rossano
17.1682611	39.01656177	-18.5434103	Crotone-Rossano
17.21217406	38.82916505	-3.000009	Crotone-Rossano
17.24610251	39.02175862	-8.013466	Crotone-Rossano
17.10242774	38.81076526	-16.8148991	Crotone-Rossano
17.20028782	38.88590326	-7.5695573	Crotone-Rossano
17.10995998	38.76957745	-13.6796948	Crotone-Rossano
17.19378054	39.48837634	-5.5393713	Crotone-Rossano
17.15159502	38.99898747	-19.9410881	Crotone-Rossano
17.14355393	39.20488785	-22.1412804	Crotone-Rossano
17.09757509	38.76982346	-15.358956	Crotone-Rossano
17.15506055	39.16337378	-20.529216	Crotone-Rossano
17.09916146	38.86272766	-19.9423742	Crotone-Rossano
17.10488565	38.85478486	-18.7529738	Crotone-Rossano
17.21747038	39.30889801	-11.935477	Crotone-Rossano
17.14858161	38.96628015	-18.6640436	Crotone-Rossano
17.26342932	39.16624185	-5.8759914	Crotone-Rossano
17.22326231	39.17943281	-11.3271923	Crotone-Rossano
17.13188789	39.02521145	-23.4788019	Crotone-Rossano
17.23325261	38.94853469	-6.3700407	Crotone-Rossano
17.18481991	39.20272866	-16.558247	Crotone-Rossano
17.10334884	38.83257691	-17.8138493	Crotone-Rossano
17.19279262	38.97469188	-13.1549349	Crotone-Rossano
17.08715364	38.77003008	-16.7719938	Crotone-Rossano
17.15573851	38.89906373	-14.242849	Crotone-Rossano
17.23605227	39.42830634	-3.000005	Crotone-Rossano
17.07537284	38.77026318	-18.36934	Crotone-Rossano
17.18821277	39.40438496	-10.8175072	Crotone-Rossano
17.17827074	39.0072651	-16.7822331	Crotone-Rossano
17.28492715	39.18799635	-3.0000011	Crotone-Rossano
17.1428414	38.85087546	-13.4439909	Crotone-Rossano
17.16360018	38.90283993	-13.3801835	Crotone-Rossano
17.18421518	39.0382754	-16.4136147	Crotone-Rossano
17.18379283	39.25536311	-16.7694347	Crotone-Rossano
17.13236924	39.07396715	-23.4788019	Crotone-Rossano
17.1514748	39.43221953	-14.3030358	Crotone-Rossano
17.2853026	39.22292228	-3.0000011	Crotone-Rossano
17.18114986	38.8224048	-6.8244162	Crotone-Rossano
17.10257674	38.84602014	-18.6099997	Crotone-Rossano
17.13633838	38.84432309	-13.9810122	Crotone-Rossano
17.20976985	39.39587463	-8.3451403	Crotone-Rossano
17.21090951	39.456124	-4.9262961	Crotone-Rossano
17.15835024	39.31109167	-19.8726125	Crotone-Rossano
17.27045487	39.30065724	-5.1195558	Crotone-Rossano
17.22586094	39.29643876	-11.1403236	Crotone-Rossano
17.06079782	38.77055089	-20.3455451	Crotone-Rossano
17.23499942	38.90132547	-3.7026818	Crotone-Rossano
17.09098172	38.85971351	-20.8829938	Crotone-Rossano
17.22679446	39.01538363	-10.6181139	Crotone-Rossano
17.11198563	38.85071993	-17.5858424	Crotone-Rossano
17.25415403	39.18894957	-7.1629567	Crotone-Rossano
17.12454095	38.81506667	-14.0614466	Crotone-Rossano
17.15551577	39.47319173	-11.5562975	Crotone-Rossano
17.05082938	38.7707472	-21.6971457	Crotone-Rossano
17.22914685	38.96500456	-7.7702975	Crotone-Rossano
17.22412558	39.32985385	-9.9109565	Crotone-Rossano
17.09618685	38.92294776	-23.4788009	Crotone-Rossano
17.2324423	38.89134669	-3.5326466	Crotone-Rossano
17.18873222	39.34468202	-13.940782	Crotone-Rossano
17.20881292	39.30349452	-13.4032311	Crotone-Rossano
17.04206924	38.77091947	-22.8849172	Crotone-Rossano
17.03768915	38.77100547	-23.4788019	Crotone-Rossano
17.19046511	38.77254276	-3.0000011	Crotone-Rossano
17.26626999	39.01458226	-5.2731476	Crotone-Rossano
17.09811805	39.46967874	-19.5550314	Crotone-Rossano
17.14769217	39.35161881	-19.1601569	Crotone-Rossano
17.25409463	39.01483001	-6.9216906	Crotone-Rossano
17.25616184	38.96054911	-3.9100285	Crotone-Rossano
17.17284726	38.9603844	-15.0991309	Crotone-Rossano
17.08436844	38.83372379	-20.4261984	Crotone-Rossano
17.16612547	39.46048525	-10.7896237	Crotone-Rossano
17.12071006	39.48315773	-15.7614924	Crotone-Rossano
17.13206035	38.90113668	-17.5334118	Crotone-Rossano
17.2102406	39.1062448	-12.985975	Crotone-Rossano
17.11052741	39.3977262	-21.7591017	Crotone-Rossano
17.15556766	39.4387794	-13.3877632	Crotone-Rossano
17.14381951	38.86622508	-14.1219217	Crotone-Rossano
17.27896326	39.01269087	-3.5324494	Crotone-Rossano
17.16506582	38.91478463	-13.7980877	Crotone-Rossano
17.27729881	39.20037325	-4.0495392	Crotone-Rossano
17.2057782	39.26506363	-13.8108875	Crotone-Rossano
17.13356954	39.19545995	-23.4788019	Crotone-Rossano
17.1486487	39.303104	-21.5845129	Crotone-Rossano
17.20977903	39.01572736	-12.921979	Crotone-Rossano
17.23018549	39.1708401	-10.3787687	Crotone-Rossano
17.09660225	39.40096472	-23.478882	Crotone-Rossano
17.21687316	39.18665238	-12.2013813	Crotone-Rossano
17.18993795	38.89051665	-9.2041457	Crotone-Rossano
17.25332862	39.33277706	-5.7767965	Crotone-Rossano
17.25358817	39.11179508	-7.1290373	Crotone-Rossano
17.28044631	39.1399985	-3.5362892	Crotone-Rossano
17.11683843	38.80542982	-14.6012507	Crotone-Rossano
17.16959023	38.88963517	-11.8931049	Crotone-Rossano
17.20223698	38.93855093	-10.0248722	Crotone-Rossano
17.13374041	39.21276912	-23.4788029	Crotone-Rossano
17.13325722	39.16381403	-23.4788029	Crotone-Rossano
17.2615413	39.28532868	-6.3022072	Crotone-Rossano
17.12476266	38.92602453	-19.7951896	Crotone-Rossano
17.23788959	39.06179442	-9.1820385	Crotone-Rossano
17.19313105	39.01443019	-15.1541686	Crotone-Rossano
17.14360507	38.98659294	-20.3775436	Crotone-Rossano
17.16527299	38.96084677	-16.1409948	Crotone-Rossano
17.20181127	39.46063091	-5.9246281	Crotone-Rossano
17.12738092	39.35695467	-21.6414504	Crotone-Rossano
17.15912505	38.93453691	-15.613684	Crotone-Rossano
17.27423621	39.03804883	-4.2287287	Crotone-Rossano
17.04562047	38.79174638	-23.4788019	Crotone-Rossano
17.23645934	39.04985762	-9.3586679	Crotone-Rossano
17.24234486	39.15293473	-8.7087887	Crotone-Rossano
17.2448717	39.29407878	-8.567674	Crotone-Rossano
17.20395922	39.21798052	-13.9913565	Crotone-Rossano
17.24461296	39.36615471	-5.184672	Crotone-Rossano
17.09092798	38.81468673	-18.5639113	Crotone-Rossano
17.25199401	39.22506293	-7.5066164	Crotone-Rossano
17.12787831	38.96241321	-21.2478913	Crotone-Rossano
17.26053173	39.30085851	-6.4609176	Crotone-Rossano
17.11873801	39.45431948	-17.5681222	Crotone-Rossano
17.25651125	39.01982346	-6.6017096	Crotone-Rossano
17.22980933	39.44397944	-2.9999113	Crotone-Rossano
17.26032962	39.04550854	-6.1217375	Crotone-Rossano
17.24337111	39.22696781	-8.6751877	Crotone-Rossano
17.15351446	39.30459979	-20.8779933	Crotone-Rossano
17.27743374	39.12686823	-3.9247472	Crotone-Rossano
17.2260363	39.01884645	-10.7256278	Crotone-Rossano
17.10860972	38.87929321	-19.5455783	Crotone-Rossano
17.11409356	38.78693926	-14.0178333	Crotone-Rossano
17.20274407	39.33486435	-12.5562422	Crotone-Rossano
17.15228636	38.85179185	-12.2215991	Crotone-Rossano
17.13131922	39.47337908	-14.8393063	Crotone-Rossano
17.20324226	39.13859973	-13.9779175	Crotone-Rossano
17.27347818	39.15771844	-4.5045558	Crotone-Rossano
17.17048202	39.38705859	-14.1654723	Crotone-Rossano
17.24283749	38.94362815	-4.8290119	Crotone-Rossano
17.16181084	38.94595781	-15.8402077	Crotone-Rossano
17.1431402	39.44232904	-14.8862863	Crotone-Rossano
17.27656081	39.22030727	-4.178172	Crotone-Rossano
17.19362981	39.09569762	-15.2188046	Crotone-Rossano
17.17694327	38.9757122	-15.3375458	Crotone-Rossano
17.11225994	38.81389655	-15.653351	Crotone-Rossano
17.21638228	38.98538352	-10.5349277	Crotone-Rossano
17.14039404	39.48943789	-12.7479091	Crotone-Rossano
17.24063157	38.93148655	-4.5000978	Crotone-Rossano
17.14923784	39.03555425	-21.1442179	Crotone-Rossano
17.28613489	39.30033845	-3.0000011	Crotone-Rossano
17.08048509	39.49061722	-20.8370358	Crotone-Rossano
17.137165	39.26905842	-23.0909836	Crotone-Rossano
17.26588679	39.13045114	-5.4920138	Crotone-Rossano
17.20494912	38.9792792	-11.757267	Crotone-Rossano
17.18420024	38.96549827	-13.8365026	Crotone-Rossano
17.13806568	39.39738267	-18.0279225	Crotone-Rossano
17.20102518	39.2498569	-14.4322913	Crotone-Rossano
17.14281775	39.23086509	-22.275672	Crotone-Rossano
17.1422976	39.24427986	-22.3639865	Crotone-Rossano
17.24111841	38.91452397	-3.5602882	Crotone-Rossano
17.11757989	39.42113606	-19.522235	Crotone-Rossano
17.05865224	38.81288062	-22.813257	Crotone-Rossano
17.21651691	39.35662605	-9.5192958	Crotone-Rossano
17.1761457	39.12222473	-17.620904	Crotone-Rossano
17.19623474	38.80122684	-3.7033381	Crotone-Rossano
17.22738455	38.91184797	-5.2686676	Crotone-Rossano
17.14967313	39.15170569	-21.2421344	Crotone-Rossano
17.2331284	39.03247736	-9.7848827	Crotone-Rossano
17.26492064	38.99476406	-4.4955929	Crotone-Rossano
17.22366705	39.11786658	-11.1857607	Crotone-Rossano
17.14894811	39.32327266	-20.5029753	Crotone-Rossano
17.28052282	39.29144048	-3.7455578	Crotone-Rossano
17.06417621	38.77712064	-20.2290715	Crotone-Rossano
17.25287712	39.06154187	-7.1533571	Crotone-Rossano
17.15438819	38.87080309	-12.9424586	Crotone-Rossano
17.20986816	39.17573963	-13.1334869	Crotone-Rossano
17.24455011	39.1060721	-8.3436867	Crotone-Rossano
17.13542265	39.34146876	-21.3733078	Crotone-Rossano
17.17644048	39.25111961	-17.7575368	Crotone-Rossano
17.14230126	39.45000302	-14.5909618	Crotone-Rossano
17.19172829	39.03319848	-15.3896747	Crotone-Rossano
17.26280819	38.96964695	-3.485758	Crotone-Rossano
17.24671097	39.23960873	-8.241613	Crotone-Rossano
17.08192935	38.852707	-21.731382	Crotone-Rossano
17.13576235	38.86884571	-15.3436257	Crotone-Rossano
17.1172455	39.4713853	-16.8609477	Crotone-Rossano
17.2313044	39.30950535	-10.018309	Crotone-Rossano
17.22346979	38.85841182	-3.000047	Crotone-Rossano
17.18332656	39.18710787	-16.7387155	Crotone-Rossano
17.13944096	39.14947123	-22.623173	Crotone-Rossano
17.2293019	38.93849772	-6.3841286	Crotone-Rossano
17.22186681	39.24192714	-11.6036563	Crotone-Rossano
17.17368851	39.04276283	-17.844571	Crotone-Rossano
17.28441534	39.14041873	-3.0000011	Crotone-Rossano
17.09226006	39.46103097	-20.8136823	Crotone-Rossano
17.23244338	39.357182	-7.3203664	Crotone-Rossano
17.07018298	39.46738898	-23.4788019	Crotone-Rossano
17.10788091	39.48548411	-17.3831584	Crotone-Rossano
17.22760655	38.99705564	-9.6274521	Crotone-Rossano
17.21038547	39.30187039	-13.2394007	Crotone-Rossano
17.13961983	39.19282231	-22.657089	Crotone-Rossano
17.21900634	38.85209979	-3.2659611	Crotone-Rossano
17.16729216	39.29559949	-19.0547399	Crotone-Rossano
17.13482467	39.01559686	-23.0487463	Crotone-Rossano
17.19244051	39.3845814	-11.3073527	Crotone-Rossano
17.1185207	39.43296718	-18.7488288	Crotone-Rossano
17.19967296	38.89551486	-8.1530109	Crotone-Rossano
17.15015835	39.44921392	-13.563009	Crotone-Rossano
17.16965106	38.79721655	-7.0727209	Crotone-Rossano
17.23306317	39.1075258	-9.899915	Crotone-Rossano
17.26981294	39.01287753	-4.7714172	Crotone-Rossano
17.21307621	39.34392773	-10.6651244	Crotone-Rossano
17.19288984	38.85896175	-7.1405675	Crotone-Rossano
17.27000417	39.083656	-4.8674113	Crotone-Rossano
17.2082343	38.94893829	-9.7535248	Crotone-Rossano
17.1663704	38.77346314	-6.2894074	Crotone-Rossano
17.24972927	39.28143519	-7.8931535	Crotone-Rossano
17.19920936	39.4838548	-5.0414806	Crotone-Rossano
17.25497973	39.36023298	-4.0882541	Crotone-Rossano
17.10918859	39.4729246	-17.8752892	Crotone-Rossano
17.17365592	39.3250089	-17.0446178	Crotone-Rossano
17.23350559	39.20237868	-9.9743124	Crotone-Rossano
17.15618657	38.77608077	-7.7945993	Crotone-Rossano
17.12241319	39.40035924	-19.9976374	Crotone-Rossano
17.15930772	39.11079465	-19.8833307	Crotone-Rossano
17.06455467	38.82580277	-22.6839679	Crotone-Rossano
17.21997791	39.2095034	-11.8135645	Crotone-Rossano
17.17444444	39.05952347	-17.7652165	Crotone-Rossano
17.21286985	39.12811868	-12.6608744	Crotone-Rossano
17.22330016	39.27214335	-11.4523052	Crotone-Rossano
17.17674706	39.14536361	-17.5713068	Crotone-Rossano
17.26688493	39.21172644	-5.4740959	Crotone-Rossano
17.27062075	39.14359106	-4.8706105	Crotone-Rossano
17.1607758	38.82912475	-9.9112729	Crotone-Rossano
17.23620491	39.29484419	-9.7400851	Crotone-Rossano
17.20824572	39.36317706	-10.2965331	Crotone-Rossano
17.15939757	39.45401338	-12.0503694	Crotone-Rossano
17.13201889	39.0384824	-23.4788019	Crotone-Rossano
17.26738058	39.04959613	-5.1733127	Crotone-Rossano
17.20098935	38.8476071	-5.4545177	Crotone-Rossano
17.10024508	39.41002899	-22.4883049	Crotone-Rossano
17.27417479	39.33159357	-3.0000011	Crotone-Rossano
17.16682119	38.87448396	-11.4650978	Crotone-Rossano
17.25393472	39.25239106	-7.2832702	Crotone-Rossano
17.14881089	39.36420517	-18.3360622	Crotone-Rossano
17.16916388	39.31789017	-18.0365597	Crotone-Rossano
17.09195012	39.42734484	-22.6731232	Crotone-Rossano
17.2691541	39.02170785	-4.8930099	Crotone-Rossano
17.16611354	39.03240031	-18.8557121	Crotone-Rossano
17.24024939	39.3028614	-9.1538796	Crotone-Rossano
17.12754589	39.4214371	-18.1488654	Crotone-Rossano
17.20463226	39.31921417	-13.1341267	Crotone-Rossano
17.22077511	39.10495906	-11.5588586	Crotone-Rossano
17.13360733	38.97472141	-21.1109621	Crotone-Rossano
17.16337564	39.39698924	-14.6024986	Crotone-Rossano
17.09135597	38.91031833	-23.4787941	Crotone-Rossano
17.11481429	38.77420791	-13.264999	Crotone-Rossano
17.19897457	39.19389719	-14.6319589	Crotone-Rossano
17.10080871	39.49021858	-18.0928771	Crotone-Rossano
17.15375451	39.18184115	-20.7308019	Crotone-Rossano
17.18245918	39.41543433	-10.9988869	Crotone-Rossano
17.25673804	39.26947179	-6.9287301	Crotone-Rossano
17.16234638	38.99268667	-18.1722321	Crotone-Rossano
17.24079212	39.18215205	-8.9602912	Crotone-Rossano
17.23693248	38.96332811	-6.6375529	Crotone-Rossano
17.2802121	39.08427719	-3.4870129	Crotone-Rossano
17.17819845	39.4729778	-8.4806398	Crotone-Rossano
17.1498528	39.02184036	-21.042464	Crotone-Rossano
17.19610166	39.00963897	-14.5084465	Crotone-Rossano
17.17601351	39.37300603	-14.1619063	Crotone-Rossano
17.22784612	39.09450034	-10.5873959	Crotone-Rossano
17.15879935	39.3029021	-20.2124318	Crotone-Rossano
17.18424713	38.92667071	-11.8315005	Crotone-Rossano
17.15339362	38.8140923	-10.1298442	Crotone-Rossano
17.27181314	39.05907669	-4.5871086	Crotone-Rossano
17.18936279	38.92044172	-10.822902	Crotone-Rossano
17.14841816	38.8799548	-14.2281264	Crotone-Rossano
17.28305832	39.01423976	-3.0000011	Crotone-Rossano
17.23513875	39.23998391	-9.8066413	Crotone-Rossano
17.28329715	39.036462	-3.0000011	Crotone-Rossano
17.12976447	38.82658026	-13.9516825	Crotone-Rossano
17.09439958	38.89963332	-22.5203908	Crotone-Rossano
17.22427214	38.9775287	-9.0703898	Crotone-Rossano
17.2403957	39.01347563	-8.7545431	Crotone-Rossano
17.05998603	38.78441142	-21.168216	Crotone-Rossano
17.1361114	39.02896043	-22.9121144	Crotone-Rossano
17.1874795	39.47882875	-6.9056911	Crotone-Rossano
17.20553459	39.48814128	-3.9522648	Crotone-Rossano
17.17421465	39.30259477	-18.128714	Crotone-Rossano
17.07520872	38.77445851	-18.6074064	Crotone-Rossano
17.12812405	39.43402366	-17.3838039	Crotone-Rossano
17.15593107	38.88902754	-13.6980105	Crotone-Rossano
17.13224845	39.06172869	-23.4788029	Crotone-Rossano
17.17705333	38.94291879	-13.6348959	Crotone-Rossano
17.13803478	39.10549227	-22.7543644	Crotone-Rossano
17.2166274	38.86044292	-4.027132	Crotone-Rossano
17.1784005	38.89103435	-10.7823058	Crotone-Rossano
17.23309203	39.15375793	-9.9615146	Crotone-Rossano
17.10751812	39.37320181	-23.4788019	Crotone-Rossano
17.17263943	38.99613831	-16.9665424	Crotone-Rossano
17.17222238	39.30816661	-18.1389533	Crotone-Rossano
17.17682588	39.40824189	-12.1578542	Crotone-Rossano
17.20944225	38.8485614	-4.3668361	Crotone-Rossano
17.25406285	38.99497262	-5.9652663	Crotone-Rossano
17.21427374	39.22176039	-12.6019978	Crotone-Rossano
17.24615354	39.21339898	-8.2796911	Crotone-Rossano
17.16421334	39.05406373	-19.1424152	Crotone-Rossano
17.17732863	39.44201429	-10.2491122	Crotone-Rossano
17.20430511	38.91589373	-8.5798322	Crotone-Rossano
17.20221813	39.44174162	-6.8752751	Crotone-Rossano
17.24023327	39.34153045	-7.0938258	Crotone-Rossano
17.14644845	39.42431119	-15.4184704	Crotone-Rossano
17.18652572	39.39276982	-11.6769501	Crotone-Rossano
17.25167555	39.08120019	-7.3440651	Crotone-Rossano
17.1617714	39.30443544	-19.7618986	Crotone-Rossano
17.22459256	39.45732136	-3.0000226	Crotone-Rossano
17.04333921	38.77508656	-22.9284338	Crotone-Rossano
17.21176595	38.96221305	-9.9624948	Crotone-Rossano
17.11989361	38.8534441	-16.6639784	Crotone-Rossano
17.04067261	38.77880845	-23.4788019	Crotone-Rossano
17.26334286	39.35927849	-3.0000002	Crotone-Rossano
17.24858221	39.39696458	-3.0001808	Crotone-Rossano
17.22041557	38.93563336	-7.4311139	Crotone-Rossano
17.21768036	38.90042741	-5.9847521	Crotone-Rossano
17.15897822	38.79157283	-8.2176144	Crotone-Rossano
17.07618298	39.45208994	-23.4788058	Crotone-Rossano
17.16623581	39.13891111	-18.9843439	Crotone-Rossano
17.07106419	39.47243187	-23.0897043	Crotone-Rossano
17.17298229	39.10762281	-18.02888	Crotone-Rossano
17.2771108	39.11131665	-3.9458654	Crotone-Rossano
17.20248077	38.99238377	-12.7632684	Crotone-Rossano
17.14728972	39.04882694	-21.4258009	Crotone-Rossano
17.10412482	39.39049044	-23.0173927	Crotone-Rossano
17.26082155	39.07268931	-6.0942184	Crotone-Rossano
17.07663875	39.47881795	-21.9902482	Crotone-Rossano
17.1552494	39.37561344	-16.8503893	Crotone-Rossano
17.20629403	39.44745703	-6.0161442	Crotone-Rossano
17.27905005	39.2746281	-3.9202668	Crotone-Rossano
17.14227382	39.28246616	-22.418383	Crotone-Rossano
17.18323376	38.86096479	-8.5446388	Crotone-Rossano
17.28478026	39.17433132	-3.0000011	Crotone-Rossano
17.13830364	38.91814374	-17.5690661	Crotone-Rossano
17.14766864	38.79091631	-9.7053666	Crotone-Rossano
17.25438854	38.93826163	-3.0000197	Crotone-Rossano
17.2355567	38.97603933	-7.4771891	Crotone-Rossano
17.17353466	38.89919774	-11.857133	Crotone-Rossano
17.24425648	39.0687247	-8.3302482	Crotone-Rossano
17.17535508	39.15692347	-17.7754572	Crotone-Rossano
17.16600014	39.06527318	-18.9158688	Crotone-Rossano
17.064836	39.48101904	-23.4788019	Crotone-Rossano
17.21775151	39.30331485	-12.1949819	Crotone-Rossano
17.14582427	38.77345217	-9.0534059	Crotone-Rossano
17.24334827	38.9792849	-6.5972433	Crotone-Rossano
17.14575597	39.1836061	-21.8148986	Crotone-Rossano
17.13340524	39.17881608	-23.4788019	Crotone-Rossano
17.18183409	39.46143452	-8.6009508	Crotone-Rossano
17.23003928	39.00852552	-9.8911169	Crotone-Rossano
17.20365956	39.2786608	-14.1161492	Crotone-Rossano
17.21953574	39.36728535	-8.5398346	Crotone-Rossano
17.2854384	39.23555468	-3.0000011	Crotone-Rossano
17.22795957	38.88262725	-3.6758195	Crotone-Rossano
17.19191814	39.05709289	-15.3970353	Crotone-Rossano
17.19780765	39.24122647	-14.8553061	Crotone-Rossano
17.12787843	39.39473228	-19.557464	Crotone-Rossano
17.26049802	39.19857624	-6.3188464	Crotone-Rossano
17.1901828	39.31888274	-15.1202504	Crotone-Rossano
17.17670555	38.87912108	-10.3809987	Crotone-Rossano
17.15037028	39.29528994	-21.3413263	Crotone-Rossano
17.11575394	39.38577951	-21.6856281	Crotone-Rossano
17.13164842	39.01566006	-23.4788019	Crotone-Rossano
17.14292476	39.47349915	-13.2534799	Crotone-Rossano
17.12480939	39.37581212	-20.9848649	Crotone-Rossano
17.13781988	39.36970604	-19.5391901	Crotone-Rossano
17.25895967	39.30248292	-6.6247477	Crotone-Rossano
17.21806062	39.08220199	-11.8941994	Crotone-Rossano
17.21198437	39.41186817	-7.1725558	Crotone-Rossano
17.14412225	39.3782413	-18.2253517	Crotone-Rossano
17.28043395	39.05074463	-3.408297	Crotone-Rossano
17.24373157	39.12289415	-8.4783996	Crotone-Rossano
17.18884788	38.81834505	-5.5796965	Crotone-Rossano
17.27457778	38.99976501	-3.4556535	Crotone-Rossano
17.25566557	39.0319317	-6.7335412	Crotone-Rossano
17.27925311	39.30689361	-3.6246037	Crotone-Rossano
17.23782181	38.89505372	-2.9999924	Crotone-Rossano
17.20289431	38.86013734	-5.8574167	Crotone-Rossano
17.20154624	39.3919763	-9.6738481	Crotone-Rossano
17.10553406	38.77265094	-14.4335705	Crotone-Rossano
17.1833159	39.38299294	-12.6346321	Crotone-Rossano
17.10113835	38.91631957	-22.4721427	Crotone-Rossano
17.08482784	39.43941625	-22.9832687	Crotone-Rossano
17.10056506	38.93439205	-23.4788146	Crotone-Rossano
17.20211977	38.92931165	-9.5649145	Crotone-Rossano
17.15212315	38.92673699	-16.1534797	Crotone-Rossano
17.28458585	39.15624582	-3.0000031	Crotone-Rossano
17.14733597	39.26919659	-21.7163439	Crotone-Rossano
17.13772662	39.18131867	-22.897716	Crotone-Rossano
17.19114983	39.14411764	-15.621341	Crotone-Rossano
17.09517858	38.77295608	-15.8427685	Crotone-Rossano
17.22621721	39.30155189	-11.0993659	Crotone-Rossano
17.05525265	38.81692693	-23.4788127	Crotone-Rossano
17.15858255	39.13574208	-20.0153239	Crotone-Rossano
17.22821256	39.34551786	-8.5185241	Crotone-Rossano
17.25899691	39.14183559	-6.4404386	Crotone-Rossano
17.18866315	39.30389851	-16.1269115	Crotone-Rossano
17.18663339	38.79925337	-4.8931925	Crotone-Rossano
17.05295021	38.80041384	-22.938675	Crotone-Rossano
17.21091783	39.23597338	-13.0755702	Crotone-Rossano
17.23467323	39.32673135	-8.64063	Crotone-Rossano
17.28314345	39.02216206	-3.0000011	Crotone-Rossano
17.11727748	39.36290015	-22.699964	Crotone-Rossano
17.08787115	38.89373285	-23.0951896	Crotone-Rossano
17.24865766	39.30269148	-8.0173068	Crotone-Rossano
17.22814409	39.05866761	-10.4965219	Crotone-Rossano
17.19510661	39.3265921	-14.0380747	Crotone-Rossano
17.15926664	38.92036237	-14.8649031	Crotone-Rossano
17.19730586	38.95022094	-11.2884745	Crotone-Rossano
17.07080743	38.8050551	-20.7749596	Crotone-Rossano
17.09408132	38.84281935	-19.5878356	Crotone-Rossano
17.28123362	39.18600996	-3.4966125	Crotone-Rossano
17.20452959	39.09319019	-13.7404912	Crotone-Rossano
17.08470053	38.8835476	-22.9847443	Crotone-Rossano
17.13903162	39.4356107	-15.8119726	Crotone-Rossano
17.23013074	39.23001852	-10.4696427	Crotone-Rossano
17.15769494	39.36257396	-17.2132497	Crotone-Rossano
17.09931847	39.39410205	-23.4787873	Crotone-Rossano
17.13633845	38.95824453	-19.8962892	Crotone-Rossano
17.10744144	39.4409324	-19.821696	Crotone-Rossano
17.198511	39.01595443	-14.4476499	Crotone-Rossano
17.11868327	38.93574105	-21.1124059	Crotone-Rossano
17.17649067	39.48872124	-7.8739543	Crotone-Rossano
17.05362659	38.77543779	-21.5621134	Crotone-Rossano
17.06897956	38.81576731	-21.5723771	Crotone-Rossano
17.12813161	39.33357804	-22.7879621	Crotone-Rossano
17.1935137	39.415256	-9.503299	Crotone-Rossano
17.13662848	39.31400125	-22.6762882	Crotone-Rossano
17.14919072	39.48926367	-11.5601388	Crotone-Rossano
17.23948146	39.08687288	-9.0022087	Crotone-Rossano
17.2496217	39.01328838	-7.5053361	Crotone-Rossano
17.14960051	39.10891245	-21.1941344	Crotone-Rossano
17.19954091	39.1822097	-14.5391645	Crotone-Rossano
17.1214356	39.48981244	-15.3077597	Crotone-Rossano
17.12970148	39.48964932	-14.1916645	Crotone-Rossano
17.19235077	39.29792034	-15.671258	Crotone-Rossano
17.22085498	39.44911149	-3.9458478	Crotone-Rossano
17.102899	39.3849771	-23.4788029	Crotone-Rossano
17.1346347	39.30338215	-23.4788019	Crotone-Rossano
17.17600654	38.8277061	-7.7894777	Crotone-Rossano
17.18550819	39.09841238	-16.3214601	Crotone-Rossano
17.1686433	38.98302117	-16.8289799	Crotone-Rossano
17.1338828	39.22720003	-23.4788019	Crotone-Rossano
17.18483228	39.48855499	-6.7476203	Crotone-Rossano
17.22654401	39.44156356	-3.573174	Crotone-Rossano
17.11155188	38.82837285	-16.4939299	Crotone-Rossano
17.21124473	39.20893437	-12.9936553	Crotone-Rossano
17.20148146	38.83830889	-4.9096496	Crotone-Rossano
17.12649311	39.46188211	-16.1093356	Crotone-Rossano
17.18943315	39.13261239	-15.8376486	Crotone-Rossano
17.24067243	39.41674994	-3.0000011	Crotone-Rossano
17.16327717	39.15352552	-19.4044811	Crotone-Rossano
17.13680598	39.21742125	-23.070506	Crotone-Rossano
17.13744015	38.82273392	-12.7210296	Crotone-Rossano
17.25295197	39.04268766	-7.1162394	Crotone-Rossano
17.27861597	39.24492511	-3.9359465	Crotone-Rossano
17.26872821	38.98468138	-3.4646154	Crotone-Rossano
17.1939981	38.8717538	-7.6670924	Crotone-Rossano
17.07683165	38.86596115	-23.1156388	Crotone-Rossano
17.16643217	38.92981172	-14.3881477	Crotone-Rossano
17.23558127	39.41250495	-3.9244308	Crotone-Rossano
17.19970206	38.79663606	-2.9999992	Crotone-Rossano
17.10473361	38.9356824	-22.9847814	Crotone-Rossano
17.19447758	38.78301013	-3.0000011	Crotone-Rossano
17.26825793	39.34671268	-2.9999826	Crotone-Rossano
17.1330311	38.94188568	-19.4995236	Crotone-Rossano
17.15983306	39.3496396	-17.6122365	Crotone-Rossano
17.212587	39.48800001	-3.0000011	Crotone-Rossano
17.20006953	39.29240778	-14.6204399	Crotone-Rossano
17.24354975	39.00675519	-7.9846681	Crotone-Rossano
17.2635565	39.03015053	-5.6628844	Crotone-Rossano
17.08706981	39.4771632	-20.6591261	Crotone-Rossano
17.08470327	38.8643664	-21.9729611	Crotone-Rossano
17.16417243	39.47995129	-10.0178293	Crotone-Rossano
17.28153308	39.30202469	-3.5734074	Crotone-Rossano
17.14920176	39.12606584	-21.2712507	Crotone-Rossano
17.21979595	39.00610608	-11.1428835	Crotone-Rossano
17.13465417	39.05730236	-23.1473009	Crotone-Rossano
17.08384913	39.4327885	-23.4787804	Crotone-Rossano
17.13405081	39.0086269	-22.7943615	Crotone-Rossano
17.27704115	39.17730238	-4.0509787	Crotone-Rossano
17.25299641	39.16134664	-7.2800715	Crotone-Rossano
17.12557311	39.32716969	-23.4788019	Crotone-Rossano
17.13749978	38.77600697	-10.3051718	Crotone-Rossano
17.15774412	38.96843549	-17.543488	Crotone-Rossano
17.14685804	39.33346853	-20.2431506	Crotone-Rossano
17.14189818	39.03823428	-22.1412795	Crotone-Rossano
17.22584625	39.43204224	-4.1863449	Crotone-Rossano
17.13885275	39.11690904	-22.659009	Crotone-Rossano
17.23655576	39.1384739	-9.4713009	Crotone-Rossano
17.12597863	38.7748158	-11.7940451	Crotone-Rossano
17.24736019	39.09355247	-7.945631	Crotone-Rossano
17.23914798	39.16728013	-9.1615595	Crotone-Rossano
17.28605871	39.29325609	-3.0000011	Crotone-Rossano
17.21766051	39.32275454	-11.170402	Crotone-Rossano
17.23147217	39.01365646	-9.9627926	Crotone-Rossano
17.15149645	39.27953623	-21.1678966	Crotone-Rossano
17.13902828	39.30329502	-22.8849172	Crotone-Rossano
17.10417826	38.90539152	-21.5013175	Crotone-Rossano
17.20284713	39.1534008	-14.0519963	Crotone-Rossano
17.16052191	39.09333346	-19.6953429	Crotone-Rossano
17.18451442	39.15756234	-16.5374504	Crotone-Rossano
17.21050888	39.2504752	-13.1510864	Crotone-Rossano
17.15387255	38.98403719	-18.8662873	Crotone-Rossano
17.11471475	39.35484935	-23.478758	Crotone-Rossano
17.27081528	39.00808829	-4.3899992	Crotone-Rossano
17.13499556	39.385924	-19.0579411	Crotone-Rossano
17.19309516	38.93333929	-10.9854726	Crotone-Rossano
17.13773465	39.09500896	-22.780923	Crotone-Rossano
17.08581215	38.89581162	-23.4790802	Crotone-Rossano
17.17544503	39.48403105	-8.2662521	Crotone-Rossano
17.18668301	39.36369105	-13.2058007	Crotone-Rossano
17.14615961	39.31417743	-21.3685251	Crotone-Rossano
17.1054263	38.80161497	-15.9400419	Crotone-Rossano
17.17453969	39.07034193	-17.7671349	Crotone-Rossano
17.21140825	39.16243115	-12.9066213	Crotone-Rossano
17.16854629	38.84538749	-9.7042528	Crotone-Rossano
17.23415489	38.88559009	-3.0003146	Crotone-Rossano
17.20270292	39.20349371	-14.1411081	Crotone-Rossano
17.17540348	39.26748844	-17.9200861	Crotone-Rossano
17.13792474	38.79888446	-11.4270308	Crotone-Rossano
17.25232109	39.38744847	-3.0000187	Crotone-Rossano
17.17952795	38.80987102	-6.3966242	Crotone-Rossano
17.24672952	38.91828714	-3.0000158	Crotone-Rossano
17.23826141	39.30130899	-9.4713014	Crotone-Rossano
17.18705285	38.95170078	-12.7427892	Crotone-Rossano
17.16119593	39.44415269	-12.3303926	Crotone-Rossano
17.24521329	39.40538812	-2.9999718	Crotone-Rossano
17.14946491	39.1958504	-21.3298073	Crotone-Rossano
17.19947844	39.35186707	-12.0936796	Crotone-Rossano
17.23343409	39.26394843	-10.0709462	Crotone-Rossano
17.19190408	38.96199232	-12.6205639	Crotone-Rossano
17.28401024	39.10279514	-3.0000002	Crotone-Rossano
17.23920721	39.27678985	-9.3087507	Crotone-Rossano
17.11100567	38.9515674	-22.9581896	Crotone-Rossano
17.10902877	38.89100479	-20.1079777	Crotone-Rossano
17.11240123	39.37660486	-22.63213	Crotone-Rossano
17.2142297	39.48380336	-3.0000011	Crotone-Rossano
17.23706371	38.99068798	-8.0288249	Crotone-Rossano
17.16691091	39.25910874	-19.0566603	Crotone-Rossano
17.25994648	38.9527601	-3.0000011	Crotone-Rossano
17.24512195	39.32095593	-7.5251759	Crotone-Rossano
17.21226385	39.01404474	-12.5636001	Crotone-Rossano
17.25252275	38.94343129	-3.51709	Crotone-Rossano
17.13491349	38.99234077	-21.8411418	Crotone-Rossano
17.1879311	39.00740644	-15.4914289	Crotone-Rossano
17.16120491	38.85874871	-11.3895673	Crotone-Rossano
17.13568717	39.20286725	-23.2023381	Crotone-Rossano
17.10937425	39.46058648	-18.5082121	Crotone-Rossano
17.13260478	39.36354041	-20.5784762	Crotone-Rossano
17.24491142	39.30675555	-8.311049	Crotone-Rossano
17.17204276	39.08438685	-18.1242345	Crotone-Rossano
17.20386963	39.01421401	-13.7001736	Crotone-Rossano
17.1629398	39.27759814	-19.618547	Crotone-Rossano
17.17663275	39.34460569	-15.59283	Crotone-Rossano
17.12997538	38.85631473	-15.4598493	Crotone-Rossano
17.19083157	38.9858489	-13.9924798	Crotone-Rossano
17.14021289	38.94940854	-18.9209875	Crotone-Rossano
17.17644731	39.13377223	-17.5959455	Crotone-Rossano
17.16794824	39.01493555	-18.5638888	Crotone-Rossano
17.20080558	39.12891412	-14.2940589	Crotone-Rossano
17.14180891	39.34484517	-20.3231227	Crotone-Rossano
17.17572715	39.28405239	-17.8989679	Crotone-Rossano
17.18244025	38.85030528	-8.088881	Crotone-Rossano
17.2302304	39.12805108	-10.3122116	Crotone-Rossano
17.20675346	39.02123609	-13.3392347	Crotone-Rossano
17.10030039	39.44385549	-20.6357404	Crotone-Rossano
17.1282595	39.40627369	-18.8788464	Crotone-Rossano
17.14684493	39.08013967	-21.5281955	Crotone-Rossano
17.22197914	39.25593795	-11.6081366	Crotone-Rossano
17.19957131	39.30368	-14.6524377	Crotone-Rossano
17.15954655	39.32166773	-19.1449748	Crotone-Rossano
17.27038247	38.97997706	-3.0000011	Crotone-Rossano
17.13119191	39.48551093	-14.2095843	Crotone-Rossano
17.19065391	39.30663524	-15.7096559	Crotone-Rossano
17.14486779	39.25902772	-22.0363254	Crotone-Rossano
17.19735477	39.43356072	-7.9830656	Crotone-Rossano
17.22628997	38.92561415	-6.1252643	Crotone-Rossano
17.25930142	39.0130916	-6.194693	Crotone-Rossano
17.28083712	39.23111581	-3.6156457	Crotone-Rossano
17.23739183	39.3965587	-4.5463468	Crotone-Rossano
17.19485607	39.25950301	-15.2796021	Crotone-Rossano
17.09981464	39.3996146	-23.1156291	Crotone-Rossano
17.1109705	39.49001871	-16.7207963	Crotone-Rossano
17.18640485	39.26921312	-16.4353735	Crotone-Rossano
17.07910997	39.48683328	-21.226133	Crotone-Rossano
17.08177927	38.88546605	-23.478842	Crotone-Rossano
17.18743978	39.24158516	-16.2574638	Crotone-Rossano
17.27510743	38.99230201	-3.0000011	Crotone-Rossano
17.18176014	39.01629114	-16.7156772	Crotone-Rossano
17.11298989	39.41027582	-20.739423	Crotone-Rossano
17.16992507	39.45021488	-10.8196581	Crotone-Rossano
17.21802207	39.01556098	-11.8058843	Crotone-Rossano
17.0905494	38.80317237	-18.0218424	Crotone-Rossano
17.15963984	39.01673427	-19.7107018	Crotone-Rossano
17.15612392	39.26596032	-20.5240944	Crotone-Rossano
17.2056461	38.81213618	-3.0000187	Crotone-Rossano
17.1435618	38.90183455	-16.0229889	Crotone-Rossano
17.27999923	39.3004633	-3.8293927	Crotone-Rossano
17.16174016	39.42039654	-13.5497982	Crotone-Rossano
17.07025377	38.78930846	-20.0386808	Crotone-Rossano
17.21391334	39.38656072	-8.2775768	Crotone-Rossano
17.11909999	38.95397841	-21.994089	Crotone-Rossano
17.19875557	38.81532224	-4.0911418	Crotone-Rossano
17.23222154	39.25119325	-10.2168576	Crotone-Rossano
17.25802712	38.98368515	-4.8512502	Crotone-Rossano
17.21639906	38.943555	-8.3788874	Crotone-Rossano
17.19089044	39.44271593	-8.3652087	Crotone-Rossano
17.19518863	39.39704155	-10.2677065	Crotone-Rossano
17.17781022	39.21715311	-17.5258698	Crotone-Rossano
17.20458858	39.38079033	-9.855279	Crotone-Rossano
17.27792483	39.0689915	-3.7743556	Crotone-Rossano
17.2142732	38.91401161	-7.142799	Crotone-Rossano
17.13857504	39.16663758	-22.7633254	Crotone-Rossano
17.08913892	38.8474436	-20.4899411	Crotone-Rossano
17.12231935	38.88266352	-17.8800802	Crotone-Rossano
17.13780471	39.13619451	-22.8266789	Crotone-Rossano
17.18402232	39.17361867	-16.6260822	Crotone-Rossano
17.13684614	38.8909556	-16.3649194	Crotone-Rossano
17.19447035	39.08123713	-15.0850525	Crotone-Rossano
17.13161739	39.31175648	-23.4788019	Crotone-Rossano
17.14224095	38.97421397	-19.9244655	Crotone-Rossano
17.18727797	38.94037736	-12.1297129	Crotone-Rossano
17.22232838	39.40048134	-6.3842233	Crotone-Rossano
17.06541014	38.84348534	-23.4788088	Crotone-Rossano
17.28564489	39.25475742	-3.0000021	Crotone-Rossano
17.18058309	39.43143401	-10.3826286	Crotone-Rossano
17.22417562	39.04652456	-11.0164906	Crotone-Rossano
17.22609547	39.08172152	-10.8062631	Crotone-Rossano
17.26684511	39.24667934	-5.5297726	Crotone-Rossano
17.24609692	39.39219988	-3.5952668	Crotone-Rossano
17.09309061	38.87677375	-21.4993888	Crotone-Rossano
17.12376476	38.99505207	-23.4788019	Crotone-Rossano
17.16306763	39.08097942	-19.3340832	Crotone-Rossano
17.13788941	39.29443737	-23.0269875	Crotone-Rossano
17.15366646	39.24980219	-20.8344757	Crotone-Rossano
17.09531516	39.48586035	-19.0729787	Crotone-Rossano
17.18316513	39.29472908	-16.9083058	Crotone-Rossano
17.22151857	39.13596342	-11.5019023	Crotone-Rossano
17.14305049	38.83914692	-12.8119201	Crotone-Rossano
17.13265518	38.85051952	-14.7956181	Crotone-Rossano
17.16714673	39.43514983	-12.0093538	Crotone-Rossano
17.1765525	39.17238721	-17.6346632	Crotone-Rossano
17.18932675	38.84387544	-6.8314743	Crotone-Rossano
17.25075404	38.97164388	-5.2085339	Crotone-Rossano
17.14895393	39.46137978	-13.079089	Crotone-Rossano
17.25652149	39.30674595	-6.7297023	Crotone-Rossano
17.26571723	39.22876525	-5.6564845	Crotone-Rossano
17.10297209	39.45332208	-19.7670016	Crotone-Rossano
17.13632924	39.08227112	-22.9540324	Crotone-Rossano
17.08607237	38.77603487	-17.2266872	Crotone-Rossano
17.16897711	39.34295063	-16.7239838	Crotone-Rossano
17.28416405	39.1170853	-3.0000011	Crotone-Rossano
17.15509842	38.84154192	-11.3146831	Crotone-Rossano
17.12173913	38.84455176	-15.9566286	Crotone-Rossano
17.24365551	38.95362565	-5.234109	Crotone-Rossano
17.14959921	38.8605198	-13.0435373	Crotone-Rossano
17.19629593	39.30215311	-15.143929	Crotone-Rossano
17.13659263	38.88158669	-15.9041894	Crotone-Rossano
17.14036623	39.32677921	-21.4846789	Crotone-Rossano
17.13879535	39.42247138	-16.5608056	Crotone-Rossano
17.25532175	39.34266205	-4.9781017	Crotone-Rossano
17.13376956	39.45392527	-15.543288	Crotone-Rossano
17.26980616	39.17232383	-5.0222824	Crotone-Rossano
17.12141292	38.82977448	-15.2395998	Crotone-Rossano
17.19862939	39.30883186	-14.5058861	Crotone-Rossano
17.11110854	38.84325236	-17.3198171	Crotone-Rossano
17.23378158	39.07503148	-9.7567243	Crotone-Rossano
17.22174754	39.39320113	-6.8573175	Crotone-Rossano
17.12182859	38.97405827	-22.6600002	Crotone-Rossano
17.2503808	39.13704376	-7.599091	Crotone-Rossano
17.12521053	38.99026629	-23.038507	Crotone-Rossano
17.27761347	39.01435096	-3.7372375	Crotone-Rossano
17.13383385	38.92680382	-18.6157389	Crotone-Rossano
17.12435394	38.86786338	-16.8257778	Crotone-Rossano
17.16478618	39.21209349	-19.280008	Crotone-Rossano
17.14810352	38.82650927	-11.4811025	Crotone-Rossano
17.19508047	39.02165767	-14.9199423	Crotone-Rossano
17.27092815	39.3022402	-5.006923	Crotone-Rossano
17.17808005	39.23445395	-17.5130705	Crotone-Rossano
17.06084065	38.83153985	-23.4788019	Crotone-Rossano
17.13740786	39.04696618	-22.7607629	Crotone-Rossano
17.09971797	38.88635178	-21.113507	Crotone-Rossano
17.23873187	39.38194784	-5.143901	Crotone-Rossano
17.12075974	38.89927067	-18.9568127	Crotone-Rossano
17.1471781	39.16863762	-21.6024308	Crotone-Rossano
17.23860268	39.21322425	-9.3004316	Crotone-Rossano
17.22785069	39.2165235	-10.7589057	Crotone-Rossano
17.11114819	39.44976085	-18.8441813	Crotone-Rossano
17.09311842	38.88869005	-22.1249132	Crotone-Rossano
17.27161287	39.09878012	-4.6715832	Crotone-Rossano
17.28002202	39.00988746	-3.2457472	Crotone-Rossano
17.18814526	38.7809751	-3.7469953	Crotone-Rossano
17.28586777	39.27549695	-3.0000011	Crotone-Rossano
17.13443813	39.28346871	-23.4788019	Crotone-Rossano
17.15516771	39.01519117	-20.2943478	Crotone-Rossano
17.25563198	39.29516366	-7.1149591	Crotone-Rossano
17.2298821	39.37107428	-6.9287306	Crotone-Rossano
17.11106941	38.91814195	-21.2306134	Crotone-Rossano
17.17179742	38.859107	-9.9842174	Crotone-Rossano
17.26661924	39.3094731	-5.2085109	Crotone-Rossano
17.18044862	39.44960973	-9.4194008	Crotone-Rossano
17.21863725	38.9590275	-8.8748561	Crotone-Rossano
17.26175529	39.17524948	-6.1153381	Crotone-Rossano
17.17333277	39.43767249	-11.0285834	Crotone-Rossano
17.20388128	39.11292176	-13.8556835	Crotone-Rossano
17.09975928	38.82028805	-17.664111	Crotone-Rossano
17.21305404	38.99430062	-11.4411047	Crotone-Rossano
17.1431434	39.01543115	-21.9224123	Crotone-Rossano
17.19258252	38.85169058	-6.7973312	Crotone-Rossano
17.08250014	38.8100782	-19.4604977	Crotone-Rossano
17.20919449	38.89205933	-6.6954259	Crotone-Rossano
17.25782145	39.23452384	-6.7322614	Crotone-Rossano
17.28216324	39.25897485	-3.4767736	Crotone-Rossano
17.15463974	39.23160898	-20.6783254	Crotone-Rossano
17.17333962	39.20002362	-18.1069562	Crotone-Rossano
17.07770387	38.83757324	-21.5208576	Crotone-Rossano
17.1859535	38.87719819	-9.036113	Crotone-Rossano
17.27886148	39.31961461	-3.0000011	Crotone-Rossano
17.08312994	39.44904569	-22.6953722	Crotone-Rossano
17.17771309	39.09463503	-17.3709987	Crotone-Rossano
17.24282391	39.35535355	-6.0039801	Crotone-Rossano
17.07272152	38.85301304	-22.9855871	Crotone-Rossano
17.19166346	39.16334192	-15.578466	Crotone-Rossano
17.13264028	39.10142193	-23.4788019	Crotone-Rossano
17.1378337	39.07086264	-22.7351652	Crotone-Rossano
17.10196575	38.89482071	-21.2559176	Crotone-Rossano
17.28366317	39.07050738	-3.0000011	Crotone-Rossano
17.28013552	39.00541427	-3.0000011	Crotone-Rossano
17.21360789	39.27185066	-12.7619884	Crotone-Rossano
17.14315375	39.00556435	-21.4136423	Crotone-Rossano
17.15359376	39.21360084	-20.7954391	Crotone-Rossano
17.24594066	39.26560521	-8.3827248	Crotone-Rossano
17.12635559	38.94905094	-20.765359	Crotone-Rossano
17.09244684	39.44191977	-21.8095685	Crotone-Rossano
17.21978081	38.88821376	-5.0713268	Crotone-Rossano
17.11253488	38.85926109	-17.9609787	Crotone-Rossano
17.20650266	39.47121727	-4.7221398	Crotone-Rossano
17.27272428	39.3177484	-3.9356261	Crotone-Rossano
17.16617629	38.78472426	-6.896092	Crotone-Rossano
17.1785451	38.91490562	-11.9921139	Crotone-Rossano
17.11964179	39.44371739	-18.0102839	Crotone-Rossano
17.24772294	39.20018385	-8.0486652	Crotone-Rossano
17.12826212	38.84018814	-14.8546728	Crotone-Rossano
17.09255639	39.44946911	-21.3898571	Crotone-Rossano
17.22182466	39.22829205	-11.5902171	Crotone-Rossano
17.28289562	39.01261056	-3.0000011	Crotone-Rossano
17.28062346	39.10101318	-3.4556545	Crotone-Rossano
17.21872053	39.47232858	-3.0000011	Crotone-Rossano
17.18637394	39.43950761	-9.1536823	Crotone-Rossano
17.14780399	39.13745406	-21.4757179	Crotone-Rossano
17.19626899	38.99640888	-13.8051274	Crotone-Rossano
17.1836467	38.90760756	-10.9304172	Crotone-Rossano
17.21251079	39.4241592	-6.4314787	Crotone-Rossano
17.26410608	39.25799391	-5.9163092	Crotone-Rossano
17.11106217	38.90089265	-20.3442585	Crotone-Rossano
17.16199136	39.02116372	-19.3983996	Crotone-Rossano
17.13249815	39.08702696	-23.4788019	Crotone-Rossano
17.17354047	39.4234175	-11.7783788	Crotone-Rossano
17.05075605	38.78903351	-22.64813	Crotone-Rossano
17.05011575	38.80349786	-23.4788019	Crotone-Rossano
17.16896098	38.94105584	-14.626841	Crotone-Rossano
17.25763065	39.21829363	-6.7348219	Crotone-Rossano
17.21455302	39.2964161	-12.6685539	Crotone-Rossano
17.1846135	39.02119915	-16.3361794	Crotone-Rossano
17.10393063	38.78693762	-15.3851938	Crotone-Rossano
17.20235705	39.4031803	-8.9567707	Crotone-Rossano
17.22612346	39.28389482	-11.0872065	Crotone-Rossano
17.13158705	39.44446641	-16.3441525	Crotone-Rossano
17.1766869	39.357588	-14.8927362	Crotone-Rossano
17.26105021	39.05814811	-6.0423825	Crotone-Rossano
17.17781235	38.78255308	-5.21859	Crotone-Rossano
17.15142783	38.952564	-17.5757868	Crotone-Rossano
17.09343222	38.78928526	-16.9187038	Crotone-Rossano
17.25182641	39.17579137	-7.4589391	Crotone-Rossano
17.10656312	38.95007765	-23.478799	Crotone-Rossano
17.25823552	39.37233376	-3.0000002	Crotone-Rossano
17.21071275	38.83560448	-3.5286086	Crotone-Rossano
17.1213029	38.91361406	-19.6217492	Crotone-Rossano
17.27854161	39.02265479	-3.6236437	Crotone-Rossano
17.20722637	38.8234705	-3.3718195	Crotone-Rossano
17.13294513	39.13226236	-23.4788019	Crotone-Rossano
17.14600121	39.39692763	-16.9721007	Crotone-Rossano
17.15004279	39.3881586	-16.8897455	Crotone-Rossano
17.22154115	39.06715281	-11.4020688	Crotone-Rossano
17.20560741	38.88153183	-6.6228522	Crotone-Rossano
17.18202909	38.99540657	-15.6670961	Crotone-Rossano
17.20395886	39.41802214	-7.9302721	Crotone-Rossano
17.21226625	39.28406463	-12.9603768	Crotone-Rossano
17.26808465	39.18817543	-5.2779465	Crotone-Rossano
17.1662526	39.33481159	-17.5297101	Crotone-Rossano
17.21212839	39.43706745	-5.7797443	Crotone-Rossano
17.19972435	39.03191862	-14.305578	Crotone-Rossano
17.10893193	39.42630041	-20.4180392	Crotone-Rossano
17.26875895	39.29570602	-5.3416227	Crotone-Rossano
17.19787341	38.90329445	-8.7954836	Crotone-Rossano
17.25748504	39.00671423	-6.1102179	Crotone-Rossano
17.15625823	39.33728264	-18.7590773	Crotone-Rossano
17.23127412	39.39370307	-5.533321	Crotone-Rossano
17.16325348	38.89302756	-12.922199	Crotone-Rossano
17.26420553	39.15469488	-5.7544006	Crotone-Rossano
17.19151937	38.83182035	-5.9150441	Crotone-Rossano
17.25554218	39.09486478	-6.8404152	Crotone-Rossano
17.19189722	39.21521441	-15.6184616	Crotone-Rossano
17.22137908	39.16280195	-11.5585422	Crotone-Rossano
17.17618786	39.39647621	-12.8858493	Crotone-Rossano
17.18195887	39.05073766	-16.7361557	Crotone-Rossano
17.26467382	38.96508714	-3.0000168	Crotone-Rossano
17.16900659	39.09705896	-18.5523693	Crotone-Rossano
17.13058846	38.80633109	-12.797844	Crotone-Rossano
17.24924365	39.37763077	-3.9423459	Crotone-Rossano
17.20856761	39.18889405	-13.3277154	Crotone-Rossano
17.22373401	39.41711823	-5.2865754	Crotone-Rossano
17.17513832	39.18601935	-17.844571	Crotone-Rossano
17.23219095	39.18798111	-10.1317424	Crotone-Rossano
17.12087554	39.33914534	-23.4788019	Crotone-Rossano
17.2298201	39.38156738	-6.3777106	Crotone-Rossano
17.1370559	39.25610192	-23.088425	Crotone-Rossano
17.13213264	39.05000326	-23.4788019	Crotone-Rossano
17.24894209	39.30109316	-8.0275456	Crotone-Rossano
17.18690287	39.3023412	-16.4136147	Crotone-Rossano
17.13281193	39.11879637	-23.4788009	Crotone-Rossano
17.14540294	38.93810706	-17.6420461	Crotone-Rossano
17.17093734	39.30425272	-18.5229308	Crotone-Rossano
17.20990874	39.07077239	-12.981336	Crotone-Rossano
17.20853457	38.90386224	-7.391423	Crotone-Rossano
17.18851435	39.23090026	-16.0974733	Crotone-Rossano
17.26457005	39.09298437	-5.6161667	Crotone-Rossano
17.28289457	39.3093038	-3.0000011	Crotone-Rossano
17.12198385	38.8924107	-18.4394479	Crotone-Rossano
17.22877117	38.87190379	-3.0000041	Crotone-Rossano
17.15554305	39.40840464	-15.0473466	Crotone-Rossano
17.21720799	39.44263863	-4.7864709	Crotone-Rossano
17.21379399	39.40146612	-7.4925236	Crotone-Rossano
17.22850808	39.30309828	-10.740987	Crotone-Rossano
17.21215216	39.03676147	-12.6301563	Crotone-Rossano
17.18285766	39.32926317	-15.5640629	Crotone-Rossano
17.06691067	39.49088269	-22.6698879	Crotone-Rossano
17.16546249	39.00658258	-18.468214	Crotone-Rossano
17.23803536	39.09735374	-9.2127563	Crotone-Rossano
17.14262176	38.81519391	-11.6356764	Crotone-Rossano
17.24198525	39.40380163	-3.526048	Crotone-Rossano
17.21000888	39.30619839	-13.0960489	Crotone-Rossano
17.16342895	38.85031426	-10.6461349	Crotone-Rossano
17.14741936	38.80088347	-10.2526974	Crotone-Rossano
17.203434	38.96455833	-11.2030531	Crotone-Rossano
17.16887188	38.83585705	-9.1692384	Crotone-Rossano
17.26226499	39.3481246	-3.7410568	Crotone-Rossano
17.17926999	39.30408634	-17.3965973	Crotone-Rossano
17.18214606	39.0617094	-16.7259169	Crotone-Rossano
17.16614656	39.37461462	-15.4197531	Crotone-Rossano
17.17368427	39.0245795	-17.8202526	Crotone-Rossano
17.14556246	39.06008775	-21.6747472	Crotone-Rossano
17.19905107	38.82643356	-4.6242257	Crotone-Rossano
17.06091971	39.49099963	-23.4788019	Crotone-Rossano
17.13427346	39.30498182	-23.4788019	Crotone-Rossano
17.26862828	39.26921135	-5.3211442	Crotone-Rossano
17.13457492	39.29732636	-23.4788019	Crotone-Rossano
17.14950392	38.89143964	-14.6887112	Crotone-Rossano
17.24133921	38.90422928	-3.0000011	Crotone-Rossano
17.18145492	39.31246047	-16.6520009	Crotone-Rossano
17.19106621	39.18410753	-15.6878969	Crotone-Rossano
17.1386648	39.46269669	-14.4092497	Crotone-Rossano
17.15705541	39.03057496	-20.07932	Crotone-Rossano
17.21310909	39.47643077	-3.5452482	Crotone-Rossano
17.0813309	38.82232867	-20.2482668	Crotone-Rossano
17.15745656	39.48909971	-10.4440441	Crotone-Rossano
17.13386134	38.78509773	-11.2631961	Crotone-Rossano
17.13309664	39.14757677	-23.4788019	Crotone-Rossano
17.28383561	39.08654954	-3.0000011	Crotone-Rossano
17.1221297	39.35186646	-22.6282668	Crotone-Rossano
17.16282926	38.80569223	-8.4275348	Crotone-Rossano
17.24643183	39.05077428	-8.0102668	Crotone-Rossano
17.15154794	39.01689594	-20.8063175	Crotone-Rossano
17.16788815	39.22874467	-18.8832301	Crotone-Rossano
17.10036365	39.43336286	-21.1992653	Crotone-Rossano
17.06965221	38.85453844	-23.4784357	Crotone-Rossano
17.28577505	39.30193835	-3.0000011	Crotone-Rossano
17.20021223	39.22875243	-14.5129261	Crotone-Rossano
17.1623391	39.19486813	-19.587509	Crotone-Rossano
17.28346969	39.05250877	-3.0000011	Crotone-Rossano
17.09186027	39.49039427	-19.3011252	Crotone-Rossano
17.06960674	39.48709212	-22.5054172	Crotone-Rossano
17.18484514	39.07322759	-16.3764967	Crotone-Rossano
17.1939998	39.46932047	-6.5249142	Crotone-Rossano
17.09604665	38.85217933	-19.805049	Crotone-Rossano
17.21772817	38.8752976	-4.6638908	Crotone-Rossano
17.16473577	39.12573019	-19.1692931	Crotone-Rossano
17.2842836	39.12818724	-3.0000011	Crotone-Rossano
17.18806404	39.45094834	-8.311693	Crotone-Rossano
17.1683007	39.48888426	-8.9798092	Crotone-Rossano
17.22505688	38.89889195	-4.9141857	Crotone-Rossano
17.19808396	39.16979087	-14.7189939	Crotone-Rossano
17.21280667	38.92663558	-7.9904499	Crotone-Rossano
17.13686151	39.41046141	-17.478799	Crotone-Rossano
17.07590836	38.87049578	-23.4788	Crotone-Rossano
17.08003929	39.44228427	-23.4785138	Crotone-Rossano
17.19190797	39.28005159	-15.706456	Crotone-Rossano
17.07099822	38.84364876	-22.7354748	Crotone-Rossano
17.169762	39.40663376	-13.2073879	Crotone-Rossano
17.21686379	39.02057545	-11.9697148	Crotone-Rossano
17.13401458	39.2405509	-23.4788019	Crotone-Rossano
17.20889084	39.0074036	-12.6749538	Crotone-Rossano
17.18712339	38.89993139	-10.0677751	Crotone-Rossano
17.25625392	39.12364265	-6.7853781	Crotone-Rossano
17.15838191	39.04451913	-19.9186896	Crotone-Rossano
17.21512006	39.14678698	-12.3826515	Crotone-Rossano
17.16554884	39.243236	-19.2192106	Crotone-Rossano
17.26812833	39.33293381	-3.7522756	Crotone-Rossano
17.18320207	39.10930757	-16.6484799	Crotone-Rossano
17.16102456	38.88273581	-12.6800641	Crotone-Rossano
17.27446879	39.26327774	-4.5231115	Crotone-Rossano
17.21624444	39.05570926	-12.1028274	Crotone-Rossano
17.27115098	39.28245766	-4.9992433	Crotone-Rossano
17.22937914	39.40296249	-5.2884787	Crotone-Rossano
17.07936189	38.78952652	-18.8243527	Crotone-Rossano
17.22141428	39.01385993	-11.3246326	Crotone-Rossano
17.19888057	39.06764816	-14.4694091	Crotone-Rossano
17.12893231	39.00856109	-23.4788019	Crotone-Rossano
17.19174342	39.42614761	-9.1510007	Crotone-Rossano
17.28517897	39.21141842	-3.0000011	Crotone-Rossano
17.25197472	39.14885273	-7.4003825	Crotone-Rossano
17.17360612	38.95190873	-14.5609218	Crotone-Rossano
17.171798	39.46499495	-9.777203	Crotone-Rossano
17.15570395	39.06607042	-20.3103473	Crotone-Rossano
17.28504867	39.19929705	-3.0000011	Crotone-Rossano
17.18254757	39.08423905	-16.7025578	Crotone-Rossano
17.17656383	38.7937071	-5.9617458	Crotone-Rossano
17.24385963	39.03595284	-8.3372873	Crotone-Rossano
17.17498059	38.92939795	-13.2176671	Crotone-Rossano
17.23870521	39.01514242	-9.0054084	Crotone-Rossano
17.20882248	38.87071949	-5.6193644	Crotone-Rossano
