13.000403	46.215	-2.0000003	Gemona-Tarcento
13.00169184	46.21804589	-2.2903728	Gemona-Tarcento
13.4262564	46.1937703	-8.5728277	Gemona-Tarcento
13.41629187	46.18363203	-7.4514433	Gemona-Tarcento
13.20725306	46.2350428	-7.5269466	Gemona-Tarcento
13.2938651	46.2135437	-7.1792259	Gemona-Tarcento
13.34296346	46.22892455	-9.402721	Gemona-Tarcento
13.23688349	46.20046102	-5.0173271	Gemona-Tarcento
13.21432605	46.17567125	-2.4401587	Gemona-Tarcento
13.47059303	46.19106203	-9.5607906	Gemona-Tarcento
13.42119133	46.15666979	-5.3296559	Gemona-Tarcento
13.30845953	46.21693782	-7.7366607	Gemona-Tarcento
13.07192709	46.20019205	-2.0000003	Gemona-Tarcento
13.00368092	46.2227461	-2.7384798	Gemona-Tarcento
13.42921721	46.1892782	-8.2779735	Gemona-Tarcento
13.35899345	46.20603679	-7.7566223	Gemona-Tarcento
13.18041096	46.21294279	-5.1089746	Gemona-Tarcento
13.22935156	46.20911902	-5.6435691	Gemona-Tarcento
13.05041125	46.24171517	-5.2355518	Gemona-Tarcento
13.23886795	46.18569795	-3.7565777	Gemona-Tarcento
13.07685694	46.27890342	-8.9729795	Gemona-Tarcento
13.23919616	46.17134687	-2.5027759	Gemona-Tarcento
13.07303603	46.29823361	-10.6036463	Gemona-Tarcento
13.42072077	46.19694428	-8.6868794	Gemona-Tarcento
13.00603614	46.22831081	-3.2690379	Gemona-Tarcento
13.07985651	46.25110671	-6.5918622	Gemona-Tarcento
13.09341938	46.29409605	-10.6034129	Gemona-Tarcento
13.40689205	46.20277477	-8.7959846	Gemona-Tarcento
13.39070471	46.16351417	-5.0670664	Gemona-Tarcento
13.02791885	46.22229214	-3.1296765	Gemona-Tarcento
13.19760137	46.2720202	-10.6036546	Gemona-Tarcento
13.00858252	46.23432627	-3.842614	Gemona-Tarcento
13.16551999	46.20783064	-4.3952426	Gemona-Tarcento
13.37461192	46.22046119	-9.3919646	Gemona-Tarcento
13.34867738	46.16970616	-4.4334557	Gemona-Tarcento
13.38351335	46.13165161	-2.2048064	Gemona-Tarcento
13.18844319	46.21085983	-5.0688577	Gemona-Tarcento
13.39173749	46.15839511	-4.6671413	Gemona-Tarcento
13.06825447	46.23679048	-5.1204309	Gemona-Tarcento
13.44484064	46.20933648	-10.3847464	Gemona-Tarcento
13.10330442	46.27175379	-8.8446031	Gemona-Tarcento
13.33737992	46.14558371	-2.1057532	Gemona-Tarcento
13.36317817	46.23544385	-10.3347818	Gemona-Tarcento
13.32695789	46.19396633	-6.0486431	Gemona-Tarcento
13.01087443	46.23973981	-4.3588332	Gemona-Tarcento
13.32543997	46.19894553	-6.4587726	Gemona-Tarcento
13.35183435	46.20879736	-7.7931245	Gemona-Tarcento
13.45643591	46.14363302	-5.2048582	Gemona-Tarcento
13.42683591	46.12362164	-2.7201077	Gemona-Tarcento
13.40249167	46.14810258	-4.1007244	Gemona-Tarcento
13.21429205	46.25585036	-9.4797952	Gemona-Tarcento
13.20960327	46.18494655	-3.1702305	Gemona-Tarcento
13.05369338	46.25075388	-6.0878488	Gemona-Tarcento
13.35412182	46.21417239	-8.3057786	Gemona-Tarcento
13.29155627	46.16821369	-3.1588037	Gemona-Tarcento
13.36261288	46.22927443	-9.800929	Gemona-Tarcento
13.01375546	46.2465438	-5.0076916	Gemona-Tarcento
13.26126194	46.24072966	-8.9868777	Gemona-Tarcento
13.39618905	46.14129866	-3.3589412	Gemona-Tarcento
13.34043451	46.15082376	-2.6277962	Gemona-Tarcento
13.0160159	46.25188134	-5.5167404	Gemona-Tarcento
13.42966355	46.21691708	-10.6036463	Gemona-Tarcento
13.37182539	46.1634871	-4.5473738	Gemona-Tarcento
13.11393492	46.26616728	-8.562073	Gemona-Tarcento
13.4187257	46.11766778	-2.0000003	Gemona-Tarcento
13.23148103	46.25423769	-9.6438023	Gemona-Tarcento
13.12146362	46.24006257	-6.4304019	Gemona-Tarcento
13.3822592	46.18080251	-6.2821065	Gemona-Tarcento
13.46317011	46.19425947	-9.6249815	Gemona-Tarcento
13.29425109	46.20852547	-6.7454636	Gemona-Tarcento
13.09215317	46.19572136	-2.0000003	Gemona-Tarcento
13.32840714	46.15371012	-2.5413252	Gemona-Tarcento
13.01822873	46.25710578	-6.0150352	Gemona-Tarcento
13.23656499	46.24666827	-9.0693299	Gemona-Tarcento
13.17192726	46.21259689	-4.9277057	Gemona-Tarcento
13.41110926	46.15644389	-5.0345779	Gemona-Tarcento
13.02001184	46.26131515	-6.4165386	Gemona-Tarcento
13.05059519	46.3027755	-10.6036463	Gemona-Tarcento
13.17271126	46.19825151	-3.6822066	Gemona-Tarcento
13.15726092	46.27057424	-9.7590789	Gemona-Tarcento
13.21774591	46.18118008	-2.9844998	Gemona-Tarcento
13.36451132	46.14389825	-2.7082327	Gemona-Tarcento
13.20235793	46.17539989	-2.2034392	Gemona-Tarcento
13.02166766	46.26522365	-6.7893632	Gemona-Tarcento
13.44458394	46.12478103	-3.3034295	Gemona-Tarcento
13.35661762	46.14740044	-2.7848589	Gemona-Tarcento
13.06829894	46.27685741	-8.6409392	Gemona-Tarcento
13.1752474	46.18672251	-2.7151775	Gemona-Tarcento
13.47933038	46.1973642	-10.3276131	Gemona-Tarcento
13.26610211	46.21711547	-6.9990772	Gemona-Tarcento
13.19895341	46.19852864	-4.173093	Gemona-Tarcento
13.03519571	46.22457891	-3.4599312	Gemona-Tarcento
13.09977142	46.27918179	-9.4245674	Gemona-Tarcento
13.45796373	46.15672905	-6.3421528	Gemona-Tarcento
13.21823439	46.24821423	-8.8791084	Gemona-Tarcento
13.02388088	46.27044722	-7.2876577	Gemona-Tarcento
13.39038056	46.21922956	-9.7208765	Gemona-Tarcento
13.18857622	46.17912424	-2.28522	Gemona-Tarcento
13.25204362	46.19931813	-5.1864859	Gemona-Tarcento
13.14634078	46.18443205	-2.0000003	Gemona-Tarcento
13.02564837	46.27461832	-7.6855763	Gemona-Tarcento
13.13243963	46.24084946	-6.7064081	Gemona-Tarcento
13.43261299	46.17250866	-6.9677097	Gemona-Tarcento
13.34223451	46.23873571	-10.2514348	Gemona-Tarcento
13.20003173	46.24282838	-8.0823749	Gemona-Tarcento
13.15776246	46.19080608	-2.762677	Gemona-Tarcento
13.31104582	46.18842459	-5.2792441	Gemona-Tarcento
13.05872205	46.27484412	-8.2936552	Gemona-Tarcento
13.34716762	46.22456513	-9.0946477	Gemona-Tarcento
13.02754337	46.2790898	-8.1121741	Gemona-Tarcento
13.29106033	46.21997687	-7.6942137	Gemona-Tarcento
13.13188162	46.24470047	-7.0351206	Gemona-Tarcento
13.06052359	46.2096621	-2.6057732	Gemona-Tarcento
13.37053647	46.14604644	-3.0530506	Gemona-Tarcento
13.37581411	46.14939971	-3.4781919	Gemona-Tarcento
13.09132523	46.2399949	-5.843858	Gemona-Tarcento
13.29808568	46.19207503	-5.3693125	Gemona-Tarcento
13.03048957	46.28604077	-8.7753719	Gemona-Tarcento
13.27857969	46.22926585	-8.2879438	Gemona-Tarcento
13.32599362	46.14803008	-2.0000003	Gemona-Tarcento
13.37693302	46.16048162	-4.4359074	Gemona-Tarcento
13.34631274	46.24192012	-10.6036468	Gemona-Tarcento
13.30566068	46.24262153	-9.9425972	Gemona-Tarcento
13.11892472	46.24978543	-7.2294053	Gemona-Tarcento
13.27311732	46.22502312	-7.8182161	Gemona-Tarcento
13.03311752	46.29223976	-9.3668723	Gemona-Tarcento
13.10481767	46.25722033	-7.6060376	Gemona-Tarcento
13.47284012	46.1821396	-8.8757476	Gemona-Tarcento
13.16002518	46.26105211	-8.9716421	Gemona-Tarcento
13.25373089	46.24397805	-9.1383387	Gemona-Tarcento
13.10742939	46.28221516	-9.8367115	Gemona-Tarcento
13.21540582	46.26841713	-10.6036463	Gemona-Tarcento
13.08373217	46.22149865	-4.0848157	Gemona-Tarcento
13.228761	46.24422339	-8.7157735	Gemona-Tarcento
13.36253189	46.21108579	-8.2761971	Gemona-Tarcento
13.07773498	46.20519827	-2.5482578	Gemona-Tarcento
13.26696584	46.24269232	-9.2606709	Gemona-Tarcento
13.10275791	46.2480237	-6.7642693	Gemona-Tarcento
13.39815377	46.15273948	-4.3698195	Gemona-Tarcento
13.03534744	46.29749915	-9.8687517	Gemona-Tarcento
13.29641744	46.22318977	-8.0716336	Gemona-Tarcento
13.22572018	46.16834781	-2.0000003	Gemona-Tarcento
13.36123582	46.22495624	-9.4016773	Gemona-Tarcento
13.27009541	46.23314451	-8.4777171	Gemona-Tarcento
13.0578481	46.25423066	-6.467175	Gemona-Tarcento
13.03745009	46.30245768	-10.3419522	Gemona-Tarcento
13.27576177	46.21212017	-6.7322297	Gemona-Tarcento
13.3623349	46.17997716	-5.6670771	Gemona-Tarcento
13.10518886	46.19520403	-2.2061502	Gemona-Tarcento
13.32382769	46.15130109	-2.2484732	Gemona-Tarcento
13.03861297	46.30519977	-10.6036468	Gemona-Tarcento
13.15305641	46.28103658	-10.6036868	Gemona-Tarcento
13.35502072	46.22971661	-9.686709	Gemona-Tarcento
13.20984476	46.17156441	-1.9999998	Gemona-Tarcento
13.30290128	46.24889539	-10.4445794	Gemona-Tarcento
13.31269383	46.2487239	-10.6036575	Gemona-Tarcento
13.31559295	46.22619951	-8.6767876	Gemona-Tarcento
13.05424574	46.29633148	-10.1022151	Gemona-Tarcento
13.05610962	46.23820609	-5.0287517	Gemona-Tarcento
13.18373023	46.24340693	-7.8433111	Gemona-Tarcento
13.37685736	46.2341985	-10.6036443	Gemona-Tarcento
13.39025178	46.17651393	-6.142296	Gemona-Tarcento
13.33046945	46.15856233	-3.0037617	Gemona-Tarcento
13.14842459	46.20620447	-3.9483675	Gemona-Tarcento
13.35163023	46.22013774	-8.7852285	Gemona-Tarcento
13.09010374	46.28492782	-9.7396924	Gemona-Tarcento
13.0681035	46.24414859	-5.7640861	Gemona-Tarcento
13.380656	46.1759295	-5.8304152	Gemona-Tarcento
13.14605863	46.28021458	-10.4066101	Gemona-Tarcento
13.07984621	46.21549557	-3.4865935	Gemona-Tarcento
13.35846982	46.13741043	-1.9999993	Gemona-Tarcento
13.16299165	46.22297071	-5.6796273	Gemona-Tarcento
13.09042442	46.24990013	-6.690331	Gemona-Tarcento
13.10503291	46.23047581	-5.2778997	Gemona-Tarcento
13.34047927	46.15797038	-3.2269248	Gemona-Tarcento
13.03844144	46.20931783	-2.1776726	Gemona-Tarcento
13.02031833	46.21096627	-2.0000003	Gemona-Tarcento
13.44268967	46.15716842	-5.9603661	Gemona-Tarcento
13.2808557	46.16018797	-2.2642776	Gemona-Tarcento
13.33223688	46.21475459	-7.9676596	Gemona-Tarcento
13.32096647	46.24705011	-10.6036468	Gemona-Tarcento
13.23224872	46.25840027	-10.0231245	Gemona-Tarcento
13.12412675	46.22624972	-5.276765	Gemona-Tarcento
13.08008532	46.27300147	-8.5118809	Gemona-Tarcento
13.41912713	46.22036461	-10.6036599	Gemona-Tarcento
13.15624601	46.21282423	-4.6686988	Gemona-Tarcento
13.40718632	46.18094954	-6.977587	Gemona-Tarcento
13.32904224	46.14968663	-2.2202998	Gemona-Tarcento
13.32116557	46.14900882	-1.9999998	Gemona-Tarcento
13.25004115	46.18660001	-4.0344038	Gemona-Tarcento
13.32130595	46.21826915	-8.0819268	Gemona-Tarcento
13.35065986	46.1997847	-7.0047555	Gemona-Tarcento
13.31690967	46.20283334	-6.6484337	Gemona-Tarcento
13.46002363	46.1520579	-6.0078653	Gemona-Tarcento
13.18831429	46.25271988	-8.7428975	Gemona-Tarcento
13.02133998	46.21668957	-2.5206997	Gemona-Tarcento
13.42145686	46.1417095	-4.0854878	Gemona-Tarcento
13.18084846	46.18972298	-3.0781446	Gemona-Tarcento
13.19657937	46.20920716	-5.0684098	Gemona-Tarcento
13.26129205	46.23471483	-8.4591201	Gemona-Tarcento
13.28614747	46.25185902	-10.406928	Gemona-Tarcento
13.45833404	46.17627569	-7.9876004	Gemona-Tarcento
13.24507657	46.24536655	-9.1064195	Gemona-Tarcento
13.44184196	46.16491281	-6.5850264	Gemona-Tarcento
13.11355228	46.27952009	-9.719532	Gemona-Tarcento
13.24741247	46.24885358	-9.4542686	Gemona-Tarcento
13.08521529	46.26317753	-7.7481109	Gemona-Tarcento
13.25939461	46.18717098	-4.2508391	Gemona-Tarcento
13.40724154	46.15252797	-4.6010347	Gemona-Tarcento
13.307324	46.15438805	-2.2258457	Gemona-Tarcento
13.42077287	46.20341853	-9.2302058	Gemona-Tarcento
13.42568872	46.14617347	-4.5748206	Gemona-Tarcento
13.27384623	46.25658817	-10.6036468	Gemona-Tarcento
13.08002018	46.22777172	-4.560257	Gemona-Tarcento
13.38245247	46.18704995	-6.8102002	Gemona-Tarcento
13.19609826	46.22927265	-6.8218507	Gemona-Tarcento
13.328464	46.18632443	-5.4046017	Gemona-Tarcento
13.13191806	46.23725995	-6.3822213	Gemona-Tarcento
13.2612071	46.20145882	-5.5373534	Gemona-Tarcento
13.35077817	46.18605098	-5.8587702	Gemona-Tarcento
13.40012936	46.21428809	-9.574346	Gemona-Tarcento
13.2125997	46.1950481	-4.1102461	Gemona-Tarcento
13.02090808	46.25656089	-6.0148109	Gemona-Tarcento
13.19853756	46.26788556	-10.2570474	Gemona-Tarcento
13.31478005	46.23774433	-9.6762906	Gemona-Tarcento
13.2689754	46.17018893	-2.9307237	Gemona-Tarcento
13.30216861	46.17141565	-3.6284754	Gemona-Tarcento
13.02421469	46.25997734	-6.3737442	Gemona-Tarcento
13.24494266	46.25936875	-10.3340127	Gemona-Tarcento
13.16040378	46.27955016	-10.6036468	Gemona-Tarcento
13.14186508	46.27801812	-10.1340149	Gemona-Tarcento
13.16138721	46.21563326	-5.0067952	Gemona-Tarcento
13.35105089	46.21531515	-8.3514622	Gemona-Tarcento
13.20174086	46.26356231	-9.9341936	Gemona-Tarcento
13.32223428	46.22382956	-8.5867188	Gemona-Tarcento
13.13557478	46.21969783	-4.904627	Gemona-Tarcento
13.01112169	46.2128292	-2.0000003	Gemona-Tarcento
13.11467887	46.20769265	-3.477868	Gemona-Tarcento
13.10643019	46.2912258	-10.6036468	Gemona-Tarcento
13.28272495	46.16558815	-2.7714334	Gemona-Tarcento
13.24793881	46.16611384	-2.1989593	Gemona-Tarcento
13.42205008	46.12035101	-2.3154668	Gemona-Tarcento
13.36437837	46.23826208	-10.6036468	Gemona-Tarcento
13.15344401	46.18511111	-2.1859641	Gemona-Tarcento
13.02708377	46.26918699	-7.2338849	Gemona-Tarcento
13.42275916	46.21670814	-10.3970921	Gemona-Tarcento
13.41124849	46.12011776	-1.9999998	Gemona-Tarcento
13.16431172	46.195487	-3.2901136	Gemona-Tarcento
13.26434736	46.17455291	-3.2313965	Gemona-Tarcento
13.31280848	46.1631961	-3.0962928	Gemona-Tarcento
13.23974199	46.19086813	-4.2259702	Gemona-Tarcento
13.28091802	46.23540372	-8.8685779	Gemona-Tarcento
13.4566144	46.17056193	-7.4624195	Gemona-Tarcento
13.02303599	46.23822642	-4.4421808	Gemona-Tarcento
13.16714031	46.21790993	-5.3090425	Gemona-Tarcento
13.29437246	46.23670484	-9.2221346	Gemona-Tarcento
13.40067401	46.22640516	-10.6036468	Gemona-Tarcento
13.10173616	46.2628072	-8.0339792	Gemona-Tarcento
13.39026034	46.21438171	-9.3117554	Gemona-Tarcento
13.13045631	46.21486057	-4.3888539	Gemona-Tarcento
13.04592216	46.20577788	-2.0000115	Gemona-Tarcento
13.37136838	46.13318359	-1.9999993	Gemona-Tarcento
13.09561348	46.24565571	-6.4201237	Gemona-Tarcento
13.39550867	46.19413957	-7.7613064	Gemona-Tarcento
13.14740701	46.26237928	-8.8638738	Gemona-Tarcento
13.31326903	46.23159613	-9.1094348	Gemona-Tarcento
13.31174213	46.15760107	-2.5863474	Gemona-Tarcento
13.3156405	46.15199278	-2.1635594	Gemona-Tarcento
13.03396528	46.28489382	-8.7363865	Gemona-Tarcento
13.29429957	46.24357152	-9.8239407	Gemona-Tarcento
13.22276704	46.18537752	-3.4422488	Gemona-Tarcento
13.10154355	46.19364538	-1.9999573	Gemona-Tarcento
13.14578474	46.23129549	-6.1046565	Gemona-Tarcento
13.33654562	46.23263227	-9.6142273	Gemona-Tarcento
13.32753017	46.18213218	-5.0200144	Gemona-Tarcento
13.24954735	46.19198213	-4.4980823	Gemona-Tarcento
13.15612338	46.24829102	-7.7812472	Gemona-Tarcento
13.26061194	46.25751905	-10.4501814	Gemona-Tarcento
13.12445354	46.21183913	-4.0167888	Gemona-Tarcento
13.48056448	46.20025842	-10.6036468	Gemona-Tarcento
13.09097291	46.29252255	-10.4206009	Gemona-Tarcento
13.11830829	46.21265461	-3.9794995	Gemona-Tarcento
13.36969418	46.19096222	-6.788019	Gemona-Tarcento
13.0861493	46.23515676	-5.3222626	Gemona-Tarcento
13.22957941	46.17507146	-2.6587171	Gemona-Tarcento
13.18890397	46.19282465	-3.4936512	Gemona-Tarcento
13.13381655	46.26634883	-8.9609939	Gemona-Tarcento
13.09319278	46.27529349	-8.9586599	Gemona-Tarcento
13.31154155	46.22042437	-8.0976101	Gemona-Tarcento
13.42944316	46.13685125	-3.8979554	Gemona-Tarcento
13.09052366	46.27162714	-8.5873938	Gemona-Tarcento
13.30138973	46.15301672	-2.0000003	Gemona-Tarcento
13.25343562	46.16273282	-2.0000003	Gemona-Tarcento
13.08679792	46.2783221	-9.0995	Gemona-Tarcento
13.20141904	46.25499721	-9.1759788	Gemona-Tarcento
13.46335305	46.16814593	-7.4449431	Gemona-Tarcento
13.05333704	46.24641569	-5.7004631	Gemona-Tarcento
13.11812589	46.24522444	-6.8162413	Gemona-Tarcento
13.3711437	46.13528518	-2.1696082	Gemona-Tarcento
13.3291743	46.22000836	-8.3745403	Gemona-Tarcento
13.18029344	46.25217382	-8.5522154	Gemona-Tarcento
13.041923	46.30453014	-10.6036463	Gemona-Tarcento
13.25519701	46.24907981	-9.6125542	Gemona-Tarcento
13.31886745	46.21017156	-7.3275392	Gemona-Tarcento
13.00714563	46.21578302	-2.1886526	Gemona-Tarcento
13.08679817	46.21295961	-3.399437	Gemona-Tarcento
13.09423734	46.26274475	-7.8840874	Gemona-Tarcento
13.45055744	46.18197108	-8.2510869	Gemona-Tarcento
13.44162211	46.17406291	-7.3445674	Gemona-Tarcento
13.27990268	46.18792157	-4.681475	Gemona-Tarcento
13.19774001	46.18266451	-2.7589246	Gemona-Tarcento
13.47110961	46.17807922	-8.4885835	Gemona-Tarcento
13.10925313	46.26219249	-8.1251691	Gemona-Tarcento
13.17774732	46.19344693	-3.3499224	Gemona-Tarcento
13.38172203	46.15584071	-4.1789175	Gemona-Tarcento
13.38953927	46.15301945	-4.1571888	Gemona-Tarcento
13.26874861	46.24961505	-9.9004539	Gemona-Tarcento
13.28126946	46.22209654	-7.7061895	Gemona-Tarcento
13.05923365	46.26432296	-7.378399	Gemona-Tarcento
13.16707601	46.26892306	-9.7885408	Gemona-Tarcento
13.32179609	46.19053006	-5.6552054	Gemona-Tarcento
13.37784441	46.22482006	-9.8454475	Gemona-Tarcento
13.2331288	46.16684718	-2.0000003	Gemona-Tarcento
13.07277879	46.24424531	-5.8570288	Gemona-Tarcento
13.43713467	46.20608982	-9.9019117	Gemona-Tarcento
13.33465125	46.1798801	-4.9489897	Gemona-Tarcento
13.33272396	46.17531573	-4.514102	Gemona-Tarcento
13.37701622	46.21370074	-8.8918792	Gemona-Tarcento
13.36487912	46.21993649	-9.0814458	Gemona-Tarcento
13.24750313	46.240698	-8.739533	Gemona-Tarcento
13.07224736	46.21207558	-3.0420706	Gemona-Tarcento
13.21628377	46.26568423	-10.3791453	Gemona-Tarcento
13.12943779	46.27587053	-9.7072095	Gemona-Tarcento
13.15716519	46.2403332	-7.1007974	Gemona-Tarcento
13.2825161	46.25483346	-10.6036468	Gemona-Tarcento
13.25889463	46.16723668	-2.4923289	Gemona-Tarcento
13.42526804	46.11552385	-2.0000003	Gemona-Tarcento
13.243877	46.1747793	-2.8872513	Gemona-Tarcento
13.1152675	46.19910356	-2.7353445	Gemona-Tarcento
13.44877603	46.19179802	-9.0246309	Gemona-Tarcento
13.46059559	46.16137621	-6.8030301	Gemona-Tarcento
13.33530387	46.15427159	-2.7756743	Gemona-Tarcento
13.40146545	46.12332277	-2.0000003	Gemona-Tarcento
13.06579724	46.26841563	-7.8547355	Gemona-Tarcento
13.31913951	46.15565764	-2.5473621	Gemona-Tarcento
13.3023982	46.18730828	-5.0275198	Gemona-Tarcento
13.33744505	46.24371521	-10.6036468	Gemona-Tarcento
13.38323814	46.21886669	-9.4948067	Gemona-Tarcento
13.01541564	46.24219274	-4.6550315	Gemona-Tarcento
13.19069427	46.2417618	-7.8227045	Gemona-Tarcento
13.15119549	46.19043958	-2.6136819	Gemona-Tarcento
13.06381942	46.24153174	-5.4580645	Gemona-Tarcento
13.07158133	46.24752157	-6.1218977	Gemona-Tarcento
13.15968471	46.22747536	-6.0163794	Gemona-Tarcento
13.25388249	46.17863256	-3.4033577	Gemona-Tarcento
13.2241989	46.25440611	-9.5290869	Gemona-Tarcento
13.16309296	46.26582753	-9.445739	Gemona-Tarcento
13.08998161	46.29480254	-10.6036468	Gemona-Tarcento
13.08465026	46.29079303	-10.1564663	Gemona-Tarcento
13.0433272	46.2472009	-5.5913506	Gemona-Tarcento
13.23864629	46.24196892	-8.6935916	Gemona-Tarcento
13.1980706	46.17395075	-2.0000003	Gemona-Tarcento
13.43352181	46.21309353	-10.3892276	Gemona-Tarcento
13.13264087	46.25707179	-8.1292196	Gemona-Tarcento
13.16301255	46.20053835	-3.7104248	Gemona-Tarcento
13.04865607	46.22152249	-3.4310313	Gemona-Tarcento
13.23747939	46.25163049	-9.5214688	Gemona-Tarcento
13.05930809	46.21896997	-3.3960181	Gemona-Tarcento
13.03130036	46.21781798	-2.7969575	Gemona-Tarcento
13.22797558	46.17992465	-3.0561868	Gemona-Tarcento
13.14675804	46.24915773	-7.6908373	Gemona-Tarcento
13.08249617	46.25481707	-6.9664859	Gemona-Tarcento
13.29264172	46.25278374	-10.6036453	Gemona-Tarcento
13.12386185	46.26929411	-9.0260877	Gemona-Tarcento
13.04138372	46.27257592	-7.7859522	Gemona-Tarcento
13.45025522	46.19756096	-9.5474593	Gemona-Tarcento
13.24902778	46.18282849	-3.6853291	Gemona-Tarcento
13.14042968	46.23558901	-6.3865151	Gemona-Tarcento
13.22453629	46.21391737	-5.9791866	Gemona-Tarcento
13.34423664	46.19752794	-6.6685996	Gemona-Tarcento
13.3446268	46.185885	-5.6760911	Gemona-Tarcento
13.23860847	46.17813308	-3.0879468	Gemona-Tarcento
13.18061687	46.18285786	-2.471408	Gemona-Tarcento
13.33597835	46.16496192	-3.6882483	Gemona-Tarcento
13.04780368	46.2092143	-2.3352044	Gemona-Tarcento
13.41395853	46.20255412	-8.9712085	Gemona-Tarcento
13.16875063	46.24739483	-7.9271059	Gemona-Tarcento
13.40350214	46.17592378	-6.4561041	Gemona-Tarcento
13.04905216	46.27292841	-7.9533201	Gemona-Tarcento
13.09651563	46.19765912	-2.2529573	Gemona-Tarcento
13.21050396	46.20547066	-4.9879746	Gemona-Tarcento
13.22953922	46.2376514	-8.1523908	Gemona-Tarcento
13.04027866	46.26745711	-7.3165608	Gemona-Tarcento
13.13542151	46.27106597	-9.4033797	Gemona-Tarcento
13.14372424	46.2741251	-9.8302493	Gemona-Tarcento
13.11029855	46.19549352	-2.3298933	Gemona-Tarcento
13.06214198	46.20235428	-1.9999993	Gemona-Tarcento
13.37799968	46.13732183	-2.5278694	Gemona-Tarcento
13.198003	46.25955992	-9.5161065	Gemona-Tarcento
13.06883864	46.25690174	-6.8973269	Gemona-Tarcento
13.15577769	46.23475697	-6.586371	Gemona-Tarcento
13.03138878	46.27348463	-7.688041	Gemona-Tarcento
13.35905128	46.1892795	-6.3555956	Gemona-Tarcento
13.39709204	46.2101901	-9.1480843	Gemona-Tarcento
13.09907094	46.29285016	-10.6036507	Gemona-Tarcento
13.04805384	46.2920804	-9.6184844	Gemona-Tarcento
13.26540269	46.20385009	-5.8219011	Gemona-Tarcento
13.19144717	46.19876531	-4.0603941	Gemona-Tarcento
13.30342883	46.25059961	-10.6036487	Gemona-Tarcento
13.06533395	46.22811836	-4.3074983	Gemona-Tarcento
13.28085511	46.17130744	-3.2401436	Gemona-Tarcento
13.16435648	46.23106534	-6.414746	Gemona-Tarcento
13.45713052	46.18165031	-8.4043394	Gemona-Tarcento
13.05683908	46.26920583	-7.7647794	Gemona-Tarcento
13.44955062	46.15547818	-6.0069692	Gemona-Tarcento
13.19781628	46.18743699	-3.1791924	Gemona-Tarcento
13.23992672	46.21809235	-6.6195422	Gemona-Tarcento
13.18034251	46.17754271	-2.0000003	Gemona-Tarcento
13.09737046	46.23585878	-5.59964	Gemona-Tarcento
13.21713339	46.24267362	-8.3728599	Gemona-Tarcento
13.31509871	46.21455283	-7.6452469	Gemona-Tarcento
13.46071073	46.20675787	-10.6036468	Gemona-Tarcento
13.27587316	46.20036764	-5.7023673	Gemona-Tarcento
13.37313043	46.15581921	-3.941646	Gemona-Tarcento
13.42456128	46.17471891	-6.9320851	Gemona-Tarcento
13.10315191	46.20750464	-3.2390149	Gemona-Tarcento
13.34841025	46.15174145	-2.9230996	Gemona-Tarcento
13.39578814	46.2218355	-10.0872039	Gemona-Tarcento
13.26598204	46.18112942	-3.8376853	Gemona-Tarcento
13.11240505	46.23399101	-5.7264532	Gemona-Tarcento
13.15367993	46.25741169	-8.5389951	Gemona-Tarcento
13.43167366	46.1774218	-7.3530813	Gemona-Tarcento
13.07349169	46.2520067	-6.5498187	Gemona-Tarcento
13.41544783	46.21356354	-9.9335113	Gemona-Tarcento
13.45444847	46.16619646	-7.0378381	Gemona-Tarcento
13.35540955	46.17264838	-4.8640733	Gemona-Tarcento
13.051313	46.22556925	-3.8336534	Gemona-Tarcento
13.4546422	46.13942025	-4.8033548	Gemona-Tarcento
13.39952047	46.1807505	-6.7508259	Gemona-Tarcento
13.10919298	46.2457491	-6.6898835	Gemona-Tarcento
13.33385177	46.15995411	-3.2110696	Gemona-Tarcento
13.03841854	46.29897839	-10.0533711	Gemona-Tarcento
13.03834442	46.23285167	-4.2424375	Gemona-Tarcento
13.21132004	46.23097687	-7.2421749	Gemona-Tarcento
13.33382676	46.16646061	-3.7565847	Gemona-Tarcento
13.44360021	46.1894028	-8.6823894	Gemona-Tarcento
13.0419264	46.30239839	-10.4163382	Gemona-Tarcento
13.03017205	46.24236291	-4.9324096	Gemona-Tarcento
13.05443009	46.20640271	-2.2058672	Gemona-Tarcento
13.20842669	46.23946588	-7.936292	Gemona-Tarcento
13.12226515	46.28772981	-10.6036468	Gemona-Tarcento
13.10111611	46.25158482	-7.0432157	Gemona-Tarcento
13.17748072	46.27609399	-10.6036463	Gemona-Tarcento
13.05372975	46.21098378	-2.595972	Gemona-Tarcento
13.28381672	46.24645411	-9.8907088	Gemona-Tarcento
13.04139362	46.26033789	-6.7109445	Gemona-Tarcento
13.12108117	46.22207401	-4.8548389	Gemona-Tarcento
13.4168087	46.14748811	-4.4415089	Gemona-Tarcento
13.28651923	46.22655203	-8.1908168	Gemona-Tarcento
13.35799323	46.14115874	-2.3004556	Gemona-Tarcento
13.12972414	46.25158477	-7.5944512	Gemona-Tarcento
13.442121	46.11	-2.0000003	Gemona-Tarcento
13.13891569	46.21438248	-4.4972981	Gemona-Tarcento
13.40774526	46.21344896	-9.7128111	Gemona-Tarcento
13.17499615	46.22740475	-6.2825557	Gemona-Tarcento
13.44635501	46.1701941	-7.1505371	Gemona-Tarcento
13.03551841	46.25129473	-5.8120428	Gemona-Tarcento
13.33852768	46.17751694	-4.8105246	Gemona-Tarcento
13.09152247	46.28894908	-10.1175603	Gemona-Tarcento
13.3693164	46.22931747	-9.9884136	Gemona-Tarcento
13.08110671	46.26981727	-8.2499455	Gemona-Tarcento
13.38357783	46.16357265	-4.8766194	Gemona-Tarcento
13.13998456	46.2643011	-8.9010161	Gemona-Tarcento
13.05002605	46.26255838	-7.0595713	Gemona-Tarcento
13.10109793	46.21952048	-4.2469185	Gemona-Tarcento
13.30183812	46.15999083	-2.6199554	Gemona-Tarcento
13.21780875	46.20565213	-5.133833	Gemona-Tarcento
13.0446592	46.27878758	-8.3900003	Gemona-Tarcento
13.17464028	46.25642014	-8.8246634	Gemona-Tarcento
13.12073298	46.23499495	-5.9744853	Gemona-Tarcento
13.38570202	46.13949079	-2.9204224	Gemona-Tarcento
13.27684828	46.24283973	-9.449324	Gemona-Tarcento
13.2708886	46.1934669	-5.0079153	Gemona-Tarcento
13.44216695	46.11756304	-2.6336233	Gemona-Tarcento
13.18034462	46.23030256	-6.632196	Gemona-Tarcento
13.4033503	46.19545892	-8.0866317	Gemona-Tarcento
13.130687	46.19384188	-2.5475862	Gemona-Tarcento
13.21987004	46.19760876	-4.464364	Gemona-Tarcento
13.01596286	46.23552593	-4.0792144	Gemona-Tarcento
13.29741466	46.22931526	-8.6272835	Gemona-Tarcento
13.05041613	46.28797938	-9.300104	Gemona-Tarcento
13.07077662	46.27291288	-8.3384969	Gemona-Tarcento
13.40681322	46.16106407	-5.3034425	Gemona-Tarcento
13.15364163	46.23033719	-6.1602216	Gemona-Tarcento
13.02951475	46.20910303	-2.0000003	Gemona-Tarcento
13.14221848	46.26043146	-8.6004925	Gemona-Tarcento
13.4085171	46.20776774	-9.2584407	Gemona-Tarcento
13.47031084	46.20361541	-10.6036468	Gemona-Tarcento
13.34331201	46.16428923	-3.83322	Gemona-Tarcento
13.25136877	46.21049938	-6.1561887	Gemona-Tarcento
13.28699346	46.23983428	-9.3657522	Gemona-Tarcento
13.12431375	46.2735119	-9.402721	Gemona-Tarcento
13.06481273	46.25174847	-6.3730845	Gemona-Tarcento
13.45267928	46.14555503	-5.2626638	Gemona-Tarcento
13.26287127	46.22642662	-7.7592901	Gemona-Tarcento
13.01451729	46.23137965	-3.6893621	Gemona-Tarcento
13.21551327	46.20110753	-4.6940168	Gemona-Tarcento
13.31084849	46.16720582	-3.4133284	Gemona-Tarcento
13.01321665	46.21843703	-2.5296624	Gemona-Tarcento
13.42969752	46.20112345	-9.2825164	Gemona-Tarcento
13.32221546	46.2287471	-9.0182454	Gemona-Tarcento
13.43025236	46.15057677	-5.0681858	Gemona-Tarcento
13.29935082	46.17971025	-4.3064046	Gemona-Tarcento
13.12313631	46.19878098	-2.8469197	Gemona-Tarcento
13.37125154	46.14033962	-2.5953096	Gemona-Tarcento
13.15051435	46.26575173	-9.2154129	Gemona-Tarcento
13.08746059	46.22882354	-4.795289	Gemona-Tarcento
13.3526802	46.16475908	-4.1291773	Gemona-Tarcento
13.16796257	46.27535713	-10.3696228	Gemona-Tarcento
13.45004626	46.12862403	-3.7745017	Gemona-Tarcento
13.45039966	46.17473946	-7.6416621	Gemona-Tarcento
13.20640143	46.25966102	-9.6742737	Gemona-Tarcento
13.12226092	46.18931082	-1.9999993	Gemona-Tarcento
13.04346086	46.25247682	-6.0571571	Gemona-Tarcento
13.37054281	46.19642939	-7.2688372	Gemona-Tarcento
13.04560898	46.28396266	-8.8616326	Gemona-Tarcento
13.41256402	46.17097735	-6.2903993	Gemona-Tarcento
13.03626306	46.20773557	-2.0000003	Gemona-Tarcento
13.32673595	46.23192794	-9.3779629	Gemona-Tarcento
13.39152802	46.1711071	-5.7248859	Gemona-Tarcento
13.11352643	46.28965925	-10.6036468	Gemona-Tarcento
13.19218105	46.24657391	-8.271825	Gemona-Tarcento
13.30364929	46.22159564	-8.0601941	Gemona-Tarcento
13.3593834	46.22075095	-8.9987845	Gemona-Tarcento
13.4043127	46.22221139	-10.3522588	Gemona-Tarcento
13.43760376	46.11420599	-2.2278618	Gemona-Tarcento
13.30593749	46.17576738	-4.0774221	Gemona-Tarcento
13.38915359	46.19472668	-7.6362847	Gemona-Tarcento
13.2698436	46.1637936	-2.3849331	Gemona-Tarcento
13.28820309	46.18834856	-4.8665465	Gemona-Tarcento
13.46891454	46.17292827	-7.9974585	Gemona-Tarcento
13.47323301	46.20050372	-10.4232835	Gemona-Tarcento
13.01696178	46.21372848	-2.1828274	Gemona-Tarcento
13.38850276	46.22573924	-10.2144107	Gemona-Tarcento
13.27650445	46.2191871	-7.3659646	Gemona-Tarcento
13.19297769	46.22242016	-6.16459	Gemona-Tarcento
13.44240273	46.14419399	-4.8672104	Gemona-Tarcento
13.45036212	46.21014474	-10.6036468	Gemona-Tarcento
13.42797052	46.11754813	-2.2433218	Gemona-Tarcento
13.26831777	46.15971643	-2.0000066	Gemona-Tarcento
13.23280854	46.16947775	-2.2251739	Gemona-Tarcento
13.25870741	46.21187394	-6.4073524	Gemona-Tarcento
13.15777896	46.20566692	-4.067564	Gemona-Tarcento
13.23665118	46.20594101	-5.4943409	Gemona-Tarcento
13.3499865	46.1791657	-5.2608933	Gemona-Tarcento
13.37639581	46.20103438	-7.814631	Gemona-Tarcento
13.15126747	46.20042487	-3.4915227	Gemona-Tarcento
13.44289019	46.18540234	-8.3281614	Gemona-Tarcento
13.24311698	46.16482369	-2.0000003	Gemona-Tarcento
13.27673722	46.19640898	-5.3702097	Gemona-Tarcento
13.2473476	46.19676253	-4.8786367	Gemona-Tarcento
13.16486547	46.23912654	-7.1317727	Gemona-Tarcento
13.3458265	46.17392884	-4.7087376	Gemona-Tarcento
13.36976561	46.21152897	-8.5114361	Gemona-Tarcento
13.11275763	46.23995714	-6.2534837	Gemona-Tarcento
13.3125201	46.17316775	-3.9662918	Gemona-Tarcento
13.06939694	46.24152033	-5.5559492	Gemona-Tarcento
13.47897551	46.20077868	-10.6036468	Gemona-Tarcento
13.32791536	46.24564394	-10.6036468	Gemona-Tarcento
13.13178067	46.22441076	-5.2509772	Gemona-Tarcento
13.16100595	46.18492867	-2.304502	Gemona-Tarcento
13.05816852	46.2244428	-3.8567276	Gemona-Tarcento
13.22595451	46.19430328	-4.2824525	Gemona-Tarcento
13.22175477	46.22494233	-6.897805	Gemona-Tarcento
13.15136573	46.27900217	-10.3948882	Gemona-Tarcento
13.22223944	46.17605755	-2.6148135	Gemona-Tarcento
13.38539921	46.23140379	-10.6036468	Gemona-Tarcento
13.37912173	46.23094635	-10.3933721	Gemona-Tarcento
13.39974219	46.1998182	-8.3525816	Gemona-Tarcento
13.18844287	46.23299067	-7.0123112	Gemona-Tarcento
13.29068256	46.18116439	-4.2799662	Gemona-Tarcento
13.28729145	46.20194747	-6.0441742	Gemona-Tarcento
13.14848246	46.24374924	-7.2464319	Gemona-Tarcento
13.13899305	46.25155173	-7.7631376	Gemona-Tarcento
13.40044983	46.2052429	-8.8260078	Gemona-Tarcento
13.12576257	46.22102104	-4.8463941	Gemona-Tarcento
13.35403049	46.21028183	-7.9758531	Gemona-Tarcento
13.22492992	46.25962429	-10.0004951	Gemona-Tarcento
13.35658476	46.21532368	-8.4678245	Gemona-Tarcento
13.32594113	46.20748883	-7.2177533	Gemona-Tarcento
13.10646146	46.20025171	-2.6705889	Gemona-Tarcento
13.13306947	46.24868509	-7.4059589	Gemona-Tarcento
13.08553421	46.29431605	-10.4817893	Gemona-Tarcento
13.30835713	46.19498221	-5.8071136	Gemona-Tarcento
13.12697093	46.23634222	-6.2123309	Gemona-Tarcento
13.36846627	46.22321061	-9.4538203	Gemona-Tarcento
13.18260651	46.22239565	-5.9780844	Gemona-Tarcento
13.06575106	46.23274784	-4.7207566	Gemona-Tarcento
13.20873844	46.25205192	-9.0473723	Gemona-Tarcento
13.36403289	46.16119227	-4.1418377	Gemona-Tarcento
13.27421875	46.17782837	-3.6944781	Gemona-Tarcento
13.16255051	46.24594136	-7.6891613	Gemona-Tarcento
13.06568509	46.22054418	-3.6538907	Gemona-Tarcento
13.07875153	46.24343222	-5.9014604	Gemona-Tarcento
13.28607753	46.21194953	-6.9007152	Gemona-Tarcento
13.31216102	46.20817382	-7.032909	Gemona-Tarcento
13.29813688	46.15575933	-2.1828269	Gemona-Tarcento
13.03144895	46.22900682	-3.7821197	Gemona-Tarcento
13.27847266	46.25265757	-10.3406077	Gemona-Tarcento
13.34428537	46.20373628	-7.2145048	Gemona-Tarcento
13.44753794	46.1326182	-4.039781	Gemona-Tarcento
13.44786862	46.12350755	-3.2869619	Gemona-Tarcento
13.13324142	46.28024915	-10.1624876	Gemona-Tarcento
13.31925407	46.16589583	-3.4478325	Gemona-Tarcento
13.25827078	46.23052396	-8.0373404	Gemona-Tarcento
13.42215234	46.15204575	-4.9691541	Gemona-Tarcento
13.37892098	46.19328498	-7.2352295	Gemona-Tarcento
13.43307558	46.16348932	-6.2257573	Gemona-Tarcento
13.31448702	46.17719323	-4.354576	Gemona-Tarcento
13.34914696	46.20248209	-7.1908712	Gemona-Tarcento
13.00701123	46.22212788	-2.743409	Gemona-Tarcento
13.1085038	46.19210554	-2.0001516	Gemona-Tarcento
13.25025658	46.22613551	-7.5094704	Gemona-Tarcento
13.41444136	46.16179101	-5.5732019	Gemona-Tarcento
13.29469226	46.20203104	-6.1830805	Gemona-Tarcento
13.12870476	46.20408941	-3.4119876	Gemona-Tarcento
13.32243222	46.17872854	-4.6306098	Gemona-Tarcento
13.1941096	46.21796704	-5.7936701	Gemona-Tarcento
13.13660997	46.25702783	-8.2018288	Gemona-Tarcento
13.40739755	46.1258362	-2.3727129	Gemona-Tarcento
13.03811532	46.28986709	-9.2472278	Gemona-Tarcento
13.30077009	46.20329139	-6.4017506	Gemona-Tarcento
13.20814137	46.17935892	-2.6537876	Gemona-Tarcento
13.41002554	46.19875027	-8.5450552	Gemona-Tarcento
13.45254434	46.13449254	-4.3337394	Gemona-Tarcento
13.0661062	46.29543246	-10.2341829	Gemona-Tarcento
13.41736982	46.17855363	-7.0559862	Gemona-Tarcento
13.32663283	46.14953467	-2.1434182	Gemona-Tarcento
13.07591274	46.26684866	-7.8971018	Gemona-Tarcento
13.35952971	46.2268758	-9.5174471	Gemona-Tarcento
13.27964959	46.19232476	-5.0634838	Gemona-Tarcento
13.44195781	46.19617554	-9.2042097	Gemona-Tarcento
13.42873755	46.20697173	-9.7457444	Gemona-Tarcento
13.06590636	46.2148565	-3.1624043	Gemona-Tarcento
13.10203904	46.24209352	-6.2332629	Gemona-Tarcento
13.19486837	46.20426618	-4.6041714	Gemona-Tarcento
13.20020443	46.21478985	-5.6230539	Gemona-Tarcento
13.36128203	46.19484036	-6.8821208	Gemona-Tarcento
13.07611819	46.22441172	-4.1921375	Gemona-Tarcento
13.44258456	46.17897462	-7.7819191	Gemona-Tarcento
13.09218099	46.21667886	-3.8273787	Gemona-Tarcento
13.08089706	46.25962356	-7.3547923	Gemona-Tarcento
13.36731794	46.23732025	-10.6034324	Gemona-Tarcento
13.22369218	46.17103822	-2.2000833	Gemona-Tarcento
13.32803722	46.24263746	-10.3417283	Gemona-Tarcento
13.05701973	46.2034867	-1.9998704	Gemona-Tarcento
13.28576279	46.1967343	-5.5593268	Gemona-Tarcento
13.0214927	46.22681878	-3.4128802	Gemona-Tarcento
13.32382602	46.2126634	-7.6344922	Gemona-Tarcento
13.42190709	46.16365822	-5.9339279	Gemona-Tarcento
13.27291257	46.23870814	-9.0164529	Gemona-Tarcento
13.43878836	46.11109248	-2.0000008	Gemona-Tarcento
13.3911863	46.13390779	-2.6037315	Gemona-Tarcento
13.24175282	46.22243261	-7.0331454	Gemona-Tarcento
13.20254528	46.22266192	-6.3559323	Gemona-Tarcento
13.33060276	46.22627875	-8.9505813	Gemona-Tarcento
13.35656988	46.23984335	-10.6036468	Gemona-Tarcento
13.4383906	46.12947651	-3.5263631	Gemona-Tarcento
13.29186297	46.16356642	-2.7564038	Gemona-Tarcento
13.10138023	46.26705976	-8.3980659	Gemona-Tarcento
13.45364405	46.15077035	-5.7253343	Gemona-Tarcento
13.46325802	46.20318293	-10.3742163	Gemona-Tarcento
13.17930769	46.19741604	-3.7261065	Gemona-Tarcento
13.07329168	46.21902281	-3.6678526	Gemona-Tarcento
13.2406885	46.26329961	-10.6036453	Gemona-Tarcento
13.13908511	46.28401569	-10.603554	Gemona-Tarcento
13.05656539	46.28456743	-9.1096592	Gemona-Tarcento
13.11204467	46.20088479	-2.8337625	Gemona-Tarcento
13.36628038	46.15487344	-3.6747981	Gemona-Tarcento
13.17694289	46.24682241	-8.0225525	Gemona-Tarcento
13.36828024	46.20550563	-7.9665397	Gemona-Tarcento
13.1410334	46.26837948	-9.2774424	Gemona-Tarcento
13.10727715	46.21130659	-3.6499275	Gemona-Tarcento
13.47726298	46.19251519	-9.865167	Gemona-Tarcento
13.21069951	46.22454569	-6.666358	Gemona-Tarcento
13.27084508	46.25496134	-10.4073763	Gemona-Tarcento
13.40506558	46.13049402	-2.6983741	Gemona-Tarcento
13.39975561	46.17246071	-6.0636688	Gemona-Tarcento
13.34087824	46.18304446	-5.3375128	Gemona-Tarcento
13.26119796	46.19134509	-4.6493181	Gemona-Tarcento
13.18182407	46.26346613	-9.5714331	Gemona-Tarcento
13.24323194	46.20272038	-5.3285351	Gemona-Tarcento
13.41021443	46.17592618	-6.640144	Gemona-Tarcento
13.11877381	46.26094487	-8.1997788	Gemona-Tarcento
13.05867074	46.27956429	-8.7074832	Gemona-Tarcento
13.28604592	46.2175059	-7.3880337	Gemona-Tarcento
13.23102569	46.26525579	-10.6036468	Gemona-Tarcento
13.06731067	46.20798745	-2.5906106	Gemona-Tarcento
13.28166796	46.20549594	-6.2556686	Gemona-Tarcento
13.15142272	46.21013949	-4.3471823	Gemona-Tarcento
13.41361789	46.13383536	-3.212128	Gemona-Tarcento
13.39248626	46.20172015	-8.3129254	Gemona-Tarcento
13.05864034	46.2999136	-10.4952054	Gemona-Tarcento
13.07306369	46.28463871	-9.4094417	Gemona-Tarcento
13.11457795	46.22952272	-5.3787189	Gemona-Tarcento
13.2108916	46.21736769	-6.0394568	Gemona-Tarcento
13.29312194	46.15469184	-2.0000003	Gemona-Tarcento
13.4519395	46.14040901	-4.8119807	Gemona-Tarcento
13.12676577	46.28478941	-10.4338142	Gemona-Tarcento
13.36332157	46.21552712	-8.6696394	Gemona-Tarcento
13.27154839	46.20672414	-6.1835232	Gemona-Tarcento
13.11452203	46.27064105	-8.9636326	Gemona-Tarcento
13.05005481	46.23434448	-4.5818759	Gemona-Tarcento
13.34751561	46.19864765	-6.8251971	Gemona-Tarcento
13.17265185	46.23366859	-6.7909315	Gemona-Tarcento
13.35843742	46.23528274	-10.2363113	Gemona-Tarcento
13.24898454	46.23223126	-8.022224	Gemona-Tarcento
13.20857594	46.26587198	-10.2586077	Gemona-Tarcento
13.23967666	46.25629186	-9.9700237	Gemona-Tarcento
13.0379384	46.24159364	-5.002986	Gemona-Tarcento
13.24014912	46.23110474	-7.7661939	Gemona-Tarcento
13.30127834	46.19730364	-5.8850842	Gemona-Tarcento
13.25756489	46.25988251	-10.6036555	Gemona-Tarcento
13.42589932	46.21192848	-10.0829539	Gemona-Tarcento
13.37334782	46.18149307	-6.0956942	Gemona-Tarcento
13.33182848	46.236526	-9.8723365	Gemona-Tarcento
13.28375604	46.18300842	-4.3187421	Gemona-Tarcento
13.33905386	46.17607814	-4.7029565	Gemona-Tarcento
13.40568401	46.16759818	-5.8192119	Gemona-Tarcento
13.11093552	46.28668753	-10.2944527	Gemona-Tarcento
13.17554429	46.27093841	-10.1162188	Gemona-Tarcento
13.2978472	46.17612965	-3.9653955	Gemona-Tarcento
13.06863149	46.2805436	-8.9707461	Gemona-Tarcento
13.04982683	46.30011666	-10.356292	Gemona-Tarcento
13.33708794	46.2204548	-8.5544551	Gemona-Tarcento
13.39881968	46.22528323	-10.458908	Gemona-Tarcento
13.33865325	46.14390243	-2.0000003	Gemona-Tarcento
13.20313723	46.22966662	-6.981601	Gemona-Tarcento
13.24028165	46.22649635	-7.3638481	Gemona-Tarcento
13.13654069	46.18954979	-2.2749134	Gemona-Tarcento
13.42031181	46.16925242	-6.3582847	Gemona-Tarcento
13.12887673	46.26104806	-8.4034153	Gemona-Tarcento
13.35842546	46.16840737	-4.5918483	Gemona-Tarcento
13.43719487	46.16905095	-6.8039265	Gemona-Tarcento
13.17523161	46.20772702	-4.5589275	Gemona-Tarcento
13.23911374	46.1965872	-4.7168697	Gemona-Tarcento
13.35061841	46.1416329	-2.1380169	Gemona-Tarcento
13.11408463	46.19266791	-2.1493362	Gemona-Tarcento
13.27327506	46.18753145	-4.5293378	Gemona-Tarcento
13.23184342	46.18400139	-3.4827845	Gemona-Tarcento
13.20571791	46.19687756	-4.1484471	Gemona-Tarcento
13.17366293	46.18078467	-2.1658011	Gemona-Tarcento
13.24547148	46.20830973	-5.859094	Gemona-Tarcento
13.32905616	46.14704677	-1.9998206	Gemona-Tarcento
13.07274884	46.23902637	-5.4015182	Gemona-Tarcento
13.14030686	46.25579022	-8.1587768	Gemona-Tarcento
13.37968154	46.14249794	-3.0068953	Gemona-Tarcento
13.16360595	46.18093269	-2.0000144	Gemona-Tarcento
13.12590632	46.23146177	-5.7660158	Gemona-Tarcento
13.08471895	46.2736752	-8.6541206	Gemona-Tarcento
13.38956559	46.20656849	-8.6386992	Gemona-Tarcento
13.43445273	46.18594747	-8.142645	Gemona-Tarcento
13.32227214	46.17147527	-3.9911614	Gemona-Tarcento
13.06148386	46.23519352	-4.8598219	Gemona-Tarcento
13.17063237	46.22281595	-5.8019602	Gemona-Tarcento
13.33334549	46.19071727	-5.8770182	Gemona-Tarcento
13.07217128	46.2609539	-7.3126404	Gemona-Tarcento
13.09571236	46.2917944	-10.4467395	Gemona-Tarcento
13.22325861	46.26437972	-10.3885555	Gemona-Tarcento
13.14976063	46.27456137	-9.9761192	Gemona-Tarcento
13.22544766	46.21912955	-6.4530584	Gemona-Tarcento
13.37319596	46.17419418	-5.4807803	Gemona-Tarcento
13.46890817	46.18570322	-9.0661927	Gemona-Tarcento
13.42028368	46.18929986	-8.0350974	Gemona-Tarcento
13.14187948	46.24662653	-7.3817609	Gemona-Tarcento
13.17083194	46.24173894	-7.4673485	Gemona-Tarcento
13.22967154	46.2003659	-4.8807786	Gemona-Tarcento
13.17769752	46.24163917	-7.5807191	Gemona-Tarcento
13.09202521	46.25392921	-7.072566	Gemona-Tarcento
13.3303531	46.15444198	-2.6541118	Gemona-Tarcento
13.08824006	46.28635756	-9.8302222	Gemona-Tarcento
13.07752499	46.29496404	-10.3961692	Gemona-Tarcento
13.18481778	46.2015128	-4.1837349	Gemona-Tarcento
13.31034245	46.20021138	-6.3014871	Gemona-Tarcento
13.0693843	46.23299413	-4.81067	Gemona-Tarcento
13.36490205	46.23431617	-10.2857825	Gemona-Tarcento
13.12492451	46.26492006	-8.6650249	Gemona-Tarcento
13.02192414	46.22082732	-2.8944207	Gemona-Tarcento
13.27378078	46.18215791	-4.0666682	Gemona-Tarcento
13.04069093	46.2202404	-3.1767276	Gemona-Tarcento
13.26518265	46.21034452	-6.3881958	Gemona-Tarcento
13.37656566	46.16876723	-5.1190457	Gemona-Tarcento
13.29305403	46.18515995	-4.672844	Gemona-Tarcento
13.33848898	46.16999068	-4.1778181	Gemona-Tarcento
13.09477926	46.21175087	-3.4478325	Gemona-Tarcento
13.08616807	46.28162159	-9.3772278	Gemona-Tarcento
13.14179404	46.24133432	-6.9153985	Gemona-Tarcento
13.04248273	46.22607251	-3.7207288	Gemona-Tarcento
13.06998219	46.20280669	-2.1904441	Gemona-Tarcento
13.11478243	46.25601461	-7.6928582	Gemona-Tarcento
13.03379932	46.25983002	-6.531254	Gemona-Tarcento
13.33630505	46.24167063	-10.4037913	Gemona-Tarcento
13.10148623	46.21393347	-3.7673321	Gemona-Tarcento
13.24709464	46.17064026	-2.5811941	Gemona-Tarcento
13.41401466	46.15230012	-4.7675064	Gemona-Tarcento
13.05887001	46.30110097	-10.6036468	Gemona-Tarcento
13.44311494	46.15161074	-5.5071064	Gemona-Tarcento
13.39381607	46.22864957	-10.6036468	Gemona-Tarcento
13.37509712	46.18543706	-6.4736721	Gemona-Tarcento
13.13815023	46.27471646	-9.7744253	Gemona-Tarcento
13.1867444	46.18579766	-2.8384075	Gemona-Tarcento
13.23096994	46.22842859	-7.3678684	Gemona-Tarcento
13.22407625	46.26666242	-10.6036468	Gemona-Tarcento
13.19248138	46.25774996	-9.2588965	Gemona-Tarcento
13.13525783	46.20933592	-3.9891443	Gemona-Tarcento
13.07682969	46.25568605	-6.9330716	Gemona-Tarcento
13.35226998	46.20606153	-7.5743596	Gemona-Tarcento
13.43230867	46.11321637	-2.0000003	Gemona-Tarcento
13.1158687	46.21990337	-4.5650117	Gemona-Tarcento
13.15811057	46.27696459	-10.3356812	Gemona-Tarcento
13.03692574	46.21413158	-2.5733506	Gemona-Tarcento
13.04500778	46.29693136	-9.9906365	Gemona-Tarcento
13.12940564	46.18786349	-2.0000003	Gemona-Tarcento
13.02850214	46.24720967	-5.3284236	Gemona-Tarcento
13.40816907	46.14430396	-3.9384805	Gemona-Tarcento
13.40520608	46.18480563	-7.2459973	Gemona-Tarcento
13.41153588	46.13940876	-3.6212495	Gemona-Tarcento
13.39512258	46.12754365	-2.1792415	Gemona-Tarcento
13.08790412	46.20179662	-2.4476585	Gemona-Tarcento
13.22752735	46.20556378	-5.2989642	Gemona-Tarcento
13.43924437	46.20026796	-9.4724016	Gemona-Tarcento
13.35761859	46.15708671	-3.622594	Gemona-Tarcento
13.16874378	46.27786239	-10.6036468	Gemona-Tarcento
13.43575574	46.15822884	-5.8590938	Gemona-Tarcento
13.10805084	46.21793999	-4.2431099	Gemona-Tarcento
13.18828113	46.22763799	-6.5393195	Gemona-Tarcento
13.08288303	46.27735174	-8.9437915	Gemona-Tarcento
13.39517122	46.18473481	-6.9650205	Gemona-Tarcento
13.08100455	46.23878029	-5.5391466	Gemona-Tarcento
13.0459187	46.22964742	-4.0957945	Gemona-Tarcento
13.08058037	46.28603409	-9.6658294	Gemona-Tarcento
13.2596623	46.22224786	-7.3352691	Gemona-Tarcento
13.35666567	46.22014853	-8.8757596	Gemona-Tarcento
13.35556396	46.22393365	-9.1885262	Gemona-Tarcento
13.03152506	46.23743588	-4.5237364	Gemona-Tarcento
13.0762581	46.24851269	-6.2963624	Gemona-Tarcento
13.07446447	46.23127302	-4.7585399	Gemona-Tarcento
13.36136994	46.23119755	-9.9296924	Gemona-Tarcento
13.43636287	46.14714496	-4.9485417	Gemona-Tarcento
13.34744005	46.14102412	-2.0000003	Gemona-Tarcento
13.46562722	46.17407728	-8.003508	Gemona-Tarcento
13.43405284	46.14147825	-4.4112615	Gemona-Tarcento
13.26117442	46.16116441	-2.0000003	Gemona-Tarcento
13.47484316	46.18683886	-9.323854	Gemona-Tarcento
13.24196808	46.21232595	-6.1494724	Gemona-Tarcento
13.13668255	46.18638917	-2.0000003	Gemona-Tarcento
13.29472813	46.19630481	-5.6809712	Gemona-Tarcento
13.41138372	46.2186963	-10.2517703	Gemona-Tarcento
13.21618002	46.26046191	-9.9184917	Gemona-Tarcento
13.1302152	46.28597422	-10.6036468	Gemona-Tarcento
13.10552398	46.23716118	-5.8702966	Gemona-Tarcento
13.16707869	46.1881267	-2.6932398	Gemona-Tarcento
13.03933023	46.29468191	-9.6919737	Gemona-Tarcento
13.31615368	46.19419069	-5.876234	Gemona-Tarcento
13.14713295	46.27038849	-9.5627195	Gemona-Tarcento
13.41548659	46.12245605	-2.3116585	Gemona-Tarcento
13.28560419	46.17669444	-3.7973555	Gemona-Tarcento
13.25545234	46.23851786	-8.689336	Gemona-Tarcento
13.20362464	46.20443471	-4.7746761	Gemona-Tarcento
13.09921118	46.20360779	-2.8233902	Gemona-Tarcento
13.25949973	46.18292526	-3.880031	Gemona-Tarcento
13.17616393	46.21855922	-5.5266089	Gemona-Tarcento
13.1844617	46.23802147	-7.3833368	Gemona-Tarcento
13.12018453	46.21729164	-4.4199119	Gemona-Tarcento
13.35608468	46.19796027	-7.0008693	Gemona-Tarcento
13.083682	46.19759401	-1.9999998	Gemona-Tarcento
13.07780511	46.26110017	-7.4255187	Gemona-Tarcento
13.13571836	46.24506264	-7.1348567	Gemona-Tarcento
13.06066251	46.21564988	-3.1303557	Gemona-Tarcento
13.23272008	46.21990421	-6.65045	Gemona-Tarcento
13.3164306	46.18486575	-5.0625845	Gemona-Tarcento
13.34162792	46.19145884	-6.0894207	Gemona-Tarcento
13.21882494	46.2361463	-7.8296426	Gemona-Tarcento
13.1423909	46.22339629	-5.350604	Gemona-Tarcento
13.34616172	46.14563744	-2.3508672	Gemona-Tarcento
13.15895431	46.25180661	-8.1404048	Gemona-Tarcento
13.40117466	46.21857629	-9.9619578	Gemona-Tarcento
13.14822111	46.25352535	-8.100519	Gemona-Tarcento
13.33365509	46.14934809	-2.3185979	Gemona-Tarcento
13.34755293	46.19514229	-6.5311767	Gemona-Tarcento
13.31747123	46.24485974	-10.3491321	Gemona-Tarcento
13.14558057	46.18831537	-2.3273416	Gemona-Tarcento
13.26114775	46.24540538	-9.3955511	Gemona-Tarcento
13.0453035	46.23735434	-4.7616809	Gemona-Tarcento
13.11027169	46.20551391	-3.2027588	Gemona-Tarcento
13.1884016	46.27388309	-10.6036463	Gemona-Tarcento
13.36276689	46.17334261	-5.12375	Gemona-Tarcento
13.44549089	46.20321608	-9.890261	Gemona-Tarcento
13.4653296	46.1984089	-10.0314146	Gemona-Tarcento
13.15539011	46.21950249	-5.2398666	Gemona-Tarcento
13.13720991	46.26072635	-8.5363413	Gemona-Tarcento
13.33213199	46.16247389	-3.3766023	Gemona-Tarcento
13.41063571	46.19375706	-8.1438996	Gemona-Tarcento
13.08091031	46.23353189	-5.0796795	Gemona-Tarcento
13.02443587	46.23172329	-3.8959392	Gemona-Tarcento
13.41217928	46.18774482	-7.6830229	Gemona-Tarcento
13.0042406	46.21422285	-2.0000003	Gemona-Tarcento
13.45401155	46.20517616	-10.2877312	Gemona-Tarcento
13.30809291	46.21249576	-7.3400861	Gemona-Tarcento
13.18641627	46.2162944	-5.51002	Gemona-Tarcento
13.0961549	46.22744218	-4.8423401	Gemona-Tarcento
13.25810441	46.20561399	-5.8469951	Gemona-Tarcento
13.18214708	46.25774387	-9.0744822	Gemona-Tarcento
13.40386195	46.13917105	-3.3911472	Gemona-Tarcento
13.12882772	46.24050756	-6.611463	Gemona-Tarcento
13.36390586	46.20041144	-7.4202979	Gemona-Tarcento
13.17397301	46.20341655	-4.1580933	Gemona-Tarcento
13.26070128	46.16258798	-2.1165071	Gemona-Tarcento
13.46510157	46.16397911	-7.1442636	Gemona-Tarcento
13.30919436	46.15143517	-2.0000003	Gemona-Tarcento
13.06315016	46.22406578	-3.9123909	Gemona-Tarcento
13.03035555	46.23367767	-4.1728689	Gemona-Tarcento
13.40192797	46.13455148	-2.9517784	Gemona-Tarcento
13.30859483	46.18231015	-4.6989461	Gemona-Tarcento
13.46710849	46.18028264	-8.5633052	Gemona-Tarcento
13.34731285	46.16055837	-3.6306599	Gemona-Tarcento
13.09101867	46.28062739	-9.382094	Gemona-Tarcento
13.39946133	46.16677414	-5.5798276	Gemona-Tarcento
13.09787766	46.25745843	-7.4931151	Gemona-Tarcento
13.40204052	46.15811931	-4.9263888	Gemona-Tarcento
13.4194196	46.2096	-9.710585	Gemona-Tarcento
13.42493561	46.18339467	-7.6683245	Gemona-Tarcento
13.06852059	46.28919958	-9.7293909	Gemona-Tarcento
13.09411843	46.22282844	-4.4008432	Gemona-Tarcento
13.2054776	46.27042597	-10.6036507	Gemona-Tarcento
13.02167666	46.24395555	-4.9212068	Gemona-Tarcento
13.27678423	46.15800113	-2.0000056	Gemona-Tarcento
13.32798222	46.16457892	-3.4874893	Gemona-Tarcento
13.11877405	46.2767233	-9.576138	Gemona-Tarcento
13.11491283	46.21495914	-4.1155518	Gemona-Tarcento
13.26768751	46.19753794	-5.3083709	Gemona-Tarcento
13.37099098	46.23397675	-10.4244417	Gemona-Tarcento
13.05413266	46.22997831	-4.2710044	Gemona-Tarcento
13.10794436	46.22437628	-4.8021592	Gemona-Tarcento
13.21693572	46.18997718	-3.742239	Gemona-Tarcento
13.07991977	46.20962978	-2.9766485	Gemona-Tarcento
13.22882205	46.18894201	-3.8627915	Gemona-Tarcento
13.44265293	46.13871425	-4.4157427	Gemona-Tarcento
13.17280121	46.1790703	-1.9999998	Gemona-Tarcento
13.44896644	46.16080786	-6.4368154	Gemona-Tarcento
13.21828742	46.22873809	-7.1694697	Gemona-Tarcento
13.06754298	46.22421951	-4.0101729	Gemona-Tarcento
13.46236227	46.15754865	-6.5312539	Gemona-Tarcento
13.09098249	46.20797907	-3.0458806	Gemona-Tarcento
13.22852177	46.2488607	-9.1188455	Gemona-Tarcento
13.38425824	46.14851711	-3.6358147	Gemona-Tarcento
13.13874775	46.23031195	-5.8931502	Gemona-Tarcento
13.11994606	46.2027265	-3.1366812	Gemona-Tarcento
13.34540417	46.19368496	-6.3520246	Gemona-Tarcento
13.01992192	46.25001811	-5.4225259	Gemona-Tarcento
13.42938936	46.13334609	-3.6033255	Gemona-Tarcento
13.43920256	46.21379633	-10.6036468	Gemona-Tarcento
13.3362249	46.17210167	-4.2943376	Gemona-Tarcento
13.30128593	46.16569782	-3.1109683	Gemona-Tarcento
13.22622262	46.23230879	-7.6241857	Gemona-Tarcento
13.39971158	46.18941522	-7.4811294	Gemona-Tarcento
13.03547756	46.25575635	-6.2032399	Gemona-Tarcento
13.12240541	46.19246176	-2.2791709	Gemona-Tarcento
13.0873588	46.26782926	-8.1949577	Gemona-Tarcento
13.45816565	46.14769513	-5.5920222	Gemona-Tarcento
13.14218458	46.19531422	-2.8813135	Gemona-Tarcento
13.38619251	46.16908174	-5.4091948	Gemona-Tarcento
13.33784313	46.22612929	-9.0661927	Gemona-Tarcento
13.05723675	46.21044408	-2.6110159	Gemona-Tarcento
13.02754557	46.21186505	-2.2074732	Gemona-Tarcento
13.33628542	46.19847395	-6.6102325	Gemona-Tarcento
13.33342392	46.20526141	-7.1552423	Gemona-Tarcento
13.18781751	46.17602833	-2.0000003	Gemona-Tarcento
13.32372867	46.23728536	-9.7950384	Gemona-Tarcento
13.42968589	46.12805692	-3.1691101	Gemona-Tarcento
13.09073379	46.25892043	-7.4830371	Gemona-Tarcento
13.23339734	46.2146317	-6.1995537	Gemona-Tarcento
13.42937867	46.16881182	-6.5697907	Gemona-Tarcento
13.43442908	46.12047423	-2.6649903	Gemona-Tarcento
13.25834328	46.25305071	-10.017305	Gemona-Tarcento
13.15507265	46.18266231	-2.0000003	Gemona-Tarcento
13.13444244	46.25302082	-7.8106866	Gemona-Tarcento
13.45733821	46.18599223	-8.7733553	Gemona-Tarcento
13.34574471	46.19039104	-6.0839365	Gemona-Tarcento
13.1080307	46.2755258	-9.2647036	Gemona-Tarcento
13.2895019	46.17297467	-3.5401416	Gemona-Tarcento
13.02683659	46.26402445	-6.7759202	Gemona-Tarcento
13.17140443	46.26090101	-9.1607434	Gemona-Tarcento
13.37120725	46.21686503	-8.9976314	Gemona-Tarcento
13.38893232	46.1445612	-3.4330635	Gemona-Tarcento
13.06179018	46.22892146	-4.3144809	Gemona-Tarcento
13.45786185	46.19865833	-9.8476909	Gemona-Tarcento
13.25158257	46.21863398	-6.8742784	Gemona-Tarcento
13.12352411	46.25662526	-7.9145602	Gemona-Tarcento
13.04885865	46.2164877	-2.9925723	Gemona-Tarcento
13.08087726	46.26504086	-7.8269036	Gemona-Tarcento
13.28458938	46.15642031	-2.0000003	Gemona-Tarcento
13.43725723	46.15366606	-5.5185333	Gemona-Tarcento
13.18368155	46.24739619	-8.1928328	Gemona-Tarcento
13.15175071	46.22636761	-5.7779867	Gemona-Tarcento
13.19862324	46.23742626	-7.5828507	Gemona-Tarcento
13.14269266	46.2095449	-4.139709	Gemona-Tarcento
13.36573643	46.16696102	-4.6711635	Gemona-Tarcento
13.34254514	46.18153303	-5.2549037	Gemona-Tarcento
13.29302223	46.24990865	-10.3578601	Gemona-Tarcento
13.08793786	46.24511592	-6.2251969	Gemona-Tarcento
13.34313327	46.18834617	-5.8429577	Gemona-Tarcento
13.13198331	46.19852036	-2.9813535	Gemona-Tarcento
13.43737277	46.1360053	-4.0444859	Gemona-Tarcento
13.03432142	46.27821024	-8.155416	Gemona-Tarcento
13.14650819	46.28237306	-10.6041512	Gemona-Tarcento
13.27415699	46.17367788	-3.3290913	Gemona-Tarcento
13.38911377	46.19029555	-7.2643563	Gemona-Tarcento
13.21813901	46.2108983	-5.6003114	Gemona-Tarcento
13.38559387	46.21207632	-8.9909112	Gemona-Tarcento
13.17525399	46.23761878	-7.1841452	Gemona-Tarcento
13.21863067	46.21817381	-6.2478825	Gemona-Tarcento
13.18376194	46.20611464	-4.5689947	Gemona-Tarcento
13.36504641	46.15002011	-3.2349817	Gemona-Tarcento
13.34843663	46.21062892	-7.8934978	Gemona-Tarcento
13.33197816	46.21028791	-7.5708614	Gemona-Tarcento
13.07017832	46.22793875	-4.3852851	Gemona-Tarcento
13.1849518	46.27008829	-10.2088643	Gemona-Tarcento
13.01438349	46.22354868	-2.9992776	Gemona-Tarcento
13.13916631	46.28281078	-10.5001238	Gemona-Tarcento
13.33756634	46.18420067	-5.3800683	Gemona-Tarcento
13.37953269	46.20733926	-8.428313	Gemona-Tarcento
13.23291761	46.26247809	-10.3932608	Gemona-Tarcento
13.23311602	46.22417692	-7.0326869	Gemona-Tarcento
13.02751781	46.25299624	-5.8192125	Gemona-Tarcento
13.25809606	46.19609148	-5.0108282	Gemona-Tarcento
13.17319571	46.26562624	-9.6077298	Gemona-Tarcento
13.28873174	46.19265689	-5.254159	Gemona-Tarcento
13.11740215	46.28535221	-10.3025188	Gemona-Tarcento
13.05926995	46.20520742	-2.1932766	Gemona-Tarcento
13.32729984	46.15774942	-2.8760493	Gemona-Tarcento
13.36656625	46.18499872	-6.2032398	Gemona-Tarcento
13.07551661	46.29010328	-9.9332766	Gemona-Tarcento
13.1436805	46.26657363	-9.1661106	Gemona-Tarcento
13.40852925	46.22383404	-10.6036468	Gemona-Tarcento
13.20390506	46.19060121	-3.5652361	Gemona-Tarcento
13.24953433	46.25436189	-9.9758555	Gemona-Tarcento
13.39003073	46.18064565	-6.4819621	Gemona-Tarcento
13.38115084	46.12997717	-2.00001	Gemona-Tarcento
13.34373095	46.21652221	-8.3272652	Gemona-Tarcento
13.44344975	46.11312312	-2.297543	Gemona-Tarcento
13.05346442	46.20424959	-1.9999187	Gemona-Tarcento
13.08101163	46.19995791	-2.1545965	Gemona-Tarcento
13.29084668	46.1578337	-2.2352556	Gemona-Tarcento
13.46713615	46.16875463	-7.5995397	Gemona-Tarcento
13.03501746	46.26508958	-7.0149848	Gemona-Tarcento
13.14509259	46.21641036	-4.7852066	Gemona-Tarcento
13.21751764	46.17000908	-2.0000061	Gemona-Tarcento
13.42854069	46.15854554	-5.6879171	Gemona-Tarcento
13.06588689	46.29968078	-10.6036472	Gemona-Tarcento
13.25358306	46.17409953	-3.0001739	Gemona-Tarcento
13.12475644	46.28056429	-10.0264856	Gemona-Tarcento
13.30194486	46.23768911	-9.4432971	Gemona-Tarcento
13.15129328	46.19543516	-3.0539466	Gemona-Tarcento
13.34955706	46.23772256	-10.2926604	Gemona-Tarcento
13.25190407	46.20365161	-5.5644639	Gemona-Tarcento
13.41398457	46.12817784	-2.7490105	Gemona-Tarcento
13.1131973	46.19114605	-2.0000906	Gemona-Tarcento
13.34543096	46.23364465	-9.8611338	Gemona-Tarcento
13.28844705	46.20625082	-6.4425353	Gemona-Tarcento
13.34911154	46.15549961	-3.2567139	Gemona-Tarcento
13.42141309	46.12776148	-2.917722	Gemona-Tarcento
13.24165641	46.23704537	-8.3147234	Gemona-Tarcento
13.3027364	46.20948972	-6.9809298	Gemona-Tarcento
13.17359393	46.2516609	-8.3879834	Gemona-Tarcento
13.05581631	46.21518982	-3.0024322	Gemona-Tarcento
13.2068823	46.21082317	-5.3935113	Gemona-Tarcento
13.13149925	46.22913646	-5.6610155	Gemona-Tarcento
13.04765095	46.26828779	-7.5206734	Gemona-Tarcento
13.33180531	46.1693315	-3.9725647	Gemona-Tarcento
13.01014502	46.22747374	-3.2685901	Gemona-Tarcento
13.32043027	46.16152138	-3.0848658	Gemona-Tarcento
13.12124326	46.22964519	-5.5178695	Gemona-Tarcento
13.13939381	46.20284568	-3.4928675	Gemona-Tarcento
13.39503755	46.14691672	-3.7973753	Gemona-Tarcento
13.24995398	46.26142349	-10.6036482	Gemona-Tarcento
13.18995985	46.26474646	-9.8286443	Gemona-Tarcento
13.1484997	46.23793731	-6.7362625	Gemona-Tarcento
13.12749365	46.24612677	-7.0755008	Gemona-Tarcento
13.23914073	46.16704876	-2.124573	Gemona-Tarcento
13.05187278	46.25736786	-6.636447	Gemona-Tarcento
13.11475898	46.20322242	-3.0881748	Gemona-Tarcento
13.45660437	46.19191121	-9.2485725	Gemona-Tarcento
13.06383681	46.24766583	-5.9971389	Gemona-Tarcento
13.42186733	46.13508706	-3.5428308	Gemona-Tarcento
13.05966759	46.28991204	-9.6345042	Gemona-Tarcento
13.11881248	46.20742469	-3.5289456	Gemona-Tarcento
13.43504535	46.19295527	-8.7453484	Gemona-Tarcento
13.09828107	46.28598605	-9.9895249	Gemona-Tarcento
13.43140579	46.1818685	-7.7178404	Gemona-Tarcento
13.30681816	46.22589869	-8.4944131	Gemona-Tarcento
13.08217087	46.2963842	-10.6036409	Gemona-Tarcento
13.30434248	46.2312877	-8.9237107	Gemona-Tarcento
13.13178942	46.23304971	-6.0098913	Gemona-Tarcento
13.11066892	46.25117655	-7.1916514	Gemona-Tarcento
13.47387966	46.1956578	-10.0354475	Gemona-Tarcento
13.38348034	46.19967347	-7.8948421	Gemona-Tarcento
13.10491183	46.28997661	-10.4654099	Gemona-Tarcento
13.39006176	46.12705798	-2.0000066	Gemona-Tarcento
13.34025795	46.20960618	-7.658242	Gemona-Tarcento
13.26530855	46.25831582	-10.6036453	Gemona-Tarcento
13.0620579	46.25851487	-6.9184162	Gemona-Tarcento
13.16547744	46.2554749	-8.5786531	Gemona-Tarcento
13.35290592	46.19226278	-6.436939	Gemona-Tarcento
13.2865242	46.23335523	-8.7883665	Gemona-Tarcento
13.3007005	46.2155281	-7.4749662	Gemona-Tarcento
13.44575517	46.11854125	-2.8137617	Gemona-Tarcento
13.20433196	46.24788653	-8.603136	Gemona-Tarcento
13.06451704	46.28539519	-9.323854	Gemona-Tarcento
