17.31641498	43.089	-2.0000002	Hvar
17.31770363	43.09344561	-2.8191521	Hvar
16.51704494	43.17816356	-7.7110246	Hvar
17.084219	43.10759957	-4.2150691	Hvar
16.97870325	43.17623008	-15.4007571	Hvar
17.2963539	43.1290346	-9.5957154	Hvar
16.24544548	43.23256893	-5.1722942	Hvar
16.42596053	43.18873788	-5.3159709	Hvar
16.61397553	43.13196133	-2.8192595	Hvar
17.20358663	43.08797048	-1.9999993	Hvar
17.15661972	43.10785276	-5.0727815	Hvar
17.0237452	43.10487033	-3.0300896	Hvar
16.72688336	43.17812315	-13.2620608	Hvar
17.32078868	43.10408646	-4.7799968	Hvar
16.50263053	43.15173887	-2.5503454	Hvar
16.6891007	43.12792399	-4.0120417	Hvar
16.89521213	43.14879116	-9.5758764	Hvar
16.55759407	43.16569943	-7.283551	Hvar
16.30291551	43.19738197	-2.0000007	Hvar
17.13977338	43.09494701	-2.5481897	Hvar
17.06620845	43.1421008	-10.2600268	Hvar
16.24771435	43.21680518	-2.8498699	Hvar
16.6962286	43.14259345	-6.7146038	Hvar
17.11634261	43.0983786	-2.9061848	Hvar
17.15351203	43.17250029	-16.7447815	Hvar
16.71546903	43.15700407	-9.3698085	Hvar
16.47646192	43.21496309	-12.1754062	Hvar
17.32360018	43.11378164	-6.5667725	Hvar
17.07168241	43.09613787	-2.0000002	Hvar
17.22600745	43.08658006	-1.9999997	Hvar
16.33714604	43.19942851	-3.8814905	Hvar
16.22727766	43.27535554	-10.4391636	Hvar
16.69378319	43.19440425	-16.1383591	Hvar
16.20913512	43.29101127	-11.3720882	Hvar
16.43822191	43.22282052	-11.686458	Hvar
16.57201581	43.19629435	-13.0740376	Hvar
16.33421275	43.24144732	-10.9620351	Hvar
16.96363231	43.13860306	-8.4149681	Hvar
16.53624825	43.19881126	-12.0806899	Hvar
16.37594244	43.22203056	-9.4235657	Hvar
16.42617292	43.25413502	-16.7447366	Hvar
17.32563046	43.12078156	-7.8569374	Hvar
17.04744196	43.10019193	-2.4637502	Hvar
17.30441146	43.12325579	-8.4636213	Hvar
17.04763512	43.1553794	-12.4493928	Hvar
16.16113631	43.33178366	-13.580762	Hvar
16.7120199	43.19456496	-16.2929231	Hvar
16.79651439	43.19335322	-16.1416667	Hvar
17.09705561	43.15807462	-13.4982063	Hvar
16.51367574	43.16571371	-5.4244175	Hvar
17.32867624	43.13128047	-9.7921837	Hvar
16.69287705	43.13421523	-5.1710154	Hvar
17.16552016	43.15557848	-13.8143586	Hvar
17.33216561	43.14330556	-12.0090137	Hvar
17.24899	43.09171285	-2.9697038	Hvar
16.60643288	43.15147627	-6.059938	Hvar
16.24970714	43.2162455	-2.8601091	Hvar
16.98532337	43.1706303	-14.4664949	Hvar
17.08898701	43.1374731	-9.6769871	Hvar
17.14543972	43.11507091	-6.2545051	Hvar
16.20192796	43.28671572	-10.0456445	Hvar
16.97968708	43.13456556	-7.8754955	Hvar
16.9509418	43.11331497	-3.6943992	Hvar
16.3031862	43.21609756	-5.2239719	Hvar
16.95876735	43.15300451	-10.9718888	Hvar
16.49405332	43.21619191	-13.2361897	Hvar
16.1657701	43.26367983	-3.1538538	Hvar
16.32688555	43.19520237	-2.6975642	Hvar
17.33526865	43.15399634	-13.9800989	Hvar
16.16515812	43.25677105	-2.0000027	Hvar
16.61207277	43.13785451	-3.801883	Hvar
16.37037308	43.22481821	-9.7205091	Hvar
16.56188402	43.14782008	-4.2386951	Hvar
16.53507501	43.19202508	-10.8622079	Hvar
17.22586172	43.1680234	-16.7447366	Hvar
16.49676921	43.19865011	-10.3758129	Hvar
17.11151446	43.13108774	-8.7733635	Hvar
16.783786	43.13705763	-5.8218559	Hvar
17.3380416	43.16354759	-15.7412751	Hvar
16.72272909	43.14421664	-7.0134663	Hvar
16.43176483	43.23832108	-14.1734289	Hvar
17.23845635	43.13237767	-10.4305466	Hvar
17.25520593	43.15060208	-13.8981833	Hvar
16.43710681	43.21118932	-9.6283414	Hvar
16.38181173	43.24405554	-13.4706882	Hvar
16.97008283	43.1811233	-16.1873909	Hvar
16.20659752	43.2632949	-6.7232192	Hvar
16.56683931	43.19809031	-13.2530876	Hvar
16.46868863	43.20263131	-9.6961893	Hvar
16.2138967	43.31755965	-16.0230642	Hvar
17.33962167	43.16898915	-16.7447366	Hvar
16.63068404	43.18592666	-12.8001811	Hvar
16.35446452	43.23504194	-10.767749	Hvar
17.06314719	43.17247931	-15.7275066	Hvar
17.28721274	43.14037778	-11.772228	Hvar
16.2164817	43.27287515	-9.1086727	Hvar
16.81205153	43.11324025	-2.0000002	Hvar
17.01664458	43.18116314	-16.7447336	Hvar
16.37195929	43.19125703	-3.9141287	Hvar
16.63009064	43.19776901	-14.8678762	Hvar
16.39200229	43.25771412	-16.2042854	Hvar
16.69404157	43.17918387	-13.4579299	Hvar
17.04927755	43.11964134	-6.0043528	Hvar
17.05135705	43.16987184	-15.1154246	Hvar
16.4467579	43.24506698	-15.8744226	Hvar
17.16821987	43.13766383	-10.6001334	Hvar
16.79881137	43.17541051	-12.9548787	Hvar
16.47500657	43.23588554	-15.6739177	Hvar
16.28769839	43.22545679	-6.1383174	Hvar
17.03707445	43.09829674	-2.0000832	Hvar
16.66574292	43.1889678	-14.3608762	Hvar
16.16189844	43.30442883	-9.2936533	Hvar
16.91669064	43.10585005	-2.0000007	Hvar
16.8194198	43.16339569	-11.1284255	Hvar
17.040886	43.1795674	-16.744739	Hvar
16.19565035	43.2443835	-2.7506365	Hvar
17.00355714	43.17607837	-15.6689587	Hvar
16.25741879	43.26935136	-12.0870896	Hvar
16.61571138	43.21053737	-16.7447478	Hvar
16.68288059	43.15101038	-8.1848356	Hvar
16.86631595	43.1459839	-8.7580793	Hvar
16.89944229	43.16715284	-12.9497593	Hvar
16.68422857	43.11700117	-2.0000002	Hvar
17.25728961	43.12130069	-8.4239441	Hvar
16.55564312	43.19682913	-12.561303	Hvar
16.28161659	43.28587264	-16.2404465	Hvar
16.26414249	43.26712009	-12.2394006	Hvar
16.78019814	43.17524985	-12.7334514	Hvar
17.31945506	43.11776486	-7.3372877	Hvar
16.75951572	43.11700148	-2.0000002	Hvar
16.87929487	43.17822076	-14.75828	Hvar
16.86626926	43.13288565	-6.4029761	Hvar
16.37719809	43.24880999	-14.1439363	Hvar
17.25815961	43.15620215	-14.9225246	Hvar
16.95715575	43.13179211	-7.1074629	Hvar
16.48946608	43.22673014	-14.811802	Hvar
17.29908726	43.15405614	-14.2396033	Hvar
17.22660834	43.14094595	-11.8490234	Hvar
16.99817247	43.10085808	-2.0000002	Hvar
16.6533479	43.16923683	-10.5268489	Hvar
16.16502915	43.29327643	-7.7977429	Hvar
17.25224328	43.14784396	-13.3862136	Hvar
16.71710765	43.17172748	-12.0832497	Hvar
17.07752303	43.17720613	-16.7447361	Hvar
16.308146	43.2380233	-9.2091782	Hvar
16.60980841	43.12798944	-1.9996282	Hvar
17.06700781	43.16138477	-13.76122	Hvar
16.98031779	43.11260114	-3.9109329	Hvar
17.23565146	43.1210027	-8.3394692	Hvar
16.40096334	43.22731241	-11.1994612	Hvar
16.69703041	43.19731561	-16.7447366	Hvar
17.1029356	43.1717822	-16.0468977	Hvar
16.24533759	43.26622422	-10.5418994	Hvar
16.79218784	43.19700805	-16.7447366	Hvar
16.7529616	43.14715345	-7.5548744	Hvar
16.35405807	43.26996109	-16.7447361	Hvar
16.19630308	43.25333087	-4.2323332	Hvar
16.2318969	43.30681146	-15.8686116	Hvar
17.28159266	43.08771396	-2.0000007	Hvar
16.32123056	43.2159558	-6.0061653	Hvar
16.44941742	43.21714091	-11.2388186	Hvar
16.7253249	43.1362696	-5.5492324	Hvar
17.03969681	43.11257316	-4.6131067	Hvar
16.78089594	43.19701042	-16.7447366	Hvar
16.93596386	43.10479184	-1.9999988	Hvar
16.86877477	43.14160989	-8.010559	Hvar
16.8807799	43.15283307	-10.1659247	Hvar
16.68087846	43.17622529	-12.5612949	Hvar
16.57519172	43.18829156	-11.7428899	Hvar
17.12427571	43.17431335	-16.7447366	Hvar
16.34057204	43.2139027	-6.5184236	Hvar
16.56476156	43.19081304	-11.9117356	Hvar
16.50662206	43.23319702	-16.7447366	Hvar
16.318879	43.26292642	-13.9644187	Hvar
17.23651341	43.0860431	-2.0000002	Hvar
16.4335687	43.16895999	-2.2559851	Hvar
17.3327883	43.16454929	-15.9639827	Hvar
16.69120613	43.16926818	-11.6300654	Hvar
16.26544954	43.23411544	-6.6307693	Hvar
16.44810293	43.24978718	-16.7447366	Hvar
16.32459699	43.2304854	-8.6504929	Hvar
17.1131011	43.10958914	-4.8990266	Hvar
16.25609702	43.2787779	-13.4796482	Hvar
17.11667147	43.1521639	-12.6476963	Hvar
17.03621708	43.16879342	-14.7397297	Hvar
17.30492449	43.09182661	-2.6054045	Hvar
16.54018812	43.22011104	-15.9166277	Hvar
16.7896727	43.1806249	-13.7445925	Hvar
16.53943531	43.15534886	-4.7316814	Hvar
16.78479677	43.16362597	-10.6113358	Hvar
17.19547329	43.09072551	-2.407656	Hvar
16.45033831	43.20916761	-9.9233683	Hvar
17.07526726	43.13062571	-8.2834621	Hvar
16.90588452	43.15402969	-10.6324547	Hvar
16.74496184	43.15899585	-9.7369869	Hvar
17.25752193	43.16605975	-16.7447366	Hvar
16.26955019	43.28616323	-15.7515149	Hvar
16.39380463	43.24973357	-14.8715622	Hvar
16.97489456	43.18391113	-16.7441824	Hvar
17.2878784	43.09086022	-2.5426877	Hvar
16.14998296	43.29243081	-6.3210271	Hvar
16.64629614	43.18101438	-12.3929912	Hvar
16.25194435	43.22413397	-4.3141042	Hvar
16.62180588	43.1260011	-1.999969	Hvar
17.23339254	43.08837859	-2.410032	Hvar
16.2124571	43.29826161	-12.8207607	Hvar
16.60534053	43.17999138	-11.0708682	Hvar
16.36174499	43.20663552	-6.2188032	Hvar
16.25611252	43.2464112	-8.3074707	Hvar
16.53308045	43.175927	-8.0054084	Hvar
16.42619617	43.17285183	-2.5632546	Hvar
16.2451801	43.30510513	-16.7447351	Hvar
16.6593794	43.20357069	-16.7447527	Hvar
16.81440229	43.13847305	-6.5699724	Hvar
16.17754728	43.28081194	-6.93075	Hvar
16.22139973	43.23351442	-3.2426492	Hvar
16.72743895	43.18891178	-15.2507439	Hvar
16.77619102	43.1412319	-6.4643787	Hvar
16.85407159	43.19153517	-16.7447341	Hvar
16.55881561	43.13560977	-2.0000657	Hvar
16.19880396	43.26851678	-6.8716382	Hvar
16.68482272	43.12088879	-2.7161184	Hvar
16.96858257	43.12991496	-6.9024163	Hvar
17.18094706	43.14147635	-11.4330476	Hvar
16.28496094	43.24325977	-9.0722258	Hvar
17.05469206	43.14516484	-10.6857894	Hvar
16.34736917	43.22223889	-8.253043	Hvar
16.55093589	43.14235848	-2.982969	Hvar
16.77905395	43.19371296	-16.1367727	Hvar
16.9120272	43.14440605	-8.9474333	Hvar
16.56558287	43.2186707	-16.7447366	Hvar
17.05137717	43.11082987	-4.4326374	Hvar
16.34480008	43.25618074	-13.9647351	Hvar
16.96648655	43.11947309	-4.9892878	Hvar
16.15396308	43.27647658	-4.1368352	Hvar
16.15221636	43.30031379	-7.7750227	Hvar
16.47007965	43.20978476	-10.983474	Hvar
17.28355871	43.13278317	-10.3822292	Hvar
16.27107971	43.2915479	-16.7447366	Hvar
16.42432082	43.21641224	-10.0929837	Hvar
17.01238602	43.12470253	-6.480698	Hvar
16.92443381	43.11123677	-3.0540144	Hvar
16.42850787	43.2466224	-15.5122151	Hvar
16.35488843	43.18383385	-2.0003381	Hvar
16.77953956	43.14529038	-7.232334	Hvar
16.18783244	43.28714339	-8.8559062	Hvar
16.23224984	43.28684241	-12.7059307	Hvar
16.42823458	43.18002158	-3.8840496	Hvar
17.10093821	43.14182614	-10.5991766	Hvar
16.4373755	43.1937058	-6.6595674	Hvar
16.1908907	43.27488004	-7.1772766	Hvar
16.35126802	43.18867871	-2.6693303	Hvar
17.18049218	43.08940088	-1.9999997	Hvar
16.78450671	43.17023516	-11.8093457	Hvar
17.00286632	43.10745484	-3.2485662	Hvar
16.25836619	43.2543527	-9.7717048	Hvar
16.50263098	43.1878381	-8.7672007	Hvar
16.79434245	43.19689878	-16.7447366	Hvar
16.86393949	43.12477213	-4.9080359	Hvar
16.17934675	43.29857076	-9.9176169	Hvar
16.22410433	43.29851351	-13.867616	Hvar
16.841895	43.17943275	-14.3730364	Hvar
16.63130644	43.20428398	-16.0504167	Hvar
16.24010321	43.21560879	-1.9999997	Hvar
17.13084004	43.16882254	-15.8238274	Hvar
16.25991526	43.20857787	-1.9999997	Hvar
17.12837687	43.09262531	-2.0000105	Hvar
16.6453751	43.20184451	-16.0316545	Hvar
16.78186194	43.16101287	-10.1096052	Hvar
16.92725482	43.1282679	-6.1712759	Hvar
16.20602987	43.27201157	-8.0670575	Hvar
16.17100972	43.27490285	-5.4071599	Hvar
17.33395006	43.16878068	-16.7447366	Hvar
17.24379884	43.11121634	-6.6384482	Hvar
16.9470691	43.18111399	-15.9576394	Hvar
17.10518728	43.10435928	-3.863571	Hvar
16.70145808	43.11970579	-2.4978904	Hvar
16.53590217	43.1836705	-9.4584428	Hvar
17.06088654	43.10252946	-3.0361116	Hvar
17.17174141	43.14801926	-12.5149133	Hvar
16.25386662	43.23091086	-5.5633113	Hvar
16.38620969	43.2248405	-10.2644769	Hvar
16.52738021	43.22806758	-16.7447366	Hvar
16.77380201	43.13289599	-4.9284685	Hvar
17.31518971	43.16457114	-16.0887751	Hvar
16.20493863	43.25411974	-5.1123464	Hvar
17.31285133	43.09778142	-3.6600627	Hvar
16.62843279	43.2086391	-16.7446648	Hvar
16.32749124	43.22261032	-7.4281641	Hvar
16.42532536	43.16979682	-2.0000002	Hvar
16.57918274	43.13826356	-3.0060193	Hvar
16.26538086	43.27906145	-14.328239	Hvar
16.9598779	43.10848225	-2.9230554	Hvar
16.17353761	43.34470797	-16.7447371	Hvar
16.95193433	43.17201107	-14.3538103	Hvar
16.54737948	43.22314913	-16.7447366	Hvar
16.35991869	43.21425919	-7.44573	Hvar
16.46497585	43.17835553	-5.3770813	Hvar
17.08086374	43.16122801	-13.8879397	Hvar
17.09858859	43.15027991	-12.1037288	Hvar
16.45369285	43.23544249	-14.5675852	Hvar
16.51139593	43.1943397	-10.2573861	Hvar
16.30357361	43.27793684	-15.8582283	Hvar
16.34393323	43.23026636	-9.4773235	Hvar
16.73498528	43.1295236	-4.3064255	Hvar
16.63548096	43.14042988	-4.9373733	Hvar
16.8573738	43.13224945	-6.146386	Hvar
17.0986098	43.11968875	-6.5648528	Hvar
16.57112241	43.21308671	-16.0177746	Hvar
16.67056735	43.13388525	-4.8119944	Hvar
16.48898584	43.20624627	-11.2949005	Hvar
16.94433427	43.13389867	-7.3628973	Hvar
17.22165514	43.09216283	-2.9615329	Hvar
16.65467568	43.13272851	-4.1438752	Hvar
16.90436122	43.17507513	-14.4363923	Hvar
16.59454964	43.20432516	-15.0878635	Hvar
16.49422477	43.23435679	-16.3428738	Hvar
16.89081076	43.12993089	-6.11048	Hvar
16.27817413	43.21946321	-4.6840027	Hvar
16.15429262	43.30764106	-9.1266222	Hvar
16.72491336	43.11700367	-2.0000002	Hvar
16.16867922	43.34447092	-16.2737244	Hvar
16.61960727	43.19915553	-14.8350539	Hvar
17.25717038	43.11257441	-6.7990791	Hvar
16.44332919	43.24799203	-16.255136	Hvar
17.18932441	43.11438288	-6.6211689	Hvar
16.38668432	43.17741533	-2.0000002	Hvar
17.24664602	43.12105043	-8.4508225	Hvar
16.8512241	43.10971469	-2.0001858	Hvar
16.58078873	43.21243738	-16.1595828	Hvar
17.24748066	43.13140231	-10.3553508	Hvar
16.48757616	43.16159861	-3.6111877	Hvar
16.907482	43.11004265	-2.66876	Hvar
16.91158766	43.13455668	-7.1561794	Hvar
17.02190043	43.15373238	-11.8445439	Hvar
16.88928025	43.16093814	-11.7210312	Hvar
16.63509936	43.19430265	-14.4037869	Hvar
16.27031509	43.26142026	-11.5362414	Hvar
16.2209202	43.24591437	-5.1829333	Hvar
17.23792615	43.09839929	-4.2731467	Hvar
16.68846125	43.15968312	-9.8638598	Hvar
17.02716766	43.16118995	-13.2562749	Hvar
16.4120102	43.19405678	-5.7693791	Hvar
16.42326121	43.17026364	-2.0000002	Hvar
17.25847282	43.16187502	-15.9768562	Hvar
17.01526786	43.09973258	-1.9999988	Hvar
16.69228782	43.1877419	-14.9224968	Hvar
17.14696061	43.09147447	-2.0000017	Hvar
16.56273153	43.18370212	-10.6010806	Hvar
16.47885721	43.22217053	-13.5206028	Hvar
16.43856867	43.22983853	-12.9223574	Hvar
16.59630003	43.1300123	-2.0000544	Hvar
16.73090237	43.15203096	-8.4533822	Hvar
16.20455995	43.23958881	-2.7564197	Hvar
17.28172597	43.14636008	-12.9247986	Hvar
17.09806632	43.12816695	-8.0937239	Hvar
17.11903127	43.14092988	-10.6398151	Hvar
16.36865246	43.23201164	-10.8828796	Hvar
16.68002831	43.19158038	-15.2382654	Hvar
17.01942469	43.14462244	-10.167202	Hvar
16.30305768	43.20547474	-3.3951189	Hvar
17.1441872	43.13766522	-10.3312312	Hvar
16.94131668	43.11989709	-4.7927151	Hvar
16.21712561	43.31215075	-15.4460705	Hvar
17.15209931	43.16742232	-15.8091706	Hvar
16.46487326	43.22804159	-13.8457063	Hvar
16.68912856	43.17284663	-12.2089399	Hvar
17.27088798	43.1664557	-16.7447165	Hvar
17.20761245	43.14395008	-12.179884	Hvar
16.17946581	43.32438415	-14.0373747	Hvar
16.44173443	43.23514972	-13.9595984	Hvar
16.96544548	43.17560428	-15.1392165	Hvar
16.53737008	43.13998895	-1.9999997	Hvar
16.78235919	43.15512536	-9.0447078	Hvar
16.8569358	43.12254336	-4.3961199	Hvar
16.20858104	43.28443297	-10.2738393	Hvar
16.95905217	43.18479288	-16.7447815	Hvar
16.70602533	43.17973546	-13.5593191	Hvar
16.44416249	43.2359609	-14.1950774	Hvar
16.79663844	43.18433013	-14.5227869	Hvar
16.880865	43.18559217	-16.1104348	Hvar
16.8928052	43.18437762	-16.010116	Hvar
16.15561982	43.28510421	-5.6577063	Hvar
16.432947	43.19657892	-6.9353911	Hvar
17.0558239	43.13457318	-8.7813392	Hvar
16.55757974	43.1894408	-11.3709711	Hvar
16.2054039	43.27939467	-9.1913658	Hvar
16.62843626	43.16745954	-9.4863064	Hvar
16.78691277	43.17862333	-13.3554951	Hvar
17.30337641	43.14565177	-12.6438569	Hvar
17.3117443	43.10605485	-5.2087722	Hvar
16.24640686	43.21219402	-2.0000002	Hvar
17.18408519	43.16606947	-15.9223845	Hvar
17.10831191	43.09386976	-2.0000007	Hvar
16.47685951	43.24163689	-16.7447366	Hvar
16.6169488	43.15009389	-6.095064	Hvar
16.40850905	43.20126925	-6.9091562	Hvar
16.96727469	43.15965664	-12.2656611	Hvar
17.21949516	43.13261167	-10.2599965	Hvar
16.87022451	43.18716609	-16.2206101	Hvar
16.65886368	43.16066284	-9.1797398	Hvar
16.35125098	43.26673966	-16.0660393	Hvar
16.92703343	43.17357507	-14.3896746	Hvar
16.95911583	43.16140918	-12.5018835	Hvar
16.15061815	43.26905807	-2.6578811	Hvar
16.93949769	43.15577536	-11.2837943	Hvar
16.16521202	43.34615526	-16.2327663	Hvar
16.18964447	43.33568652	-16.7447366	Hvar
17.26918872	43.12617233	-9.2494955	Hvar
16.33115687	43.26599408	-15.0398767	Hvar
16.14485641	43.27433075	-2.9829822	Hvar
16.68714004	43.1989598	-16.7446946	Hvar
16.57934647	43.13254529	-1.9999978	Hvar
16.30185548	43.24870765	-10.7623672	Hvar
17.0630025	43.12334375	-6.8279277	Hvar
16.95479963	43.13880096	-8.3558953	Hvar
17.26566632	43.08712444	-2.0000007	Hvar
16.32268712	43.20736884	-4.5976121	Hvar
17.26135631	43.13171627	-10.3364722	Hvar
17.26466552	43.14125781	-12.0915676	Hvar
16.16599896	43.34892945	-16.7447366	Hvar
16.19035004	43.31411891	-13.3740535	Hvar
16.16545834	43.33240145	-14.064574	Hvar
16.38280323	43.21447932	-8.3388306	Hvar
16.68612503	43.15151517	-8.3586239	Hvar
17.32407672	43.14358139	-12.1158874	Hvar
16.83089799	43.17161035	-12.7897683	Hvar
16.98764176	43.14161471	-9.2450153	Hvar
16.9168903	43.16822105	-13.3170972	Hvar
16.36089198	43.20038491	-5.1077073	Hvar
16.3613554	43.19309767	-3.8737878	Hvar
17.25647579	43.16245016	-16.0791785	Hvar
17.04426372	43.13406873	-8.5545654	Hvar
16.87062194	43.11331079	-2.8953093	Hvar
16.67765334	43.12189205	-2.9010286	Hvar
16.32054647	43.25500085	-12.6780959	Hvar
16.22706038	43.22267304	-2.0000002	Hvar
16.89181712	43.11988093	-4.2974665	Hvar
17.00140565	43.1642505	-13.5034123	Hvar
16.28026335	43.23509584	-7.4608006	Hvar
16.54068048	43.2050589	-13.3446172	Hvar
16.64860302	43.18895976	-13.858508	Hvar
17.24371669	43.15440151	-14.4779895	Hvar
17.04725162	43.12837184	-7.560235	Hvar
16.59126475	43.1686753	-8.6991268	Hvar
17.21167741	43.10267566	-4.7524788	Hvar
16.90857402	43.12500976	-5.3943613	Hvar
16.86099597	43.11451835	-3.0188171	Hvar
17.30231087	43.11480106	-6.9029128	Hvar
16.34983791	43.20415813	-5.2605994	Hvar
16.24643703	43.29716195	-15.5832898	Hvar
17.17671256	43.12495172	-8.3933845	Hvar
16.62051526	43.17272543	-10.1857001	Hvar
16.88668851	43.17654681	-14.5279045	Hvar
16.2406011	43.27805344	-12.0231724	Hvar
16.5534404	43.15113978	-4.6008083	Hvar
16.6743237	43.12180881	-2.7989123	Hvar
16.69374228	43.14994585	-8.069405	Hvar
16.94104445	43.16513627	-12.997751	Hvar
16.50483316	43.22309605	-14.9330725	Hvar
16.49085333	43.15143771	-2.0001999	Hvar
16.67625381	43.11700005	-2.0000002	Hvar
16.86990055	43.17699699	-14.388157	Hvar
17.29451915	43.16732834	-16.7447371	Hvar
16.40719327	43.17340412	-2.0001623	Hvar
17.24241338	43.11390215	-7.1299399	Hvar
16.48772539	43.19938851	-10.0641679	Hvar
16.52726982	43.16831924	-6.4491829	Hvar
16.68385091	43.14356807	-6.8944333	Hvar
16.41649917	43.25250406	-16.1297317	Hvar
16.99837689	43.13122435	-7.4934386	Hvar
16.22184115	43.31487266	-16.2894021	Hvar
16.77947234	43.1526787	-8.5736951	Hvar
16.43539062	43.21287894	-9.8535148	Hvar
17.21292615	43.16516276	-16.0814158	Hvar
16.5002549	43.20704361	-11.9739499	Hvar
16.71922952	43.12865539	-4.1464343	Hvar
17.03461686	43.12749376	-7.2502441	Hvar
16.59531519	43.13348691	-2.5878171	Hvar
16.4570127	43.1992878	-8.5612158	Hvar
16.61775449	43.16064802	-7.9795148	Hvar
16.40733662	43.21125098	-8.6121174	Hvar
16.54864404	43.15986722	-5.8999309	Hvar
16.32227949	43.19233714	-2.00001	Hvar
16.33149937	43.27583304	-16.7447366	Hvar
17.11602519	43.1210984	-7.0153865	Hvar
16.98130579	43.14970144	-10.6324575	Hvar
16.86417974	43.15811968	-10.9039298	Hvar
16.21322103	43.30475646	-13.92403	Hvar
16.24292591	43.2500312	-7.7449429	Hvar
17.04968613	43.17677375	-16.3441033	Hvar
16.77291398	43.12217133	-2.9727429	Hvar
16.22844149	43.2617472	-8.3644288	Hvar
17.27842796	43.11993967	-8.0246069	Hvar
16.98482393	43.10481565	-2.5567663	Hvar
16.61027123	43.16784641	-9.0543373	Hvar
17.22155432	43.12307178	-8.5557761	Hvar
16.85082356	43.16907315	-12.6556902	Hvar
16.3635726	43.25138197	-13.9800505	Hvar
16.66596489	43.11866008	-2.0000007	Hvar
16.51135274	43.23200507	-16.74497	Hvar
16.69634854	43.18723902	-14.9425989	Hvar
16.67329749	43.15562633	-8.7157578	Hvar
16.88239223	43.18899548	-16.7447366	Hvar
16.71797387	43.11964745	-2.4870115	Hvar
16.70331463	43.18842687	-15.1614695	Hvar
17.1543781	43.12939891	-8.9487485	Hvar
17.08334412	43.12112496	-6.6538122	Hvar
16.52987428	43.21254524	-14.1762351	Hvar
16.4838179	43.15319737	-2.0000002	Hvar
16.20639382	43.32630248	-16.7447258	Hvar
16.15614885	43.3141907	-10.3348713	Hvar
16.4027418	43.17726764	-2.5222419	Hvar
17.25292083	43.14271515	-12.4441872	Hvar
16.7908331	43.19228724	-15.8743874	Hvar
16.60964125	43.1456609	-5.116446	Hvar
16.68008383	43.13039616	-4.467696	Hvar
16.15811543	43.32112837	-11.6147976	Hvar
17.25016754	43.14067887	-12.0653306	Hvar
16.502965	43.1776072	-7.0185329	Hvar
17.13297997	43.12857993	-8.5602648	Hvar
17.25223827	43.16415476	-16.340281	Hvar
17.23728524	43.08871078	-2.491491	Hvar
16.51786563	43.22387355	-15.6190134	Hvar
16.35846564	43.18292897	-2.0000002	Hvar
16.91273305	43.18733473	-16.7447366	Hvar
16.46761277	43.18940763	-7.3891244	Hvar
17.23435621	43.08606189	-2.0000002	Hvar
16.68706181	43.16562406	-10.8778076	Hvar
16.43672257	43.17708028	-3.7930163	Hvar
16.83367015	43.19336858	-16.7447366	Hvar
16.26475274	43.29451621	-16.7447371	Hvar
16.41035873	43.25722366	-16.7447366	Hvar
16.81058379	43.19544155	-16.7447366	Hvar
16.97037451	43.17107528	-14.3689543	Hvar
17.09840697	43.17591487	-16.7447366	Hvar
16.81200941	43.18344203	-14.6111018	Hvar
16.26084081	43.2630709	-11.3792913	Hvar
16.5592454	43.20674765	-14.4223122	Hvar
16.56746564	43.16907554	-8.1425015	Hvar
16.28921236	43.21116828	-3.7534973	Hvar
16.77140119	43.11689096	-2.0000002	Hvar
16.4269925	43.18337777	-4.4164988	Hvar
16.973339	43.15552248	-11.5903237	Hvar
17.2413701	43.102826	-5.0922991	Hvar
16.79795864	43.13122585	-5.002864	Hvar
16.85242448	43.18634213	-15.7847771	Hvar
16.69820956	43.19373795	-16.1406121	Hvar
17.17668574	43.17106669	-16.7447356	Hvar
16.7804826	43.12781296	-4.1080364	Hvar
16.27039494	43.21127552	-2.9311453	Hvar
16.78501859	43.11566866	-2.0000007	Hvar
16.26695201	43.25173562	-9.723068	Hvar
16.42980718	43.19326774	-6.2391116	Hvar
16.14759255	43.28399195	-4.7646384	Hvar
16.37487613	43.25076172	-14.3795491	Hvar
16.9212171	43.11772912	-4.1995544	Hvar
16.38690957	43.2346409	-12.0000566	Hvar
16.31276291	43.2807082	-16.7447371	Hvar
16.77293032	43.1546481	-8.9363939	Hvar
17.14918022	43.15805289	-14.0793127	Hvar
16.19313252	43.29497693	-10.5754997	Hvar
16.54627558	43.14332774	-2.9522639	Hvar
16.42884082	43.20557265	-8.353595	Hvar
16.43173682	43.20004607	-7.4882822	Hvar
16.25488171	43.21492142	-2.863949	Hvar
17.2144178	43.10989794	-6.0906404	Hvar
16.37520725	43.24181305	-12.8537666	Hvar
16.21745604	43.28863065	-11.7124553	Hvar
16.50698286	43.2287125	-15.9928142	Hvar
16.63702449	43.20728292	-16.7446663	Hvar
17.02683921	43.17576882	-15.8900637	Hvar
16.36789346	43.21609772	-8.1128945	Hvar
16.92367815	43.16110953	-12.0941291	Hvar
16.43641969	43.16664973	-2.0000007	Hvar
16.8205718	43.17778025	-13.7317932	Hvar
16.75073305	43.16638931	-11.0996273	Hvar
17.00357515	43.14849582	-10.6791719	Hvar
16.869113	43.10845703	-2.0000002	Hvar
16.30075862	43.23240838	-7.9151737	Hvar
16.62333338	43.15479871	-7.1092878	Hvar
16.39016538	43.26116611	-16.7447327	Hvar
16.78884098	43.18534445	-14.5944626	Hvar
17.09004852	43.09865714	-2.6617224	Hvar
16.75743315	43.197014	-16.7447366	Hvar
16.36941834	43.20102664	-5.5332329	Hvar
16.44270431	43.24157267	-15.1138904	Hvar
16.86668646	43.12862654	-5.6353166	Hvar
16.368197	43.24562534	-13.1996394	Hvar
16.94836351	43.10411117	-1.999927	Hvar
16.79177637	43.18795683	-15.0961931	Hvar
16.73292429	43.17118571	-11.9834155	Hvar
17.1953739	43.15923062	-14.8101301	Hvar
16.59164356	43.19560457	-13.4694089	Hvar
16.91856275	43.1826036	-15.9439783	Hvar
16.5603212	43.175257	-9.0446955	Hvar
16.97315977	43.14358188	-9.4286672	Hvar
17.07783444	43.17012099	-15.4648166	Hvar
16.45391566	43.18914615	-6.6819661	Hvar
17.32388655	43.13560336	-10.6305349	Hvar
17.1921936	43.13565093	-10.5041423	Hvar
17.30742443	43.13721543	-11.0439507	Hvar
16.97543224	43.16481513	-13.2965386	Hvar
16.26468819	43.24300629	-8.1231614	Hvar
16.20493831	43.24755552	-4.0634997	Hvar
16.58792516	43.17510481	-9.7473586	Hvar
17.24998435	43.13257778	-10.5754982	Hvar
16.20008636	43.26036684	-5.6894719	Hvar
16.36536622	43.20720923	-6.4746167	Hvar
16.95151591	43.10650127	-2.4654753	Hvar
16.58538097	43.18220371	-10.9351587	Hvar
16.86982851	43.16767383	-12.7118	Hvar
16.69914803	43.19701501	-16.7447366	Hvar
16.2398841	43.22174553	-2.9615437	Hvar
17.24798558	43.08646896	-2.0000002	Hvar
16.98662666	43.12433229	-6.1072788	Hvar
16.35934986	43.18604081	-2.5734001	Hvar
17.07060679	43.17605085	-16.4580242	Hvar
16.84257843	43.1242785	-4.4753655	Hvar
16.381212	43.26291352	-16.7447366	Hvar
16.79482856	43.14277957	-7.0277856	Hvar
16.51865882	43.18451499	-8.8732025	Hvar
16.66574045	43.17980111	-12.7478545	Hvar
16.78947377	43.11888722	-2.6498816	Hvar
16.74221454	43.11700307	-1.9999997	Hvar
16.63298997	43.17570572	-11.0697425	Hvar
16.206434	43.31318768	-14.6607141	Hvar
16.30804731	43.19835001	-2.3954968	Hvar
17.04302305	43.10489841	-3.2647825	Hvar
16.67143773	43.16723133	-10.7028231	Hvar
16.17735969	43.33594612	-15.6903987	Hvar
16.89304523	43.18841203	-16.7447971	Hvar
16.61801746	43.14428755	-5.1046086	Hvar
16.58954096	43.14771599	-4.9495891	Hvar
16.41199727	43.23509051	-12.9343989	Hvar
16.76592448	43.13426407	-5.1802937	Hvar
17.31747542	43.16817451	-16.7447366	Hvar
17.23552525	43.11230765	-6.7638808	Hvar
16.88247039	43.16901979	-13.1199888	Hvar
16.64553353	43.12205732	-2.0000066	Hvar
16.41378918	43.1832908	-3.9506057	Hvar
16.6102839	43.1934536	-13.5811169	Hvar
16.43489237	43.20341117	-8.1949275	Hvar
16.68599432	43.15876134	-9.6385928	Hvar
16.18533445	43.24545389	-2.0000242	Hvar
17.12887521	43.11675613	-6.3734997	Hvar
16.25616722	43.23902028	-7.0582634	Hvar
16.55393475	43.17995853	-9.583557	Hvar
16.65555224	43.14177422	-5.7604194	Hvar
16.42578165	43.19729528	-6.8048386	Hvar
17.18665791	43.10470102	-4.838553	Hvar
16.66684859	43.12664318	-3.4296916	Hvar
16.28221351	43.25077712	-10.2401579	Hvar
17.13433173	43.1051643	-4.3365491	Hvar
16.4225576	43.17459358	-2.7303821	Hvar
16.26489328	43.2255843	-5.1414153	Hvar
16.43951124	43.21963215	-11.1847391	Hvar
17.29352779	43.16193903	-15.7470344	Hvar
16.47731977	43.17289819	-5.0440281	Hvar
16.6720343	43.19944212	-16.3879246	Hvar
16.25332331	43.23658058	-6.4950974	Hvar
16.62743389	43.16032893	-8.2015848	Hvar
16.95616287	43.12075054	-5.097135	Hvar
17.06152318	43.15502917	-12.5493711	Hvar
16.62021768	43.13688001	-3.8666838	Hvar
16.16805805	43.31960839	-12.2595586	Hvar
17.15199826	43.15196972	-13.009312	Hvar
16.49395045	43.18493183	-7.8988002	Hvar
17.24593572	43.16677875	-16.7447366	Hvar
16.20044376	43.27575403	-8.16941	Hvar
16.48750725	43.16997351	-5.0386702	Hvar
16.50686345	43.2161491	-13.8228367	Hvar
16.81303986	43.17066447	-12.3315552	Hvar
16.46254107	43.22033656	-12.4185903	Hvar
16.49459957	43.19103904	-8.9730275	Hvar
17.27240031	43.09219465	-2.8978674	Hvar
16.96275069	43.14673977	-9.8761787	Hvar
16.44318183	43.18409545	-5.3015671	Hvar
16.27446706	43.27647061	-14.3063201	Hvar
17.30345775	43.08852194	-2.0000007	Hvar
16.49615504	43.23616561	-16.7447449	Hvar
16.76382278	43.17261541	-12.2473999	Hvar
16.26149117	43.29305298	-16.2286067	Hvar
16.25040836	43.22630456	-4.6008074	Hvar
16.38741065	43.19627113	-5.3166057	Hvar
16.56872693	43.20470015	-14.4715964	Hvar
16.94137483	43.11060578	-3.1084504	Hvar
16.36800272	43.18106589	-2.0000002	Hvar
17.31800547	43.12928698	-9.4939616	Hvar
16.83043079	43.11158773	-2.0000027	Hvar
17.26290428	43.15221933	-14.1465022	Hvar
16.55534273	43.15780868	-5.8295393	Hvar
17.02813445	43.13814353	-9.0991123	Hvar
16.41312692	43.24465964	-14.6443811	Hvar
16.44264378	43.25091856	-16.7444822	Hvar
16.44062562	43.20046954	-7.9702051	Hvar
16.72065964	43.16484706	-10.8151637	Hvar
16.39154348	43.20759726	-7.4352017	Hvar
16.3203329	43.24621301	-11.1597836	Hvar
16.62578953	43.19129998	-13.6083923	Hvar
16.3464361	43.24525266	-12.1615986	Hvar
16.20449421	43.30409663	-13.0406416	Hvar
16.19575295	43.23962295	-2.0005007	Hvar
17.29058004	43.09883175	-4.0088425	Hvar
16.37516826	43.25985855	-15.954572	Hvar
17.32088758	43.15077417	-13.4782078	Hvar
17.12334699	43.15976987	-14.1000891	Hvar
17.0810964	43.15471563	-12.7110405	Hvar
16.42989805	43.22881541	-12.4493025	Hvar
16.65775296	43.1222969	-2.3993191	Hvar
17.1713437	43.16131138	-14.9180085	Hvar
16.71064278	43.1970157	-16.7447366	Hvar
16.41813636	43.22640142	-11.6263166	Hvar
17.14253045	43.12199574	-7.4755626	Hvar
17.04428533	43.14383937	-10.3217409	Hvar
16.83523745	43.1308605	-5.5389944	Hvar
17.19175611	43.14890535	-12.899521	Hvar
17.27504348	43.10595999	-5.4436382	Hvar
17.23908635	43.09493508	-3.6383044	Hvar
16.86252599	43.12751436	-5.3790041	Hvar
16.36580671	43.22272665	-9.1620346	Hvar
16.77715031	43.13695483	-5.6964236	Hvar
17.20694119	43.11809308	-7.4903984	Hvar
16.24916451	43.25515429	-9.1035843	Hvar
16.95039863	43.14637935	-9.6875449	Hvar
16.87123282	43.15016699	-9.587386	Hvar
16.37368092	43.2072273	-6.7613208	Hvar
16.49241346	43.16884999	-5.0643245	Hvar
16.77137253	43.14499772	-7.1580981	Hvar
16.26806118	43.28849904	-16.0689368	Hvar
16.50193227	43.21675799	-13.7138972	Hvar
16.48207101	43.15519104	-2.2563445	Hvar
16.2177767	43.31992805	-16.7450061	Hvar
16.56704626	43.17795069	-9.7001587	Hvar
16.56263673	43.21490039	-15.9703821	Hvar
17.24474576	43.12195818	-8.6146528	Hvar
16.59990089	43.14026876	-3.907093	Hvar
17.15542095	43.14465833	-11.7236223	Hvar
17.13641899	43.14764626	-12.0512534	Hvar
16.14937976	43.26561809	-2.0000007	Hvar
16.67826901	43.13175287	-4.6622439	Hvar
16.61229587	43.20735003	-16.0910237	Hvar
16.51244017	43.20435961	-12.0275408	Hvar
16.76167473	43.16004379	-9.9304156	Hvar
17.16433246	43.09040068	-2.0000002	Hvar
16.16621394	43.31117676	-10.7527671	Hvar
16.65956979	43.1962701	-15.4654519	Hvar
16.25849965	43.24724006	-8.5736951	Hvar
16.22647499	43.31522119	-16.7447307	Hvar
16.67413718	43.11730074	-2.0000002	Hvar
16.525913	43.14655014	-2.6438074	Hvar
17.23615722	43.09228636	-3.1468132	Hvar
16.64855615	43.15163148	-7.289791	Hvar
16.29378451	43.26861167	-13.8194675	Hvar
16.48291056	43.19042902	-8.3034988	Hvar
16.37339199	43.18307669	-2.5348489	Hvar
16.37296397	43.23392715	-11.3997507	Hvar
17.2181878	43.15553907	-14.3973542	Hvar
17.16518538	43.11855544	-7.1062646	Hvar
16.924511	43.15052537	-10.181925	Hvar
16.83330934	43.11589591	-2.8200823	Hvar
17.18238079	43.15493574	-13.8866628	Hvar
16.37947305	43.25680556	-15.618447	Hvar
16.3706346	43.23922049	-12.2088686	Hvar
17.25263743	43.10243917	-4.9423874	Hvar
16.35474012	43.19575268	-4.0386067	Hvar
16.60723381	43.13263475	-2.7510403	Hvar
16.45936344	43.16013939	-1.9999993	Hvar
16.81793127	43.12912419	-4.9476697	Hvar
16.54870681	43.16887666	-7.4537595	Hvar
17.0537784	43.16265661	-13.8395725	Hvar
16.18442226	43.2657594	-5.148925	Hvar
16.56219219	43.16194038	-6.7422273	Hvar
16.37266424	43.26511433	-16.7448591	Hvar
16.50269711	43.22755475	-15.5930305	Hvar
16.95738497	43.10354073	-1.9998845	Hvar
16.70053981	43.17162251	-12.0640532	Hvar
16.52867102	43.15303838	-3.8776521	Hvar
17.2543031	43.15495298	-14.6968567	Hvar
16.26669642	43.27611471	-13.8981838	Hvar
16.29458151	43.25827295	-12.07973	Hvar
16.83761964	43.13911649	-7.0604172	Hvar
16.68312654	43.18475902	-14.1285754	Hvar
16.45843046	43.24278351	-16.0490911	Hvar
16.68114594	43.14181252	-6.5155718	Hvar
16.64296879	43.16228159	-8.9999072	Hvar
17.1788073	43.09347223	-2.7180378	Hvar
16.36323395	43.19970889	-5.092322	Hvar
17.16734785	43.09997766	-3.7672566	Hvar
16.26910184	43.2921628	-16.7447366	Hvar
16.40712694	43.2201316	-10.1556826	Hvar
17.09013194	43.09499604	-2.0000002	Hvar
16.58012626	43.20343816	-14.5511125	Hvar
16.30946756	43.22419447	-6.8944333	Hvar
16.24838384	43.21157877	-2.0000002	Hvar
16.27694373	43.29002348	-16.7447361	Hvar
16.5989897	43.1585125	-7.1069214	Hvar
16.61474854	43.15496034	-6.8941033	Hvar
16.2315971	43.23505411	-4.3710613	Hvar
16.45857169	43.24682058	-16.7447371	Hvar
16.94641179	43.12645418	-6.0330017	Hvar
16.28533391	43.20196074	-2.0000002	Hvar
16.32956229	43.23579877	-9.7845042	Hvar
17.24213335	43.14208574	-12.2298015	Hvar
16.92958881	43.18641076	-16.7447366	Hvar
17.25968016	43.16604082	-16.7447366	Hvar
16.22335897	43.25369249	-6.6371714	Hvar
16.81080758	43.14555405	-7.7839812	Hvar
16.76924763	43.11700015	-2.0000002	Hvar
17.32664351	43.15816522	-14.8162097	Hvar
16.75537834	43.19031955	-15.5105691	Hvar
16.47446065	43.16124465	-2.9190305	Hvar
17.0201137	43.16922038	-14.6251814	Hvar
16.18352969	43.2533019	-3.0872732	Hvar
16.67152174	43.14443738	-6.6957036	Hvar
17.0773313	43.14708934	-11.2877645	Hvar
16.48877545	43.15438325	-2.420344	Hvar
16.32446597	43.27336287	-16.0062204	Hvar
16.99234711	43.15580724	-11.8682283	Hvar
16.79823508	43.15389294	-9.0792653	Hvar
16.76433198	43.12272615	-3.0546579	Hvar
16.51353657	43.14585734	-1.9999963	Hvar
16.84133458	43.15886799	-10.6687676	Hvar
16.57127697	43.15401191	-5.5807273	Hvar
16.61761459	43.18396583	-12.0963916	Hvar
16.63595865	43.12879446	-2.9049172	Hvar
17.05444468	43.09720394	-1.9999739	Hvar
17.06014391	43.17829544	-16.7451829	Hvar
16.8741539	43.16033403	-11.4611897	Hvar
16.45473869	43.17160801	-3.7314143	Hvar
16.50488056	43.15901902	-3.8990608	Hvar
16.74223178	43.1398119	-6.2019941	Hvar
16.143347	43.269	-2.0000002	Hvar
16.70977119	43.14828686	-7.7635022	Hvar
16.24258072	43.24109886	-6.2875088	Hvar
16.3619866	43.25939882	-15.2856101	Hvar
16.98696568	43.18085573	-16.335654	Hvar
17.24006509	43.10578985	-5.6349871	Hvar
16.96647982	43.16706777	-13.6009299	Hvar
17.23143392	43.10213796	-4.8769524	Hvar
16.34444512	43.1865611	-1.999946	Hvar
17.27181902	43.16131581	-15.7802981	Hvar
16.93338579	43.1423032	-8.7784734	Hvar
16.26282696	43.27006711	-12.6694553	Hvar
16.7708957	43.12275297	-3.0597781	Hvar
16.62994808	43.14852435	-6.1994639	Hvar
16.74432709	43.17921262	-13.463009	Hvar
16.70513312	43.13780782	-5.8327356	Hvar
16.74272589	43.12168091	-2.8617092	Hvar
17.28781674	43.11037964	-6.1789553	Hvar
17.22473026	43.14772016	-13.0547131	Hvar
16.2885094	43.20399038	-2.4902112	Hvar
16.62321848	43.17892346	-11.3529873	Hvar
16.55797821	43.14023957	-2.7962405	Hvar
16.58046134	43.21579498	-16.7449021	Hvar
16.57224866	43.21703039	-16.7447366	Hvar
16.85966633	43.14053331	-7.6714117	Hvar
17.03234479	43.11800313	-5.5070171	Hvar
17.20066767	43.16958357	-16.7447366	Hvar
16.88945015	43.11071693	-2.6118044	Hvar
16.49186098	43.17759765	-6.5471892	Hvar
16.69221176	43.18048452	-13.6422107	Hvar
16.79523722	43.16305333	-10.676772	Hvar
17.03923944	43.15072603	-11.507279	Hvar
16.26113172	43.25651423	-10.2836748	Hvar
16.59901459	43.21302929	-16.7447375	Hvar
16.44190029	43.22801807	-12.7309446	Hvar
16.54941433	43.13702234	-2.0000002	Hvar
16.74867711	43.13173897	-4.7147214	Hvar
16.16360683	43.34049566	-15.1883474	Hvar
16.81202483	43.11887646	-3.0117815	Hvar
16.99051713	43.18288039	-16.7447629	Hvar
16.19583069	43.3248162	-15.5658367	Hvar
16.24305628	43.28768389	-13.7753103	Hvar
16.85390699	43.11420843	-2.8502961	Hvar
16.49987958	43.19827256	-10.4476965	Hvar
16.97959611	43.10207992	-2.0000051	Hvar
16.70588671	43.12656368	-3.7611765	Hvar
16.21162504	43.23103111	-1.999988	Hvar
16.76762071	43.18190429	-13.9596199	Hvar
16.20361739	43.29601584	-11.6762109	Hvar
17.00912836	43.11552823	-4.782863	Hvar
17.0058256	43.13856842	-8.9103152	Hvar
16.78123854	43.18500577	-14.5317468	Hvar
16.82375641	43.18864712	-15.7361736	Hvar
17.23639583	43.16450156	-16.2250871	Hvar
16.43049712	43.18796539	-5.3484275	Hvar
16.87677781	43.14366986	-8.4636216	Hvar
16.87692613	43.12482083	-5.0455603	Hvar
16.87694759	43.17005549	-13.2530867	Hvar
16.6209673	43.1670593	-9.1978946	Hvar
16.39707357	43.18765828	-4.1425945	Hvar
16.82396638	43.15176347	-9.1119077	Hvar
16.59784654	43.18727555	-12.16072	Hvar
16.78723461	43.17212582	-12.1779641	Hvar
17.20124531	43.09702905	-3.6133494	Hvar
16.70707153	43.11700326	-2.0000007	Hvar
16.890139	43.10730587	-2.0000002	Hvar
16.85167537	43.14922625	-9.1035524	Hvar
17.20217441	43.12850347	-9.3218113	Hvar
16.87581463	43.18957909	-16.7447727	Hvar
17.06905447	43.11164078	-4.7767893	Hvar
16.26038882	43.28428511	-14.7314148	Hvar
16.77711234	43.16479883	-10.8071645	Hvar
16.1869112	43.30547638	-11.691595	Hvar
16.58065165	43.16252549	-7.3321528	Hvar
16.47612919	43.15538111	-1.9999372	Hvar
16.89439173	43.13947459	-7.8774173	Hvar
16.8728826	43.13469757	-6.7971475	Hvar
16.21368989	43.2664036	-7.832607	Hvar
16.77525501	43.13034144	-4.4779353	Hvar
16.7333618	43.19701578	-16.7447366	Hvar
17.27934086	43.15448937	-14.4562307	Hvar
16.44831145	43.22664692	-12.8068923	Hvar
16.69662282	43.16245509	-10.3745492	Hvar
17.01703684	43.13170904	-7.8031814	Hvar
16.85940859	43.10898783	-2.0000002	Hvar
16.68197524	43.13701014	-5.6861843	Hvar
16.3997054	43.24255113	-13.8181882	Hvar
16.29326046	43.28578085	-16.7447371	Hvar
16.48014798	43.18070399	-6.5118188	Hvar
