20.520513	38.567	-3.9999992	Kephallonia
20.48218689	38.48979186	-6.4830953	Kephallonia
20.41975432	38.2733573	-20.5045841	Kephallonia
19.91642874	37.80071195	-8.4343219	Kephallonia
20.53000201	38.48063236	-14.2854026	Kephallonia
20.1406207	38.09007296	-4.8111984	Kephallonia
20.0187735	37.8704029	-14.3408608	Kephallonia
19.93559859	37.76721683	-15.2095441	Kephallonia
20.52425306	38.56548322	-4.6928204	Kephallonia
20.30106238	38.21364898	-10.8121701	Kephallonia
20.19907868	38.07493179	-14.7332806	Kephallonia
20.2149749	38.16003833	-6.0728517	Kephallonia
20.17791845	37.99782082	-20.2829689	Kephallonia
20.06820213	37.8782527	-20.3276202	Kephallonia
20.50268988	38.54228235	-3.9999992	Kephallonia
20.17249712	38.08731539	-9.630505	Kephallonia
20.12395516	38.06676195	-4.9526271	Kephallonia
20.53313547	38.56188063	-6.3382692	Kephallonia
20.44536496	38.35659092	-14.6508975	Kephallonia
20.04324876	37.98063964	-4.6211032	Kephallonia
20.13247666	38.03533078	-9.6961447	Kephallonia
20.00685202	37.83906977	-16.2312553	Kephallonia
19.9614847	37.89107641	-4.0000402	Kephallonia
20.28028225	38.11973589	-19.9869933	Kephallonia
19.91026342	37.69467082	-21.3205089	Kephallonia
20.36822364	38.20985185	-20.5857399	Kephallonia
20.32370197	38.21307488	-14.0262737	Kephallonia
20.54131628	38.55856209	-7.8538136	Kephallonia
20.54996423	38.55505357	-9.4559596	Kephallonia
19.93905207	37.73735013	-19.5586857	Kephallonia
20.30248012	38.17692752	-15.5479061	Kephallonia
20.24346188	38.19893611	-4.853859	Kephallonia
20.38735486	38.37922565	-3.9999992	Kephallonia
20.29184789	38.16423113	-15.7691491	Kephallonia
20.51822161	38.52098203	-8.4275548	Kephallonia
20.09355018	38.02153536	-5.8186535	Kephallonia
20.55685897	38.552256	-10.7333469	Kephallonia
20.42065334	38.37772131	-8.9549494	Kephallonia
20.46858734	38.38624255	-15.0343827	Kephallonia
19.97899751	37.85169818	-10.9106128	Kephallonia
19.99075006	37.79730987	-18.8821027	Kephallonia
20.28117779	38.218547	-7.4871066	Kephallonia
19.92702811	37.75479033	-15.6846242	Kephallonia
20.34752968	38.27142444	-10.6697665	Kephallonia
20.18474881	37.99708147	-21.3205089	Kephallonia
19.91592953	37.74643885	-15.3046718	Kephallonia
19.97148373	37.86995769	-7.7908903	Kephallonia
20.37242056	38.33114004	-7.3626139	Kephallonia
19.90805653	37.77693409	-10.2780468	Kephallonia
20.1149889	37.98339798	-13.695765	Kephallonia
20.00744437	37.80333694	-20.378757	Kephallonia
20.26350545	38.10852305	-19.2298683	Kephallonia
20.53595591	38.53592486	-9.4255136	Kephallonia
20.43047363	38.33203533	-15.3557575	Kephallonia
20.5667917	38.54822512	-12.5736522	Kephallonia
20.10616809	37.92488274	-20.251674	Kephallonia
19.99721722	37.92894632	-4.6414	Kephallonia
20.25548357	38.19823002	-6.5453107	Kephallonia
20.33837762	38.18581062	-19.1825128	Kephallonia
20.16116386	38.0516291	-11.8591566	Kephallonia
20.24939322	38.14650365	-12.4002615	Kephallonia
20.17097862	38.1077323	-7.0757438	Kephallonia
20.15364104	38.0546896	-10.4626935	Kephallonia
20.39449229	38.37586487	-5.3745397	Kephallonia
20.5768408	38.54414635	-14.4356065	Kephallonia
19.89635953	37.77605101	-8.838976	Kephallonia
20.48329324	38.34477673	-21.3202228	Kephallonia
19.98448071	37.88328425	-8.0933029	Kephallonia
19.94197248	37.76219874	-16.6977806	Kephallonia
20.1118252	37.95315638	-17.2989025	Kephallonia
20.09235252	38.01062816	-7.0973942	Kephallonia
20.58671417	38.54013827	-16.2650846	Kephallonia
19.86234885	37.69445063	-14.9955639	Kephallonia
20.36615375	38.28103775	-12.1592123	Kephallonia
20.4516485	38.36341235	-14.8740263	Kephallonia
20.14510087	38.03128364	-11.9166903	Kephallonia
19.87323245	37.76900474	-6.6934728	Kephallonia
19.86678346	37.78306431	-3.9998234	Kephallonia
20.2444126	38.1536358	-10.8186146	Kephallonia
19.96840886	37.82262668	-12.7276689	Kephallonia
20.56547055	38.47664179	-19.7833131	Kephallonia
20.37699951	38.21878388	-20.7849938	Kephallonia
20.59448402	38.53698364	-17.7048527	Kephallonia
20.20542065	38.09584923	-13.1906954	Kephallonia
20.44125189	38.29263204	-21.3205089	Kephallonia
20.13841334	38.07647642	-5.9593883	Kephallonia
20.23114936	38.10053481	-15.9873478	Kephallonia
19.97390464	37.76506762	-20.6453229	Kephallonia
20.17429591	38.02732749	-16.4409972	Kephallonia
20.3952994	38.32133027	-11.6634791	Kephallonia
20.17647644	38.05942809	-13.1928787	Kephallonia
20.60149415	38.53413707	-19.0038903	Kephallonia
20.09994567	37.93108289	-18.6682658	Kephallonia
20.14431512	37.99760528	-15.6638617	Kephallonia
19.99613666	37.85633435	-12.7773027	Kephallonia
20.36003117	38.34558304	-3.9999992	Kephallonia
20.32983139	38.18928748	-17.5965914	Kephallonia
20.17749127	38.04498605	-14.8902609	Kephallonia
20.6105486	38.53045994	-20.6818156	Kephallonia
20.42930787	38.36311512	-11.6740676	Kephallonia
20.61399501	38.52906014	-21.3205089	Kephallonia
20.46498253	38.48995213	-4.0004923	Kephallonia
20.28745785	38.12962778	-19.6448649	Kephallonia
20.36946889	38.20493823	-21.3205089	Kephallonia
19.96792779	37.80560218	-14.7671495	Kephallonia
20.1844645	38.09233986	-10.7890132	Kephallonia
20.41105686	38.25550436	-21.3204132	Kephallonia
20.30549068	38.14285797	-20.340483	Kephallonia
20.37325709	38.31186616	-9.660964	Kephallonia
20.28309876	38.17622661	-13.0580842	Kephallonia
20.30102401	38.23671065	-8.1718068	Kephallonia
20.52915262	38.55442775	-6.53786	Kephallonia
20.03948477	37.88933888	-15.0627667	Kephallonia
20.07676531	37.95950957	-11.8402366	Kephallonia
20.15011228	38.11011396	-3.9999992	Kephallonia
20.4741853	38.4892398	-5.3923644	Kephallonia
20.08375314	38.02551935	-3.9999992	Kephallonia
20.34499067	38.28026506	-9.3057155	Kephallonia
20.31868068	38.29467646	-3.9997101	Kephallonia
20.2118576	38.12367603	-10.409264	Kephallonia
20.51872653	38.50679214	-9.9661046	Kephallonia
19.94893759	37.75200166	-18.953841	Kephallonia
20.39170167	38.37931836	-4.6062199	Kephallonia
19.94897096	37.77703714	-15.785079	Kephallonia
20.32790813	38.28525389	-6.3607247	Kephallonia
20.08561056	37.95995617	-12.9450948	Kephallonia
20.19311411	38.0176342	-20.1649054	Kephallonia
20.42228493	38.4198381	-4.9668248	Kephallonia
20.17808432	38.13849412	-3.9999992	Kephallonia
20.07877879	38.01509809	-4.7171774	Kephallonia
20.43607158	38.43748996	-5.1793576	Kephallonia
20.17096059	38.04764333	-13.6778037	Kephallonia
20.36685158	38.21815073	-19.4463746	Kephallonia
20.05005517	37.85408794	-20.5580128	Kephallonia
19.97322128	37.81913031	-13.7968607	Kephallonia
20.10612776	38.01457954	-8.3841867	Kephallonia
20.43059834	38.28440973	-20.7657096	Kephallonia
20.29009883	38.19880017	-11.0793141	Kephallonia
20.13895198	38.00809498	-13.6791859	Kephallonia
19.87331258	37.76026054	-7.8470451	Kephallonia
20.55410023	38.54440018	-11.1501217	Kephallonia
20.295641	38.18049802	-14.1771506	Kephallonia
20.47738417	38.34357476	-20.5885143	Kephallonia
20.20759612	38.04543594	-19.1127809	Kephallonia
20.01312862	37.80194383	-21.3194786	Kephallonia
20.09032734	38.01890873	-5.7290577	Kephallonia
20.3391424	38.17000744	-21.3205128	Kephallonia
20.03193946	37.94540426	-7.5784225	Kephallonia
20.04836553	37.90803041	-14.1521176	Kephallonia
20.11897129	37.92997049	-21.3205089	Kephallonia
20.1392881	38.0590908	-7.9588151	Kephallonia
20.41494474	38.36802187	-9.1149415	Kephallonia
19.98311567	37.8617662	-10.3436364	Kephallonia
19.933373	37.7869946	-12.43564	Kephallonia
19.98425084	37.80884247	-16.561546	Kephallonia
19.86164417	37.75444202	-7.0601823	Kephallonia
20.20764795	38.0591436	-17.6466657	Kephallonia
20.47641834	38.41103153	-13.6808847	Kephallonia
20.48941662	38.38302939	-18.3695895	Kephallonia
20.4157062	38.38887202	-7.1210744	Kephallonia
20.27752313	38.18983016	-10.5621762	Kephallonia
20.07317564	38.01494699	-3.9999992	Kephallonia
20.52434364	38.4293591	-18.7214201	Kephallonia
20.39585706	38.39136087	-4.0000001	Kephallonia
19.97400687	37.89951602	-4.7904298	Kephallonia
19.997308	37.89999089	-7.9770158	Kephallonia
20.15583493	38.11592161	-3.9999992	Kephallonia
20.17465518	37.98508701	-21.3201388	Kephallonia
20.18528688	38.09581346	-10.5276295	Kephallonia
19.90252745	37.80246151	-6.3406339	Kephallonia
20.58552728	38.53407641	-16.721777	Kephallonia
20.54678234	38.43557354	-21.3205089	Kephallonia
19.93417723	37.763509	-15.4906608	Kephallonia
20.58738026	38.4962987	-20.8929083	Kephallonia
20.45650869	38.35299122	-16.6223197	Kephallonia
20.07176445	37.94255642	-13.4341973	Kephallonia
20.41102705	38.3151702	-14.5540073	Kephallonia
20.51344042	38.48268901	-11.698146	Kephallonia
20.21804667	38.04463044	-20.6824992	Kephallonia
20.45575634	38.42102282	-9.6890817	Kephallonia
20.20719053	38.16154021	-4.8440372	Kephallonia
20.15795031	38.01249328	-15.835455	Kephallonia
20.21191743	38.11069821	-12.1122217	Kephallonia
20.22118302	38.08121035	-17.1906598	Kephallonia
20.00668709	37.79499602	-21.3205089	Kephallonia
19.89381161	37.78447926	-7.413944	Kephallonia
19.96881987	37.81907207	-13.2015172	Kephallonia
20.38843164	38.38064603	-3.9999992	Kephallonia
20.16670921	37.98014386	-20.9335255	Kephallonia
20.48482677	38.5040684	-5.3869948	Kephallonia
19.94314634	37.85055541	-6.0351593	Kephallonia
19.92048609	37.84059881	-3.9999992	Kephallonia
19.91613986	37.77880341	-11.1350153	Kephallonia
20.23234981	38.18892724	-4.6644035	Kephallonia
20.19070688	38.08692078	-12.2571595	Kephallonia
20.2588696	38.09543707	-20.3252555	Kephallonia
20.45562189	38.32997177	-19.0955695	Kephallonia
20.13073619	37.99383165	-14.3808405	Kephallonia
20.48953647	38.52403229	-3.9999992	Kephallonia
20.38530653	38.36781636	-5.0068077	Kephallonia
20.30789607	38.18686492	-14.9877135	Kephallonia
20.14514303	38.05614459	-9.1088278	Kephallonia
20.11624237	38.03329571	-7.6589572	Kephallonia
20.16450495	38.02782814	-15.0171283	Kephallonia
20.51924501	38.55766225	-4.7834821	Kephallonia
19.81701389	37.70016461	-8.2360827	Kephallonia
20.24343	38.07215581	-21.3205089	Kephallonia
20.11230852	37.94350337	-18.6453019	Kephallonia
20.15432549	38.04081627	-12.1271128	Kephallonia
20.24063085	38.0732952	-20.8009035	Kephallonia
20.12886781	38.07268076	-5.0124469	Kephallonia
20.27725003	38.24428803	-3.9999992	Kephallonia
20.05685704	37.99478462	-4.5324708	Kephallonia
19.9915969	37.89238807	-8.0542721	Kephallonia
20.45356762	38.44249327	-7.1904352	Kephallonia
20.27011641	38.21826363	-5.9810324	Kephallonia
20.23177424	38.08270226	-18.3990255	Kephallonia
19.95079667	37.86070003	-5.9529562	Kephallonia
20.54126815	38.46758507	-17.2488712	Kephallonia
20.16348894	38.0563134	-11.6846012	Kephallonia
19.83606066	37.72223156	-7.8774977	Kephallonia
20.28365565	38.16743785	-14.2651058	Kephallonia
20.55288785	38.53130465	-12.3300823	Kephallonia
20.0595471	37.8673632	-20.3750343	Kephallonia
20.0040665	37.9428298	-4.0000021	Kephallonia
20.06859261	37.93839814	-13.4777531	Kephallonia
19.88376801	37.71748026	-14.8245773	Kephallonia
19.93724407	37.8304882	-7.5146281	Kephallonia
20.37793585	38.29002011	-12.7861343	Kephallonia
20.46159951	38.39585992	-13.0587613	Kephallonia
20.43445973	38.42057762	-6.6535543	Kephallonia
20.46781402	38.3565766	-17.8983595	Kephallonia
20.28280557	38.20841067	-8.8713878	Kephallonia
20.49472918	38.47377546	-9.9352687	Kephallonia
20.54862137	38.54819195	-9.9728678	Kephallonia
19.94782859	37.75935283	-17.8455963	Kephallonia
20.17996214	38.08305748	-11.1473999	Kephallonia
20.32229815	38.15659331	-20.8076578	Kephallonia
20.55372816	38.52083183	-13.5330443	Kephallonia
20.56754443	38.46464156	-21.3204708	Kephallonia
20.34493872	38.24973279	-12.7894814	Kephallonia
20.50617413	38.4641655	-12.5623501	Kephallonia
20.2415746	38.1842175	-6.4996315	Kephallonia
20.54770771	38.44773078	-20.2164386	Kephallonia
19.96453873	37.78251269	-17.1994655	Kephallonia
20.10960712	37.97275856	-14.4017769	Kephallonia
20.1629377	37.97350078	-21.3205119	Kephallonia
19.83546914	37.68386833	-12.8138378	Kephallonia
20.39561559	38.36474545	-6.7915861	Kephallonia
20.24434304	38.08144406	-20.2285035	Kephallonia
19.9378861	37.75627203	-16.930358	Kephallonia
20.18064945	38.01723514	-18.4693878	Kephallonia
20.12257057	38.00789014	-11.4369171	Kephallonia
20.27665355	38.10585036	-21.3205089	Kephallonia
20.44561124	38.46258671	-3.9999992	Kephallonia
20.40249321	38.34902783	-9.5303856	Kephallonia
19.83095336	37.7278176	-6.4698522	Kephallonia
20.0980168	37.96601639	-13.7725557	Kephallonia
20.49166098	38.49840452	-6.9519264	Kephallonia
20.27189746	38.15213428	-14.6718877	Kephallonia
20.32942859	38.24606469	-11.0523567	Kephallonia
20.44117504	38.37481815	-12.2151	Kephallonia
19.96701497	37.84549955	-9.9407301	Kephallonia
20.40095578	38.27168648	-18.0705807	Kephallonia
19.88351092	37.6751081	-20.3306686	Kephallonia
20.38465609	38.27731406	-15.1606354	Kephallonia
20.04604369	37.88616006	-16.3394918	Kephallonia
20.15570928	38.06005992	-10.1778197	Kephallonia
20.03792184	37.85240588	-19.0552965	Kephallonia
20.44002961	38.40319563	-9.2029179	Kephallonia
20.39124324	38.35066353	-7.7766818	Kephallonia
20.35168044	38.33529612	-3.9999992	Kephallonia
20.54837063	38.4567356	-19.3882579	Kephallonia
20.15174483	38.00390457	-15.939653	Kephallonia
20.23046551	38.17777725	-5.8504518	Kephallonia
19.91751028	37.8373087	-3.9996622	Kephallonia
20.29004094	38.20546936	-10.2137294	Kephallonia
20.20941933	38.03350067	-20.6528112	Kephallonia
20.39405995	38.26286719	-18.1162321	Kephallonia
20.33576634	38.19787995	-17.4403082	Kephallonia
20.40489056	38.3700212	-7.4853121	Kephallonia
20.56916938	38.50723325	-17.1520846	Kephallonia
20.4613004	38.45579062	-6.9512516	Kephallonia
19.98112409	37.79622973	-17.7194074	Kephallonia
20.5192091	38.49756022	-10.9890966	Kephallonia
20.03247477	37.91439734	-11.2123677	Kephallonia
19.97637766	37.77935021	-19.1916486	Kephallonia
19.94739103	37.80159565	-12.4992332	Kephallonia
20.08392268	37.93494208	-16.0046984	Kephallonia
20.42899727	38.43004006	-4.9150363	Kephallonia
20.46716663	38.32453815	-21.3205089	Kephallonia
20.47930637	38.36944086	-18.2704733	Kephallonia
19.78580955	37.69403185	-4.8985011	Kephallonia
20.56308133	38.5262881	-14.3097614	Kephallonia
19.99095956	37.83085351	-14.9443954	Kephallonia
20.04920929	37.86418117	-19.2948849	Kephallonia
20.32064274	38.19302532	-15.8916176	Kephallonia
20.4647317	38.47933098	-5.0510753	Kephallonia
20.480765	38.34127148	-21.3205089	Kephallonia
20.57888172	38.49438925	-19.8719464	Kephallonia
20.10180305	38.02903392	-6.1239611	Kephallonia
19.82063852	37.67984838	-11.3720411	Kephallonia
20.1903423	38.13798628	-5.6901027	Kephallonia
20.1138425	37.99611441	-11.8546682	Kephallonia
19.88649229	37.77253286	-7.9904987	Kephallonia
20.09833002	37.92814749	-18.7875724	Kephallonia
20.40559673	38.26271054	-19.7371471	Kephallonia
20.19656098	38.01167141	-21.3205089	Kephallonia
20.40875194	38.37239466	-7.7672106	Kephallonia
19.90161586	37.69166071	-20.5674718	Kephallonia
20.01965205	37.93006812	-7.6312203	Kephallonia
20.13603473	37.96752605	-18.5749367	Kephallonia
20.52902522	38.45793775	-16.4872907	Kephallonia
20.41067899	38.39535643	-5.7435519	Kephallonia
20.33851515	38.29264568	-6.990257	Kephallonia
20.30621254	38.17072636	-16.8442389	Kephallonia
20.30842027	38.19799616	-13.6236915	Kephallonia
20.4868849	38.47941523	-8.2294288	Kephallonia
20.01330901	37.89311587	-10.9905023	Kephallonia
19.95718463	37.84353067	-8.7915558	Kephallonia
20.38502283	38.33567173	-8.6068495	Kephallonia
20.2733173	38.17680532	-11.6812387	Kephallonia
19.95724102	37.74232	-21.3205119	Kephallonia
20.01468995	37.88505033	-12.1084367	Kephallonia
20.20578983	38.14166515	-7.2557125	Kephallonia
20.19736896	38.05332375	-16.813799	Kephallonia
20.42464992	38.30384853	-17.7354674	Kephallonia
19.91311493	37.81324479	-6.4194591	Kephallonia
20.38033302	38.3029341	-11.6587379	Kephallonia
20.29049669	38.26040725	-3.9999982	Kephallonia
20.25989584	38.17542359	-10.0724113	Kephallonia
20.00951231	37.85989822	-14.2400756	Kephallonia
19.86215799	37.66292949	-19.0904923	Kephallonia
20.05407701	37.87432437	-18.8161784	Kephallonia
19.85060129	37.71623843	-10.5892384	Kephallonia
20.5353765	38.44536976	-18.680462	Kephallonia
19.79649521	37.71175301	-3.9999992	Kephallonia
20.44200643	38.43015279	-6.7811417	Kephallonia
20.0408812	37.86876511	-17.6130509	Kephallonia
20.02405377	37.90441599	-11.1873366	Kephallonia
20.47680279	38.44994075	-9.7793668	Kephallonia
20.50351106	38.40267034	-18.4366036	Kephallonia
20.03629232	37.95699046	-6.8469454	Kephallonia
20.52538585	38.40529786	-21.3205529	Kephallonia
20.02999773	37.82798385	-20.7197003	Kephallonia
20.33561854	38.31550382	-4.000007	Kephallonia
20.40438672	38.39865998	-4.5020245	Kephallonia
20.17704012	37.98755749	-21.3205089	Kephallonia
20.16541215	38.07205401	-10.2658339	Kephallonia
20.35075127	38.32205231	-5.3694015	Kephallonia
20.40375042	38.30253163	-14.9701061	Kephallonia
20.46642835	38.44720428	-8.5635475	Kephallonia
20.39216103	38.28907576	-14.8769088	Kephallonia
20.21144948	38.0805624	-15.8836276	Kephallonia
20.29409501	38.25814862	-4.7584489	Kephallonia
19.82617264	37.68330135	-11.6548525	Kephallonia
20.48312635	38.47015022	-8.6332199	Kephallonia
20.26597271	38.2110214	-6.2921691	Kephallonia
20.27358855	38.23550257	-4.4945827	Kephallonia
20.41639871	38.36070829	-10.1460648	Kephallonia
20.50070358	38.50004455	-8.0791163	Kephallonia
20.14585122	38.00025638	-15.5290138	Kephallonia
19.90975291	37.77322918	-10.9819791	Kephallonia
20.26705884	38.13708215	-15.9683956	Kephallonia
20.05372339	37.94729197	-10.3897672	Kephallonia
20.51295188	38.38754495	-21.3205021	Kephallonia
20.21549045	38.09353251	-14.8273485	Kephallonia
19.97616486	37.76210599	-21.320507	Kephallonia
20.33118663	38.22699617	-13.476212	Kephallonia
20.53291284	38.51847338	-10.7928867	Kephallonia
20.05486795	37.85328945	-21.320589	Kephallonia
20.15975469	37.98301159	-19.637171	Kephallonia
19.8596059	37.70429388	-13.3449553	Kephallonia
20.48787145	38.40544764	-15.8972206	Kephallonia
20.19841861	38.15457962	-4.59236	Kephallonia
20.15142929	37.99614483	-16.7955006	Kephallonia
19.92992705	37.83675678	-5.7536857	Kephallonia
19.80171148	37.69347892	-7.0801408	Kephallonia
19.96547663	37.76551055	-19.4531613	Kephallonia
20.04391919	37.94738379	-9.0170724	Kephallonia
20.5114054	38.42361629	-17.442341	Kephallonia
20.27906629	38.231567	-5.7060021	Kephallonia
20.40233592	38.2449074	-21.3205089	Kephallonia
20.00484144	37.91464701	-7.3423175	Kephallonia
20.05517296	37.92179542	-13.5181599	Kephallonia
20.59542341	38.53074806	-18.484275	Kephallonia
20.01060134	37.87289147	-12.9180272	Kephallonia
19.81868873	37.73426957	-4.0000021	Kephallonia
19.89941839	37.75681484	-11.7590466	Kephallonia
20.08990937	37.99703552	-8.5828278	Kephallonia
20.16197168	38.10203844	-6.554903	Kephallonia
19.89810274	37.78087164	-8.4432272	Kephallonia
19.90705252	37.78247583	-9.450432	Kephallonia
20.50578281	38.44435072	-14.5222062	Kephallonia
20.34989872	38.18112252	-21.3205089	Kephallonia
20.01082889	37.81690339	-19.3002042	Kephallonia
20.1431044	38.0192593	-12.9971922	Kephallonia
20.16809641	38.12329546	-4.6616974	Kephallonia
20.28390353	38.24745293	-4.5635934	Kephallonia
20.25324579	38.16236427	-10.8700156	Kephallonia
20.54440558	38.48189949	-16.2197543	Kephallonia
20.11089295	38.02126788	-8.2712643	Kephallonia
19.89648361	37.71861464	-16.3624606	Kephallonia
19.89810985	37.76786699	-10.1406325	Kephallonia
20.17727347	38.10349737	-8.4627369	Kephallonia
20.17551914	38.1199561	-6.0811671	Kephallonia
20.40837233	38.34552361	-10.7468801	Kephallonia
20.08094388	37.93881941	-15.139244	Kephallonia
20.03609341	37.93321365	-9.5554218	Kephallonia
20.11008619	37.92695288	-20.5518995	Kephallonia
20.49894482	38.44641189	-13.327517	Kephallonia
19.88410609	37.73339062	-12.7901613	Kephallonia
20.40494967	38.25507585	-20.5207467	Kephallonia
20.04460679	37.98665912	-3.9999992	Kephallonia
20.04047756	37.9144486	-12.3189181	Kephallonia
20.02571593	37.83907885	-18.8634987	Kephallonia
19.95137101	37.82802816	-9.7374181	Kephallonia
20.07244534	37.93009858	-14.9653493	Kephallonia
20.44694562	38.42614151	-7.9000856	Kephallonia
20.1844518	38.04378075	-16.0046908	Kephallonia
20.31348439	38.20512688	-13.5134249	Kephallonia
20.17310676	38.07086266	-11.4857075	Kephallonia
20.11691824	38.05989647	-4.7462741	Kephallonia
20.11420319	37.9335573	-20.2163292	Kephallonia
20.58611367	38.4904052	-21.320507	Kephallonia
20.45843526	38.40933327	-11.2492183	Kephallonia
20.56044048	38.50601255	-16.0269276	Kephallonia
20.49419053	38.37283461	-20.0830377	Kephallonia
20.11493289	38.06404496	-3.9999982	Kephallonia
19.87817183	37.6981817	-16.6060812	Kephallonia
20.36738525	38.23747885	-17.3110812	Kephallonia
19.90093956	37.71209519	-17.8055841	Kephallonia
20.16653005	38.00384988	-18.0108361	Kephallonia
20.04358352	37.83940543	-21.3205089	Kephallonia
20.55465834	38.45247291	-20.7310148	Kephallonia
20.1531629	37.96884479	-20.6533981	Kephallonia
20.13162941	38.01677676	-11.6751502	Kephallonia
20.52833791	38.49265205	-12.805043	Kephallonia
19.97184646	37.87948299	-6.7611276	Kephallonia
20.04113371	37.9636342	-6.6021491	Kephallonia
20.47651177	38.40127405	-14.672413	Kephallonia
20.00938921	37.80561401	-20.3784777	Kephallonia
20.49179115	38.43183523	-13.7806727	Kephallonia
20.22875935	38.07180867	-19.2807467	Kephallonia
20.57865914	38.48006468	-21.3205089	Kephallonia
20.47392445	38.50236159	-3.9999982	Kephallonia
19.92255207	37.83692864	-4.7278234	Kephallonia
20.23328371	38.07628576	-19.4368971	Kephallonia
20.24131387	38.14878578	-11.0307893	Kephallonia
20.21696312	38.1052533	-13.4917736	Kephallonia
20.10383082	38.04441727	-4.668463	Kephallonia
19.85867577	37.76586064	-5.1742125	Kephallonia
19.94526558	37.82751019	-8.9685319	Kephallonia
19.82505998	37.73576309	-4.6494909	Kephallonia
20.05541112	37.99735936	-3.9999992	Kephallonia
19.89107208	37.78132243	-7.44763	Kephallonia
20.53062858	38.50567286	-11.78814	Kephallonia
20.45718035	38.31741612	-20.734923	Kephallonia
20.09152926	37.94428435	-15.8065289	Kephallonia
20.20028961	38.03570681	-19.1229557	Kephallonia
20.18119579	38.1149204	-7.4908268	Kephallonia
20.00439715	37.88504363	-10.6739363	Kephallonia
20.38328163	38.2410496	-19.1128195	Kephallonia
20.3475653	38.18207212	-20.8875031	Kephallonia
20.41821558	38.29138833	-18.2488234	Kephallonia
20.43603673	38.44903093	-3.9999855	Kephallonia
19.9230334	37.77141264	-12.9903142	Kephallonia
19.94424979	37.8197955	-9.7983529	Kephallonia
20.54443429	38.52139417	-12.1426679	Kephallonia
20.43433936	38.34421731	-14.5151398	Kephallonia
20.24904594	38.10660792	-17.5647994	Kephallonia
20.06936723	37.94968031	-12.1724377	Kephallonia
20.44238869	38.44911301	-4.9066056	Kephallonia
20.33069268	38.29665315	-5.4453702	Kephallonia
20.25520163	38.21028027	-4.953879	Kephallonia
20.15420229	38.09580872	-6.1217482	Kephallonia
20.51807196	38.46494447	-14.1957301	Kephallonia
19.97128621	37.90311939	-4.0000656	Kephallonia
20.47156911	38.3468687	-19.4152394	Kephallonia
20.03265453	37.82595668	-21.320505	Kephallonia
20.04620194	37.95295883	-8.6873139	Kephallonia
20.31458131	38.22035975	-11.9254858	Kephallonia
19.91987179	37.70441249	-21.3204757	Kephallonia
20.19273301	38.10044755	-10.9092597	Kephallonia
20.34347221	38.32518248	-3.9999992	Kephallonia
19.79071688	37.69770081	-5.0700158	Kephallonia
20.14779783	38.10710212	-4.000299	Kephallonia
19.98207696	37.81552367	-15.4423341	Kephallonia
19.82931576	37.67631345	-12.9850133	Kephallonia
20.41320374	38.26309495	-20.7519865	Kephallonia
20.44946429	38.30274553	-21.3205089	Kephallonia
20.50826657	38.38941687	-20.4552052	Kephallonia
19.92793229	37.84977048	-4.0000011	Kephallonia
20.45923541	38.31477568	-21.3205089	Kephallonia
20.53935141	38.45795805	-17.9690831	Kephallonia
20.46506004	38.4861435	-4.4037921	Kephallonia
20.39390339	38.23465605	-21.3205089	Kephallonia
19.8684675	37.72929473	-11.2512033	Kephallonia
20.32440956	38.19997347	-15.6216549	Kephallonia
20.42583104	38.39159629	-8.3125363	Kephallonia
20.13932236	38.00291288	-14.3164982	Kephallonia
20.1313299	37.97284473	-17.2488356	Kephallonia
20.05900595	37.91219181	-15.1534603	Kephallonia
20.00220843	37.89127756	-9.6589872	Kephallonia
20.07585528	37.99835695	-6.5578195	Kephallonia
20.3922076	38.27006864	-17.0347721	Kephallonia
20.34279562	38.30213231	-6.514216	Kephallonia
20.4080206	38.28935073	-17.0577111	Kephallonia
20.30337755	38.20627239	-11.9769065	Kephallonia
20.24899327	38.07779973	-21.320507	Kephallonia
20.5916504	38.50848373	-20.2454186	Kephallonia
20.1877364	38.02891596	-18.1382067	Kephallonia
20.53656259	38.42111449	-21.320504	Kephallonia
20.22392875	38.0885916	-16.5905197	Kephallonia
19.90279926	37.77769477	-9.4776132	Kephallonia
20.50526739	38.37646976	-21.3205089	Kephallonia
20.23735387	38.14054755	-11.5820652	Kephallonia
20.35756293	38.27275783	-11.9119622	Kephallonia
20.13282036	38.06315736	-6.5980792	Kephallonia
19.93691974	37.83391083	-7.0527399	Kephallonia
20.19445263	38.1550926	-3.9999962	Kephallonia
20.01935087	37.86175697	-15.4024447	Kephallonia
20.10511767	38.00041115	-10.1352499	Kephallonia
20.12451288	38.00894004	-11.5668978	Kephallonia
20.32189107	38.2484474	-9.7320055	Kephallonia
19.95019	37.76641888	-17.2771027	Kephallonia
20.43505647	38.36331953	-12.4812223	Kephallonia
20.23191345	38.15194882	-9.3717399	Kephallonia
20.05624458	37.89728993	-16.4802389	Kephallonia
20.00778108	37.90024919	-9.4031815	Kephallonia
19.95357444	37.74523455	-20.4530753	Kephallonia
20.18335901	38.10003461	-9.7211803	Kephallonia
20.08235683	37.92250061	-17.2153297	Kephallonia
19.99118712	37.81982679	-16.2265194	Kephallonia
19.8929952	37.79258102	-6.2909093	Kephallonia
19.91946414	37.76766774	-12.9969379	Kephallonia
20.45516706	38.38365108	-13.3530695	Kephallonia
20.43807884	38.30528823	-19.4450216	Kephallonia
19.87295683	37.66329972	-20.474442	Kephallonia
20.43975416	38.35980029	-13.5154537	Kephallonia
20.17223944	38.04082324	-14.6277588	Kephallonia
20.33498727	38.2133447	-15.5648217	Kephallonia
19.98714157	37.77999531	-20.5623908	Kephallonia
19.92031591	37.7115093	-20.4517467	Kephallonia
20.04260026	37.84346765	-20.7224093	Kephallonia
20.40976646	38.41142543	-4.0000001	Kephallonia
20.09267072	38.0314585	-4.5744181	Kephallonia
19.8733182	37.78969595	-3.9999992	Kephallonia
20.22075496	38.07721237	-17.5643263	Kephallonia
19.9913843	37.90800242	-6.2339015	Kephallonia
20.25185303	38.21422134	-3.9998556	Kephallonia
20.41362705	38.28022437	-18.8726437	Kephallonia
20.5201207	38.47900688	-13.0364347	Kephallonia
19.85022337	37.70499246	-12.009382	Kephallonia
19.88920966	37.68663858	-19.5789845	Kephallonia
19.97853047	37.91189663	-3.9999933	Kephallonia
20.27864706	38.1427879	-16.7747911	Kephallonia
19.84208889	37.75801428	-4.0000031	Kephallonia
20.51277691	38.47209339	-12.6974749	Kephallonia
20.13203343	38.0862844	-4.000004	Kephallonia
20.40028532	38.37583309	-6.1975441	Kephallonia
20.56303815	38.54098334	-12.7844063	Kephallonia
20.32832715	38.18285617	-18.2236857	Kephallonia
20.08589192	38.02280976	-4.6278683	Kephallonia
20.57454532	38.53432251	-15.1223363	Kephallonia
19.88077572	37.78666059	-5.3856725	Kephallonia
20.02085468	37.94753432	-5.7932584	Kephallonia
20.26532873	38.22242634	-4.8396369	Kephallonia
19.87109827	37.71002979	-14.1189651	Kephallonia
20.37176397	38.27168647	-14.007867	Kephallonia
20.44891865	38.37296671	-13.5208623	Kephallonia
20.3810421	38.21901625	-21.3205089	Kephallonia
20.05033216	37.96019961	-8.2692374	Kephallonia
20.03231519	37.9533917	-6.714694	Kephallonia
19.89772958	37.80987994	-4.7655529	Kephallonia
19.92492141	37.77768596	-12.4599249	Kephallonia
20.02799024	37.95793492	-5.5914415	Kephallonia
20.24798184	38.1742925	-8.6318827	Kephallonia
19.95350403	37.85079582	-7.4539523	Kephallonia
20.49673427	38.4219577	-15.4978434	Kephallonia
20.50671217	38.49451887	-9.5114403	Kephallonia
20.33881139	38.31275791	-4.7561027	Kephallonia
20.14488361	38.04796856	-9.9999335	Kephallonia
20.15155512	37.96223525	-21.3205089	Kephallonia
20.48085543	38.51198361	-3.9999992	Kephallonia
20.50203577	38.48281283	-10.0499916	Kephallonia
19.93032757	37.83416699	-6.1215231	Kephallonia
20.55650116	38.49316309	-16.7901119	Kephallonia
20.47156522	38.43873699	-10.1650184	Kephallonia
20.52821846	38.44819063	-17.3624996	Kephallonia
20.35521286	38.33557143	-4.4614288	Kephallonia
19.91978147	37.79165019	-10.0202648	Kephallonia
20.13757307	38.00115857	-14.3055413	Kephallonia
20.29187428	38.2362159	-6.9559884	Kephallonia
20.5118569	38.45758397	-14.0499452	Kephallonia
20.5951251	38.50290226	-21.3205089	Kephallonia
20.06617465	37.99053058	-6.3240602	Kephallonia
19.96462457	37.81118522	-13.6230515	Kephallonia
20.23082158	38.16654749	-7.3450436	Kephallonia
19.95832452	37.88330024	-4.4407941	Kephallonia
20.4944353	38.36085344	-21.3205099	Kephallonia
20.11422388	37.92526756	-21.3205089	Kephallonia
19.87992709	37.75558824	-9.3348507	Kephallonia
20.35189834	38.18355652	-21.3205089	Kephallonia
20.1735477	38.09539048	-8.9121608	Kephallonia
20.35844611	38.19785476	-20.5972418	Kephallonia
20.51545721	38.55998979	-3.9999992	Kephallonia
19.86319795	37.66951993	-18.3670568	Kephallonia
20.02877102	37.97097114	-3.9999992	Kephallonia
20.46171374	38.35250206	-17.4230509	Kephallonia
20.3635221	38.31577786	-7.8605787	Kephallonia
20.49705276	38.40830495	-16.9335133	Kephallonia
20.03102053	37.96670045	-4.8634909	Kephallonia
20.43371425	38.40565295	-8.0429098	Kephallonia
20.47573743	38.38157327	-16.5370724	Kephallonia
20.46893523	38.40762806	-12.9390003	Kephallonia
20.07615993	37.9459147	-13.5668751	Kephallonia
19.99033012	37.87615795	-9.7182272	Kephallonia
20.20064134	38.02939346	-19.8861535	Kephallonia
19.89847639	37.68271742	-21.3205089	Kephallonia
19.94629219	37.86727876	-4.5781393	Kephallonia
20.41442889	38.41061615	-4.7555739	Kephallonia
20.10578981	37.95601753	-16.1243558	Kephallonia
20.19221866	38.06372016	-14.965372	Kephallonia
20.07473561	37.90151608	-18.565464	Kephallonia
20.20295853	38.08862544	-13.8077335	Kephallonia
20.44510918	38.32396966	-18.3097169	Kephallonia
20.41924232	38.26551042	-21.3202902	Kephallonia
20.09943125	37.93764205	-17.7292101	Kephallonia
19.92953319	37.84418039	-4.8572286	Kephallonia
20.15023688	38.08400362	-6.8281154	Kephallonia
19.78097499	37.696	-3.9999992	Kephallonia
20.33591279	38.18017136	-19.5795514	Kephallonia
19.81058486	37.70899667	-6.2290011	Kephallonia
20.54887017	38.49869554	-15.1243663	Kephallonia
20.05513222	37.98585205	-5.4925411	Kephallonia
19.83686339	37.74304011	-5.2634713	Kephallonia
20.51870887	38.45035278	-15.7733168	Kephallonia
20.07081536	37.90867132	-17.199109	Kephallonia
20.14576756	37.97132729	-19.3502999	Kephallonia
20.28802654	38.11737883	-21.3205187	Kephallonia
20.09026492	37.96988621	-12.2380666	Kephallonia
20.1311641	38.04712278	-8.1799855	Kephallonia
20.02095649	37.96322743	-3.9999992	Kephallonia
20.58015414	38.4859094	-20.930797	Kephallonia
19.93478234	37.85410057	-4.4654894	Kephallonia
20.29713647	38.12662026	-21.3200783	Kephallonia
20.07436811	37.98195862	-8.5415587	Kephallonia
20.35698894	38.20992886	-19.014715	Kephallonia
19.98890609	37.84001494	-13.6188012	Kephallonia
20.05586857	37.88500388	-17.8381383	Kephallonia
20.14082496	37.98665842	-16.6619437	Kephallonia
20.31414128	38.16434501	-18.7224318	Kephallonia
20.21475474	38.1759025	-3.9999992	Kephallonia
19.90657706	37.79204632	-8.1897599	Kephallonia
20.24887293	38.14006148	-13.1700859	Kephallonia
20.20767294	38.02788082	-21.0390499	Kephallonia
20.2565459	38.21908268	-3.9999992	Kephallonia
20.09251884	38.03635351	-3.9999992	Kephallonia
19.99885798	37.80601538	-18.8845021	Kephallonia
20.00010727	37.92126343	-5.9248766	Kephallonia
19.9636052	37.82211942	-12.1180789	Kephallonia
20.18939564	38.11197312	-8.9620553	Kephallonia
20.2637847	38.16490571	-11.945783	Kephallonia
20.36068301	38.2970824	-9.5804633	Kephallonia
19.84725152	37.66900516	-16.3192111	Kephallonia
19.88668032	37.80408688	-3.9999972	Kephallonia
19.94280751	37.76635558	-16.2892894	Kephallonia
20.31341366	38.24819789	-8.5818158	Kephallonia
20.02055268	37.81490305	-20.8848117	Kephallonia
20.45310689	38.34642922	-16.8807868	Kephallonia
20.17636189	38.09944256	-8.8713981	Kephallonia
19.98649896	37.91782529	-4.4276017	Kephallonia
19.8937703	37.73084512	-14.4044917	Kephallonia
20.20681866	38.02433754	-21.3205089	Kephallonia
20.17005507	38.09991521	-7.9296256	Kephallonia
19.85467611	37.77078654	-3.9999982	Kephallonia
20.17220186	37.98952782	-20.4220065	Kephallonia
20.44426208	38.38610301	-11.529684	Kephallonia
20.28825477	38.21106538	-9.3260568	Kephallonia
20.45257044	38.46410099	-4.8482692	Kephallonia
20.52693686	38.53354976	-8.3781652	Kephallonia
20.27329416	38.21227663	-7.1068571	Kephallonia
20.25821748	38.15150686	-12.9307937	Kephallonia
19.98074315	37.90638238	-4.9404884	Kephallonia
19.98924265	37.81260491	-16.7738746	Kephallonia
20.21955686	38.16580573	-5.9404323	Kephallonia
20.15861143	38.0306112	-13.8794572	Kephallonia
20.18217529	38.03674342	-16.4765233	Kephallonia
20.18830341	38.0733547	-13.3740376	Kephallonia
19.85113897	37.72933643	-8.9477965	Kephallonia
20.02023715	37.81067181	-21.320507	Kephallonia
19.9332121	37.77448194	-13.978827	Kephallonia
19.97358131	37.83258388	-12.3219627	Kephallonia
19.92860682	37.76718425	-14.2732078	Kephallonia
20.16512852	37.99056733	-19.3394747	Kephallonia
20.31747862	38.17690032	-17.548069	Kephallonia
20.16668491	38.05089417	-12.7193299	Kephallonia
20.29133711	38.24617865	-5.7428761	Kephallonia
20.16444619	38.04567815	-12.9903829	Kephallonia
20.36093562	38.22377511	-17.9808976	Kephallonia
19.79932247	37.68852993	-7.4099752	Kephallonia
20.21604153	38.03604573	-21.3204122	Kephallonia
20.20996225	38.16720985	-4.4816964	Kephallonia
19.8772448	37.72152206	-13.4311618	Kephallonia
20.5584747	38.46479506	-20.0042042	Kephallonia
19.91746838	37.72136075	-18.7867057	Kephallonia
20.14092905	38.0980266	-3.9999513	Kephallonia
20.1388502	37.95941564	-20.0234996	Kephallonia
20.30693738	38.13674941	-21.3205441	Kephallonia
19.80730881	37.72272542	-4.0000011	Kephallonia
19.97124654	37.85968522	-8.9228134	Kephallonia
20.19312185	38.03723209	-17.9479938	Kephallonia
20.31655229	38.27195135	-6.3030851	Kephallonia
20.20379949	38.16458071	-3.9996847	Kephallonia
19.8220568	37.69175441	-10.0041613	Kephallonia
19.90401558	37.72902344	-16.0012199	Kephallonia
20.11703076	38.04524707	-6.4181076	Kephallonia
20.16468193	37.99258989	-19.0255407	Kephallonia
19.99430699	37.80961495	-17.8231749	Kephallonia
20.0197288	37.8262611	-19.4815534	Kephallonia
20.49674998	38.51066253	-6.4153991	Kephallonia
20.22256938	38.05455416	-20.2572457	Kephallonia
20.06009765	37.95486089	-10.2639667	Kephallonia
20.5373811	38.49048052	-14.3259994	Kephallonia
20.47559451	38.33490965	-21.320506	Kephallonia
20.17106506	38.01744893	-17.1067506	Kephallonia
20.4831159	38.41943464	-13.792864	Kephallonia
19.9612363	37.8607509	-7.4045631	Kephallonia
20.44704353	38.41344334	-9.1894049	Kephallonia
20.0290828	37.88442655	-14.1805637	Kephallonia
20.46245095	38.37467271	-15.3073854	Kephallonia
20.47813986	38.35671134	-19.3787321	Kephallonia
20.03451741	37.87760162	-15.7200338	Kephallonia
20.46042084	38.34184735	-18.4193126	Kephallonia
20.47170694	38.47141339	-6.8602799	Kephallonia
20.38311653	38.27075119	-15.6924	Kephallonia
20.51313745	38.41052321	-19.0241691	Kephallonia
20.30407993	38.16186907	-17.7021456	Kephallonia
20.47311621	38.49751814	-4.3842931	Kephallonia
20.49987503	38.53171158	-4.6887614	Kephallonia
19.96917825	37.75457088	-21.320382	Kephallonia
19.83174111	37.70249371	-9.8849142	Kephallonia
19.83834205	37.67263575	-14.6629373	Kephallonia
20.44351331	38.35102407	-15.0228781	Kephallonia
19.9431149	37.72799388	-21.3205089	Kephallonia
20.10192086	37.97798139	-12.6961132	Kephallonia
20.39611189	38.24427268	-20.5278956	Kephallonia
20.12519534	38.0208789	-10.3128517	Kephallonia
20.47517197	38.48128475	-6.3547057	Kephallonia
20.42305182	38.40153832	-6.9133624	Kephallonia
19.8778322	37.79454388	-3.9999435	Kephallonia
19.8824373	37.78185504	-6.2340548	Kephallonia
19.92865841	37.80324924	-9.7661723	Kephallonia
20.37903279	38.25990694	-16.3658981	Kephallonia
20.15259529	38.07307346	-8.3375783	Kephallonia
19.80712696	37.68535171	-8.860567	Kephallonia
20.54232395	38.5328033	-10.6609533	Kephallonia
19.9713211	37.79797473	-16.1791566	Kephallonia
20.44824248	38.3085482	-20.493047	Kephallonia
20.49225662	38.39501101	-17.5779611	Kephallonia
20.10089767	38.01854707	-7.1826437	Kephallonia
19.94647252	37.73540508	-20.7968307	Kephallonia
19.88455202	37.66859233	-21.320507	Kephallonia
19.81370812	37.68267132	-10.0838283	Kephallonia
20.05875859	37.97106815	-7.9343263	Kephallonia
20.37294944	38.34397731	-5.9830636	Kephallonia
20.19033848	38.04198111	-17.0329445	Kephallonia
20.00237859	37.84858454	-14.5276213	Kephallonia
20.08250959	38.02418513	-3.9999992	Kephallonia
20.29483947	38.22346667	-8.8250468	Kephallonia
20.01369484	37.83665294	-17.4606061	Kephallonia
19.9655581	37.75075029	-21.3203995	Kephallonia
20.42814535	38.34937906	-13.0668901	Kephallonia
20.13215082	38.00583197	-12.9850136	Kephallonia
20.20520944	38.06870554	-16.2724894	Kephallonia
19.8445257	37.67947179	-14.589699	Kephallonia
20.31908809	38.29097708	-4.4803405	Kephallonia
20.23281716	38.15932551	-8.5412028	Kephallonia
19.87415232	37.65803973	-21.3205089	Kephallonia
20.23848881	38.11373566	-15.2353268	Kephallonia
20.25412595	38.18862643	-7.6024625	Kephallonia
19.9110184	37.70147934	-20.5302614	Kephallonia
20.54217013	38.45315019	-18.8675216	Kephallonia
19.99688183	37.81263157	-17.8374625	Kephallonia
20.0253011	37.96146098	-4.8064425	Kephallonia
19.95993759	37.87182419	-5.9675016	Kephallonia
20.02974959	37.9212237	-10.0499989	Kephallonia
19.85364762	37.67485435	-16.4031073	Kephallonia
20.24304246	38.09237923	-18.6280485	Kephallonia
20.47281125	38.43130378	-11.1007042	Kephallonia
20.26165298	38.09064037	-21.3205089	Kephallonia
20.42677981	38.43592645	-4.0003136	Kephallonia
20.57860814	38.50779503	-18.4470631	Kephallonia
19.98439618	37.77097827	-21.3205079	Kephallonia
20.32853913	38.15905989	-21.3205079	Kephallonia
19.82813221	37.74384799	-3.9999757	Kephallonia
20.09100429	37.90306137	-20.649339	Kephallonia
20.3950793	38.25333026	-19.3486315	Kephallonia
20.31721971	38.14737008	-21.3205089	Kephallonia
19.86318114	37.7443581	-8.5818102	Kephallonia
19.93314188	37.79693383	-11.1609474	Kephallonia
20.44883603	38.3998954	-10.8077721	Kephallonia
20.34657911	38.25928511	-11.9254855	Kephallonia
20.32954492	38.16961521	-20.0935294	Kephallonia
19.95490785	37.75600862	-19.2200993	Kephallonia
20.3103891	38.28460267	-3.9999992	Kephallonia
20.27793883	38.1322546	-18.0401486	Kephallonia
19.90502705	37.74356527	-14.2346586	Kephallonia
20.03081804	37.8705644	-16.0040245	Kephallonia
19.87802617	37.68466156	-18.3543702	Kephallonia
20.43098746	38.27998885	-21.3205285	Kephallonia
20.36046881	38.19398722	-21.3205089	Kephallonia
19.96764306	37.88851278	-5.1501813	Kephallonia
20.3769994	38.32559192	-8.6291762	Kephallonia
19.92059966	37.75962514	-14.2001932	Kephallonia
19.94509484	37.83788332	-7.7438668	Kephallonia
19.7921584	37.69144702	-6.0784611	Kephallonia
20.27272161	38.16464179	-13.1697192	Kephallonia
20.15819139	37.99339185	-18.0512619	Kephallonia
19.89716051	37.81538592	-3.9999992	Kephallonia
20.39694583	38.31046853	-13.1226954	Kephallonia
20.36574248	38.29153302	-10.913966	Kephallonia
20.47801953	38.4257066	-12.4208106	Kephallonia
19.99488068	37.78227661	-21.3205089	Kephallonia
20.35929986	38.25371517	-14.3307349	Kephallonia
20.43406504	38.36025393	-12.6602543	Kephallonia
20.55916392	38.48452215	-18.0647946	Kephallonia
19.93513194	37.74496177	-18.0438151	Kephallonia
20.07655115	37.87971453	-21.320505	Kephallonia
20.10906124	38.0152264	-8.6981871	Kephallonia
20.23659573	38.12577692	-13.4115985	Kephallonia
20.02290114	37.87865812	-13.9811477	Kephallonia
20.16832935	38.12859893	-3.9999992	Kephallonia
20.21196767	38.13645454	-8.7546864	Kephallonia
20.29949322	38.20162633	-11.9674351	Kephallonia
20.50388908	38.47132824	-11.502247	Kephallonia
19.98303568	37.81328193	-15.8428981	Kephallonia
20.01833776	37.96012075	-4.0004865	Kephallonia
20.52430484	38.41222334	-20.4599049	Kephallonia
20.20246701	38.11164153	-10.7370686	Kephallonia
20.3439918	38.1794658	-20.7460114	Kephallonia
20.37285404	38.23088472	-18.8252726	Kephallonia
20.26068625	38.22412429	-3.9999992	Kephallonia
20.17876532	38.1312588	-5.035171	Kephallonia
20.38403469	38.356355	-6.127173	Kephallonia
20.35424044	38.28443049	-10.1145951	Kephallonia
20.1396726	38.0659709	-7.2664943	Kephallonia
20.4632084	38.36329723	-16.5580697	Kephallonia
19.87054243	37.65951149	-20.6493385	Kephallonia
19.86700715	37.68326991	-17.0749533	Kephallonia
19.9424157	37.80863758	-10.9471453	Kephallonia
20.26925325	38.23455435	-3.9999992	Kephallonia
19.92296365	37.81203889	-7.8984684	Kephallonia
20.2232619	38.13534896	-10.3950587	Kephallonia
20.22398419	38.12681054	-11.6061439	Kephallonia
20.08989071	37.93517693	-16.8009474	Kephallonia
20.42339019	38.36325909	-10.8304335	Kephallonia
19.8821655	37.74452437	-11.0777274	Kephallonia
20.30210291	38.27452563	-3.9999992	Kephallonia
19.81628596	37.72375352	-5.0561452	Kephallonia
20.43665294	38.31271007	-18.4057911	Kephallonia
20.14271208	37.95348118	-21.3205089	Kephallonia
20.54505713	38.50887341	-13.5259412	Kephallonia
20.09708827	38.01825641	-6.7063292	Kephallonia
20.34780451	38.2027316	-18.5600519	Kephallonia
20.00452384	37.87761711	-11.5337614	Kephallonia
19.91463055	37.82879656	-4.6779244	Kephallonia
20.35252886	38.31002643	-6.9783151	Kephallonia
19.92293374	37.8396028	-4.4546632	Kephallonia
20.3627262	38.24604005	-15.684577	Kephallonia
20.36295998	38.33321484	-5.808505	Kephallonia
19.90762039	37.75642862	-12.897058	Kephallonia
20.46441981	38.41855148	-11.1896842	Kephallonia
20.52542094	38.51986528	-9.5750382	Kephallonia
19.89596144	37.74503146	-12.8409008	Kephallonia
19.93920945	37.86365742	-4.0000011	Kephallonia
20.23838698	38.06553973	-21.3205744	Kephallonia
20.22648829	38.04983749	-21.3205197	Kephallonia
20.25988495	38.1426952	-14.2878375	Kephallonia
20.37737773	38.2805629	-13.7778146	Kephallonia
20.06164936	37.94667269	-11.5560714	Kephallonia
19.82333531	37.71043513	-7.7320285	Kephallonia
20.38435149	38.25301263	-17.8936183	Kephallonia
20.48423899	38.44163715	-11.6954559	Kephallonia
20.32635263	38.30407912	-3.9999054	Kephallonia
20.34938939	38.1871582	-20.5600289	Kephallonia
20.31065908	38.23322199	-9.9102853	Kephallonia
20.08328601	38.00956343	-6.045986	Kephallonia
19.84460347	37.75558545	-4.6508732	Kephallonia
20.09043676	37.89652862	-21.3205089	Kephallonia
20.58525576	38.52266704	-17.8624972	Kephallonia
19.99552957	37.9324909	-3.9999992	Kephallonia
19.97592171	37.81525773	-14.6356715	Kephallonia
19.88425067	37.79491492	-4.8192892	Kephallonia
20.26174206	38.1165026	-17.9538346	Kephallonia
20.60014795	38.5222522	-20.0399059	Kephallonia
20.27515768	38.10832139	-20.7995368	Kephallonia
19.95766397	37.82546598	-10.9065531	Kephallonia
20.34767426	38.17881363	-21.3204874	Kephallonia
20.39052814	38.33015647	-9.9989174	Kephallonia
20.10353915	38.00972257	-8.6897567	Kephallonia
20.2149535	38.15119807	-7.2238712	Kephallonia
20.32104391	38.26327723	-7.9191041	Kephallonia
20.3462018	38.29167462	-8.1713029	Kephallonia
20.23057142	38.19224513	-3.9999982	Kephallonia
20.01516632	37.91299595	-8.96713	Kephallonia
19.9905421	37.86122144	-11.4420693	Kephallonia
20.22507831	38.11918718	-12.7468565	Kephallonia
20.02223824	37.88995999	-12.5939761	Kephallonia
20.32944743	38.27650523	-7.5750382	Kephallonia
19.91631593	37.77219023	-11.989017	Kephallonia
20.35309948	38.22903488	-16.2901183	Kephallonia
20.26959594	38.20532642	-7.5086466	Kephallonia
20.52130344	38.4713339	-13.9985126	Kephallonia
19.94362114	37.83118298	-8.2976442	Kephallonia
20.38133778	38.37181801	-3.9999552	Kephallonia
19.92403023	37.74447228	-16.6358485	Kephallonia
19.87686788	37.7895154	-4.4972531	Kephallonia
20.36565411	38.26368026	-14.0746444	Kephallonia
20.03890313	37.95407557	-7.5507042	Kephallonia
20.44107691	38.36322	-13.3638994	Kephallonia
20.39612012	38.27982232	-16.4761151	Kephallonia
20.55798307	38.45137638	-21.3207511	Kephallonia
20.23646502	38.06815596	-20.7673366	Kephallonia
20.42317307	38.36653723	-10.4410956	Kephallonia
20.55140141	38.46830806	-18.6270226	Kephallonia
20.22770344	38.11186791	-14.0506307	Kephallonia
20.02696227	37.85198872	-17.5728966	Kephallonia
20.30581796	38.19384239	-13.8110411	Kephallonia
20.28851135	38.13887502	-18.5928395	Kephallonia
20.45090413	38.35526926	-15.5831168	Kephallonia
20.25178775	38.11870524	-16.3476246	Kephallonia
20.4210028	38.35610661	-11.3091135	Kephallonia
20.07058229	37.91907021	-15.9728026	Kephallonia
20.48278357	38.3968822	-16.0201488	Kephallonia
20.00788954	37.93293828	-5.6667619	Kephallonia
20.04310779	37.92706902	-11.2356932	Kephallonia
20.00279955	37.80861689	-19.1171237	Kephallonia
20.38745003	38.37675618	-4.2920411	Kephallonia
20.20460597	38.15042904	-5.9539469	Kephallonia
20.43883506	38.35675234	-13.7208906	Kephallonia
20.17822812	38.04928356	-14.5316221	Kephallonia
20.19438513	38.0921129	-12.2164062	Kephallonia
20.49323455	38.51977618	-4.9698815	Kephallonia
20.00126443	37.79623649	-20.4342081	Kephallonia
20.16227554	38.08773385	-8.1352623	Kephallonia
20.4077766	38.37903085	-6.9607252	Kephallonia
19.90705224	37.7661829	-11.5466198	Kephallonia
20.06541258	37.89371599	-18.1649279	Kephallonia
20.12596377	37.97996202	-15.5966212	Kephallonia
20.07610468	37.93809565	-14.5561622	Kephallonia
20.45242849	38.35154627	-16.2052284	Kephallonia
19.84873325	37.73906291	-7.3574889	Kephallonia
19.8545302	37.66603866	-17.6723761	Kephallonia
20.46637007	38.34956367	-18.3920968	Kephallonia
20.04890017	37.89945319	-15.2109703	Kephallonia
20.15300038	38.10500203	-4.9636046	Kephallonia
20.49300671	38.46550888	-10.5287042	Kephallonia
19.84981682	37.75167073	-5.853838	Kephallonia
20.09700432	37.95775114	-14.7377003	Kephallonia
20.1226014	38.07382835	-3.9999699	Kephallonia
20.33755814	38.27041336	-9.3991276	Kephallonia
20.46257461	38.42465128	-10.3030529	Kephallonia
20.11454697	37.96593644	-15.9585927	Kephallonia
20.41487228	38.34075245	-12.1934134	Kephallonia
20.18791819	38.05324125	-15.4816154	Kephallonia
20.02063658	37.95848954	-4.5063297	Kephallonia
20.45932936	38.431072	-9.1822728	Kephallonia
20.21212494	38.03088834	-21.3205089	Kephallonia
19.92990002	37.82281247	-7.4857575	Kephallonia
20.19822437	38.04396805	-17.9401325	Kephallonia
20.30928424	38.15409619	-19.396985	Kephallonia
19.83806885	37.71342134	-9.2956146	Kephallonia
20.15255854	38.01545001	-14.7481871	Kephallonia
20.13018596	37.94107805	-21.3205089	Kephallonia
20.4373972	38.39092776	-10.0527059	Kephallonia
20.49060573	38.36188667	-20.6628698	Kephallonia
20.0819023	37.89344426	-20.4883117	Kephallonia
19.92329271	37.82852085	-5.8805841	Kephallonia
19.89232853	37.69702816	-18.6341393	Kephallonia
19.88631882	37.70896368	-16.2765878	Kephallonia
20.0376666	37.90157766	-13.4055119	Kephallonia
19.90826324	37.82735301	-4.0000001	Kephallonia
20.17328957	37.98724406	-20.8550197	Kephallonia
20.05541126	37.949211	-10.3977926	Kephallonia
20.43064539	38.37619361	-10.5537164	Kephallonia
20.53425902	38.4717398	-15.8144889	Kephallonia
20.50625315	38.51823817	-6.9952291	Kephallonia
20.01445903	37.84920708	-16.1433004	Kephallonia
20.12636593	37.94847108	-19.8352404	Kephallonia
20.2436861	38.16361941	-9.4353226	Kephallonia
20.52001843	38.4356456	-17.4585783	Kephallonia
19.96554485	37.75357068	-20.9545109	Kephallonia
19.93553249	37.83940014	-6.2367814	Kephallonia
20.33441129	38.25993479	-10.1596041	Kephallonia
20.46626916	38.34618157	-18.7424293	Kephallonia
19.81030558	37.68851601	-8.8686879	Kephallonia
20.12571008	38.05828819	-6.1559816	Kephallonia
20.21704813	38.062258	-18.6454293	Kephallonia
19.86869418	37.77875264	-4.8172462	Kephallonia
20.47376834	38.46090414	-8.2266085	Kephallonia
20.26933678	38.19449179	-8.8713905	Kephallonia
20.39951962	38.37278078	-6.4245787	Kephallonia
20.14694164	38.06154559	-8.7739049	Kephallonia
20.12355132	37.95994691	-17.9396261	Kephallonia
20.30431867	38.24932204	-7.1887335	Kephallonia
20.40983723	38.326908	-13.0590993	Kephallonia
20.4545493	38.47523694	-3.9999816	Kephallonia
20.01217406	37.95264632	-3.9999992	Kephallonia
20.51862157	38.39571432	-21.3208175	Kephallonia
19.91243579	37.73078541	-16.887546	Kephallonia
20.38613899	38.23158239	-20.592505	Kephallonia
19.97840504	37.82355823	-14.0188395	Kephallonia
19.98130404	37.8446577	-12.0310316	Kephallonia
20.10163686	37.91467403	-20.7933795	Kephallonia
19.95502921	37.76296171	-18.3623649	Kephallonia
20.53925793	38.43742082	-20.0486715	Kephallonia
20.19893937	38.12397582	-8.6588619	Kephallonia
19.99985244	37.82793601	-16.5167731	Kephallonia
19.92688109	37.73526326	-18.2177013	Kephallonia
19.98728049	37.92249849	-4.0000001	Kephallonia
20.46689964	38.33369489	-20.2461124	Kephallonia
20.47041297	38.4143725	-12.4763925	Kephallonia
20.32702581	38.23499927	-11.9829952	Kephallonia
20.51648922	38.53598498	-6.628861	Kephallonia
19.90835376	37.70974598	-19.0958668	Kephallonia
20.37305502	38.35602899	-4.6332809	Kephallonia
20.51081088	38.54366095	-5.0216393	Kephallonia
20.10545731	38.05234041	-3.9999992	Kephallonia
20.50288272	38.39467825	-19.148797	Kephallonia
20.0811361	37.9719533	-10.7619334	Kephallonia
20.41610879	38.36940659	-9.1312006	Kephallonia
20.52913178	38.46414388	-15.8648002	Kephallonia
20.42015307	38.42640333	-4.0000177	Kephallonia
20.14995889	37.98468392	-18.1260245	Kephallonia
20.0056087	37.82248154	-17.9389489	Kephallonia
20.06533137	37.96675358	-9.3727401	Kephallonia
20.19230838	38.13007078	-6.9844054	Kephallonia
20.55323459	38.44469968	-21.3205011	Kephallonia
20.13085334	38.00337772	-13.1253441	Kephallonia
20.29588615	38.15049252	-18.0776495	Kephallonia
20.26281861	38.21653421	-5.163777	Kephallonia
20.49213331	38.48862464	-8.0297033	Kephallonia
20.45951844	38.34990957	-17.3800475	Kephallonia
20.42132113	38.33515375	-13.7265477	Kephallonia
19.93060511	37.71530313	-21.320506	Kephallonia
20.09486204	37.98788747	-10.450536	Kephallonia
19.95913712	37.7530807	-20.1649035	Kephallonia
20.41024295	38.26934522	-19.6316979	Kephallonia
20.42582969	38.31695818	-16.4156234	Kephallonia
19.83758481	37.69472706	-11.6751505	Kephallonia
20.34489845	38.19193583	-19.3895416	Kephallonia
20.34460366	38.23688105	-14.211996	Kephallonia
20.48391332	38.35060991	-20.8259249	Kephallonia
20.30801165	38.27566006	-4.6918121	Kephallonia
20.16176224	38.11179043	-5.3247496	Kephallonia
20.1884574	38.14478726	-4.552091	Kephallonia
20.11547526	38.01261712	-9.8889728	Kephallonia
20.0875972	37.91219232	-19.1273649	Kephallonia
19.86732416	37.73989579	-9.7144142	Kephallonia
20.24140973	38.20344033	-3.9999982	Kephallonia
20.28863116	38.18753991	-12.3361797	Kephallonia
20.50832675	38.43352559	-15.9903932	Kephallonia
20.04544871	37.8761834	-17.4017321	Kephallonia
20.56971212	38.49388559	-18.6094425	Kephallonia
20.05057759	37.9379656	-11.0229196	Kephallonia
19.96476425	37.83232378	-11.1203233	Kephallonia
20.53400294	38.42499038	-20.5573234	Kephallonia
20.11882247	38.06884867	-3.9999992	Kephallonia
20.1559084	37.99616194	-17.3963263	Kephallonia
20.3972285	38.38394663	-4.9418038	Kephallonia
20.06489128	37.86559234	-21.3207413	Kephallonia
19.803736	37.71287858	-4.8132511	Kephallonia
20.48564257	38.41083246	-15.032736	Kephallonia
20.43962391	38.29620822	-20.6885802	Kephallonia
20.05779221	37.97992781	-6.6298756	Kephallonia
20.22306699	38.15634775	-7.6263497	Kephallonia
19.95189549	37.79186547	-14.3241414	Kephallonia
20.36497314	38.34754619	-4.4668419	Kephallonia
20.58795593	38.51639138	-18.8983424	Kephallonia
20.36944458	38.35717629	-4.0000021	Kephallonia
20.40646888	38.36253959	-8.5544137	Kephallonia
20.27401479	38.12455645	-18.5268785	Kephallonia
20.00996365	37.94575526	-4.4837262	Kephallonia
20.10134677	37.90973418	-21.3204738	Kephallonia
20.06958884	38.00529349	-4.8112218	Kephallonia
20.3184151	38.18858079	-16.1662123	Kephallonia
20.20259776	38.08614195	-14.0277363	Kephallonia
20.26445165	38.12500338	-17.2021837	Kephallonia
19.78648983	37.7015982	-4.0000001	Kephallonia
20.22042671	38.17494535	-4.8785133	Kephallonia
19.95120022	37.82486396	-10.0997355	Kephallonia
19.96079267	37.75712185	-19.8695568	Kephallonia
19.95695706	37.82043167	-11.4314161	Kephallonia
20.43124624	38.29468624	-19.6926515	Kephallonia
19.88710278	37.78605589	-6.3105866	Kephallonia
20.22731658	38.14734601	-9.3645939	Kephallonia
19.97727634	37.89182536	-6.1190875	Kephallonia
19.98266426	37.89808405	-6.1597911	Kephallonia
20.34292164	38.22590555	-15.23262	Kephallonia
20.50997363	38.50716674	-8.6724784	Kephallonia
20.51475788	38.40046995	-20.2816022	Kephallonia
20.30673903	38.26240704	-6.0297467	Kephallonia
20.09222346	37.93088065	-17.6252545	Kephallonia
20.34922806	38.21477098	-17.3821217	Kephallonia
20.08655234	38.02438112	-4.5196149	Kephallonia
20.55930307	38.51630966	-14.7996071	Kephallonia
20.57334816	38.52173672	-16.251891	Kephallonia
20.09386343	37.92179495	-18.8956515	Kephallonia
20.60838529	38.5212854	-21.320507	Kephallonia
20.15647189	38.10752937	-5.1799064	Kephallonia
20.05998723	37.94205959	-11.8614016	Kephallonia
19.94899863	37.87570864	-3.9999992	Kephallonia
20.25260736	38.13150464	-14.783848	Kephallonia
20.42055993	38.32403553	-14.8794445	Kephallonia
20.11491382	38.00877672	-10.3108759	Kephallonia
20.28049417	38.20154883	-9.4463705	Kephallonia
20.40518294	38.33325574	-11.691388	Kephallonia
19.93426303	37.81525745	-9.0196054	Kephallonia
19.9072839	37.81906225	-4.9052658	Kephallonia
19.86380187	37.71625478	-12.3375248	Kephallonia
19.84791735	37.69534516	-12.9647162	Kephallonia
19.93340538	37.72423153	-20.5248473	Kephallonia
20.49274162	38.45433135	-11.6281259	Kephallonia
19.95323448	37.83187501	-9.5615062	Kephallonia
20.35841585	38.30379401	-8.5046852	Kephallonia
20.21275631	38.08463926	-15.6263886	Kephallonia
20.16778758	38.10292896	-7.2800656	Kephallonia
20.11088807	37.92129118	-21.3208634	Kephallonia
20.44571325	38.42038932	-8.300464	Kephallonia
20.29147156	38.1247992	-20.8060695	Kephallonia
20.44117897	38.33321651	-16.7145053	Kephallonia
20.29610758	38.13048245	-20.6858068	Kephallonia
20.53627943	38.54895344	-8.1252067	Kephallonia
