19.459741	39.822	-2.0000002	Kerkyra
19.51054495	39.78157487	-2.555468	Kerkyra
19.71907264	39.75354079	-9.5445305	Kerkyra
20.5724838	39.03815285	-10.7734348	Kerkyra
19.46849083	39.82588829	-2.5499993	Kerkyra
20.21996333	39.32582575	-7.9957033	Kerkyra
19.9505707	39.5913043	-11.4765627	Kerkyra
20.42387134	39.13209503	-7.8534462	Kerkyra
20.14643181	39.35268337	-7.2722646	Kerkyra
19.79645348	39.65574665	-7.3437498	Kerkyra
20.59592976	39.02275179	-11.4486321	Kerkyra
20.23328054	39.31310504	-7.9058597	Kerkyra
20.02626765	39.43884025	-8.5313024	Kerkyra
20.41817314	39.11323701	-6.8750789	Kerkyra
20.68978919	38.90424664	-12.0000002	Kerkyra
19.52902038	39.77560615	-3.1234368	Kerkyra
19.53315258	39.74438812	-1.9999988	Kerkyra
19.84814327	39.68467207	-10.8502871	Kerkyra
20.52992715	39.10741839	-11.6242195	Kerkyra
19.48430119	39.83291268	-3.5437507	Kerkyra
20.40382893	39.0881043	-5.1984398	Kerkyra
20.49921205	38.97556562	-5.2271498	Kerkyra
20.63219994	38.97186751	-11.623697	Kerkyra
19.49812389	39.83905242	-4.4124998	Kerkyra
20.21085117	39.34735363	-8.8423828	Kerkyra
20.22697637	39.27838361	-5.9203882	Kerkyra
20.50405626	39.1445622	-11.9999993	Kerkyra
20.64888072	38.94623296	-11.5210935	Kerkyra
19.87001226	39.46252539	-2.9656252	Kerkyra
19.75193209	39.57677913	-2.0000007	Kerkyra
20.03383173	39.32751395	-2.0000002	Kerkyra
20.62544775	38.88835444	-8.3898444	Kerkyra
20.10884904	39.43378458	-11.515429	Kerkyra
20.14565567	39.26630381	-2.0000002	Kerkyra
20.17436848	39.32580876	-6.15625	Kerkyra
19.95096579	39.40198341	-3.6248049	Kerkyra
19.53987317	39.7375687	-2.0000002	Kerkyra
20.15182253	39.33700907	-6.2895507	Kerkyra
19.51761659	39.84770821	-5.6375002	Kerkyra
19.77122606	39.67233989	-7.0335932	Kerkyra
20.3787326	39.13776238	-5.9873049	Kerkyra
19.71538906	39.71265108	-7.0178921	Kerkyra
20.14149261	39.28061314	-2.5425295	Kerkyra
20.64303509	38.95882683	-11.6827869	Kerkyra
19.69921499	39.70185935	-5.7982084	Kerkyra
20.33910546	39.20475975	-6.7125	Kerkyra
19.99172835	39.55539725	-11.9999226	Kerkyra
20.56950092	38.81142358	-3.05	Kerkyra
19.91319124	39.44486273	-4.2214849	Kerkyra
19.53412723	39.85503759	-6.674999	Kerkyra
20.13320354	39.27650982	-1.9999998	Kerkyra
19.62175176	39.69148805	-2.325783	Kerkyra
19.91030108	39.45474182	-4.5875002	Kerkyra
20.44323835	39.11937465	-8.2469757	Kerkyra
20.63365103	38.98069884	-12.0000002	Kerkyra
19.78514224	39.55019509	-2.3125022	Kerkyra
19.69744425	39.66871699	-3.9548821	Kerkyra
19.54685936	39.86068817	-7.4750006	Kerkyra
20.55536104	39.08896998	-12.0000002	Kerkyra
19.56018915	39.86660274	-8.3124999	Kerkyra
20.37527828	39.2111019	-8.610449	Kerkyra
20.50484862	38.87748713	-2.2834065	Kerkyra
20.02947488	39.50583187	-12.0000002	Kerkyra
20.13215623	39.40709304	-10.5457051	Kerkyra
19.87879933	39.67214061	-11.653906	Kerkyra
20.24172536	39.35401769	-10.2875	Kerkyra
20.15728845	39.25676696	-2.0000007	Kerkyra
20.1865857	39.33123626	-6.9250001	Kerkyra
19.82838537	39.54108283	-3.947656	Kerkyra
19.61421604	39.81228191	-8.4296869	Kerkyra
20.21296813	39.27979921	-5.4189291	Kerkyra
20.32880525	39.2222621	-7.185254	Kerkyra
19.88889666	39.66990534	-12.0000002	Kerkyra
19.68856319	39.81289153	-11.7468738	Kerkyra
20.2704769	39.33095373	-10.3125005	Kerkyra
19.81998667	39.68055514	-9.4406248	Kerkyra
19.57700195	39.87406084	-9.368751	Kerkyra
20.5269227	39.02783117	-8.2124985	Kerkyra
20.09118155	39.39138666	-8.1318361	Kerkyra
20.02768268	39.40585576	-6.9437729	Kerkyra
19.84321927	39.47087302	-2.0000295	Kerkyra
19.88157973	39.44870318	-3.0195315	Kerkyra
19.98366137	39.36237488	-2.6013669	Kerkyra
20.12864952	39.34429072	-6.1173828	Kerkyra
19.62510662	39.87127606	-11.3808591	Kerkyra
19.82711762	39.5048631	-2.5031287	Kerkyra
19.59386596	39.88153949	-10.4281255	Kerkyra
20.26592763	39.21826578	-4.4436521	Kerkyra
20.63004266	38.98642477	-12.0000017	Kerkyra
20.48861242	38.91617257	-2.8625242	Kerkyra
20.52088598	38.87466537	-2.9464836	Kerkyra
20.474928	38.91007613	-2.0000002	Kerkyra
20.16030484	39.28662282	-3.609375	Kerkyra
19.61192552	39.88954598	-11.5624988	Kerkyra
20.08603423	39.4595464	-11.9999387	Kerkyra
19.61815559	39.79605141	-7.9249989	Kerkyra
19.53728475	39.8002022	-4.5187512	Kerkyra
20.49911246	39.02412232	-6.8166511	Kerkyra
20.39965889	39.02689419	-2.4892576	Kerkyra
19.88245534	39.43521	-2.4876951	Kerkyra
19.61889109	39.89263343	-12.0000002	Kerkyra
20.29453232	39.34512938	-12.0000056	Kerkyra
20.12440426	39.36778222	-7.7000408	Kerkyra
19.4719392	39.82057631	-2.4800784	Kerkyra
19.77988184	39.65907857	-6.7615232	Kerkyra
19.64799252	39.76613027	-7.6580079	Kerkyra
20.26948078	39.17956122	-2.6214841	Kerkyra
19.81263339	39.72854095	-11.6609343	Kerkyra
19.99665118	39.35235122	-2.3798845	Kerkyra
20.31589847	39.10900955	-2.0000007	Kerkyra
19.54047333	39.78513674	-4.0292971	Kerkyra
20.45087264	39.02985754	-4.898437	Kerkyra
19.96466437	39.48608218	-8.2625002	Kerkyra
19.96494388	39.55760385	-10.8468679	Kerkyra
19.816508	39.73204456	-11.9999949	Kerkyra
20.18927793	39.25504522	-3.2192551	Kerkyra
20.08471437	39.37369651	-6.7507817	Kerkyra
19.90281055	39.48644474	-5.3609369	Kerkyra
19.74051343	39.65211084	-4.7499993	Kerkyra
20.04338613	39.46868343	-10.7160151	Kerkyra
20.16651556	39.41159358	-12.0000002	Kerkyra
20.46688148	39.15793895	-10.8163689	Kerkyra
20.50620772	38.90089375	-3.1648438	Kerkyra
19.93071066	39.58645582	-10.379687	Kerkyra
19.83499186	39.56748807	-5.2617185	Kerkyra
20.22758598	39.20062844	-2.0000002	Kerkyra
20.11633282	39.43731743	-12.0000002	Kerkyra
20.06074584	39.31623409	-1.999989	Kerkyra
19.77373123	39.75323421	-11.5441492	Kerkyra
20.45473849	39.20391708	-11.9999993	Kerkyra
20.50181625	39.06117351	-8.4636722	Kerkyra
20.22749336	39.35344563	-9.794531	Kerkyra
20.23923043	39.27705495	-6.3535256	Kerkyra
20.32985829	39.1987846	-6.0500002	Kerkyra
20.35705171	39.08741213	-3.0787856	Kerkyra
19.56992928	39.71861643	-2.0000007	Kerkyra
20.53429392	38.93586201	-5.7192939	Kerkyra
19.89850069	39.44067582	-3.4140625	Kerkyra
20.3084443	39.13394367	-2.6023445	Kerkyra
19.52339527	39.8033537	-4.0359368	Kerkyra
19.93606267	39.59739054	-11.04375	Kerkyra
19.72930495	39.71889311	-7.8964448	Kerkyra
19.9470897	39.48312443	-7.3292969	Kerkyra
20.61277865	38.88830608	-7.786425	Kerkyra
20.32347645	39.15958001	-4.267969	Kerkyra
19.78335725	39.64419661	-6.2738277	Kerkyra
19.99083398	39.38947261	-4.6250071	Kerkyra
19.67727245	39.80041289	-10.7250005	Kerkyra
20.33576543	39.08485785	-2.0000696	Kerkyra
19.74771532	39.65347576	-5.1124996	Kerkyra
19.76290922	39.59707885	-3.3531257	Kerkyra
20.65415487	38.85598079	-8.6250002	Kerkyra
19.88253567	39.46195825	-3.5355471	Kerkyra
19.79266801	39.54353008	-2.4025388	Kerkyra
20.59295558	39.04523565	-11.9999998	Kerkyra
20.29860976	39.24057269	-6.8960932	Kerkyra
19.94858768	39.46990834	-6.9124997	Kerkyra
20.4333962	39.22309356	-11.7437512	Kerkyra
19.61133974	39.83184612	-9.1210933	Kerkyra
19.63913088	39.68448956	-2.5578035	Kerkyra
20.04852192	39.45419991	-10.203906	Kerkyra
19.87777033	39.55999016	-6.9375001	Kerkyra
20.6322861	38.94794827	-10.7929729	Kerkyra
20.10832942	39.29645151	-2.0000002	Kerkyra
19.97196408	39.54650894	-10.7529958	Kerkyra
20.15211164	39.37713639	-9.2348379	Kerkyra
20.22920673	39.34846131	-9.5	Kerkyra
20.47912491	38.90435884	-1.9999817	Kerkyra
19.9939555	39.49191655	-9.8499998	Kerkyra
19.91592572	39.48061921	-5.7718749	Kerkyra
20.20011218	39.24372167	-3.080644	Kerkyra
19.69428909	39.8128815	-11.9999993	Kerkyra
20.2162297	39.30155422	-6.634959	Kerkyra
19.94912688	39.37091711	-2.0000002	Kerkyra
20.39530501	39.0962711	-5.154718	Kerkyra
20.35699477	39.18421753	-6.7476558	Kerkyra
20.25126489	39.25805792	-5.8734376	Kerkyra
20.69956288	38.87591483	-11.4769534	Kerkyra
19.69678185	39.63267743	-2.0000002	Kerkyra
19.91961205	39.63859469	-11.9999998	Kerkyra
20.11345699	39.30888909	-3.065625	Kerkyra
20.49033607	38.95525613	-4.1601563	Kerkyra
20.28602327	39.2568945	-7.2171948	Kerkyra
20.29662756	39.30386225	-10.0314924	Kerkyra
19.82030199	39.61720147	-6.7312497	Kerkyra
20.57210215	38.91826089	-6.8995952	Kerkyra
19.51347185	39.81947796	-4.2718762	Kerkyra
20.10036675	39.35710172	-6.1874473	Kerkyra
19.93920192	39.61861099	-12.0000002	Kerkyra
20.52828258	38.97930182	-6.7730472	Kerkyra
20.24850695	39.19779791	-2.700781	Kerkyra
20.04902367	39.33427222	-2.9562607	Kerkyra
19.99220757	39.51913613	-10.734375	Kerkyra
20.31256764	39.33034023	-11.9998928	Kerkyra
20.04529995	39.49288679	-11.9999998	Kerkyra
20.44017643	39.1278312	-8.443787	Kerkyra
20.43623645	38.98748589	-2.5000095	Kerkyra
20.59555291	38.91048242	-7.7417971	Kerkyra
19.99799872	39.54708287	-12.0000022	Kerkyra
19.60272965	39.80610902	-7.6628907	Kerkyra
20.1770004	39.34381082	-7.5531252	Kerkyra
19.98210951	39.35402419	-2.0000002	Kerkyra
19.4681789	39.81308655	-1.9999998	Kerkyra
19.75095266	39.58842976	-2.4578132	Kerkyra
19.98970307	39.55803915	-12.0000002	Kerkyra
20.40023352	39.20445349	-9.5082036	Kerkyra
20.10509366	39.42254731	-10.6498049	Kerkyra
20.10657678	39.4427212	-12.0000002	Kerkyra
20.64982883	38.88597179	-9.4648445	Kerkyra
19.63155907	39.67972167	-2.000051	Kerkyra
19.98428775	39.55377795	-11.5916833	Kerkyra
20.03704141	39.41398435	-7.7330673	Kerkyra
20.3466233	39.07246264	-2.0000066	Kerkyra
20.12825061	39.36678773	-7.7523309	Kerkyra
20.5402989	38.82109856	-1.9999998	Kerkyra
20.48902434	39.05249226	-7.534765	Kerkyra
19.8028823	39.57762802	-4.2679714	Kerkyra
20.55166759	38.88925816	-4.9173813	Kerkyra
19.72493712	39.65194476	-4.132032	Kerkyra
20.2069211	39.26172266	-4.2708618	Kerkyra
20.3470496	39.14698387	-4.876563	Kerkyra
20.07132165	39.33673071	-3.8211553	Kerkyra
20.52770183	38.85400094	-2.5492195	Kerkyra
19.64562596	39.6741495	-2.2203127	Kerkyra
19.88243328	39.57544346	-7.7429687	Kerkyra
20.34853318	39.08152786	-2.4602561	Kerkyra
19.75164909	39.62597788	-4.102344	Kerkyra
19.64433629	39.67097633	-2.0000002	Kerkyra
19.9456243	39.56499656	-10.242967	Kerkyra
20.44145617	39.00997864	-3.6590029	Kerkyra
19.80728194	39.52631787	-2.4140613	Kerkyra
20.62547056	38.96080698	-10.9179705	Kerkyra
19.67930408	39.76856076	-8.9552747	Kerkyra
20.45792175	38.95288901	-2.4921873	Kerkyra
20.20447965	39.36161966	-9.6920896	Kerkyra
19.8891381	39.50342562	-5.3203281	Kerkyra
19.99156611	39.37884608	-3.9507813	Kerkyra
20.04239607	39.32385744	-2.0001775	Kerkyra
20.51384216	39.13396402	-11.9999993	Kerkyra
19.68647289	39.7951002	-10.7718752	Kerkyra
19.83370705	39.64368132	-8.4562502	Kerkyra
19.83670242	39.6929716	-10.7062498	Kerkyra
19.85143775	39.54435887	-5.1308595	Kerkyra
20.16668726	39.30066256	-4.5688477	Kerkyra
19.91569592	39.59614361	-10.0615222	Kerkyra
20.53722617	39.08291367	-10.940626	Kerkyra
19.95814404	39.59590133	-11.9999998	Kerkyra
19.82137602	39.6690462	-9.0066411	Kerkyra
20.56422903	38.86484968	-4.6624998	Kerkyra
19.67577493	39.6724716	-3.3088533	Kerkyra
19.6736543	39.78868748	-9.9239255	Kerkyra
20.49565036	39.087265	-9.263281	Kerkyra
19.95442222	39.36820567	-1.9999905	Kerkyra
20.37366361	39.22010949	-8.8875	Kerkyra
20.40453902	39.23195049	-10.7499995	Kerkyra
19.61614665	39.72088521	-3.8374995	Kerkyra
19.55704887	39.76497902	-3.9195315	Kerkyra
20.42911967	39.14399985	-8.5468722	Kerkyra
20.38702399	39.03787755	-2.3777332	Kerkyra
19.71000011	39.65513515	-3.7187505	Kerkyra
20.05693985	39.48336247	-12.0000002	Kerkyra
20.56680148	38.98623066	-8.8828124	Kerkyra
19.96319811	39.54869313	-10.4253806	Kerkyra
19.77190493	39.7420096	-10.8207876	Kerkyra
20.26393649	39.34374599	-10.6824216	Kerkyra
20.10189801	39.36412015	-6.7004899	Kerkyra
20.49615707	39.1535493	-12.0001726	Kerkyra
20.49986665	38.92992708	-3.8429912	Kerkyra
20.53230148	38.92384127	-5.204751	Kerkyra
19.65857193	39.69187899	-3.7074556	Kerkyra
20.08038983	39.35882752	-5.6275354	Kerkyra
20.37384378	39.22516724	-9.1515623	Kerkyra
20.09703398	39.40249008	-9.0591799	Kerkyra
19.96578608	39.4579747	-7.0187499	Kerkyra
20.0049762	39.45865674	-8.6503905	Kerkyra
20.46031027	39.14049804	-9.8524861	Kerkyra
19.7646091	39.76679367	-12.0000002	Kerkyra
20.33980563	39.08575422	-2.2204597	Kerkyra
19.86874542	39.50313922	-4.3492717	Kerkyra
19.66275017	39.79397077	-9.8124993	Kerkyra
19.55080738	39.74242954	-2.6874993	Kerkyra
20.17381819	39.31671979	-5.6593748	Kerkyra
20.08114554	39.40817635	-8.8976564	Kerkyra
20.24039571	39.28611217	-6.8528362	Kerkyra
20.43279709	39.06856715	-5.686327	Kerkyra
20.62244811	38.97619243	-11.3102561	Kerkyra
20.11002227	39.29550258	-2.0000002	Kerkyra
20.38888673	39.16429437	-7.4617189	Kerkyra
19.87299086	39.58922941	-7.8374994	Kerkyra
19.93813491	39.53054595	-8.591806	Kerkyra
20.26895123	39.36609778	-12.0000002	Kerkyra
20.14209035	39.31951282	-4.7136719	Kerkyra
19.8648712	39.63940703	-9.6373042	Kerkyra
20.71150546	38.87464197	-12.0000002	Kerkyra
20.09859149	39.31902193	-3.3546887	Kerkyra
19.91657535	39.61738189	-10.9558428	Kerkyra
20.45031774	39.05655063	-5.9734391	Kerkyra
20.58130675	38.90361654	-6.8257808	Kerkyra
20.15052489	39.41979286	-12.0000002	Kerkyra
19.87667082	39.50438852	-4.7670347	Kerkyra
19.97169684	39.38565612	-3.657261	Kerkyra
20.28823301	39.2726141	-8.105079	Kerkyra
20.40755404	39.12604733	-6.8718576	Kerkyra
19.62080111	39.77352402	-7.0874987	Kerkyra
20.22922862	39.24731605	-4.4382781	Kerkyra
20.52228125	38.99634564	-7.0068356	Kerkyra
19.60180306	39.72531184	-3.5671882	Kerkyra
19.5781251	39.75639942	-4.4937488	Kerkyra
19.80645281	39.56513087	-3.8874797	Kerkyra
20.27672465	39.34689271	-11.3609861	Kerkyra
19.95690337	39.51177131	-8.8093748	Kerkyra
20.3492211	39.28093187	-10.9894536	Kerkyra
20.59178253	38.84712275	-5.3531246	Kerkyra
20.11687418	39.36278532	-7.1125307	Kerkyra
20.47358091	38.95538167	-3.3398435	Kerkyra
19.82745866	39.71695957	-11.6206995	Kerkyra
20.41607162	39.07441579	-5.1806636	Kerkyra
20.48506695	39.14954165	-11.3369138	Kerkyra
19.84642718	39.58176524	-6.3531111	Kerkyra
20.04887152	39.32511623	-2.2889167	Kerkyra
20.57413637	38.85451509	-4.7726575	Kerkyra
19.79805863	39.55593797	-3.1249993	Kerkyra
19.58778786	39.80596243	-6.9953127	Kerkyra
20.10184769	39.30270955	-2.2605471	Kerkyra
20.25812004	39.36129266	-11.3187502	Kerkyra
20.61356908	39.01255689	-11.9999993	Kerkyra
20.28390741	39.16844359	-2.7808464	Kerkyra
20.55204489	38.86835973	-4.2062498	Kerkyra
20.30095484	39.15625708	-3.103906	Kerkyra
20.34177349	39.20407897	-6.7999996	Kerkyra
20.54562152	38.92745208	-5.9631257	Kerkyra
20.57322001	39.05801028	-11.5225154	Kerkyra
20.24892459	39.32112836	-8.94375	Kerkyra
20.03837095	39.33411565	-2.5872004	Kerkyra
20.37277288	39.0535312	-2.3867156	Kerkyra
20.32492034	39.32020424	-12.0002961	Kerkyra
20.25054285	39.35135771	-10.5148438	Kerkyra
20.34805754	39.26811525	-10.291406	Kerkyra
20.00213399	39.47358175	-9.2782227	Kerkyra
20.52934182	38.83602275	-2.0000007	Kerkyra
20.61200033	38.96948001	-10.5822954	Kerkyra
20.1394224	39.37280235	-8.5314636	Kerkyra
19.82353502	39.49601301	-1.9999714	Kerkyra
20.25575017	39.33201045	-9.7640625	Kerkyra
20.13511616	39.37317336	-8.4158158	Kerkyra
20.36759231	39.21554759	-8.4250002	Kerkyra
20.54020911	38.88066502	-4.0734365	Kerkyra
19.51969837	39.79403092	-3.4820313	Kerkyra
20.27161601	39.30158594	-8.8973369	Kerkyra
20.06770716	39.3779708	-6.4585938	Kerkyra
19.52264573	39.76297224	-2.3124993	Kerkyra
20.47828608	39.10712073	-9.3062397	Kerkyra
19.81880293	39.7087093	-10.840626	Kerkyra
19.85167454	39.65938554	-9.9179688	Kerkyra
20.51558222	39.10944442	-11.0671875	Kerkyra
19.70646652	39.64387854	-2.9781257	Kerkyra
19.85605556	39.57017629	-6.3310546	Kerkyra
20.42312824	39.24206469	-12.0000002	Kerkyra
20.04581875	39.42628987	-8.7034807	Kerkyra
19.77475707	39.58205123	-3.2261721	Kerkyra
20.53473063	38.86845013	-3.3871101	Kerkyra
19.85728966	39.70210051	-12.0000002	Kerkyra
19.67494272	39.73959302	-7.1005874	Kerkyra
19.94872771	39.54091446	-9.4637344	Kerkyra
19.94464299	39.37453808	-2.0001741	Kerkyra
20.66567978	38.85425752	-9.1124988	Kerkyra
19.86602869	39.65806675	-10.4898428	Kerkyra
20.05436307	39.33325735	-3.0524399	Kerkyra
19.56706236	39.86486254	-8.5437505	Kerkyra
20.09183614	39.44255528	-11.3910613	Kerkyra
20.60386561	38.98447081	-10.6515652	Kerkyra
20.24539337	39.22460391	-3.9367188	Kerkyra
20.45536555	39.19025404	-11.5107415	Kerkyra
20.64427645	38.86352826	-8.418751	Kerkyra
19.80555779	39.71545921	-10.6839851	Kerkyra
20.39203839	39.17738892	-8.1037111	Kerkyra
19.71524726	39.72912882	-7.976471	Kerkyra
20.43085159	39.120052	-7.7197559	Kerkyra
19.75800886	39.6598814	-5.8499998	Kerkyra
20.65988675	38.94497968	-12.0000012	Kerkyra
20.54597074	39.0271894	-9.1292981	Kerkyra
19.8667699	39.48776604	-3.7099917	Kerkyra
19.69845945	39.80119091	-11.5703127	Kerkyra
19.78472961	39.61905861	-5.2533196	Kerkyra
20.6391255	38.8518329	-7.7664073	Kerkyra
20.52275586	38.90865678	-4.2214912	Kerkyra
20.50885805	39.09855798	-10.3183591	Kerkyra
20.1098792	39.35719565	-6.4914445	Kerkyra
19.59937338	39.87954443	-10.5882815	Kerkyra
20.12228288	39.29429093	-2.439844	Kerkyra
20.15959095	39.38175859	-9.8000378	Kerkyra
19.90328593	39.51840231	-6.5185425	Kerkyra
19.84960636	39.7010905	-11.6371775	Kerkyra
20.26333088	39.3141735	-9.1855496	Kerkyra
20.0632386	39.39205197	-7.2338861	Kerkyra
20.47356039	39.08770123	-8.2949209	Kerkyra
20.06275039	39.42143751	-9.1499949	Kerkyra
19.54854997	39.74325609	-2.6343752	Kerkyra
19.78742708	39.53929731	-1.9999998	Kerkyra
20.30703544	39.19050715	-4.6937498	Kerkyra
19.58040418	39.78992348	-5.997267	Kerkyra
19.76586405	39.68416191	-7.4566408	Kerkyra
20.51174012	38.91617522	-3.9609961	Kerkyra
20.55284801	38.80399998	-2.0000002	Kerkyra
20.39121386	39.19301685	-8.6585941	Kerkyra
20.56397411	38.91052474	-6.2437498	Kerkyra
19.58023528	39.77941297	-5.5499996	Kerkyra
20.39380529	39.10370158	-5.3916423	Kerkyra
20.37042133	39.16888101	-6.7845703	Kerkyra
20.05211958	39.4355226	-9.4202771	Kerkyra
20.43847876	39.09283436	-6.9402338	Kerkyra
19.86281174	39.69647745	-11.9999998	Kerkyra
19.76713669	39.71991451	-9.4203118	Kerkyra
20.55129283	39.08311031	-11.5769514	Kerkyra
19.72752178	39.66652918	-5.0136708	Kerkyra
20.64613206	38.91144401	-10.1773435	Kerkyra
20.48871176	38.89132057	-1.9999993	Kerkyra
19.80049403	39.52363817	-1.9999993	Kerkyra
20.34764757	39.29191427	-11.4838879	Kerkyra
19.86188079	39.53323593	-5.1843745	Kerkyra
20.27082095	39.29174596	-8.3746608	Kerkyra
20.29913657	39.31987054	-10.9306213	Kerkyra
20.52008912	38.84862159	-1.9999998	Kerkyra
19.49818905	39.82801069	-3.9529299	Kerkyra
20.55760581	38.80612115	-2.2999988	Kerkyra
20.23736081	39.33511697	-9.1682617	Kerkyra
20.02423841	39.33243279	-2.0000002	Kerkyra
20.45478153	38.99041974	-3.5031252	Kerkyra
20.05349187	39.37587579	-5.8417969	Kerkyra
20.52437844	38.93257171	-5.1318269	Kerkyra
19.98079291	39.41712589	-5.5953162	Kerkyra
19.80918731	39.56088496	-3.8250017	Kerkyra
20.35299433	39.20906384	-7.5062502	Kerkyra
19.93706353	39.46478623	-6.1874998	Kerkyra
20.55715685	39.03204993	-9.8302742	Kerkyra
20.60086111	38.94699248	-9.2675754	Kerkyra
20.56526779	38.95890645	-7.9598223	Kerkyra
20.5122095	39.12294703	-11.4730481	Kerkyra
19.66095215	39.66521605	-2.3410603	Kerkyra
19.69756569	39.80941231	-12.0000002	Kerkyra
20.6351354	38.84066186	-7.1875011	Kerkyra
20.26288821	39.19648002	-3.2144536	Kerkyra
20.57121706	38.93770158	-7.5358654	Kerkyra
19.85777015	39.69652325	-11.7812512	Kerkyra
19.71250094	39.77179267	-10.3691423	Kerkyra
19.83291324	39.49474918	-2.3818728	Kerkyra
19.7113895	39.62460595	-2.280866	Kerkyra
20.49958677	39.14940186	-12.0000002	Kerkyra
19.88707415	39.47919005	-4.3617126	Kerkyra
19.73320288	39.64702895	-4.1999988	Kerkyra
20.66428136	38.8630802	-9.3535151	Kerkyra
20.37366951	39.18540828	-7.5613278	Kerkyra
19.8257824	39.60221998	-6.3275385	Kerkyra
19.7530637	39.72973869	-9.4073967	Kerkyra
19.96559577	39.57055098	-11.3720886	Kerkyra
20.48008704	38.91074718	-2.2693997	Kerkyra
19.89495651	39.54972221	-7.3332035	Kerkyra
20.54887281	38.84784773	-3.3401365	Kerkyra
20.4876199	39.16393708	-11.9999895	Kerkyra
19.55043112	39.85480622	-7.3867184	Kerkyra
20.41472309	39.1026246	-6.2833857	Kerkyra
19.56472455	39.74861516	-3.5625	Kerkyra
19.4944955	39.7965221	-2.4708997	Kerkyra
19.84567309	39.63378768	-8.5550775	Kerkyra
19.65566469	39.75039715	-7.0209962	Kerkyra
20.41735286	39.23763693	-11.5562498	Kerkyra
20.55214492	38.99125607	-8.3177729	Kerkyra
20.32375762	39.20807709	-6.2611326	Kerkyra
20.52378185	38.94151866	-5.3793958	Kerkyra
20.17598106	39.38305714	-10.3935549	Kerkyra
20.06695571	39.44898728	-10.6959485	Kerkyra
20.2702257	39.17037174	-2.2229607	Kerkyra
20.44524802	39.07893479	-6.6695321	Kerkyra
20.34470206	39.2457109	-9.0179685	Kerkyra
19.60816865	39.851606	-9.807814	Kerkyra
19.94830818	39.52498182	-8.8738279	Kerkyra
20.67205274	38.89058312	-10.6812502	Kerkyra
20.48192786	39.03577253	-6.5291129	Kerkyra
20.58154113	39.06057654	-11.9997517	Kerkyra
19.48419292	39.79616485	-1.9999998	Kerkyra
19.80351816	39.74153072	-12.0000002	Kerkyra
20.00677063	39.3583383	-3.1144531	Kerkyra
19.71385927	39.79311622	-11.6662107	Kerkyra
20.29037181	39.22244919	-5.6429683	Kerkyra
19.84142727	39.60024041	-6.9277341	Kerkyra
20.15099575	39.38326468	-9.6147083	Kerkyra
19.82268086	39.68675324	-9.8248281	Kerkyra
20.55262825	39.03925608	-9.831238	Kerkyra
20.59983476	38.86198758	-6.2539056	Kerkyra
20.37079115	39.10072696	-4.2169553	Kerkyra
20.25153638	39.29826908	-7.9124916	Kerkyra
20.66263951	38.90037321	-10.5753899	Kerkyra
19.68027758	39.70494752	-5.272204	Kerkyra
19.63592031	39.727389	-4.9472661	Kerkyra
20.07324756	39.39737338	-7.9210938	Kerkyra
19.56922777	39.81198426	-6.4257818	Kerkyra
19.71399189	39.61542502	-2.0000095	Kerkyra
20.52301056	39.12403228	-12.0000002	Kerkyra
20.29887511	39.12969341	-1.9999998	Kerkyra
20.03222946	39.40105478	-6.7811564	Kerkyra
20.60866334	38.84601424	-6.1164059	Kerkyra
19.92654187	39.60745666	-10.9921877	Kerkyra
20.6615527	38.93391807	-11.6933591	Kerkyra
20.25120263	39.31009502	-8.4875	Kerkyra
19.83459549	39.55406716	-4.7296875	Kerkyra
20.1970072	39.22492133	-1.9999998	Kerkyra
20.59548924	38.88543753	-6.8652336	Kerkyra
20.41896704	39.19863292	-10.1507822	Kerkyra
20.36006445	39.23948815	-9.3222656	Kerkyra
19.82047704	39.64080075	-7.7531245	Kerkyra
19.73331653	39.7180685	-7.9988988	Kerkyra
20.3098084	39.25009217	-7.831738	Kerkyra
20.22681857	39.3491018	-9.4562502	Kerkyra
19.80177498	39.62739038	-6.3578124	Kerkyra
20.07544714	39.45766643	-11.4746135	Kerkyra
19.49778281	39.78179939	-2.0000002	Kerkyra
19.87537512	39.68368151	-11.9999998	Kerkyra
20.47172363	38.91515686	-1.9999993	Kerkyra
19.63926042	39.8197382	-9.8503916	Kerkyra
20.02884913	39.46066959	-9.7240237	Kerkyra
19.73514779	39.75553317	-10.2542957	Kerkyra
19.64960431	39.84814288	-11.4968748	Kerkyra
20.40427706	39.10705944	-5.9999995	Kerkyra
20.45683095	39.13118233	-9.3389231	Kerkyra
20.3478465	39.07565691	-2.1863455	Kerkyra
20.16041729	39.39607221	-10.7739075	Kerkyra
20.32094126	39.10829748	-2.205469	Kerkyra
19.57751165	39.82589267	-7.3746091	Kerkyra
20.51134232	39.02090398	-7.2312564	Kerkyra
19.92559625	39.41005492	-2.9925779	Kerkyra
20.09426602	39.37874573	-7.4046875	Kerkyra
19.84869773	39.64476757	-9.159375	Kerkyra
19.77246009	39.60617952	-4.1624995	Kerkyra
19.90379261	39.62817709	-10.8595708	Kerkyra
19.72077926	39.63198861	-3.0093879	Kerkyra
19.8916308	39.51531737	-5.8637448	Kerkyra
20.00266108	39.42431855	-6.8453162	Kerkyra
19.96202401	39.58387709	-11.717969	Kerkyra
19.80429947	39.70327898	-9.9828118	Kerkyra
19.78418591	39.58857703	-3.9195308	Kerkyra
19.51889752	39.8428853	-5.4921876	Kerkyra
20.16783141	39.24812443	-2.0004382	Kerkyra
19.87389159	39.4366907	-2.2125002	Kerkyra
20.30235063	39.29387513	-9.7553657	Kerkyra
20.39284674	39.26614975	-11.9999998	Kerkyra
20.25944889	39.17529917	-1.9999993	Kerkyra
20.31463212	39.26801796	-8.9371091	Kerkyra
20.2964996	39.18395643	-3.9500002	Kerkyra
20.25832566	39.2888065	-7.7188598	Kerkyra
19.78842972	39.70039365	-9.2078108	Kerkyra
19.94670185	39.54981661	-9.7117661	Kerkyra
19.60254225	39.69803988	-1.9999983	Kerkyra
19.81746912	39.69601348	-10.1090056	Kerkyra
19.80057883	39.64280853	-6.968164	Kerkyra
19.80238975	39.69002649	-9.1987986	Kerkyra
19.91716085	39.55705499	-8.632812	Kerkyra
20.39622199	39.04663156	-3.1492205	Kerkyra
19.83071121	39.48740522	-2.0000002	Kerkyra
20.03475016	39.5015171	-12.0000002	Kerkyra
20.48266546	38.97853505	-4.5054678	Kerkyra
20.32453186	39.17293533	-4.8234375	Kerkyra
20.11959915	39.30146371	-2.7093752	Kerkyra
20.56002276	39.0158601	-9.46875	Kerkyra
19.64465611	39.86539751	-11.9999993	Kerkyra
19.76213793	39.73432089	-10.0098018	Kerkyra
20.5789026	38.96405413	-8.7902345	Kerkyra
19.63450137	39.71677554	-4.2744141	Kerkyra
20.51512332	38.93365717	-4.7094045	Kerkyra
20.53118753	38.89420786	-4.1175776	Kerkyra
20.4805916	38.96480898	-3.977344	Kerkyra
20.05202763	39.36553984	-5.1128906	Kerkyra
20.21342643	39.22634498	-2.7349592	Kerkyra
19.8106875	39.51141871	-2.0000002	Kerkyra
19.70726702	39.70695102	-6.3863438	Kerkyra
20.56131206	38.81982662	-2.9539072	Kerkyra
19.78743656	39.67294651	-7.6999998	Kerkyra
19.76801912	39.62799693	-4.9058601	Kerkyra
20.35198019	39.19999282	-7.1152342	Kerkyra
20.14641051	39.3001112	-3.7140625	Kerkyra
20.48638413	38.91920284	-2.8468743	Kerkyra
19.87633303	39.43963192	-2.4499993	Kerkyra
20.59456492	38.95975671	-9.4140513	Kerkyra
19.86717221	39.44985728	-2.3816404	Kerkyra
19.91598999	39.40349711	-2.274219	Kerkyra
20.47051385	39.18020746	-11.8281257	Kerkyra
20.60268978	38.96693767	-10.0500024	Kerkyra
20.57709122	38.95555473	-8.4374525	Kerkyra
20.22140574	39.27048078	-5.2996178	Kerkyra
20.00725757	39.40976007	-6.307586	Kerkyra
19.91271707	39.41744637	-2.8358406	Kerkyra
20.54494848	38.94125454	-6.4125005	Kerkyra
19.96438677	39.46913616	-7.5179688	Kerkyra
20.03563913	39.32666555	-2.0000002	Kerkyra
20.06220184	39.41148983	-8.4772462	Kerkyra
20.61861263	38.85690619	-6.9687497	Kerkyra
20.00611339	39.39966302	-5.7584521	Kerkyra
19.56678675	39.80032362	-5.829687	Kerkyra
19.56226934	39.78302714	-4.9058608	Kerkyra
20.17366138	39.2556466	-2.6125569	Kerkyra
20.47566472	39.17847727	-12.0000022	Kerkyra
20.57467683	39.02182594	-10.3746091	Kerkyra
19.79344998	39.74278622	-11.6730554	Kerkyra
20.32798543	39.31281411	-11.7525232	Kerkyra
19.58319959	39.71627135	-2.3523445	Kerkyra
19.70483021	39.63625657	-2.5062307	Kerkyra
20.00422554	39.48673228	-10.0188474	Kerkyra
20.11850728	39.33157032	-4.8783223	Kerkyra
20.62178577	38.97175446	-11.1249895	Kerkyra
19.67470487	39.83361109	-12.0000002	Kerkyra
20.61263325	38.90254204	-8.2759768	Kerkyra
20.68401342	38.87268819	-10.625781	Kerkyra
19.65371094	39.8558216	-12.0000012	Kerkyra
20.67028929	38.92028218	-11.6328123	Kerkyra
20.5823901	38.83961874	-4.645312	Kerkyra
20.38566717	39.06269269	-3.3400364	Kerkyra
20.28042261	39.15210288	-2.0000002	Kerkyra
19.92241762	39.56728814	-9.2656243	Kerkyra
19.48532253	39.82271243	-3.1617173	Kerkyra
20.51391725	38.8627111	-2.1984392	Kerkyra
20.08421865	39.30647736	-2.0000002	Kerkyra
19.79793177	39.59371188	-4.7421875	Kerkyra
20.45387675	39.00441052	-3.9842634	Kerkyra
20.18889505	39.26717376	-3.8080837	Kerkyra
19.89802372	39.52605358	-6.5683939	Kerkyra
20.29663198	39.26253627	-7.9320316	Kerkyra
19.97587037	39.48388425	-8.7125002	Kerkyra
20.37980779	39.22097191	-9.1937505	Kerkyra
19.74056689	39.68967936	-6.7628914	Kerkyra
19.95756646	39.37467295	-2.5313289	Kerkyra
20.32864622	39.23700305	-7.9274415	Kerkyra
19.50975678	39.83450392	-4.7367178	Kerkyra
19.74796351	39.67720361	-6.3842756	Kerkyra
19.73430764	39.60356387	-2.3794919	Kerkyra
20.46930614	39.05313072	-6.6804687	Kerkyra
20.41448593	39.23823006	-11.4562502	Kerkyra
20.01133618	39.33904695	-2.0000002	Kerkyra
20.1932624	39.389058	-11.3583987	Kerkyra
20.47989377	39.06404917	-7.6031241	Kerkyra
20.53186195	39.02228456	-8.2832019	Kerkyra
19.80041699	39.61115041	-5.6003911	Kerkyra
20.22448505	39.21070534	-2.386719	Kerkyra
19.97811284	39.5114173	-9.7960942	Kerkyra
20.46391834	38.93801374	-2.3253914	Kerkyra
19.90361586	39.65490383	-12.0000002	Kerkyra
20.28642367	39.21186655	-4.946094	Kerkyra
20.03706571	39.37048276	-4.9336919	Kerkyra
20.68567148	38.89726133	-11.5609363	Kerkyra
20.38218394	39.11575104	-5.3117156	Kerkyra
20.37724232	39.26964949	-11.547656	Kerkyra
19.58439073	39.7094938	-2.0000012	Kerkyra
19.88448684	39.58798231	-8.3171879	Kerkyra
19.55105523	39.73051891	-1.9999993	Kerkyra
20.56852992	38.84411701	-4.1437507	Kerkyra
20.4056118	39.16295864	-8.1820316	Kerkyra
20.53290633	38.83654416	-2.1875002	Kerkyra
20.2332251	39.23468218	-3.9576169	Kerkyra
19.62199065	39.82198027	-9.1796863	Kerkyra
20.58818761	38.81975125	-4.228124	Kerkyra
20.39331429	39.12584938	-6.2077975	Kerkyra
19.87145708	39.47336019	-3.418751	Kerkyra
19.54382146	39.76808432	-3.4638684	Kerkyra
19.63828367	39.7831138	-8.2750005	Kerkyra
19.71770274	39.70834661	-6.8679991	Kerkyra
20.35155107	39.2566924	-9.8522456	Kerkyra
20.12336641	39.31516362	-3.8259763	Kerkyra
20.59205455	38.92753877	-8.1707083	Kerkyra
20.61738993	38.9975294	-11.7218762	Kerkyra
20.61399736	38.92977501	-9.2906257	Kerkyra
20.07692119	39.4194758	-9.4984382	Kerkyra
19.72451618	39.79210011	-11.9999988	Kerkyra
19.89443184	39.51201685	-5.8748412	Kerkyra
20.62075639	38.98521677	-11.5056355	Kerkyra
19.88983883	39.53461666	-6.5203091	Kerkyra
19.98288312	39.55908695	-11.7267307	Kerkyra
20.27874279	39.17792689	-2.9124995	Kerkyra
20.10805949	39.44155624	-12.0000002	Kerkyra
19.97220758	39.55027588	-10.8999956	Kerkyra
20.01647382	39.52257833	-12.0000002	Kerkyra
20.466196	39.00082145	-4.3874832	Kerkyra
20.23389646	39.29746275	-7.1523266	Kerkyra
19.81388642	39.68626175	-9.4463301	Kerkyra
19.68866952	39.78107799	-10.0328118	Kerkyra
19.76241461	39.56609534	-2.0000002	Kerkyra
19.70101885	39.7124008	-6.4734136	Kerkyra
19.72840028	39.74261327	-9.249999	Kerkyra
19.67505277	39.69353535	-4.4125491	Kerkyra
19.61902473	39.76629287	-6.5990226	Kerkyra
20.25555943	39.18579971	-2.3761716	Kerkyra
20.09832141	39.43723323	-11.3874724	Kerkyra
20.21736016	39.3662932	-10.4259766	Kerkyra
20.5535836	38.94669156	-7.0069821	Kerkyra
19.67752611	39.82276319	-11.671094	Kerkyra
20.56775841	39.0755256	-12.0000281	Kerkyra
19.56980801	39.75921697	-4.2433601	Kerkyra
20.36311344	39.07903239	-3.0072759	Kerkyra
20.51692779	38.89395447	-3.4316421	Kerkyra
20.23297187	39.36568654	-10.8567383	Kerkyra
20.18127581	39.32717638	-6.484375	Kerkyra
20.22995862	39.26181696	-5.2047809	Kerkyra
20.1763081	39.24135623	-2.0000862	Kerkyra
19.70318361	39.62642879	-1.9998953	Kerkyra
20.54221023	39.09381104	-11.6121096	Kerkyra
20.55925472	39.00318048	-9.0374995	Kerkyra
19.81678459	39.62921191	-7.0933594	Kerkyra
20.2525417	39.28242476	-7.1637523	Kerkyra
20.49965594	39.04055673	-7.5179666	Kerkyra
19.62435713	39.88685684	-12.0000017	Kerkyra
20.54883274	39.04401615	-9.8568984	Kerkyra
20.46484652	39.19163071	-12.0000007	Kerkyra
19.75919924	39.66556633	-6.2007818	Kerkyra
20.64931612	38.84697473	-8.0812502	Kerkyra
19.74067391	39.72267122	-8.5375006	Kerkyra
20.13254735	39.42900825	-12.0000002	Kerkyra
20.69107103	38.86555418	-10.7125	Kerkyra
20.48334489	38.94180752	-3.3988301	Kerkyra
20.36998075	39.25012569	-10.2628909	Kerkyra
19.55244499	39.81457041	-5.79121	Kerkyra
20.0375001	39.44720979	-9.40625	Kerkyra
20.60147926	38.8335616	-5.341016	Kerkyra
19.88816508	39.42075599	-2.0000002	Kerkyra
19.94398	39.60561693	-11.7218752	Kerkyra
20.53734074	39.06376983	-10.1572324	Kerkyra
20.44777289	39.1628164	-10.1203127	Kerkyra
19.65914723	39.73273986	-6.1170897	Kerkyra
20.51260721	38.85880675	-1.9999998	Kerkyra
19.60003672	39.79086587	-6.9058593	Kerkyra
19.65071758	39.72181867	-5.1675778	Kerkyra
20.06128091	39.46816219	-11.4197268	Kerkyra
20.4031239	39.07129123	-4.4738279	Kerkyra
20.40282126	39.25280223	-11.7250002	Kerkyra
19.90457197	39.56457029	-8.3426752	Kerkyra
20.3647395	39.27573303	-11.3518552	Kerkyra
20.4662974	38.97990525	-3.742968	Kerkyra
20.1456244	39.41125865	-11.2736331	Kerkyra
20.61894182	38.94012703	-9.8865251	Kerkyra
20.05021978	39.35561095	-4.3992175	Kerkyra
19.50324509	39.80932175	-3.3940427	Kerkyra
20.60083649	38.99663082	-10.8796885	Kerkyra
20.16389426	39.34879699	-7.5191409	Kerkyra
20.2158334	39.38214842	-11.539551	Kerkyra
20.59534616	39.03459864	-11.7874988	Kerkyra
19.97882256	39.49276973	-9.1671877	Kerkyra
19.55340678	39.75260678	-3.2406248	Kerkyra
20.23837627	39.34483837	-9.6937498	Kerkyra
20.31699611	39.12046483	-2.4851565	Kerkyra
20.16290498	39.27471513	-3.1226565	Kerkyra
20.24670205	39.2127101	-3.3853516	Kerkyra
20.3407633	39.07880488	-2.0000002	Kerkyra
19.93765985	39.42462922	-4.2105466	Kerkyra
20.14484433	39.36789149	-8.3366941	Kerkyra
20.66599314	38.87702118	-9.9207029	Kerkyra
20.47359994	39.14351961	-10.5798372	Kerkyra
20.39318891	39.24331559	-10.8542966	Kerkyra
20.29996408	39.28091212	-9.000196	Kerkyra
20.67956098	38.91818355	-11.9999993	Kerkyra
19.78639639	39.57011387	-3.2230515	Kerkyra
20.25365635	39.36662714	-11.555176	Kerkyra
20.2769116	39.23055752	-5.5114257	Kerkyra
20.63745988	38.93491384	-10.5839854	Kerkyra
20.23490232	39.37514977	-11.6078127	Kerkyra
19.85014846	39.49675808	-3.2498816	Kerkyra
20.439855	38.9827251	-2.5300803	Kerkyra
20.3905477	39.22760567	-9.95	Kerkyra
19.63402721	39.77939556	-7.9187495	Kerkyra
20.43123891	39.17293083	-9.7416016	Kerkyra
19.75157913	39.71265487	-8.423454	Kerkyra
20.01070073	39.37181526	-4.1330081	Kerkyra
20.21208612	39.33559943	-8.1609375	Kerkyra
19.93207871	39.55921246	-9.4000002	Kerkyra
20.27473924	39.27898788	-7.8843672	Kerkyra
20.02006697	39.38212296	-5.1263672	Kerkyra
20.40966852	39.00417091	-2.0000198	Kerkyra
20.29635935	39.17603868	-3.6429683	Kerkyra
20.20984949	39.2147208	-1.9999993	Kerkyra
20.6225923	38.9982451	-12.0000012	Kerkyra
20.61317376	38.95508122	-10.1343591	Kerkyra
20.32707891	39.09541972	-1.9999998	Kerkyra
20.04935702	39.4064125	-7.7105507	Kerkyra
19.60025475	39.71152556	-2.7040032	Kerkyra
20.41217003	39.01532106	-2.571094	Kerkyra
19.60638269	39.76712175	-6.1812501	Kerkyra
19.90577294	39.45087359	-4.2187493	Kerkyra
20.48799383	39.13394499	-10.8453135	Kerkyra
19.66354521	39.8454189	-11.9999998	Kerkyra
19.65617465	39.66233471	-1.9999993	Kerkyra
20.60877286	38.91637161	-8.5749995	Kerkyra
20.09928047	39.35386442	-5.9256969	Kerkyra
19.87051506	39.43518815	-2.0000002	Kerkyra
19.92674508	39.51954551	-7.6648926	Kerkyra
20.16751092	39.33684021	-6.7544921	Kerkyra
19.60552043	39.75712015	-5.5644535	Kerkyra
20.57577664	38.94791871	-8.1089641	Kerkyra
20.41798504	39.02854837	-3.3757815	Kerkyra
20.6039621	39.02778982	-12.0000007	Kerkyra
19.88074159	39.64690884	-10.6546877	Kerkyra
20.27628594	39.32093275	-10.05078	Kerkyra
19.83854808	39.69562315	-10.9125007	Kerkyra
19.6873339	39.69809924	-5.1331086	Kerkyra
20.36786417	39.11527937	-4.633594	Kerkyra
19.55481817	39.7929528	-4.9914058	Kerkyra
19.96732629	39.58488852	-11.9999998	Kerkyra
19.85365455	39.59140064	-7.0835724	Kerkyra
20.58429327	39.05332289	-11.8249954	Kerkyra
20.35175003	39.29881303	-12.0000012	Kerkyra
20.57138829	39.0475908	-11.0125273	Kerkyra
20.08897426	39.35282627	-5.5230283	Kerkyra
20.41726498	39.15456114	-8.4007811	Kerkyra
20.07912336	39.32318561	-3.0672788	Kerkyra
19.8021428	39.55187116	-3.1566404	Kerkyra
20.33683131	39.18257925	-5.756251	Kerkyra
20.57473944	38.99768072	-9.6285151	Kerkyra
20.56915911	38.89601638	-5.9837881	Kerkyra
20.24987454	39.24680446	-5.2455087	Kerkyra
20.29773089	39.19761856	-4.6791013	Kerkyra
20.54427091	39.10099293	-11.9999993	Kerkyra
20.01108844	39.49767043	-10.84375	Kerkyra
19.8968727	39.45423533	-3.9367185	Kerkyra
19.75954476	39.65872956	-5.8562502	Kerkyra
20.17994932	39.30180716	-5.1669921	Kerkyra
19.91224732	39.54218248	-7.8383564	Kerkyra
19.68074599	39.71819817	-6.0640894	Kerkyra
20.30097365	39.2114442	-5.5121091	Kerkyra
19.75322471	39.64046356	-4.7941396	Kerkyra
20.47602227	38.93094879	-2.7015261	Kerkyra
20.33129873	39.2902817	-10.7410186	Kerkyra
19.99344483	39.54497371	-11.7105872	Kerkyra
20.56226767	38.94848765	-7.4882397	Kerkyra
19.86590227	39.68393407	-11.596093	Kerkyra
20.50340602	38.9415864	-4.3789041	Kerkyra
20.20575144	39.39263332	-12.0000002	Kerkyra
20.43010424	39.05585495	-5.042188	Kerkyra
19.93247658	39.49138979	-6.9343746	Kerkyra
20.50552175	38.92370321	-3.9281216	Kerkyra
19.77465601	39.5536156	-1.9999851	Kerkyra
20.19494084	39.32497349	-6.9322266	Kerkyra
20.33378503	39.11230531	-2.949605	Kerkyra
20.27130093	39.16317557	-2.0000964	Kerkyra
20.60611009	38.97584779	-10.494405	Kerkyra
20.27214493	39.24914103	-6.2630862	Kerkyra
20.38283859	39.09752549	-4.6500803	Kerkyra
20.43635992	39.15819093	-9.4187502	Kerkyra
19.79657029	39.74657242	-11.999113	Kerkyra
19.87706591	39.42983222	-1.9999998	Kerkyra
20.51826056	39.03082179	-7.9479564	Kerkyra
20.36477338	39.28846518	-11.9999998	Kerkyra
19.66893661	39.79488668	-10.1125002	Kerkyra
20.19889045	39.28706887	-5.2062206	Kerkyra
20.16499389	39.37309139	-9.3300413	Kerkyra
19.58712928	39.83655211	-8.2464825	Kerkyra
20.54325611	38.90488694	-5.0632811	Kerkyra
19.66798479	39.77764848	-9.0691416	Kerkyra
19.53471538	39.84612414	-6.327735	Kerkyra
19.61901575	39.70552429	-3.0453118	Kerkyra
19.98646931	39.39070511	-4.5111858	Kerkyra
20.20198647	39.33637559	-7.7874999	Kerkyra
20.44068059	38.99582727	-3.0412783	Kerkyra
19.85389963	39.45671608	-1.9999998	Kerkyra
19.83180408	39.70188081	-10.9835435	Kerkyra
20.50194764	39.13775795	-11.6253972	Kerkyra
20.56107592	39.06924752	-11.4429749	Kerkyra
19.91497312	39.46393877	-5.1343752	Kerkyra
20.16386174	39.40696422	-11.6061541	Kerkyra
20.50387352	38.99285009	-5.9929701	Kerkyra
20.69019666	38.88638611	-11.3968767	Kerkyra
19.736027	39.63551553	-3.8285151	Kerkyra
20.28829103	39.18616614	-3.7164065	Kerkyra
19.83073943	39.69362555	-10.4992693	Kerkyra
19.94986575	39.58010358	-11.0156252	Kerkyra
19.79452047	39.5600757	-3.1476392	Kerkyra
20.18591911	39.23372637	-2.0000002	Kerkyra
20.38514854	39.07708301	-3.9101372	Kerkyra
19.86058364	39.5020472	-3.9308235	Kerkyra
20.31079173	39.32570585	-11.6968323	Kerkyra
19.74333468	39.76917543	-11.3540042	Kerkyra
20.11707197	39.29863803	-2.4437502	Kerkyra
20.6287098	38.90277624	-9.0476571	Kerkyra
20.27053938	39.20430775	-3.9208982	Kerkyra
19.71592172	39.70081648	-6.395674	Kerkyra
20.46163976	39.06722243	-6.9187498	Kerkyra
20.36874729	39.19913818	-7.8554692	Kerkyra
19.60255232	39.82153033	-8.3003907	Kerkyra
20.33555393	39.19399012	-6.1304688	Kerkyra
20.24384185	39.18770797	-1.9999993	Kerkyra
20.36143748	39.14885963	-5.6109375	Kerkyra
19.97256169	39.38134462	-3.4749368	Kerkyra
20.19467989	39.37780539	-10.5781252	Kerkyra
19.58531841	39.86822989	-9.4925779	Kerkyra
20.08411527	39.31284053	-2.4623049	Kerkyra
20.07974002	39.42898331	-10.2187507	Kerkyra
20.32584985	39.19886962	-5.8781243	Kerkyra
20.31847318	39.28140422	-9.7722659	Kerkyra
19.68516078	39.82254491	-11.9999988	Kerkyra
19.76243952	39.65106805	-5.6535149	Kerkyra
19.66586752	39.76462995	-8.2296873	Kerkyra
19.99777123	39.34599926	-2.0000002	Kerkyra
19.88859713	39.59615774	-8.8187491	Kerkyra
20.06443528	39.33947456	-3.8124919	Kerkyra
20.02447581	39.51196066	-12.0000007	Kerkyra
20.4871569	39.07542323	-8.396093	Kerkyra
19.83497988	39.71855075	-11.9999983	Kerkyra
19.91581681	39.39813483	-2.0000042	Kerkyra
20.24046795	39.37819493	-12.0000002	Kerkyra
20.64748891	38.96185741	-11.9999949	Kerkyra
19.89598574	39.58134286	-8.590625	Kerkyra
19.9060468	39.50444553	-6.1531812	Kerkyra
19.88352844	39.49262195	-4.6721494	Kerkyra
20.16231144	39.32492318	-5.7246095	Kerkyra
20.18273538	39.39689081	-11.5808303	Kerkyra
20.13415488	39.3295898	-5.2093754	Kerkyra
20.44693736	39.13807373	-9.1437253	Kerkyra
20.16023767	39.26436043	-2.4983308	Kerkyra
20.28822863	39.31002325	-9.9953235	Kerkyra
20.36585615	39.13004467	-5.1009771	Kerkyra
20.62690574	38.91563893	-9.4105459	Kerkyra
19.65093413	39.78689917	-8.9812501	Kerkyra
19.54019913	39.83142028	-5.9546871	Kerkyra
20.47873356	39.14014342	-10.6875369	Kerkyra
19.7690313	39.70468965	-8.679297	Kerkyra
20.3134098	39.16633934	-4.0605469	Kerkyra
19.83246765	39.58503855	-5.8822131	Kerkyra
20.18063711	39.33355353	-6.9134766	Kerkyra
19.72702191	39.76702384	-10.6261726	Kerkyra
20.44242186	39.21888346	-12.0000002	Kerkyra
20.53818026	38.94780854	-6.2828413	Kerkyra
20.42830095	38.98395255	-2.0000002	Kerkyra
20.42431138	39.20976834	-10.8195305	Kerkyra
20.46777547	39.13663314	-10.0512351	Kerkyra
20.02257724	39.50462352	-11.6500002	Kerkyra
20.33675743	39.09558059	-2.4523464	Kerkyra
19.96060932	39.47525048	-7.66875	Kerkyra
20.58476025	38.98696591	-9.789061	Kerkyra
20.34710308	39.23230257	-8.4339844	Kerkyra
20.13276096	39.30561458	-3.43125	Kerkyra
20.43699037	39.025801	-4.1113293	Kerkyra
19.87972083	39.50896214	-5.0742186	Kerkyra
19.57411274	39.72546337	-2.5546877	Kerkyra
20.58527168	39.04450379	-11.5994119	Kerkyra
20.31586439	39.31428496	-11.3366321	Kerkyra
19.9747183	39.48151881	-8.55625	Kerkyra
19.81200942	39.60298126	-5.7570306	Kerkyra
20.5412143	38.96670665	-7.018351	Kerkyra
20.5140377	38.98165237	-6.1453133	Kerkyra
19.7688113	39.6400924	-5.460546	Kerkyra
20.54895829	38.80930055	-2.0000002	Kerkyra
20.70337108	38.87102474	-11.4874988	Kerkyra
19.93075032	39.61486238	-11.4687458	Kerkyra
19.83989386	39.57453004	-5.7562518	Kerkyra
20.34020321	39.30798539	-12.0000037	Kerkyra
20.63468012	38.92296245	-10.0351555	Kerkyra
20.41551457	39.04264364	-3.8462903	Kerkyra
20.55570562	38.83612732	-3.2559561	Kerkyra
19.95015363	39.37605634	-2.3006458	Kerkyra
20.02037483	39.34098151	-2.4317219	Kerkyra
19.50738806	39.77164299	-1.9999993	Kerkyra
19.79167279	39.74970063	-12.0000002	Kerkyra
19.96218343	39.37957136	-2.96624	Kerkyra
20.09982691	39.29998752	-2.0000002	Kerkyra
19.54753397	39.8411231	-6.6855454	Kerkyra
20.12910247	39.42033896	-11.3137698	Kerkyra
20.39351388	39.22705682	-10.0562507	Kerkyra
20.41913377	39.06264082	-4.832031	Kerkyra
20.18364983	39.37184795	-9.8066404	Kerkyra
20.61872986	38.83706823	-6.2828135	Kerkyra
20.3089112	39.22167085	-6.3519524	Kerkyra
20.03288581	39.47862457	-10.7832034	Kerkyra
19.6881364	39.68404596	-4.41175	Kerkyra
20.05787747	39.33947518	-3.5973315	Kerkyra
19.90196749	39.61010331	-10.003304	Kerkyra
20.42440386	39.08406002	-5.9501956	Kerkyra
20.42080044	39.1187035	-7.2044021	Kerkyra
20.5386337	39.03303681	-8.9499938	Kerkyra
20.07265692	39.34848851	-4.6879368	Kerkyra
20.21543658	39.24190315	-3.6066377	Kerkyra
19.7674395	39.69414022	-8.0523433	Kerkyra
19.70673413	39.6938552	-5.6638875	Kerkyra
20.46240132	38.92993588	-1.9999211	Kerkyra
20.55229347	38.81031293	-2.1937493	Kerkyra
19.94911893	39.49741085	-7.932422	Kerkyra
19.91205857	39.60656995	-10.2937507	Kerkyra
20.63005385	38.98075329	-11.8259075	Kerkyra
20.50656471	39.00649164	-6.5488271	Kerkyra
19.59991679	39.77789349	-6.3578129	Kerkyra
19.55678052	39.83102342	-6.6718746	Kerkyra
19.78271617	39.71333835	-9.6773484	Kerkyra
19.74329785	39.66303954	-5.4437509	Kerkyra
19.56549921	39.75078923	-3.7000007	Kerkyra
19.77706149	39.55892819	-2.3335652	Kerkyra
19.96677725	39.3618782	-2.0000007	Kerkyra
19.71332807	39.66471674	-4.3617192	Kerkyra
20.04690462	39.41439795	-8.1531121	Kerkyra
19.71849277	39.64049271	-3.2749993	Kerkyra
19.60516971	39.86874446	-10.3925784	Kerkyra
20.03442751	39.49554964	-11.6894529	Kerkyra
20.22544038	39.38444585	-12.0000002	Kerkyra
19.72152873	39.64367621	-3.5562502	Kerkyra
20.51172896	39.08297948	-9.8046875	Kerkyra
19.84260768	39.52157266	-3.8535112	Kerkyra
20.67090508	38.92997477	-12.0000002	Kerkyra
19.637479	39.67594335	-2.0000579	Kerkyra
19.81609071	39.51281907	-2.3015627	Kerkyra
20.43053035	39.23332846	-12.0000002	Kerkyra
20.61430365	38.8708446	-7.25	Kerkyra
19.67745723	39.80578365	-10.9578123	Kerkyra
20.02206153	39.40632926	-6.7408787	Kerkyra
20.26725856	39.36704707	-12.0000002	Kerkyra
19.89114294	39.65938045	-11.6460945	Kerkyra
19.67453776	39.68917546	-4.1542888	Kerkyra
20.42440578	39.24076631	-12.0000002	Kerkyra
19.66076489	39.81297532	-10.5195313	Kerkyra
20.3917158	39.14225541	-6.7562498	Kerkyra
19.89983043	39.60114361	-9.5250024	Kerkyra
20.54608117	39.01278063	-8.6874982	Kerkyra
19.69675387	39.65514815	-3.201562	Kerkyra
19.69169635	39.80680975	-11.6312507	Kerkyra
20.02814307	39.50709382	-12.0000002	Kerkyra
19.65775963	39.68003881	-3.0095269	Kerkyra
19.89080608	39.62330062	-10.0812505	Kerkyra
19.77813534	39.66698402	-7.0250001	Kerkyra
19.62215374	39.85376585	-10.5171877	Kerkyra
19.83529669	39.67166103	-9.7285164	Kerkyra
20.13859631	39.39177024	-9.7553523	Kerkyra
19.83485909	39.6587485	-9.1542981	Kerkyra
19.58767384	39.76836677	-5.4171873	Kerkyra
20.32655763	39.25273742	-8.6422852	Kerkyra
19.92365793	39.44970939	-4.8896479	Kerkyra
20.51949866	38.92554157	-4.6563777	Kerkyra
19.51956869	39.75875998	-2.0000002	Kerkyra
19.66251985	39.83701873	-11.6031257	Kerkyra
20.08898541	39.33779862	-4.4362185	Kerkyra
19.98502614	39.40443819	-5.1358959	Kerkyra
20.51779625	39.01601602	-7.3968764	Kerkyra
19.64199286	39.83562091	-10.6359373	Kerkyra
19.9704688	39.40172829	-4.4072542	Kerkyra
19.9010243	39.46959697	-4.6781245	Kerkyra
20.16223007	39.35880865	-8.2009783	Kerkyra
20.46495875	39.10188144	-8.495312	Kerkyra
19.91279551	39.5259292	-7.2407832	Kerkyra
19.79987044	39.73607386	-11.5652732	Kerkyra
19.57640773	39.74293199	-3.6609377	Kerkyra
20.59686079	38.89730121	-7.3441403	Kerkyra
20.02445059	39.3568442	-3.6119138	Kerkyra
20.45725189	39.018598	-4.7195278	Kerkyra
19.6259521	39.77764001	-7.5000002	Kerkyra
19.91579796	39.49384907	-6.2359376	Kerkyra
19.70160344	39.63152939	-2.1494792	Kerkyra
20.08618328	39.34914468	-5.1813552	Kerkyra
19.93289662	39.45925935	-5.7421871	Kerkyra
20.31770879	39.2316057	-7.2117184	Kerkyra
20.21122112	39.34217715	-8.475	Kerkyra
20.34429118	39.13133224	-4.1556646	Kerkyra
20.49090115	38.89596415	-2.2659451	Kerkyra
19.85241944	39.55728494	-5.6707031	Kerkyra
19.52709699	39.82794341	-5.2292969	Kerkyra
19.98695345	39.48094119	-9.0261718	Kerkyra
20.49605472	38.9135605	-3.125051	Kerkyra
20.36835082	39.26122835	-10.7609377	Kerkyra
19.58758044	39.7283649	-3.2210955	Kerkyra
20.45031835	39.17979995	-10.8816423	Kerkyra
20.20578862	39.31214139	-6.7359378	Kerkyra
20.45822959	39.04226337	-5.7380846	Kerkyra
19.93305877	39.43867406	-4.7228513	Kerkyra
20.19456636	39.39728334	-12.0000002	Kerkyra
19.9900208	39.439887	-7.1054685	Kerkyra
20.16585098	39.386715	-10.3424722	Kerkyra
20.45121149	38.9476675	-2.0000012	Kerkyra
19.96074646	39.54412739	-10.1398855	Kerkyra
20.07094239	39.47190188	-12.0000002	Kerkyra
20.02221948	39.50261162	-11.5437498	Kerkyra
20.56972666	38.87967285	-5.4406257	Kerkyra
20.49383877	39.00333596	-5.8249989	Kerkyra
20.28002139	39.17662895	-2.9123577	Kerkyra
20.47486975	39.13341192	-10.2374958	Kerkyra
20.35780288	39.15974233	-5.85625	Kerkyra
20.62807974	38.84533714	-7.0152339	Kerkyra
19.95770298	39.41577842	-4.5867188	Kerkyra
19.63766925	39.86071863	-11.4949221	Kerkyra
19.99128145	39.53276842	-11.1749988	Kerkyra
19.74337782	39.61554762	-3.2917961	Kerkyra
19.78125426	39.72831231	-10.4219253	Kerkyra
20.64128166	38.89461397	-9.3601563	Kerkyra
19.98339256	39.56561295	-11.9999646	Kerkyra
20.52308506	39.09164349	-10.668751	Kerkyra
19.68775091	39.76006116	-8.7699215	Kerkyra
20.46264327	38.96624392	-3.139062	Kerkyra
20.18371761	39.40277062	-12.0000012	Kerkyra
19.81188035	39.59084857	-5.2300785	Kerkyra
19.98324791	39.45530716	-7.5976565	Kerkyra
20.55086282	38.91555927	-5.7968762	Kerkyra
20.20368367	39.27006383	-4.5555442	Kerkyra
20.36361763	39.06779291	-2.5660354	Kerkyra
20.53300413	39.01014368	-7.9625004	Kerkyra
20.18744873	39.23986035	-2.3733904	Kerkyra
20.44244303	39.20386398	-11.4312502	Kerkyra
20.44799218	39.1492073	-9.6144358	Kerkyra
19.84844677	39.70870939	-12.0000891	Kerkyra
20.69998299	38.89035242	-12.0000012	Kerkyra
20.43294755	39.10892343	-7.3567903	Kerkyra
19.67546734	39.75379323	-7.9501953	Kerkyra
19.53942836	39.74974403	-2.5019524	Kerkyra
19.6149812	39.88116699	-11.3468738	Kerkyra
20.39603103	39.01895257	-2.0000002	Kerkyra
20.35630955	39.09564817	-3.3565132	Kerkyra
20.192759	39.39813223	-12.0000002	Kerkyra
20.01758948	39.50987851	-11.6015627	Kerkyra
19.9421763	39.41233305	-3.7820313	Kerkyra
20.50977179	39.04580451	-8.1859415	Kerkyra
19.71132514	39.74331062	-8.6605438	Kerkyra
19.59186596	39.76067415	-5.2687494	Kerkyra
19.87379128	39.53514155	-5.8039064	Kerkyra
19.98071939	39.47122645	-8.2878909	Kerkyra
20.17022242	39.38647874	-10.4686909	Kerkyra
20.37751792	39.0892278	-4.0702896	Kerkyra
20.41869733	39.24558985	-11.9999998	Kerkyra
20.67826108	38.90913027	-11.622657	Kerkyra
19.69469503	39.74727382	-8.2785168	Kerkyra
19.80987807	39.65725838	-7.996484	Kerkyra
20.50486187	38.86934817	-2.0000002	Kerkyra
20.13712563	39.30925671	-3.8125	Kerkyra
19.64705506	39.7020819	-3.8787102	Kerkyra
20.07297864	39.42953642	-9.9732385	Kerkyra
20.29085354	39.18331263	-3.675	Kerkyra
20.00124552	39.44553531	-7.844531	Kerkyra
19.77488753	39.73695898	-10.6362949	Kerkyra
20.07805024	39.38529995	-7.2890623	Kerkyra
19.88727555	39.60040041	-8.9429457	Kerkyra
20.59000326	38.97290692	-9.6109363	Kerkyra
20.49457245	39.01344599	-6.1750018	Kerkyra
19.8994984	39.59155177	-9.1425776	Kerkyra
20.66170133	38.91347214	-10.987501	Kerkyra
19.92649262	39.46194119	-5.6062498	Kerkyra
20.52066381	39.07122661	-9.7195317	Kerkyra
19.82449027	39.56768605	-4.7875022	Kerkyra
20.25922174	39.37039181	-12.0000002	Kerkyra
20.34111309	39.21161049	-7.1414061	Kerkyra
19.63682896	39.75602411	-6.6551746	Kerkyra
19.96961904	39.44547165	-6.5519536	Kerkyra
20.45306419	38.97540378	-2.952344	Kerkyra
20.57236259	38.83188244	-3.8992192	Kerkyra
20.54314202	38.82731818	-2.3519529	Kerkyra
20.26629322	39.35828185	-11.502344	Kerkyra
20.26552883	39.1701822	-2.0000002	Kerkyra
19.85669008	39.58199076	-6.8125046	Kerkyra
20.18621941	39.39357915	-11.4750051	Kerkyra
20.24470253	39.35703934	-10.58125	Kerkyra
19.53361159	39.81227367	-4.8615232	Kerkyra
20.27549478	39.36073522	-12.0000002	Kerkyra
20.32536667	39.12943526	-3.2113276	Kerkyra
19.93049739	39.62058023	-11.7031111	Kerkyra
20.1654339	39.3201376	-5.4875001	Kerkyra
20.37853394	39.27752856	-12.0000007	Kerkyra
19.75431061	39.69800838	-7.7460916	Kerkyra
19.59681702	39.76470277	-5.6687505	Kerkyra
19.53846063	39.73877083	-2.0000002	Kerkyra
20.30776469	39.17982109	-4.3121089	Kerkyra
19.65161056	39.78902817	-9.1125002	Kerkyra
20.42807236	39.01833515	-3.4054663	Kerkyra
19.92150756	39.63080493	-11.7484387	Kerkyra
19.8695402	39.59643462	-7.9956888	Kerkyra
20.43063596	39.18952008	-10.3429683	Kerkyra
20.05701599	39.3447696	-3.9156582	Kerkyra
20.47518474	39.12056297	-9.721875	Kerkyra
20.38050195	39.1490163	-6.4957032	Kerkyra
20.53925731	39.05146148	-9.7359519	Kerkyra
19.91668407	39.51307553	-6.9609611	Kerkyra
20.17843722	39.35538762	-8.4437501	Kerkyra
19.8441621	39.70588509	-11.6812795	Kerkyra
20.10003246	39.44808171	-12.0000295	Kerkyra
20.44298628	38.96776706	-2.2195315	Kerkyra
20.6197162	38.83379596	-6.2156235	Kerkyra
20.12839325	39.35767814	-7.0890205	Kerkyra
20.5817371	38.86411778	-5.4685542	Kerkyra
19.63697843	39.7752773	-7.7867172	Kerkyra
19.73535084	39.70792012	-7.5355595	Kerkyra
20.41390692	39.17116304	-8.8755858	Kerkyra
20.24593768	39.27096688	-6.3144098	Kerkyra
20.45052126	38.99384522	-3.3999866	Kerkyra
20.35449698	39.21159733	-7.6812501	Kerkyra
19.78488747	39.74286039	-11.349113	Kerkyra
20.40596332	39.05577314	-3.9609382	Kerkyra
20.49564052	39.11527654	-10.4171877	Kerkyra
20.06953111	39.34297469	-4.2199272	Kerkyra
19.93801689	39.38481874	-2.2417766	Kerkyra
20.55375476	38.95430962	-7.2509346	Kerkyra
20.09986456	39.34609633	-5.3740999	Kerkyra
19.69897765	39.80821014	-12.0000002	Kerkyra
19.74348746	39.78012789	-11.9999998	Kerkyra
19.69338298	39.64242295	-2.3886721	Kerkyra
20.54909117	38.97857301	-7.7740211	Kerkyra
20.11768319	39.37475363	-7.9316321	Kerkyra
19.70347165	39.78342201	-10.7160154	Kerkyra
20.51860075	39.05390862	-8.9140615	Kerkyra
20.50307968	39.0750605	-9.0921882	Kerkyra
20.41056201	39.24305985	-11.5429685	Kerkyra
20.45707265	39.08673006	-7.5187494	Kerkyra
20.15485233	39.31713639	-4.928125	Kerkyra
19.96189405	39.42530926	-5.2324216	Kerkyra
20.26841949	39.17333517	-2.2625002	Kerkyra
19.55295577	39.73670405	-2.4318352	Kerkyra
20.46796623	39.02687612	-5.5390627	Kerkyra
20.33905641	39.30394579	-11.7484285	Kerkyra
19.97495746	39.52357421	-10.0792964	Kerkyra
20.64995216	38.87439611	-9.0671885	Kerkyra
19.7801746	39.54798608	-2.0000002	Kerkyra
19.9920133	39.50282007	-10.1457034	Kerkyra
19.8698312	39.58118027	-7.3843749	Kerkyra
20.28932884	39.1412882	-2.0000002	Kerkyra
19.82004912	39.57298135	-4.8202983	Kerkyra
20.1194529	39.40332206	-9.869533	Kerkyra
19.93560557	39.57444593	-10.1447266	Kerkyra
19.83407997	39.62806732	-7.8015626	Kerkyra
20.39755501	39.21891496	-9.9334958	Kerkyra
19.63505376	39.87555012	-12.0000002	Kerkyra
20.60439745	38.82697299	-5.2499996	Kerkyra
19.86748594	39.54760169	-5.9914065	Kerkyra
20.25992924	39.23265042	-4.9322263	Kerkyra
20.3541659	39.1128259	-3.9089771	Kerkyra
19.48220244	39.81004077	-2.49297	Kerkyra
19.83697246	39.61362849	-7.3078124	Kerkyra
20.31916725	39.18836143	-5.1617185	Kerkyra
20.57961471	38.82208977	-3.902343	Kerkyra
19.85844418	39.49575331	-3.6012317	Kerkyra
19.62479529	39.8373462	-9.9468757	Kerkyra
19.68713972	39.80296068	-11.2562478	Kerkyra
19.6204621	39.78157437	-7.4214831	Kerkyra
19.94551651	39.61104173	-11.9999993	Kerkyra
19.72844162	39.60071075	-1.9999993	Kerkyra
20.23510194	39.20288402	-2.417968	Kerkyra
19.71002517	39.67757131	-4.9207012	Kerkyra
19.85447273	39.52438477	-4.5056636	Kerkyra
20.30671063	39.12017423	-2.0000007	Kerkyra
20.01079718	39.39834955	-5.8812325	Kerkyra
20.40226812	39.23280803	-10.6875002	Kerkyra
19.96298481	39.53390793	-9.8824551	Kerkyra
19.86744871	39.62642904	-9.1925779	Kerkyra
20.43316954	38.9762442	-2.0000002	Kerkyra
19.82363087	39.68900684	-9.9749998	Kerkyra
19.7416083	39.58729846	-2.0000002	Kerkyra
20.14884847	39.31276643	-4.44375	Kerkyra
19.95259831	39.45817586	-6.4912112	Kerkyra
20.17626422	39.3908117	-10.9625	Kerkyra
20.19395186	39.35691751	-9.0277344	Kerkyra
19.88799627	39.63416746	-10.425	Kerkyra
19.63256694	39.74075367	-5.60498	Kerkyra
19.83924336	39.49001978	-2.4932024	Kerkyra
19.78421291	39.73782842	-11.046457	Kerkyra
19.85585349	39.70329657	-12.0000002	Kerkyra
19.62099903	39.68638954	-1.9999968	Kerkyra
20.40429779	39.13703289	-7.1382813	Kerkyra
19.9511896	39.53764142	-9.4591816	Kerkyra
19.83300542	39.48440912	-1.9998762	Kerkyra
20.39694618	39.15229507	-7.3781255	Kerkyra
19.88888808	39.44336306	-3.1562498	Kerkyra
19.60054853	39.7362504	-4.1605471	Kerkyra
19.66001317	39.71232232	-4.9554686	Kerkyra
19.75952874	39.72840474	-9.5769822	Kerkyra
20.38380761	39.25744195	-11.1927732	Kerkyra
19.93303598	39.47215323	-6.2773438	Kerkyra
20.56633565	38.97412585	-8.4843754	Kerkyra
20.41340581	39.18498529	-9.3767571	Kerkyra
19.70840977	39.71914133	-7.1403144	Kerkyra
19.6443409	39.67899556	-2.4302698	Kerkyra
20.17470461	39.24859998	-2.303739	Kerkyra
19.76924485	39.73206541	-10.1526318	Kerkyra
19.9521373	39.43397472	-5.2664064	Kerkyra
19.7944573	39.66856803	-7.8076169	Kerkyra
19.72376519	39.71337944	-7.37503	Kerkyra
19.56570971	39.84423837	-7.6203116	Kerkyra
20.23452089	39.32459538	-8.5285156	Kerkyra
19.69391623	39.72806675	-7.1269531	Kerkyra
19.78251316	39.63289852	-5.7511721	Kerkyra
20.45266712	39.10960236	-8.2648381	Kerkyra
19.5773503	39.75422552	-4.3562505	Kerkyra
20.22480249	39.29047189	-6.4332081	Kerkyra
20.59197363	38.96217305	-9.3750017	Kerkyra
20.11634081	39.29032662	-2.0000002	Kerkyra
20.19172683	39.30817523	-5.9646486	Kerkyra
19.96893045	39.36819164	-2.4876882	Kerkyra
20.02335266	39.48976911	-10.9499019	Kerkyra
20.63200785	38.87437534	-8.2140623	Kerkyra
20.11258371	39.36253057	-6.9562512	Kerkyra
19.96526229	39.49951397	-8.7677737	Kerkyra
20.12916406	39.38157172	-8.7668425	Kerkyra
19.78400963	39.67762603	-7.8164084	Kerkyra
20.59872638	38.87351264	-6.603126	Kerkyra
19.57211688	39.77091849	-4.835157	Kerkyra
19.90445016	39.64410637	-11.5726545	Kerkyra
19.67948089	39.65620396	-2.5828132	Kerkyra
19.68860381	39.63865212	-2.0000002	Kerkyra
19.8020532	39.67943306	-8.6187157	Kerkyra
19.91495147	39.57979322	-9.4015627	Kerkyra
20.48537879	38.99570708	-5.1720706	Kerkyra
20.46704785	39.0061448	-4.6440383	Kerkyra
20.5870729	39.05455732	-12.0000002	Kerkyra
19.91822771	39.52312102	-7.390483	Kerkyra
20.48452105	39.01654861	-5.8530354	Kerkyra
20.31273146	39.19117264	-4.9718746	Kerkyra
19.66396288	39.79896297	-10.0750002	Kerkyra
20.26000457	39.36382902	-11.5437502	Kerkyra
20.3833722	39.10414646	-4.9266997	Kerkyra
19.85444442	39.46735839	-2.4039041	Kerkyra
19.63389154	39.78801537	-8.2855471	Kerkyra
19.59347839	39.75120248	-4.7742183	Kerkyra
20.01055162	39.49928535	-10.89375	Kerkyra
20.19900236	39.33675122	-7.7062501	Kerkyra
19.84152362	39.53347651	-4.2593755	Kerkyra
19.89980879	39.41123216	-2.0000007	Kerkyra
20.49154343	39.14583114	-11.4937034	Kerkyra
20.53124173	39.04011378	-8.9104272	Kerkyra
20.51888454	38.96166638	-5.7634777	Kerkyra
20.28983004	39.14813143	-2.2828127	Kerkyra
19.74892922	39.7254425	-9.0053929	Kerkyra
19.93091305	39.38577951	-2.0000012	Kerkyra
20.00312415	39.38814964	-4.9519521	Kerkyra
19.6170588	39.73310342	-4.5855471	Kerkyra
19.85661688	39.67204314	-10.678417	Kerkyra
19.96056886	39.47708635	-7.7499999	Kerkyra
19.72642318	39.61743084	-2.6304685	Kerkyra
19.85851841	39.61152046	-8.1609391	Kerkyra
19.94232995	39.44772771	-5.5519532	Kerkyra
20.44969527	39.10025541	-7.7468744	Kerkyra
20.46687308	39.07647709	-7.5337892	Kerkyra
20.22921037	39.22028402	-3.0640627	Kerkyra
20.50632749	38.95287868	-4.8730464	Kerkyra
19.89065973	39.56282593	-7.6375004	Kerkyra
20.14943836	39.37890179	-9.275	Kerkyra
20.19106069	39.3456598	-8.1162109	Kerkyra
20.17596745	39.26890264	-3.3664063	Kerkyra
20.38154334	39.03465001	-1.9999988	Kerkyra
19.61970499	39.74853501	-5.5855466	Kerkyra
19.97734984	39.53579424	-10.6261975	Kerkyra
20.33041063	39.3157627	-11.9999827	Kerkyra
20.26683249	39.2689617	-7.0556996	Kerkyra
19.79821915	39.67589861	-8.2875007	Kerkyra
19.66926295	39.65277839	-1.9999944	Kerkyra
20.40180855	39.11303533	-6.1137819	Kerkyra
19.69821854	39.63148143	-2.0000002	Kerkyra
20.70971631	38.87708173	-11.9999983	Kerkyra
20.0397552	39.34727166	-3.4983359	Kerkyra
19.60855534	39.69887226	-2.2705076	Kerkyra
19.79760334	39.72526787	-10.8980398	Kerkyra
20.00753708	39.53443332	-11.9999939	Kerkyra
20.53858458	38.99715995	-7.833986	Kerkyra
19.86918262	39.43645013	-2.0000002	Kerkyra
19.81365828	39.53940866	-3.2078123	Kerkyra
20.00548987	39.50657419	-10.9140625	Kerkyra
20.30911703	39.14676661	-3.1199221	Kerkyra
19.78029439	39.75688811	-11.9999998	Kerkyra
20.37678885	39.23981546	-10.0142576	Kerkyra
19.64711739	39.79604233	-9.2069336	Kerkyra
19.64946771	39.78151293	-8.6121089	Kerkyra
19.94308292	39.46931584	-6.65	Kerkyra
20.17546396	39.2837697	-4.085938	Kerkyra
19.74344318	39.72039188	-8.5192203	Kerkyra
19.93087581	39.53216202	-8.309422	Kerkyra
19.84923347	39.69852804	-11.4938137	Kerkyra
19.87562863	39.51945242	-5.2879036	Kerkyra
20.09325817	39.41803368	-9.9541018	Kerkyra
20.31571417	39.20106872	-5.5804685	Kerkyra
19.66074179	39.68628565	-3.4613118	Kerkyra
20.1564785	39.31075125	-4.6546875	Kerkyra
19.82771371	39.52357326	-3.2465786	Kerkyra
20.36975088	39.04742301	-1.9999998	Kerkyra
20.55680854	38.93887512	-6.8932673	Kerkyra
19.62935299	39.80583053	-8.8298827	Kerkyra
20.47672157	38.91707239	-2.3058699	Kerkyra
19.97863161	39.37577106	-3.3128896	Kerkyra
20.11424185	39.39129698	-8.903219	Kerkyra
20.31863694	39.30206888	-10.8288557	Kerkyra
19.831383	39.68552303	-10.1531252	Kerkyra
20.42774064	38.99121512	-2.273304	Kerkyra
20.06713231	39.36441879	-5.548234	Kerkyra
20.32855095	39.14751234	-4.043946	Kerkyra
20.48058213	39.00722246	-5.2937515	Kerkyra
20.28005607	39.19467247	-3.8158203	Kerkyra
19.77187711	39.66603936	-6.7218753	Kerkyra
19.95385697	39.39143971	-3.217439	Kerkyra
20.04793535	39.39240435	-6.7414057	Kerkyra
19.58207243	39.85067848	-8.6140625	Kerkyra
20.46173166	39.12445038	-9.2817764	Kerkyra
19.7867545	39.60341224	-4.6695317	Kerkyra
19.65159417	39.68311158	-2.9375005	Kerkyra
19.75565757	39.74619727	-10.465623	Kerkyra
19.72568121	39.68183375	-5.7609373	Kerkyra
20.03995124	39.32899574	-2.3004841	Kerkyra
19.6972297	39.70542474	-5.9254578	Kerkyra
20.00831725	39.52465545	-11.6894504	Kerkyra
20.38635667	39.23029341	-9.9171875	Kerkyra
19.59405984	39.85368208	-9.270314	Kerkyra
19.70835542	39.63598796	-2.6373894	Kerkyra
19.93183812	39.39962719	-2.7275393	Kerkyra
19.81854566	39.55910351	-4.1861323	Kerkyra
20.5331022	39.11309769	-11.9999993	Kerkyra
19.89854011	39.42623427	-2.6958987	Kerkyra
20.35562021	39.22170578	-8.2398439	Kerkyra
19.91662753	39.43171433	-3.7062498	Kerkyra
20.08599674	39.42730438	-10.3191394	Kerkyra
19.63167313	39.70353579	-3.3960962	Kerkyra
19.99180942	39.48911005	-9.63125	Kerkyra
19.70164749	39.76547291	-9.5991213	Kerkyra
20.63764735	38.9752503	-12.0000232	Kerkyra
20.26425063	39.17148065	-2.0000002	Kerkyra
20.44229327	38.96179527	-2.0000002	Kerkyra
20.47758191	39.16549173	-11.5960725	Kerkyra
20.68055706	38.86087706	-10.0499998	Kerkyra
20.26310281	39.28439827	-7.6901022	Kerkyra
19.97507289	39.57559543	-12.0000007	Kerkyra
20.01780312	39.39552745	-5.9316416	Kerkyra
19.81015112	39.68119336	-9.037499	Kerkyra
19.65926532	39.8257764	-10.9886724	Kerkyra
19.70523454	39.80426395	-12.0000002	Kerkyra
20.55968678	39.05161262	-10.65455	Kerkyra
19.86337686	39.44414993	-2.0000002	Kerkyra
20.36834948	39.09108051	-3.7375059	Kerkyra
20.34095501	39.16544523	-5.2960941	Kerkyra
20.06431608	39.32160631	-2.5015671	Kerkyra
20.2938547	39.23169372	-6.2531248	Kerkyra
20.46631145	38.99339336	-4.1625005	Kerkyra
19.93234802	39.50437391	-7.3896431	Kerkyra
19.74441052	39.74072604	-9.7306885	Kerkyra
20.5087811	38.88684998	-2.7968748	Kerkyra
19.60392235	39.84192992	-9.2148445	Kerkyra
19.75481389	39.75988493	-11.2345676	Kerkyra
19.72456309	39.78064109	-11.3316404	Kerkyra
20.21798039	39.34347752	-8.79375	Kerkyra
20.4235353	38.98913646	-1.9999358	Kerkyra
19.93011695	39.54334499	-8.7030035	Kerkyra
20.02580436	39.42234963	-7.6909788	Kerkyra
20.35507457	39.17095868	-6.1560548	Kerkyra
19.93296666	39.62497424	-11.9999763	Kerkyra
19.8508797	39.47968712	-2.6742981	Kerkyra
19.66469183	39.70119821	-4.4779304	Kerkyra
20.05410246	39.42070349	-8.7635284	Kerkyra
20.42496505	39.0040482	-2.6781375	Kerkyra
19.76296278	39.57311841	-2.3257815	Kerkyra
20.29031985	39.33388168	-11.2681741	Kerkyra
19.88133716	39.61268654	-9.2105498	Kerkyra
20.49645908	38.8807816	-2.0000002	Kerkyra
19.73485729	39.72809969	-8.6400446	Kerkyra
20.41855008	39.22691815	-11.2046873	Kerkyra
20.35834215	39.0597768	-1.9999998	Kerkyra
20.57789754	39.0080279	-10.1048831	Kerkyra
20.56002865	38.85536023	-4.1320305	Kerkyra
19.78619746	39.68861053	-8.4898473	Kerkyra
20.04897724	39.48371621	-11.692969	Kerkyra
19.97507205	39.43059034	-6.0328125	Kerkyra
19.92255997	39.45833847	-5.275	Kerkyra
19.61292529	39.77185633	-6.6812498	Kerkyra
20.60399246	39.00858293	-11.4056643	Kerkyra
20.64956988	38.92417011	-10.7843748	Kerkyra
19.76241919	39.61541777	-4.1199219	Kerkyra
20.28184813	39.29724344	-9.0988289	Kerkyra
20.33364195	39.27465375	-10.0416016	Kerkyra
20.43823253	39.04282856	-4.8683594	Kerkyra
19.89172716	39.44648072	-3.41875	Kerkyra
19.88159538	39.54433989	-6.5140629	Kerkyra
20.40669606	39.25513626	-12.0000002	Kerkyra
20.03718566	39.38490165	-5.8858396	Kerkyra
20.02352138	39.47085071	-10.0140623	Kerkyra
19.86043969	39.51184935	-4.2997222	Kerkyra
20.212743	39.25580964	-4.2047356	Kerkyra
20.44318929	39.12435454	-8.4500841	Kerkyra
20.28377149	39.28837208	-8.7257734	Kerkyra
19.80731909	39.67278422	-8.5519523	Kerkyra
19.94240953	39.51257498	-8.1550746	Kerkyra
19.84450576	39.50709303	-3.3865759	Kerkyra
