14.155498	45.303	-0.9999993	Lupoglav
14.10604065	45.42343298	-11.0447733	Lupoglav
14.15674022	45.30388156	-1.1915111	Lupoglav
14.1323515	45.34915497	-4.2937694	Lupoglav
13.99455309	45.42301195	-2.5631619	Lupoglav
14.15631102	45.32864926	-3.8414364	Lupoglav
13.93087575	45.45526751	-1.5676297	Lupoglav
13.95573282	45.50768883	-8.8588382	Lupoglav
13.97172277	45.48638897	-8.0787293	Lupoglav
13.93499836	45.47295752	-3.6705328	Lupoglav
14.06021774	45.42871234	-8.156403	Lupoglav
14.02799967	45.44311999	-7.3127044	Lupoglav
13.9918798	45.41391415	-1.3420238	Lupoglav
14.00300703	45.41501271	-2.3070662	Lupoglav
14.07904948	45.36425565	-2.1553221	Lupoglav
14.16181796	45.3074848	-1.9743128	Lupoglav
13.94727353	45.46173372	-3.5183712	Lupoglav
14.00114547	45.50600113	-12.490721	Lupoglav
13.98064859	45.44804208	-4.3512379	Lupoglav
13.93202288	45.53319951	-9.44145	Lupoglav
14.02223733	45.47896687	-10.9264691	Lupoglav
14.00254435	45.49064643	-10.8524989	Lupoglav
14.04569995	45.44988903	-9.3970616	Lupoglav
13.93271679	45.51528244	-7.6883576	Lupoglav
14.00770086	45.47225958	-9.1014449	Lupoglav
14.15394674	45.37790962	-9.1410238	Lupoglav
13.88823501	45.50026203	-2.4991732	Lupoglav
13.87439318	45.51334939	-2.6805096	Lupoglav
14.09283562	45.34565085	-1.0000032	Lupoglav
14.08638503	45.44998456	-12.4906751	Lupoglav
14.16927194	45.31277355	-3.1233797	Lupoglav
13.97592015	45.42141654	-0.9999989	Lupoglav
14.06898642	45.39512124	-5.0961643	Lupoglav
14.12936264	45.3216173	-0.9996024	Lupoglav
13.92000863	45.50812065	-5.9144639	Lupoglav
14.17612072	45.31763214	-4.1790841	Lupoglav
14.03582581	45.38464136	-1.436868	Lupoglav
14.12382167	45.34986885	-3.7324957	Lupoglav
13.96499034	45.49079083	-7.9530499	Lupoglav
13.94759909	45.54019585	-11.4337513	Lupoglav
13.97959224	45.48937315	-9.0338909	Lupoglav
14.03981899	45.39406236	-2.780679	Lupoglav
13.97786787	45.4689574	-6.5638467	Lupoglav
14.10542299	45.33774157	-0.9995589	Lupoglav
14.04902205	45.47521383	-12.4906663	Lupoglav
14.1304245	45.32710556	-1.6918338	Lupoglav
14.18121546	45.34713699	-7.7693203	Lupoglav
14.12691312	45.35480014	-4.5193736	Lupoglav
14.05715129	45.39756712	-4.4813128	Lupoglav
14.15679268	45.37519783	-9.0339053	Lupoglav
13.98988007	45.42955345	-2.9534134	Lupoglav
13.98989754	45.49558136	-10.5085267	Lupoglav
14.1814634	45.32142179	-5.0025826	Lupoglav
14.14758058	45.36673353	-7.3963427	Lupoglav
14.04825434	45.38028046	-1.8837196	Lupoglav
14.07475251	45.35985787	-1.3334788	Lupoglav
13.97253983	45.46084599	-5.2419699	Lupoglav
13.9562085	45.51722347	-9.8469205	Lupoglav
14.13373514	45.35453538	-4.9970932	Lupoglav
13.93501596	45.48075265	-4.4470506	Lupoglav
14.0035549	45.46545784	-8.0162355	Lupoglav
13.92551198	45.54914951	-10.5172049	Lupoglav
13.96881342	45.43604522	-2.1209285	Lupoglav
14.17045204	45.3739871	-9.9226165	Lupoglav
14.18752079	45.32571787	-5.9361989	Lupoglav
13.94928666	45.46956598	-4.5293966	Lupoglav
14.04734894	45.39433775	-3.3815943	Lupoglav
14.17622186	45.38708293	-11.8154813	Lupoglav
14.13553609	45.33031233	-2.4330369	Lupoglav
14.0223132	45.44161479	-6.7207998	Lupoglav
14.07739575	45.40313261	-6.6304244	Lupoglav
13.95663471	45.54327657	-12.4906663	Lupoglav
13.96421127	45.43660902	-1.842512	Lupoglav
14.1342551	45.39730238	-9.9555555	Lupoglav
14.19429306	45.33052028	-6.9799344	Lupoglav
13.98242279	45.47174084	-7.2145355	Lupoglav
14.07393971	45.38614039	-4.3825635	Lupoglav
14.00021	45.4636347	-7.5638406	Lupoglav
14.09349312	45.3712537	-4.0018089	Lupoglav
13.92139632	45.56789936	-12.0741302	Lupoglav
14.04338771	45.38981052	-2.5811644	Lupoglav
13.99670983	45.50649142	-12.1680657	Lupoglav
13.95544006	45.47338171	-5.4234389	Lupoglav
13.89642755	45.52206633	-5.3794698	Lupoglav
14.15365704	45.33789313	-4.6387137	Lupoglav
13.89202807	45.48811695	-1.5838831	Lupoglav
14.12750248	45.422865	-12.4906668	Lupoglav
13.97922825	45.47744482	-7.6424433	Lupoglav
14.19963661	45.33430905	-7.8034322	Lupoglav
13.90891506	45.47613652	-1.804347	Lupoglav
13.98300457	45.46410365	-6.3745787	Lupoglav
13.9342604	45.48701439	-5.0064725	Lupoglav
13.92401259	45.50611738	-6.0490041	Lupoglav
14.17591738	45.39117768	-12.2608524	Lupoglav
13.85229376	45.51475659	-0.9999989	Lupoglav
14.03496738	45.4313291	-6.5322778	Lupoglav
14.01191978	45.45186392	-7.104117	Lupoglav
13.9138006	45.50279995	-4.864763	Lupoglav
14.10136275	45.36961914	-4.3823187	Lupoglav
14.01430536	45.43640073	-5.5384378	Lupoglav
14.20485613	45.33800948	-8.607779	Lupoglav
14.10158908	45.38833975	-6.5873485	Lupoglav
14.17180391	45.34173191	-6.4562855	Lupoglav
14.13824094	45.32192912	-1.7164398	Lupoglav
14.17960313	45.33839301	-6.6973044	Lupoglav
14.05296356	45.4445173	-9.3537757	Lupoglav
13.93720721	45.46644824	-3.208213	Lupoglav
13.97377319	45.48415842	-8.0236697	Lupoglav
14.13543728	45.41814315	-12.4906663	Lupoglav
14.209237	45.34111499	-9.2828555	Lupoglav
13.99184911	45.41661551	-1.641286	Lupoglav
13.88696078	45.48647111	-0.9999993	Lupoglav
14.21662118	45.36105364	-12.0138323	Lupoglav
14.16157781	45.40215228	-12.4906649	Lupoglav
13.91793589	45.53079475	-8.0362375	Lupoglav
14.16990519	45.38449002	-11.0543299	Lupoglav
13.95753286	45.45007394	-2.913315	Lupoglav
13.96163799	45.50595278	-9.1802176	Lupoglav
13.9563246	45.47776189	-5.9326079	Lupoglav
14.21358697	45.34419831	-9.9531444	Lupoglav
14.13692565	45.367129	-6.6661633	Lupoglav
14.00128899	45.42204338	-2.954233	Lupoglav
13.98364958	45.45612364	-5.499557	Lupoglav
14.08769888	45.37732533	-4.3086463	Lupoglav
14.02160945	45.44683166	-7.2564277	Lupoglav
14.2189936	45.34803021	-10.7862178	Lupoglav
14.095392	45.35453634	-2.2101102	Lupoglav
13.98610329	45.5010252	-10.7371278	Lupoglav
14.17198711	45.38374872	-11.125699	Lupoglav
14.06239135	45.44841439	-10.4989508	Lupoglav
14.06813699	45.45901579	-12.1063807	Lupoglav
14.05828253	45.38814446	-3.5184688	Lupoglav
14.10258625	45.3950185	-7.4467429	Lupoglav
13.96178227	45.53726437	-12.3072215	Lupoglav
13.94634081	45.49430109	-6.7417424	Lupoglav
14.12606986	45.40937343	-10.7951947	Lupoglav
14.2235304	45.35124528	-11.4852327	Lupoglav
13.88045661	45.51448452	-3.2954403	Lupoglav
13.92830198	45.53935004	-9.7563963	Lupoglav
14.07246078	45.39738789	-5.6084725	Lupoglav
13.97517636	45.4646793	-5.8752287	Lupoglav
13.90273873	45.4919112	-2.8564573	Lupoglav
14.06995423	45.45012082	-11.2606566	Lupoglav
14.22769448	45.35419594	-12.1267957	Lupoglav
13.99619167	45.43971792	-4.567493	Lupoglav
13.9842023	45.49704957	-10.182794	Lupoglav
14.09199519	45.41114145	-8.6079984	Lupoglav
13.98139336	45.51141616	-11.3763123	Lupoglav
14.18679222	45.3548464	-9.0356756	Lupoglav
14.05223072	45.41776961	-6.3416049	Lupoglav
14.23005627	45.35586938	-12.4906663	Lupoglav
13.93547541	45.46112268	-2.5338861	Lupoglav
14.15739093	45.39366333	-11.2081409	Lupoglav
13.93378957	45.56030239	-12.3278822	Lupoglav
14.18452652	45.3596429	-9.380887	Lupoglav
14.00067792	45.50485199	-12.3376844	Lupoglav
14.00811294	45.41907924	-3.1434261	Lupoglav
14.13941765	45.31607674	-1.1735662	Lupoglav
14.15398294	45.37111814	-8.3658835	Lupoglav
13.98250338	45.49291615	-9.6301614	Lupoglav
13.86618001	45.50342934	-0.9999993	Lupoglav
14.09491326	45.4134654	-9.0880091	Lupoglav
13.92180583	45.46569288	-1.8444447	Lupoglav
14.15907213	45.30889193	-1.9144656	Lupoglav
13.99499325	45.4485204	-5.4705869	Lupoglav
13.87685883	45.53118679	-4.6876737	Lupoglav
14.03743363	45.46063965	-9.9875579	Lupoglav
14.07700066	45.45641723	-12.4906634	Lupoglav
13.94609027	45.52532179	-9.8057147	Lupoglav
14.02033701	45.45304673	-7.8623807	Lupoglav
13.89442933	45.48023412	-0.9999993	Lupoglav
14.05842097	45.44584123	-9.9136453	Lupoglav
14.0976215	45.37520765	-4.756872	Lupoglav
13.98520601	45.49225816	-9.7855718	Lupoglav
13.9994985	45.50238114	-11.9879656	Lupoglav
13.94204738	45.50452665	-7.3994633	Lupoglav
14.11290593	45.36259164	-4.4059053	Lupoglav
14.16203113	45.34082496	-5.6024783	Lupoglav
13.97952052	45.48823045	-8.9094093	Lupoglav
14.13606639	45.36319005	-6.14903	Lupoglav
14.04451172	45.37834237	-1.3915028	Lupoglav
14.13198636	45.31977712	-0.9999437	Lupoglav
13.99734802	45.4150597	-1.8832391	Lupoglav
13.941796	45.47858202	-4.7985032	Lupoglav
13.97631421	45.4441644	-3.5923585	Lupoglav
14.13333331	45.41504842	-11.9768778	Lupoglav
13.96975724	45.44404466	-3.1005716	Lupoglav
14.07081788	45.42359004	-8.3932253	Lupoglav
14.16987288	45.31852171	-3.7924713	Lupoglav
14.13337173	45.41025816	-11.4134202	Lupoglav
13.88793688	45.53004432	-5.4858483	Lupoglav
13.89966607	45.47582899	-0.9999993	Lupoglav
13.92747301	45.45242848	-0.9999993	Lupoglav
14.16232407	45.32335575	-3.7326239	Lupoglav
13.90578255	45.4706831	-0.9999993	Lupoglav
14.17088157	45.32260709	-4.3129925	Lupoglav
13.98640454	45.48936348	-9.5378045	Lupoglav
14.17386597	45.34750319	-7.2408016	Lupoglav
14.03627009	45.46722579	-10.6434818	Lupoglav
14.04485363	45.46578462	-11.1183699	Lupoglav
14.07591286	45.40098721	-6.2761332	Lupoglav
14.05158871	45.45789988	-10.7297315	Lupoglav
13.90935058	45.53205598	-7.4555703	Lupoglav
14.16755912	45.33045374	-4.9062258	Lupoglav
13.9646609	45.49860379	-8.7023375	Lupoglav
14.16535934	45.3166459	-3.2403809	Lupoglav
13.97604206	45.48805792	-8.6064456	Lupoglav
13.89426091	45.50474262	-3.4492464	Lupoglav
13.92820906	45.45185792	-0.9999993	Lupoglav
14.03644043	45.40847577	-4.1179044	Lupoglav
14.1708846	45.35698685	-8.0603344	Lupoglav
14.14691734	45.33386618	-3.6833643	Lupoglav
13.92184888	45.4785105	-3.1224818	Lupoglav
13.95356059	45.47092586	-5.0217331	Lupoglav
13.94483298	45.46473872	-3.6763675	Lupoglav
14.05820081	45.36955593	-1.3156966	Lupoglav
13.8707555	45.53203474	-4.2700523	Lupoglav
13.92740403	45.45445927	-1.1964471	Lupoglav
14.18469841	45.32701928	-5.858996	Lupoglav
14.05590405	45.4541001	-10.635993	Lupoglav
14.17465957	45.38785865	-11.7868568	Lupoglav
13.92930012	45.46998029	-2.8977552	Lupoglav
13.97273519	45.48104642	-7.5891793	Lupoglav
13.90786122	45.48184669	-2.2840223	Lupoglav
14.04715093	45.45648683	-10.2409605	Lupoglav
13.94059097	45.53831348	-10.6653248	Lupoglav
13.91387856	45.46387063	-0.9999998	Lupoglav
13.8949953	45.52902456	-5.9649256	Lupoglav
14.01635794	45.47309217	-9.8261553	Lupoglav
13.96883383	45.48065844	-7.2624132	Lupoglav
13.99900053	45.42611019	-3.2423746	Lupoglav
14.17922767	45.39109483	-12.4906663	Lupoglav
14.06739522	45.38395844	-3.6643978	Lupoglav
13.89414506	45.51299149	-4.2736434	Lupoglav
14.07706757	45.37067534	-2.7750872	Lupoglav
13.91844479	45.55227111	-10.2499869	Lupoglav
13.94020563	45.52225837	-9.0099949	Lupoglav
13.96535077	45.43370075	-1.5996771	Lupoglav
13.89898088	45.51550092	-4.9262769	Lupoglav
14.05862563	45.46709379	-12.2882757	Lupoglav
14.06509884	45.44335098	-10.144356	Lupoglav
14.18986662	45.3492578	-8.6677786	Lupoglav
14.03994858	45.42441427	-6.1453671	Lupoglav
14.05344643	45.42755691	-7.5155834	Lupoglav
13.94900966	45.51296186	-8.8208343	Lupoglav
13.9330856	45.45531557	-1.7516239	Lupoglav
14.06777304	45.36437438	-1.3767435	Lupoglav
14.15876883	45.3833621	-10.118932	Lupoglav
14.16025231	45.34316984	-5.7216682	Lupoglav
14.01689143	45.39366802	-1.000014	Lupoglav
14.04914295	45.41045032	-5.2985267	Lupoglav
14.09603704	45.39691108	-7.209748	Lupoglav
14.12030895	45.35712312	-4.3101514	Lupoglav
13.94071682	45.51558886	-8.388452	Lupoglav
14.20867487	45.3658215	-11.9162918	Lupoglav
14.20245598	45.34007709	-8.6462308	Lupoglav
14.13167625	45.33772289	-2.9689722	Lupoglav
14.02356366	45.42873045	-5.380967	Lupoglav
14.02045248	45.4857113	-11.5769769	Lupoglav
14.07331219	45.35787884	-0.9997147	Lupoglav
14.12829094	45.32409638	-1.1962987	Lupoglav
13.91417498	45.49739593	-4.3586214	Lupoglav
13.88171856	45.53573415	-5.5483886	Lupoglav
14.18822945	45.36209606	-9.9325955	Lupoglav
14.10391272	45.42539288	-11.1001155	Lupoglav
14.01797931	45.4060185	-2.4474036	Lupoglav
13.95954823	45.43220587	-0.9997064	Lupoglav
13.93344346	45.5120642	-7.4293626	Lupoglav
14.02420317	45.41891896	-4.3448612	Lupoglav
13.98637185	45.42095911	-1.7245482	Lupoglav
14.11337428	45.42862838	-12.1746468	Lupoglav
14.14452068	45.3551016	-5.8703758	Lupoglav
13.93946779	45.44614921	-1.1544056	Lupoglav
14.21453078	45.3487729	-10.5216925	Lupoglav
13.97731242	45.43568497	-2.7113426	Lupoglav
13.97021366	45.43954729	-2.6193616	Lupoglav
13.9528615	45.52687048	-10.5264691	Lupoglav
14.01684198	45.39651817	-1.3112987	Lupoglav
14.18421579	45.36640378	-10.1109781	Lupoglav
14.11912682	45.34766925	-3.1351517	Lupoglav
13.95472508	45.46060742	-3.9268284	Lupoglav
14.17302873	45.39497884	-12.4906668	Lupoglav
14.12523958	45.38219914	-7.5604525	Lupoglav
13.90542237	45.55241705	-9.190691	Lupoglav
13.98398144	45.41610472	-0.9999798	Lupoglav
14.01184603	45.44251587	-6.0451212	Lupoglav
13.99390623	45.49842032	-11.1261121	Lupoglav
14.08727404	45.36550007	-2.8878292	Lupoglav
14.10747113	45.3411289	-1.5360506	Lupoglav
14.19124842	45.36454383	-10.4319439	Lupoglav
14.21970637	45.35308305	-11.3887298	Lupoglav
14.11182843	45.42643949	-11.8108065	Lupoglav
14.11530309	45.41269482	-10.4304266	Lupoglav
14.10771095	45.38374508	-6.4746246	Lupoglav
13.91460439	45.54735079	-9.4356155	Lupoglav
13.95644087	45.48710268	-6.8710126	Lupoglav
14.10822395	45.42388601	-11.2554178	Lupoglav
14.14595357	45.36792506	-7.4108093	Lupoglav
14.18025751	45.3524972	-8.2758116	Lupoglav
13.90174147	45.47662272	-1.2525545	Lupoglav
14.00346825	45.44685377	-5.9119597	Lupoglav
14.12202821	45.36112151	-4.8958315	Lupoglav
14.15464594	45.34787822	-5.8257246	Lupoglav
13.9254597	45.48702802	-4.2715487	Lupoglav
13.90924659	45.55929834	-10.2021082	Lupoglav
14.08167376	45.41283649	-8.027119	Lupoglav
14.13679618	45.35743399	-5.5501116	Lupoglav
14.15316258	45.30804546	-1.3659661	Lupoglav
14.08085646	45.40052194	-6.5687651	Lupoglav
14.13770668	45.37539497	-7.6765548	Lupoglav
14.17150747	45.36771347	-9.3026051	Lupoglav
13.89945842	45.48241226	-1.6372791	Lupoglav
14.12666235	45.40500519	-10.3206094	Lupoglav
14.16815311	45.36284819	-8.5084331	Lupoglav
14.13806374	45.40681879	-11.3366741	Lupoglav
14.05418779	45.38804387	-3.2051048	Lupoglav
14.15610291	45.31551642	-2.4025203	Lupoglav
14.11613428	45.39377562	-8.2528841	Lupoglav
14.11933635	45.3741377	-6.2032645	Lupoglav
14.03292351	45.44662654	-8.0732813	Lupoglav
14.12930478	45.35355214	-4.5548043	Lupoglav
13.92437458	45.56692654	-12.2213538	Lupoglav
14.01354724	45.48979879	-11.549866	Lupoglav
13.95683937	45.45531214	-3.4680994	Lupoglav
14.04387467	45.46047689	-10.4474898	Lupoglav
14.14825841	45.32142836	-2.4366322	Lupoglav
13.94645197	45.53323492	-10.6354183	Lupoglav
13.94955897	45.52898483	-10.4617122	Lupoglav
13.9717812	45.51318383	-10.7479158	Lupoglav
14.04768268	45.37480081	-1.195682	Lupoglav
14.07227027	45.39949897	-5.8404345	Lupoglav
14.10928005	45.36722291	-4.67821	Lupoglav
14.01270106	45.45627556	-7.6593475	Lupoglav
13.96231035	45.48117279	-6.7725633	Lupoglav
14.06692819	45.41617258	-7.278572	Lupoglav
14.11861309	45.38658835	-7.5879672	Lupoglav
13.94289723	45.46835478	-3.8738634	Lupoglav
14.14046858	45.40026024	-10.7461068	Lupoglav
14.06547884	45.38851704	-4.0683568	Lupoglav
14.16670318	45.34856586	-6.8073942	Lupoglav
14.16794023	45.35245857	-7.3345231	Lupoglav
14.04942302	45.43402413	-7.9255198	Lupoglav
13.93752534	45.45846485	-2.4363333	Lupoglav
13.981589	45.44523273	-4.1048524	Lupoglav
14.11637935	45.34791077	-2.9629271	Lupoglav
14.15524849	45.36676067	-7.9755159	Lupoglav
14.01136666	45.42184909	-3.6961007	Lupoglav
13.93190252	45.54469141	-10.5935096	Lupoglav
14.10279606	45.40734005	-8.9177874	Lupoglav
13.91104895	45.55449454	-9.8648699	Lupoglav
13.92752246	45.5670224	-12.4906673	Lupoglav
14.06347116	45.46393719	-12.2965994	Lupoglav
14.15187941	45.39822667	-11.3363646	Lupoglav
13.91534079	45.55742666	-10.515409	Lupoglav
13.99863289	45.49813605	-11.4349617	Lupoglav
13.96094395	45.43963368	-1.954199	Lupoglav
14.02907083	45.42157582	-5.0073701	Lupoglav
14.12868586	45.38592048	-8.2391225	Lupoglav
14.01297391	45.47264419	-9.5266956	Lupoglav
13.97424873	45.48558733	-8.2103935	Lupoglav
14.02440989	45.38851449	-0.9999993	Lupoglav
13.96521746	45.44774884	-3.2002825	Lupoglav
13.87726799	45.5239865	-3.9932586	Lupoglav
14.07061023	45.36819362	-2.027577	Lupoglav
14.15989719	45.37630268	-9.3881868	Lupoglav
13.93265065	45.55098772	-11.2919261	Lupoglav
13.958722	45.49604136	-7.9506563	Lupoglav
14.10289632	45.43511625	-12.0979193	Lupoglav
14.1304504	45.36269821	-5.6866916	Lupoglav
13.96953049	45.47018751	-6.1033222	Lupoglav
13.87619468	45.50252146	-1.7343255	Lupoglav
14.1619678	45.34764155	-6.3491126	Lupoglav
14.16654936	45.38211211	-10.5372449	Lupoglav
13.9795498	45.48368655	-8.3866434	Lupoglav
13.92726587	45.51230717	-6.9368273	Lupoglav
14.08061314	45.42314836	-9.0865565	Lupoglav
14.09212101	45.41356941	-8.8999007	Lupoglav
14.16829093	45.39105814	-11.6955965	Lupoglav
13.94295796	45.50983829	-8.0039215	Lupoglav
14.19829177	45.37637455	-12.2793919	Lupoglav
13.88954495	45.4843433	-0.9999354	Lupoglav
14.18953588	45.33213327	-6.7869273	Lupoglav
13.92795344	45.48119248	-3.899897	Lupoglav
13.98306421	45.43971645	-3.5927572	Lupoglav
14.08724092	45.44605827	-12.1215023	Lupoglav
13.94869498	45.44153129	-1.2881014	Lupoglav
13.92151144	45.54426936	-9.6937071	Lupoglav
14.10740978	45.40021946	-8.4007073	Lupoglav
14.05509448	45.38084444	-2.4312464	Lupoglav
14.06808199	45.36100189	-1.0000076	Lupoglav
14.14666293	45.32691661	-2.9079349	Lupoglav
14.02285312	45.4921203	-12.4906663	Lupoglav
14.04621147	45.38101815	-1.823514	Lupoglav
13.88927883	45.49517116	-2.0706746	Lupoglav
13.91695266	45.56475388	-11.3894779	Lupoglav
14.11441798	45.3873045	-7.3674426	Lupoglav
14.13152931	45.37945694	-7.6986998	Lupoglav
13.97492391	45.45599028	-4.8535637	Lupoglav
13.94715299	45.46529119	-3.9205443	Lupoglav
14.05799154	45.39064972	-3.7809979	Lupoglav
14.13943902	45.36162898	-6.2162495	Lupoglav
13.94237011	45.46190014	-3.1832266	Lupoglav
14.02050117	45.46767112	-9.5227845	Lupoglav
14.06175485	45.45488901	-11.166556	Lupoglav
13.98723517	45.49478732	-10.2116844	Lupoglav
13.95751757	45.53728205	-11.9574154	Lupoglav
14.22215522	45.36150651	-12.4906663	Lupoglav
14.05694083	45.43618786	-8.7343531	Lupoglav
14.07394388	45.40490365	-6.5645936	Lupoglav
13.99398306	45.4589139	-6.5685158	Lupoglav
14.02658522	45.48218325	-11.6125198	Lupoglav
14.07496639	45.40918701	-7.1154873	Lupoglav
14.03127037	45.43773233	-6.9600373	Lupoglav
13.8665118	45.50749139	-1.4380814	Lupoglav
14.00633311	45.43017502	-4.244776	Lupoglav
14.14537651	45.33952041	-4.1981644	Lupoglav
13.9550987	45.53062317	-11.0864442	Lupoglav
14.05964036	45.40615018	-5.6185596	Lupoglav
14.12110114	45.34287763	-2.7493353	Lupoglav
13.93999201	45.45446248	-2.1523641	Lupoglav
14.11716246	45.39071834	-7.9637467	Lupoglav
14.05429222	45.40308199	-4.8742098	Lupoglav
13.93889973	45.5447746	-11.1791151	Lupoglav
14.07928347	45.36055884	-1.7401253	Lupoglav
13.85913935	45.52380245	-2.4794232	Lupoglav
14.04391714	45.45350457	-9.6643372	Lupoglav
14.16347022	45.38720224	-10.9020223	Lupoglav
14.08226044	45.36637973	-2.6325281	Lupoglav
14.1019781	45.35595083	-2.8495035	Lupoglav
14.07690595	45.38168594	-4.0647764	Lupoglav
14.04119667	45.45016091	-9.0861981	Lupoglav
14.14703543	45.3616533	-6.7894891	Lupoglav
14.04014953	45.40207744	-3.6916287	Lupoglav
14.14213345	45.38761856	-9.4073375	Lupoglav
14.07439047	45.36315424	-1.6976492	Lupoglav
14.08347687	45.36385841	-2.4242562	Lupoglav
14.1123932	45.37085901	-5.3229178	Lupoglav
13.96920737	45.50971626	-10.1877454	Lupoglav
14.14995051	45.33044438	-3.5440176	Lupoglav
14.02528591	45.47601922	-10.8190911	Lupoglav
14.10992212	45.43385329	-12.4906663	Lupoglav
13.94989567	45.45039706	-2.3986297	Lupoglav
14.18577784	45.37714116	-11.4250863	Lupoglav
14.17157888	45.35108083	-7.4536752	Lupoglav
13.96876082	45.42896931	-1.3195843	Lupoglav
14.08211144	45.37432652	-3.5613385	Lupoglav
13.849543	45.517	-0.9999993	Lupoglav
13.88957996	45.54537113	-7.1714453	Lupoglav
13.9745594	45.49731221	-9.4020999	Lupoglav
13.91463303	45.4766988	-2.3386322	Lupoglav
14.20401687	45.37441285	-12.4906029	Lupoglav
14.14926458	45.40275613	-11.6701688	Lupoglav
14.01921852	45.41019122	-3.0024881	Lupoglav
13.94917093	45.4387382	-1.0000257	Lupoglav
13.96398792	45.45395386	-3.8279317	Lupoglav
13.9478302	45.47850763	-5.2959755	Lupoglav
13.93145971	45.52514817	-8.5810086	Lupoglav
14.16209995	45.39802976	-12.0525867	Lupoglav
14.01561704	45.40128881	-1.7457034	Lupoglav
14.0965806	45.36698459	-3.7326422	Lupoglav
14.09639989	45.37945653	-5.1725347	Lupoglav
14.10963953	45.39171386	-7.5523842	Lupoglav
13.88460949	45.54185028	-6.4054009	Lupoglav
13.95017281	45.45510925	-2.9628394	Lupoglav
13.85443245	45.51648616	-1.351303	Lupoglav
14.08201322	45.43988545	-11.0429832	Lupoglav
13.95192959	45.53308673	-11.0722806	Lupoglav
14.12755273	45.34372302	-3.3280897	Lupoglav
13.97660419	45.44690235	-3.9249793	Lupoglav
13.99599949	45.46703647	-7.6526335	Lupoglav
14.01613917	45.49632178	-12.4906663	Lupoglav
13.88366319	45.49271797	-1.3593826	Lupoglav
13.92909107	45.49222991	-5.0926519	Lupoglav
14.00385681	45.46875805	-8.4191751	Lupoglav
14.1952965	45.36434244	-10.7218004	Lupoglav
14.03774735	45.38818929	-1.9746126	Lupoglav
13.85863183	45.51890816	-1.9425936	Lupoglav
14.04934585	45.38269434	-2.2455413	Lupoglav
13.98983815	45.45498412	-5.8163541	Lupoglav
14.16418875	45.31265518	-2.7176151	Lupoglav
13.97381486	45.51871847	-11.4684759	Lupoglav
13.87044061	45.51917769	-2.943838	Lupoglav
14.17791724	45.36743525	-9.7529578	Lupoglav
13.89891725	45.54601006	-8.006164	Lupoglav
13.98858528	45.41306739	-0.99993	Lupoglav
13.99252054	45.410376	-0.999994	Lupoglav
13.98417616	45.4336341	-2.9897703	Lupoglav
14.06294021	45.46604275	-12.4905052	Lupoglav
14.0871825	45.4215679	-9.4095587	Lupoglav
14.03122372	45.4847845	-12.2486116	Lupoglav
13.91412466	45.51040179	-5.6599482	Lupoglav
14.05025115	45.39810923	-4.0183946	Lupoglav
14.09490478	45.3924502	-6.602896	Lupoglav
14.12046004	45.38946718	-8.0534359	Lupoglav
14.10944628	45.33999629	-1.5529486	Lupoglav
14.12112683	45.40247392	-9.6320753	Lupoglav
14.19134133	45.34093515	-7.8800368	Lupoglav
14.07777167	45.39631152	-5.8542172	Lupoglav
14.06238184	45.42127617	-7.4982853	Lupoglav
14.11003345	45.34549259	-2.2252269	Lupoglav
13.93249456	45.56296799	-12.4906663	Lupoglav
14.11970967	45.3304839	-1.2636268	Lupoglav
13.93411293	45.45133232	-1.3659666	Lupoglav
14.10970737	45.42603068	-11.6097161	Lupoglav
14.20872924	45.35367993	-10.6048809	Lupoglav
13.92153512	45.49402743	-4.6393094	Lupoglav
14.00891863	45.40886776	-2.0757532	Lupoglav
13.91734744	45.46389791	-1.2929534	Lupoglav
14.01977256	45.41677731	-3.7724227	Lupoglav
13.99695871	45.50204813	-11.7475023	Lupoglav
13.97870515	45.45182132	-4.6451575	Lupoglav
14.14903252	45.35703953	-6.4251458	Lupoglav
14.1182889	45.39814954	-8.9213968	Lupoglav
14.06956705	45.4355965	-9.6257947	Lupoglav
13.92594452	45.56171021	-11.823221	Lupoglav
14.05080569	45.45158401	-9.9715482	Lupoglav
14.14304823	45.34946615	-5.1317086	Lupoglav
13.8912079	45.51760163	-4.4974722	Lupoglav
14.00276144	45.50469164	-12.4906663	Lupoglav
14.01245605	45.47925257	-10.2529996	Lupoglav
13.93854136	45.55803659	-12.4906663	Lupoglav
13.898807	45.55190614	-8.5934157	Lupoglav
13.9608195	45.47497877	-6.0271666	Lupoglav
14.17460787	45.35110444	-7.6885247	Lupoglav
13.97235465	45.44944412	-3.911816	Lupoglav
13.93958745	45.44473722	-0.9999993	Lupoglav
14.07216481	45.37833194	-3.3349393	Lupoglav
13.96938725	45.49211388	-8.4524652	Lupoglav
14.09450492	45.43253739	-11.1770189	Lupoglav
13.9995785	45.47541228	-8.8785885	Lupoglav
14.16435185	45.37072342	-9.1007786	Lupoglav
14.15645015	45.35876986	-7.1750362	Lupoglav
14.02030507	45.45994143	-8.6371092	Lupoglav
14.14018604	45.32806345	-2.5319437	Lupoglav
13.87870734	45.53766899	-5.4957231	Lupoglav
14.11543238	45.34532257	-2.5964207	Lupoglav
13.98625586	45.48333245	-8.8304105	Lupoglav
13.90983358	45.50722235	-4.9846088	Lupoglav
13.91857539	45.56056112	-11.0992181	Lupoglav
13.9494064	45.52225497	-9.7784058	Lupoglav
14.11016473	45.42928255	-12.0038089	Lupoglav
14.03486655	45.39888329	-2.9383006	Lupoglav
13.99662922	45.47251909	-8.3312949	Lupoglav
14.04454239	45.41597192	-5.5603759	Lupoglav
13.96180538	45.46252708	-4.6602559	Lupoglav
14.14707355	45.31536831	-1.6885408	Lupoglav
13.98680284	45.45893812	-6.0525841	Lupoglav
14.06906464	45.45444279	-11.6710589	Lupoglav
14.14404273	45.41048627	-12.1905379	Lupoglav
14.1173646	45.3532212	-3.6470509	Lupoglav
13.97835148	45.50286829	-10.2718311	Lupoglav
13.94852893	45.46735898	-4.2461134	Lupoglav
13.92959529	45.50190916	-6.0975042	Lupoglav
14.00012629	45.43512352	-4.341868	Lupoglav
14.19886311	45.37788482	-12.4906678	Lupoglav
14.06512383	45.39388478	-4.6776837	Lupoglav
14.03507163	45.44174937	-7.6920989	Lupoglav
14.15218783	45.38432478	-9.7541519	Lupoglav
14.18842471	45.35894565	-9.6059998	Lupoglav
13.87396071	45.50851427	-2.1559495	Lupoglav
14.1427675	45.36470828	-6.8096101	Lupoglav
13.90614082	45.50295365	-4.2485196	Lupoglav
14.07695073	45.42942377	-9.502794	Lupoglav
14.00496128	45.42331163	-3.3722237	Lupoglav
14.08226178	45.41838266	-8.6846824	Lupoglav
14.00714296	45.4262288	-3.8604644	Lupoglav
14.00284368	45.46320908	-7.7087411	Lupoglav
13.8526796	45.51922354	-1.4835657	Lupoglav
14.11109471	45.35120356	-2.9609041	Lupoglav
13.94964607	45.4729685	-4.8972564	Lupoglav
13.99603133	45.43223717	-3.7125845	Lupoglav
14.10501459	45.42133925	-10.7288582	Lupoglav
14.2057737	45.37319184	-12.4906097	Lupoglav
14.01162034	45.4296088	-4.5736722	Lupoglav
13.961794	45.47065918	-5.5986606	Lupoglav
14.12656147	45.3972774	-9.4000963	Lupoglav
14.00711837	45.501966	-12.4906629	Lupoglav
14.09039463	45.38263118	-5.1252664	Lupoglav
14.01217646	45.42593118	-4.2081644	Lupoglav
14.17480398	45.36184615	-8.8962557	Lupoglav
13.95929103	45.44498748	-2.453118	Lupoglav
14.03013176	45.46552152	-9.9956361	Lupoglav
13.86538209	45.52822691	-3.4417662	Lupoglav
14.20225749	45.35674584	-10.4368721	Lupoglav
13.91300634	45.56196018	-10.7814298	Lupoglav
13.85937153	45.5089836	-0.9999998	Lupoglav
14.02946561	45.45977178	-9.2981163	Lupoglav
13.96865936	45.52866269	-12.0262528	Lupoglav
13.98174778	45.42897939	-2.2849193	Lupoglav
13.9893905	45.46491029	-6.9293874	Lupoglav
13.92892549	45.50973267	-6.8195168	Lupoglav
13.96502034	45.4863624	-7.515268	Lupoglav
14.0876444	45.40159675	-7.1732282	Lupoglav
13.93858073	45.55423259	-12.1092152	Lupoglav
13.89989293	45.50861806	-4.3056605	Lupoglav
14.1222951	45.36803941	-5.7134171	Lupoglav
13.99204317	45.49861807	-10.9952562	Lupoglav
14.17878183	45.38982126	-12.3130203	Lupoglav
14.10158262	45.37806773	-5.3732756	Lupoglav
13.9524101	45.54391758	-12.2070086	Lupoglav
14.09493554	45.36140346	-2.9695736	Lupoglav
13.94694048	45.44711465	-1.8059954	Lupoglav
13.99404132	45.4952943	-10.7748511	Lupoglav
14.22812923	45.35724434	-12.4906663	Lupoglav
13.89101377	45.54408955	-7.1600749	Lupoglav
14.15087306	45.30630073	-0.9999993	Lupoglav
14.06365872	45.39896709	-5.1291809	Lupoglav
14.06801484	45.39648185	-5.184493	Lupoglav
14.00077559	45.40471727	-0.9999984	Lupoglav
14.08912946	45.41462241	-8.7893926	Lupoglav
14.161086	45.36629125	-8.3615228	Lupoglav
14.05693342	45.47000235	-12.4906488	Lupoglav
14.16188938	45.35487925	-7.1499089	Lupoglav
13.90175809	45.4873172	-2.3175496	Lupoglav
14.10594452	45.3385913	-1.1337484	Lupoglav
14.1363224	45.31668299	-1.0000086	Lupoglav
13.97529826	45.52774828	-12.4906702	Lupoglav
14.02634532	45.48796173	-12.2628011	Lupoglav
14.00816734	45.40365935	-1.4431697	Lupoglav
14.02778811	45.44776322	-7.820187	Lupoglav
14.13150775	45.37362608	-7.0242215	Lupoglav
14.10245343	45.43897253	-12.4906663	Lupoglav
14.06217576	45.4401113	-9.5647362	Lupoglav
13.94711824	45.55104064	-12.4906654	Lupoglav
14.12192637	45.32662403	-1.0000194	Lupoglav
13.96514673	45.47913765	-6.8075721	Lupoglav
13.97616863	45.49216416	-9.0249219	Lupoglav
14.00911328	45.48458365	-10.627023	Lupoglav
14.02957292	45.45235946	-8.470752	Lupoglav
13.97280749	45.4428076	-3.1796295	Lupoglav
14.10585999	45.38005756	-5.9119855	Lupoglav
13.99866815	45.41887876	-2.4052586	Lupoglav
14.20638558	45.34824393	-9.8347589	Lupoglav
14.13962399	45.3708744	-7.293543	Lupoglav
14.14086218	45.336404	-3.5117445	Lupoglav
14.1252942	45.35231776	-4.1164986	Lupoglav
14.14690967	45.37416397	-8.1999116	Lupoglav
13.90559185	45.51151836	-5.0690122	Lupoglav
14.15691691	45.33951992	-5.0657125	Lupoglav
13.95672753	45.43581789	-1.2087738	Lupoglav
13.89651546	45.48933675	-2.0795057	Lupoglav
13.92906264	45.51508175	-7.365114	Lupoglav
13.91552003	45.47150762	-1.896661	Lupoglav
13.99585674	45.45712741	-6.5046855	Lupoglav
13.96763028	45.44026558	-2.5102659	Lupoglav
13.94893438	45.48930219	-6.4616574	Lupoglav
14.00677726	45.46623593	-8.341897	Lupoglav
13.96411907	45.53353369	-12.1309842	Lupoglav
13.90951248	45.47026225	-1.2702108	Lupoglav
13.88308069	45.49815748	-1.8612015	Lupoglav
14.04254583	45.37896409	-1.3191683	Lupoglav
14.04885207	45.4689675	-11.7739959	Lupoglav
14.14445404	45.33040573	-3.1147132	Lupoglav
14.20494395	45.36112471	-11.1189735	Lupoglav
14.19692631	45.34498441	-8.7504399	Lupoglav
14.20009915	45.36694486	-11.375056	Lupoglav
14.17706575	45.37709193	-10.7654603	Lupoglav
13.9842678	45.45154879	-5.0160913	Lupoglav
14.11109133	45.40474282	-9.1942818	Lupoglav
14.12771586	45.4191889	-12.071138	Lupoglav
14.0735026	45.44008863	-10.4205552	Lupoglav
14.00657596	45.46032463	-7.6609902	Lupoglav
13.98283907	45.51771658	-12.123803	Lupoglav
14.14263441	45.3121797	-0.9999979	Lupoglav
13.94886615	45.49773138	-7.2941325	Lupoglav
14.10538806	45.41680732	-10.2191649	Lupoglav
13.96780788	45.42676055	-1.000057	Lupoglav
13.92064868	45.48450656	-3.6183162	Lupoglav
14.04741916	45.44075985	-8.5183228	Lupoglav
14.03595933	45.41979624	-5.3326395	Lupoglav
14.10465746	45.36177596	-3.7154183	Lupoglav
13.91866868	45.50483476	-5.4737999	Lupoglav
14.03079494	45.4761651	-11.2446585	Lupoglav
13.87790145	45.49578316	-1.1939056	Lupoglav
14.12178669	45.4154472	-11.2118055	Lupoglav
14.08733674	45.4101791	-8.1625214	Lupoglav
14.06152774	45.4605575	-11.7761131	Lupoglav
14.1907863	45.38332651	-12.4906658	Lupoglav
13.95252066	45.46600531	-4.3909437	Lupoglav
14.08310111	45.3517501	-0.9999969	Lupoglav
13.94434159	45.48787389	-5.935377	Lupoglav
14.15295068	45.37254256	-8.4494603	Lupoglav
14.09550118	45.44118746	-12.2087855	Lupoglav
14.03269207	45.48596122	-12.4904739	Lupoglav
14.17866584	45.33369097	-6.1154402	Lupoglav
14.04054297	45.4111064	-4.719527	Lupoglav
13.98702907	45.47690808	-8.1442608	Lupoglav
14.12597569	45.33263339	-1.9737137	Lupoglav
13.94088089	45.48398681	-5.2593269	Lupoglav
14.16231663	45.36111312	-7.8767419	Lupoglav
14.08584037	45.35478454	-1.5481976	Lupoglav
14.15798112	45.37309537	-8.8865872	Lupoglav
13.9281951	45.47647801	-3.4513424	Lupoglav
14.19647359	45.33561315	-7.7001958	Lupoglav
14.05900123	45.38527222	-3.2293092	Lupoglav
13.9626817	45.53834453	-12.4905062	Lupoglav
13.92016103	45.5256704	-7.7016987	Lupoglav
13.94823082	45.50254469	-7.7196461	Lupoglav
14.12104415	45.33655045	-2.0399339	Lupoglav
14.10066548	45.41805341	-10.0346888	Lupoglav
14.10098157	45.3405464	-0.9999749	Lupoglav
14.0266736	45.47978308	-11.3462889	Lupoglav
13.95640876	45.47185251	-5.3473023	Lupoglav
13.9197774	45.50007923	-5.0941357	Lupoglav
14.0771794	45.35729027	-1.2112689	Lupoglav
14.15846977	45.33354374	-4.5384537	Lupoglav
14.08895048	45.42943911	-10.41367	Lupoglav
14.17031496	45.39513377	-12.3123221	Lupoglav
14.146215	45.38184263	-9.0358372	Lupoglav
13.97061082	45.50407143	-9.7438289	Lupoglav
14.03074084	45.41408771	-4.3062606	Lupoglav
14.14080481	45.39366705	-10.0094024	Lupoglav
14.10993327	45.40893463	-9.6082762	Lupoglav
13.93356989	45.49544454	-5.7870299	Lupoglav
14.0921648	45.4382934	-11.6360472	Lupoglav
13.92409989	45.56981297	-12.4906663	Lupoglav
14.06744393	45.3739757	-2.4881009	Lupoglav
14.06835229	45.46234384	-12.4906868	Lupoglav
14.09211888	45.34991477	-1.4401766	Lupoglav
14.15589392	45.40233178	-12.1004739	Lupoglav
14.14120196	45.32568186	-2.3518597	Lupoglav
13.93813566	45.52773803	-9.3935777	Lupoglav
13.90254307	45.52579127	-6.2605707	Lupoglav
14.06038071	45.41541952	-6.699251	Lupoglav
13.88508947	45.52061018	-4.2969835	Lupoglav
14.04201581	45.47509017	-11.9565257	Lupoglav
14.01989157	45.42298591	-4.4676832	Lupoglav
13.9126425	45.53788285	-8.3163228	Lupoglav
14.02791962	45.40700326	-3.309512	Lupoglav
14.09858388	45.41814992	-9.8956448	Lupoglav
13.97042765	45.48287987	-7.6214967	Lupoglav
13.92301268	45.51681883	-7.0421341	Lupoglav
13.89045231	45.48512307	-1.1529583	Lupoglav
13.85966966	45.51116702	-1.2453743	Lupoglav
14.01867263	45.43876254	-6.1290603	Lupoglav
14.1327604	45.40534869	-10.7901864	Lupoglav
13.90688817	45.49798604	-3.807876	Lupoglav
14.0883318	45.40888619	-8.0837216	Lupoglav
14.1358047	45.38118762	-8.2075505	Lupoglav
13.98493415	45.51964307	-12.4906663	Lupoglav
14.18504435	45.37162975	-10.7556959	Lupoglav
13.8823835	45.5082852	-2.8275845	Lupoglav
14.07638821	45.45381358	-12.1564193	Lupoglav
13.99146942	45.50438246	-11.5199315	Lupoglav
13.88626516	45.52454572	-4.7919199	Lupoglav
14.1123135	45.33310211	-1.0000037	Lupoglav
13.89011879	45.51097873	-3.7380101	Lupoglav
14.19510166	45.36727424	-11.0254075	Lupoglav
14.0515992	45.47185427	-12.3033446	Lupoglav
14.00824394	45.39959698	-0.9999989	Lupoglav
14.18850562	45.38104298	-12.0648524	Lupoglav
13.99453476	45.48157943	-9.2262999	Lupoglav
13.96472087	45.52272558	-11.1062508	Lupoglav
13.94126139	45.46220642	-3.1257733	Lupoglav
14.08205875	45.3896082	-5.3634616	Lupoglav
13.95650012	45.43415112	-0.9999163	Lupoglav
13.93599798	45.51811818	-8.2449602	Lupoglav
14.18285777	45.38866793	-12.4906258	Lupoglav
14.12373626	45.37871743	-7.0499772	Lupoglav
13.9296375	45.45287103	-1.2202376	Lupoglav
13.99519084	45.48745908	-9.9528453	Lupoglav
14.13771935	45.40402276	-10.982202	Lupoglav
14.09368725	45.42084062	-9.822057	Lupoglav
14.00281662	45.42866642	-3.8140184	Lupoglav
14.04426443	45.38375397	-1.978161	Lupoglav
14.16877149	45.34631544	-6.7183166	Lupoglav
13.92302955	45.45616858	-1.0000203	Lupoglav
13.93102813	45.45009388	-0.9999993	Lupoglav
14.03598824	45.4542371	-9.1586834	Lupoglav
13.87051429	45.5287638	-3.9193477	Lupoglav
14.14586828	45.31113182	-1.136451	Lupoglav
13.98785718	45.45043839	-5.1569899	Lupoglav
14.06357398	45.3806419	-3.0036849	Lupoglav
14.03704144	45.47140869	-11.1722322	Lupoglav
13.97619393	45.4236938	-1.2769442	Lupoglav
13.90231162	45.53169892	-6.8388451	Lupoglav
13.97211143	45.47528262	-6.8783437	Lupoglav
14.02860279	45.38710216	-1.1615877	Lupoglav
14.10080386	45.41291032	-9.4360465	Lupoglav
13.8718431	45.50032419	-1.1532088	Lupoglav
14.05660051	45.4115407	-5.9840766	Lupoglav
14.12222546	45.39290671	-8.5787807	Lupoglav
14.12856043	45.39556725	-9.3431329	Lupoglav
13.99888025	45.46001087	-7.0540279	Lupoglav
13.90705859	45.51910327	-5.956847	Lupoglav
14.08373787	45.3846842	-4.8996452	Lupoglav
13.9669061	45.46618555	-5.4514364	Lupoglav
13.89411572	45.54858372	-7.8704611	Lupoglav
14.07420979	45.41598783	-7.8098664	Lupoglav
13.95168842	45.46850583	-4.6195206	Lupoglav
14.15496492	45.32147724	-2.9602969	Lupoglav
13.97299644	45.43091593	-1.8534212	Lupoglav
14.14090508	45.33170918	-2.9915733	Lupoglav
14.09722715	45.40601381	-8.3692529	Lupoglav
14.12257725	45.42328446	-12.1938255	Lupoglav
14.16832844	45.38131897	-10.5802537	Lupoglav
14.05533385	45.45950885	-11.190492	Lupoglav
13.92970432	45.5192573	-7.8404759	Lupoglav
13.93853206	45.49918677	-6.5743202	Lupoglav
14.11120727	45.37788287	-6.0478108	Lupoglav
14.05062816	45.38599123	-2.7082645	Lupoglav
14.04087015	45.37722893	-0.9999993	Lupoglav
13.9002509	45.550427	-8.5628935	Lupoglav
14.06695774	45.43047683	-8.8621531	Lupoglav
14.04294123	45.37596425	-1.0001834	Lupoglav
14.17810135	45.32225473	-4.8329154	Lupoglav
13.90474129	45.55610837	-9.5078807	Lupoglav
13.8894633	45.53666568	-6.2813674	Lupoglav
13.87538365	45.53531412	-4.9834316	Lupoglav
14.08271944	45.44361313	-11.5085911	Lupoglav
13.94334486	45.47372853	-4.445554	Lupoglav
14.07780119	45.44874962	-11.7036761	Lupoglav
14.0021189	45.50177554	-12.107345	Lupoglav
13.97710817	45.50846452	-10.7242762	Lupoglav
14.08299627	45.45100834	-12.3470335	Lupoglav
14.17764032	45.37178587	-10.2170706	Lupoglav
14.19862017	45.35176121	-9.615606	Lupoglav
14.00766272	45.46850526	-8.664901	Lupoglav
14.02432201	45.40272132	-2.5636737	Lupoglav
13.91029444	45.49479889	-3.7757113	Lupoglav
14.06603347	45.40594626	-6.0804307	Lupoglav
14.03069948	45.38420268	-0.9999979	Lupoglav
13.99247005	45.43677964	-3.9600435	Lupoglav
13.8974619	45.49872589	-3.1051448	Lupoglav
14.01326801	45.44640097	-6.5885323	Lupoglav
14.05886503	45.36648896	-0.9999993	Lupoglav
14.09989729	45.39983946	-7.8273712	Lupoglav
14.05187599	45.46298078	-11.3237943	Lupoglav
14.03417086	45.40429652	-3.4839595	Lupoglav
14.13563765	45.35965306	-5.7108594	Lupoglav
14.11119829	45.41931315	-10.9240032	Lupoglav
14.19184835	45.36147484	-10.1445887	Lupoglav
14.0205045	45.47259803	-10.0785013	Lupoglav
14.15240209	45.36386503	-7.4389652	Lupoglav
14.15239042	45.38951954	-10.368335	Lupoglav
14.02464577	45.41093485	-3.495928	Lupoglav
14.1163956	45.42196044	-11.6025423	Lupoglav
14.05898566	45.4630367	-11.8576912	Lupoglav
14.00141485	45.45393235	-6.5573469	Lupoglav
13.90822468	45.48926475	-3.0521593	Lupoglav
14.04977938	45.45548846	-10.3253328	Lupoglav
14.11292023	45.35764011	-3.8355604	Lupoglav
13.86329067	45.52225734	-2.6655487	Lupoglav
14.06398616	45.39167735	-4.3371929	Lupoglav
14.20962777	45.37044211	-12.4906917	Lupoglav
14.03125107	45.44266824	-7.5038218	Lupoglav
13.93431936	45.50702517	-7.0014773	Lupoglav
13.91201421	45.52445387	-6.9066201	Lupoglav
14.0189188	45.49221842	-12.2176131	Lupoglav
14.1624605	45.33643836	-5.1606004	Lupoglav
13.97390811	45.44533309	-3.5494476	Lupoglav
13.97629416	45.52385246	-12.1864935	Lupoglav
14.11205015	45.3367969	-1.3920037	Lupoglav
14.16875769	45.33730999	-5.7416943	Lupoglav
13.95770967	45.46796075	-4.9918095	Lupoglav
14.0257192	45.43394317	-6.1205176	Lupoglav
13.99246682	45.45315813	-5.8057131	Lupoglav
14.14232861	45.40735668	-11.7003568	Lupoglav
14.01525933	45.43172652	-5.0830203	Lupoglav
14.09478763	45.44422594	-12.4906722	Lupoglav
14.031822	45.39310422	-2.0688714	Lupoglav
13.99885891	45.44403578	-5.2521451	Lupoglav
13.92783484	45.46557609	-2.3372855	Lupoglav
14.00394072	45.43976045	-5.1476391	Lupoglav
14.09710047	45.41600456	-9.5413956	Lupoglav
14.19145172	45.36762914	-10.7910013	Lupoglav
14.01945029	45.4345777	-5.7157338	Lupoglav
14.16079104	45.37888639	-9.7483482	Lupoglav
14.00809939	45.4964395	-11.9231658	Lupoglav
14.15013053	45.36992808	-7.9442937	Lupoglav
14.06654597	45.41069681	-6.6443412	Lupoglav
14.1584994	45.35238152	-6.6169756	Lupoglav
13.90098397	45.53976069	-7.5445928	Lupoglav
13.91657641	45.5146547	-6.292294	Lupoglav
14.10115976	45.43039863	-11.4448363	Lupoglav
14.06077195	45.3743714	-2.0655794	Lupoglav
13.92817653	45.55522863	-11.3517738	Lupoglav
14.02568864	45.39130234	-1.4050159	Lupoglav
13.94386118	45.52881726	-9.974962	Lupoglav
13.89531825	45.53886615	-6.9868171	Lupoglav
14.08658009	45.36001507	-2.2053402	Lupoglav
14.12095293	45.35093233	-3.642151	Lupoglav
14.02575687	45.39792204	-2.14189	Lupoglav
14.03661065	45.44445443	-8.1072067	Lupoglav
14.10348245	45.37553174	-5.2180463	Lupoglav
14.11219523	45.34177668	-1.956973	Lupoglav
13.98463269	45.50589799	-11.098619	Lupoglav
14.01771812	45.42943586	-5.0160443	Lupoglav
14.01498663	45.4155506	-3.2741947	Lupoglav
14.09169867	45.36636649	-3.3082852	Lupoglav
14.1025607	45.42096739	-10.5085362	Lupoglav
14.1957116	45.3564789	-9.9019761	Lupoglav
14.00123905	45.48296966	-9.871453	Lupoglav
14.09468734	45.41622528	-9.3884771	Lupoglav
13.88708898	45.51587756	-3.9833841	Lupoglav
14.06946141	45.4011648	-5.8117175	Lupoglav
13.9556537	45.50141093	-8.2278986	Lupoglav
13.88266168	45.48998009	-0.9999993	Lupoglav
14.04196779	45.44616111	-8.7023054	Lupoglav
14.00986941	45.43388953	-4.926288	Lupoglav
13.88189756	45.50303005	-2.2561932	Lupoglav
13.95834353	45.53345769	-11.6397738	Lupoglav
14.22536246	45.35703094	-12.2536717	Lupoglav
14.14217014	45.40497145	-11.4126907	Lupoglav
13.94477336	45.54910349	-12.1013616	Lupoglav
14.05204867	45.42290315	-6.8952647	Lupoglav
14.11985536	45.42741506	-12.4906595	Lupoglav
14.10344937	45.34927511	-2.1855721	Lupoglav
14.07132999	45.44535978	-10.8385841	Lupoglav
13.97450813	45.44065724	-3.063536	Lupoglav
14.11109028	45.38324408	-6.657818	Lupoglav
14.21579544	45.36604329	-12.4906668	Lupoglav
13.9596173	45.47521886	-5.9553721	Lupoglav
14.05376717	45.38528304	-2.8624156	Lupoglav
14.00508205	45.47730258	-9.4947149	Lupoglav
13.87826974	45.51953262	-3.6254981	Lupoglav
13.86647547	45.51579526	-2.2747464	Lupoglav
14.08095541	45.40599787	-7.2170079	Lupoglav
14.01669427	45.48252816	-10.9376444	Lupoglav
14.20044593	45.37106116	-11.8489554	Lupoglav
14.19386721	45.37263289	-11.5301302	Lupoglav
14.05353851	45.37596476	-1.7450794	Lupoglav
13.89906569	45.49352054	-2.7108829	Lupoglav
13.93630821	45.45869411	-2.3621024	Lupoglav
14.18182326	45.38535364	-12.0436302	Lupoglav
13.9172682	45.48979664	-3.861595	Lupoglav
14.1645859	45.34517665	-6.2716633	Lupoglav
14.02503051	45.43880718	-6.6062028	Lupoglav
13.95768677	45.49183859	-7.4461442	Lupoglav
14.08808511	45.39414666	-6.323708	Lupoglav
14.21216922	45.35681571	-11.2105345	Lupoglav
14.13644249	45.38625744	-8.8387894	Lupoglav
14.11542505	45.43008092	-12.4906663	Lupoglav
14.1752104	45.32911024	-5.3520885	Lupoglav
13.95276527	45.48397791	-6.2527908	Lupoglav
13.96651984	45.5351311	-12.490638	Lupoglav
14.12473853	45.39130215	-8.5748194	Lupoglav
13.96730578	45.50139793	-9.2014635	Lupoglav
14.03024368	45.42739613	-5.7396004	Lupoglav
14.10152442	45.34185573	-1.1902889	Lupoglav
13.992506	45.49144194	-10.218866	Lupoglav
14.08704269	45.36889209	-3.2654073	Lupoglav
14.10911623	45.38655974	-6.9062117	Lupoglav
13.9954912	45.41925008	-2.2087264	Lupoglav
14.03766224	45.44851226	-8.6374017	Lupoglav
14.06100302	45.39041508	-3.978043	Lupoglav
14.18743476	45.33714596	-7.1675553	Lupoglav
13.92346717	45.51092119	-6.4827959	Lupoglav
13.90832277	45.54603985	-8.7849263	Lupoglav
14.15350772	45.40720676	-12.4906668	Lupoglav
14.07207269	45.39167732	-4.9056168	Lupoglav
13.88810939	45.48771246	-1.2202376	Lupoglav
14.08111817	45.40426765	-7.0303887	Lupoglav
14.05100911	45.3711649	-0.9999993	Lupoglav
13.92768995	45.45950354	-1.7214539	Lupoglav
14.08355639	45.43502657	-10.6226937	Lupoglav
14.15098723	45.34268162	-4.9717324	Lupoglav
13.92310854	45.53359454	-8.7460255	Lupoglav
14.13346942	45.32033246	-1.1746717	Lupoglav
13.99095913	45.51101719	-12.1369696	Lupoglav
13.96089861	45.43307003	-1.197098	Lupoglav
13.99432704	45.51174038	-12.4906673	Lupoglav
14.09738744	45.42418376	-10.4720213	Lupoglav
13.99681816	45.462223	-7.1558572	Lupoglav
14.03787289	45.37928395	-1.0000208	Lupoglav
14.2040555	45.37067301	-12.0848441	Lupoglav
13.96088025	45.52734673	-11.2446605	Lupoglav
14.14802474	45.41064047	-12.490139	Lupoglav
14.13580651	45.34291446	-3.8577054	Lupoglav
14.13567357	45.32513595	-1.8665887	Lupoglav
14.1438953	45.41310912	-12.4906663	Lupoglav
14.02764123	45.47151835	-10.4866805	Lupoglav
14.17880993	45.38195589	-11.4385667	Lupoglav
14.09058263	45.40460784	-7.7357931	Lupoglav
13.94108797	45.45839122	-2.6852979	Lupoglav
13.96629441	45.51676727	-10.6452779	Lupoglav
13.89137411	45.4910346	-1.8252283	Lupoglav
14.04093332	45.43660446	-7.5674854	Lupoglav
13.96851196	45.45837121	-4.665044	Lupoglav
14.1315952	45.39976878	-10.0485391	Lupoglav
13.97177481	45.4537065	-4.3622196	Lupoglav
13.91835242	45.53985671	-8.986911	Lupoglav
14.04514766	45.43028328	-7.188054	Lupoglav
14.10186821	45.38200179	-5.857646	Lupoglav
14.17982593	45.34258816	-7.1690516	Lupoglav
13.959915	45.51210215	-9.6476248	Lupoglav
14.03570248	45.48398701	-12.4906112	Lupoglav
14.01352293	45.46475941	-8.6765783	Lupoglav
14.0763889	45.3559549	-1.0000013	Lupoglav
14.04612291	45.40528968	-4.4992674	Lupoglav
14.11949815	45.40810965	-10.1835565	Lupoglav
14.20419336	45.37316849	-12.365931	Lupoglav
13.93671012	45.5356998	-10.0809188	Lupoglav
14.13160514	45.32224918	-1.2393924	Lupoglav
14.01804865	45.47578635	-10.2565533	Lupoglav
14.06148377	45.39290907	-4.2954442	Lupoglav
13.95030908	45.50658256	-8.2950775	Lupoglav
13.98827854	45.44507003	-4.5832088	Lupoglav
14.01070172	45.4618789	-8.1424451	Lupoglav
14.18117142	45.35610011	-8.7368187	Lupoglav
13.94501077	45.51859412	-9.0464053	Lupoglav
14.04281279	45.47930352	-12.4906771	Lupoglav
14.09172846	45.37208766	-3.9731888	Lupoglav
13.88836082	45.54096881	-6.6256389	Lupoglav
14.18048828	45.3595806	-9.0702296	Lupoglav
14.01267352	45.47559434	-9.8458963	Lupoglav
14.11593987	45.38395352	-7.0906672	Lupoglav
14.14843419	45.40781876	-12.1943494	Lupoglav
13.9976947	45.40958382	-1.3044764	Lupoglav
13.95780244	45.52301145	-10.5559647	Lupoglav
14.13527477	45.39257839	-9.4839425	Lupoglav
14.01123046	45.46960499	-9.0522886	Lupoglav
14.16321968	45.32747868	-4.2485074	Lupoglav
14.08416616	45.40738501	-7.6125484	Lupoglav
14.15123756	45.33559453	-4.2011905	Lupoglav
14.14844575	45.39470375	-10.6814876	Lupoglav
14.13144865	45.39067915	-8.988106	Lupoglav
13.96483081	45.47434201	-6.2435142	Lupoglav
14.03432426	45.4805471	-12.0004359	Lupoglav
13.92055017	45.47364162	-2.5296951	Lupoglav
14.13204105	45.35751331	-5.2035864	Lupoglav
13.87390614	45.49712537	-0.9999993	Lupoglav
14.12706124	45.37027692	-6.3162278	Lupoglav
14.17643169	45.35465804	-8.2171989	Lupoglav
13.8682189	45.52527434	-3.3771312	Lupoglav
14.01178343	45.4124159	-2.6849984	Lupoglav
13.96519935	45.47808285	-6.7022433	Lupoglav
14.164535	45.37847684	-9.9784227	Lupoglav
14.02859298	45.48852791	-12.4906688	Lupoglav
14.1162456	45.42728269	-12.2215042	Lupoglav
13.91371138	45.48336161	-2.9240885	Lupoglav
13.98756895	45.41524953	-1.1699002	Lupoglav
14.09402574	45.38625817	-5.8093365	Lupoglav
14.09861383	45.34629369	-1.4919432	Lupoglav
14.11624106	45.4295652	-12.4906663	Lupoglav
