12.31784499	44.458	-2	Malalbergo-Ravenna
12.17991631	44.59383638	-2.3581875	Malalbergo-Ravenna
11.81501458	44.60769191	-11.5999941	Malalbergo-Ravenna
12.06984083	44.50447035	-12.0000005	Malalbergo-Ravenna
12.12022974	44.62244447	-3.515614	Malalbergo-Ravenna
11.972532	44.67043249	-4.2896489	Malalbergo-Ravenna
12.23113837	44.434613	-7.4005944	Malalbergo-Ravenna
11.55949532	44.64134643	-11.3468633	Malalbergo-Ravenna
12.31399934	44.45257158	-2.45	Malalbergo-Ravenna
12.3055078	44.44058252	-3.44375	Malalbergo-Ravenna
11.5246152	44.66864406	-8.6721842	Malalbergo-Ravenna
12.12908088	44.44470917	-11.9999976	Malalbergo-Ravenna
12.04658233	44.6279334	-5.4894537	Malalbergo-Ravenna
11.53713117	44.68675866	-7.1680947	Malalbergo-Ravenna
11.79992792	44.7330225	-2.5230776	Malalbergo-Ravenna
12.21270028	44.50100009	-5.1724036	Malalbergo-Ravenna
11.71374119	44.74749418	-1.9999551	Malalbergo-Ravenna
11.72928224	44.66192347	-8.5874049	Malalbergo-Ravenna
11.46229968	44.64661928	-10.2160154	Malalbergo-Ravenna
12.19295304	44.47046037	-7.61117	Malalbergo-Ravenna
12.04461749	44.57036527	-9.1375002	Malalbergo-Ravenna
11.6311341	44.70165747	-6.1464842	Malalbergo-Ravenna
12.29712435	44.42874249	-4.424999	Malalbergo-Ravenna
12.04125161	44.52485401	-12	Malalbergo-Ravenna
11.78582689	44.73462878	-2.5169961	Malalbergo-Ravenna
12.14254979	44.54261506	-6.6616871	Malalbergo-Ravenna
11.82383255	44.62115225	-10.4955063	Malalbergo-Ravenna
12.27575035	44.43727994	-5.0701177	Malalbergo-Ravenna
11.57453537	44.64948995	-10.608593	Malalbergo-Ravenna
11.85551067	44.61083462	-10.6738281	Malalbergo-Ravenna
11.96089208	44.60837998	-8.7682018	Malalbergo-Ravenna
11.5514862	44.66416095	-9.2737676	Malalbergo-Ravenna
12.2908776	44.4199179	-5.15625	Malalbergo-Ravenna
11.71500755	44.70903745	-5.0000017	Malalbergo-Ravenna
11.79019457	44.72089	-3.5440315	Malalbergo-Ravenna
11.75075182	44.63730042	-10.2489338	Malalbergo-Ravenna
11.72753699	44.73138944	-3.1663994	Malalbergo-Ravenna
12.1421874	44.5992086	-3.9345725	Malalbergo-Ravenna
12.07585681	44.57376398	-7.9438384	Malalbergo-Ravenna
12.28356395	44.40958357	-6.0124982	Malalbergo-Ravenna
11.7469078	44.7283956	-3.2691401	Malalbergo-Ravenna
12.11415932	44.46010767	-11.999665	Malalbergo-Ravenna
11.80059879	44.63248545	-10.0179744	Malalbergo-Ravenna
11.63518755	44.75369279	-2.0005859	Malalbergo-Ravenna
12.10033857	44.52431549	-9.6447319	Malalbergo-Ravenna
11.61192072	44.62844421	-12	Malalbergo-Ravenna
11.55447315	44.70943246	-5.2963267	Malalbergo-Ravenna
11.87377738	44.58756649	-12	Malalbergo-Ravenna
12.19995193	44.3764251	-11.7270625	Malalbergo-Ravenna
12.10836384	44.54413503	-8.2999854	Malalbergo-Ravenna
12.27657142	44.39970059	-6.8312511	Malalbergo-Ravenna
12.06380141	44.63193874	-4.7919678	Malalbergo-Ravenna
11.98816767	44.69919309	-1.9999746	Malalbergo-Ravenna
11.90204678	44.69279701	-4.0705078	Malalbergo-Ravenna
11.73544177	44.61625335	-12.0000015	Malalbergo-Ravenna
12.09174455	44.49528559	-11.4533472	Malalbergo-Ravenna
12.26765865	44.38709991	-7.874999	Malalbergo-Ravenna
11.66101356	44.73439252	-3.3832998	Malalbergo-Ravenna
11.6431497	44.66421823	-8.9921656	Malalbergo-Ravenna
12.13195446	44.56858421	-5.9591436	Malalbergo-Ravenna
12.02495534	44.631939	-5.7273466	Malalbergo-Ravenna
12.23485583	44.54433757	-2.0000361	Malalbergo-Ravenna
11.82232664	44.64885629	-8.5398798	Malalbergo-Ravenna
12.09182718	44.65523004	-2.4975859	Malalbergo-Ravenna
12.17232954	44.46216728	-9.0278542	Malalbergo-Ravenna
12.25848047	44.37411989	-8.949999	Malalbergo-Ravenna
12.08303947	44.52627742	-10.2794958	Malalbergo-Ravenna
11.63616473	44.72934143	-3.9470806	Malalbergo-Ravenna
11.95399137	44.67985176	-4.0323677	Malalbergo-Ravenna
11.86572168	44.68300397	-5.3947351	Malalbergo-Ravenna
12.09206968	44.53953394	-9.1939451	Malalbergo-Ravenna
11.77463395	44.70493922	-4.9156855	Malalbergo-Ravenna
12.21523509	44.36870774	-11.3433604	Malalbergo-Ravenna
12.24556385	44.52616914	-2.3333042	Malalbergo-Ravenna
11.79947433	44.74004997	-2	Malalbergo-Ravenna
11.93317781	44.67155011	-5.0312122	Malalbergo-Ravenna
12.26205231	44.51580898	-1.9999897	Malalbergo-Ravenna
11.91568888	44.57479936	-12	Malalbergo-Ravenna
12.00498832	44.56648737	-10.5433594	Malalbergo-Ravenna
11.43768413	44.62444222	-12	Malalbergo-Ravenna
12.05165816	44.5566518	-9.7515625	Malalbergo-Ravenna
12.20385873	44.47769809	-6.7214714	Malalbergo-Ravenna
12.24941046	44.36128871	-10.012501	Malalbergo-Ravenna
11.70523406	44.62683892	-11.4929688	Malalbergo-Ravenna
12.24274235	44.35185272	-10.7937478	Malalbergo-Ravenna
11.50296956	44.63291733	-11.6618818	Malalbergo-Ravenna
11.62744373	44.73764904	-3.3561626	Malalbergo-Ravenna
12.13034574	44.5751762	-5.7250178	Malalbergo-Ravenna
11.66684968	44.69348212	-6.5433618	Malalbergo-Ravenna
12.00992709	44.56249078	-10.69375	Malalbergo-Ravenna
11.93822241	44.70687269	-2.4456948	Malalbergo-Ravenna
11.59690335	44.67812599	-8.2185664	Malalbergo-Ravenna
11.69443588	44.73596044	-3.0335957	Malalbergo-Ravenna
11.88302953	44.66493911	-6.3710934	Malalbergo-Ravenna
11.96389118	44.59172287	-9.8241497	Malalbergo-Ravenna
12.2355416	44.3416606	-11.6375	Malalbergo-Ravenna
11.47084388	44.62674112	-11.9999946	Malalbergo-Ravenna
11.55758231	44.74740849	-2.0000112	Malalbergo-Ravenna
12.22267217	44.43178886	-7.9585498	Malalbergo-Ravenna
12.27644047	44.46112345	-3.8925781	Malalbergo-Ravenna
12.23244823	44.33728137	-12	Malalbergo-Ravenna
12.1093195	44.62433872	-3.8312502	Malalbergo-Ravenna
11.68972912	44.62560295	-11.6947256	Malalbergo-Ravenna
11.85492195	44.69385495	-4.7957263	Malalbergo-Ravenna
11.76497122	44.69127413	-6.0499498	Malalbergo-Ravenna
12.09537796	44.66158226	-2	Malalbergo-Ravenna
11.678823	44.7358786	-3.1460938	Malalbergo-Ravenna
12.08353857	44.58461215	-7.0438851	Malalbergo-Ravenna
12.1569451	44.50177667	-7.8870557	Malalbergo-Ravenna
11.76825792	44.67414819	-7.2923279	Malalbergo-Ravenna
12.07339475	44.59986481	-6.4433594	Malalbergo-Ravenna
11.83505481	44.65962039	-7.5812593	Malalbergo-Ravenna
11.83038215	44.72908036	-2.45625	Malalbergo-Ravenna
11.73786984	44.64715249	-9.6666189	Malalbergo-Ravenna
12.02531384	44.68785365	-2	Malalbergo-Ravenna
11.93543824	44.69536213	-3.3082002	Malalbergo-Ravenna
11.49060988	44.63137047	-11.7152046	Malalbergo-Ravenna
11.74799518	44.66725148	-8.0437371	Malalbergo-Ravenna
11.44646522	44.62952505	-11.6101563	Malalbergo-Ravenna
11.81292558	44.63169019	-9.9312383	Malalbergo-Ravenna
11.76307363	44.72434056	-3.4765627	Malalbergo-Ravenna
12.1030215	44.61545383	-4.5686846	Malalbergo-Ravenna
11.51757272	44.65803072	-9.5555991	Malalbergo-Ravenna
12.13799794	44.44571147	-11.5117212	Malalbergo-Ravenna
11.53419843	44.64146546	-11.1460347	Malalbergo-Ravenna
11.79331574	44.71202258	-4.1687361	Malalbergo-Ravenna
11.99174496	44.55587124	-11.5575195	Malalbergo-Ravenna
12.17216388	44.44046929	-10.0754058	Malalbergo-Ravenna
11.70137609	44.70136726	-5.6923704	Malalbergo-Ravenna
11.94578283	44.66704882	-5.0774767	Malalbergo-Ravenna
12.2496455	44.5288844	-2.0000039	Malalbergo-Ravenna
12.1266038	44.64537801	-2	Malalbergo-Ravenna
11.60705799	44.66636566	-9.0691396	Malalbergo-Ravenna
11.90335128	44.64402962	-7.4957017	Malalbergo-Ravenna
12.14613849	44.50772256	-8.137936	Malalbergo-Ravenna
12.23889989	44.5049647	-3.6734551	Malalbergo-Ravenna
12.21212411	44.35821118	-12	Malalbergo-Ravenna
11.69789333	44.66795399	-8.3289055	Malalbergo-Ravenna
11.76526105	44.70350867	-5.0912153	Malalbergo-Ravenna
11.67875684	44.67190741	-8.1494926	Malalbergo-Ravenna
11.9101393	44.59793756	-10.5367161	Malalbergo-Ravenna
11.66727324	44.7147976	-4.8735369	Malalbergo-Ravenna
11.49854159	44.66837372	-8.5382736	Malalbergo-Ravenna
12.20337771	44.53423318	-4.0382627	Malalbergo-Ravenna
12.02825763	44.56922195	-9.7183596	Malalbergo-Ravenna
11.99785352	44.65659014	-4.7079797	Malalbergo-Ravenna
12.22503499	44.54895129	-2.2632778	Malalbergo-Ravenna
12.24025455	44.46584613	-5.4622886	Malalbergo-Ravenna
12.1932397	44.52508138	-4.9777422	Malalbergo-Ravenna
11.9846657	44.6976981	-2.175	Malalbergo-Ravenna
12.0991391	44.62066128	-4.3732373	Malalbergo-Ravenna
11.51912249	44.74003062	-2.4125	Malalbergo-Ravenna
11.9680365	44.61646947	-8.0674276	Malalbergo-Ravenna
11.64326348	44.67590723	-8.0776392	Malalbergo-Ravenna
12.04168241	44.66411199	-3.1978516	Malalbergo-Ravenna
12.10067182	44.59607774	-5.738281	Malalbergo-Ravenna
11.73346868	44.64668715	-9.7499187	Malalbergo-Ravenna
11.75898984	44.68115466	-6.8794421	Malalbergo-Ravenna
11.79242619	44.74066277	-1.999999	Malalbergo-Ravenna
11.97649822	44.68757309	-3.036519	Malalbergo-Ravenna
11.86284015	44.63520337	-8.8242186	Malalbergo-Ravenna
12.09491135	44.60400767	-5.5187573	Malalbergo-Ravenna
12.08445469	44.57048572	-7.7866873	Malalbergo-Ravenna
11.942764	44.6389391	-7.0593749	Malalbergo-Ravenna
11.85626194	44.73108421	-2	Malalbergo-Ravenna
11.51264127	44.73084399	-3.1750002	Malalbergo-Ravenna
11.55032308	44.74130376	-2.489063	Malalbergo-Ravenna
12.16370103	44.61036345	-2.3852422	Malalbergo-Ravenna
12.00326116	44.64144992	-5.6006702	Malalbergo-Ravenna
11.79633807	44.61276974	-11.5396104	Malalbergo-Ravenna
11.99481174	44.6269935	-6.7587992	Malalbergo-Ravenna
11.96672972	44.7004402	-2.3610679	Malalbergo-Ravenna
12.11706104	44.49903138	-10.007416	Malalbergo-Ravenna
12.16010697	44.52214523	-6.7541025	Malalbergo-Ravenna
12.04946807	44.67553952	-2.25625	Malalbergo-Ravenna
12.26396855	44.45813226	-4.651092	Malalbergo-Ravenna
12.24416122	44.37192274	-9.7619136	Malalbergo-Ravenna
11.83767986	44.70578108	-4.1091951	Malalbergo-Ravenna
11.78262721	44.61470964	-11.5566738	Malalbergo-Ravenna
11.63264479	44.62664542	-11.99996	Malalbergo-Ravenna
11.75252241	44.67589474	-7.3385044	Malalbergo-Ravenna
12.25193118	44.45740948	-5.2792278	Malalbergo-Ravenna
12.00451742	44.5514106	-11.54375	Malalbergo-Ravenna
12.19753849	44.43582688	-9.0251964	Malalbergo-Ravenna
12.27983137	44.49708685	-1.9998672	Malalbergo-Ravenna
12.0289776	44.53133793	-12	Malalbergo-Ravenna
11.7389938	44.67411266	-7.5684423	Malalbergo-Ravenna
11.84197714	44.63339441	-9.3148438	Malalbergo-Ravenna
12.1747622	44.50743281	-6.7364497	Malalbergo-Ravenna
12.04476573	44.5268016	-11.7553354	Malalbergo-Ravenna
12.17702956	44.60441981	-2	Malalbergo-Ravenna
12.11082311	44.53619727	-8.5554817	Malalbergo-Ravenna
12.05843599	44.53560644	-10.7319592	Malalbergo-Ravenna
12.08015184	44.50426108	-11.606186	Malalbergo-Ravenna
12.14504121	44.49834603	-8.6389241	Malalbergo-Ravenna
11.59336357	44.63005409	-12	Malalbergo-Ravenna
12.07244441	44.5663076	-8.489588	Malalbergo-Ravenna
11.88716987	44.68172098	-5.1125005	Malalbergo-Ravenna
11.60755751	44.70949036	-5.693756	Malalbergo-Ravenna
12.22831747	44.37812362	-10.246481	Malalbergo-Ravenna
11.69738532	44.68468107	-7.0244016	Malalbergo-Ravenna
11.78994641	44.65383312	-8.5515608	Malalbergo-Ravenna
12.15663376	44.61226645	-2.6469048	Malalbergo-Ravenna
11.6767725	44.68487472	-7.1489769	Malalbergo-Ravenna
11.76889288	44.62102752	-11.2480488	Malalbergo-Ravenna
11.97735105	44.63498476	-6.6098366	Malalbergo-Ravenna
11.49363067	44.68994431	-6.6278804	Malalbergo-Ravenna
11.99363804	44.57820556	-10.0292966	Malalbergo-Ravenna
12.03960774	44.52587271	-12	Malalbergo-Ravenna
11.53958399	44.69753076	-6.2429556	Malalbergo-Ravenna
11.51469235	44.66482065	-8.9452251	Malalbergo-Ravenna
12.10360742	44.50491825	-10.4017356	Malalbergo-Ravenna
11.66502392	44.63184094	-11.3746592	Malalbergo-Ravenna
12.06762744	44.62531266	-5.0750402	Malalbergo-Ravenna
12.26354987	44.47399008	-3.9108579	Malalbergo-Ravenna
12.20092072	44.55391961	-3.2147229	Malalbergo-Ravenna
11.57323408	44.72463215	-4.0966567	Malalbergo-Ravenna
12.08617759	44.51278031	-10.8999993	Malalbergo-Ravenna
11.88030858	44.58558966	-12.0002739	Malalbergo-Ravenna
11.59304728	44.68892857	-7.3999414	Malalbergo-Ravenna
12.05719159	44.54739106	-10.1312778	Malalbergo-Ravenna
12.11811107	44.48515708	-10.6133816	Malalbergo-Ravenna
12.0587847	44.65193807	-3.6087805	Malalbergo-Ravenna
12.16994274	44.55045752	-4.9175002	Malalbergo-Ravenna
12.21679603	44.4233989	-8.6506262	Malalbergo-Ravenna
11.58954416	44.73349758	-3.4377417	Malalbergo-Ravenna
12.07495998	44.64834951	-3.4442737	Malalbergo-Ravenna
11.9919321	44.54914554	-12	Malalbergo-Ravenna
11.87265449	44.72848227	-2.0000649	Malalbergo-Ravenna
11.57334907	44.74849336	-1.9999756	Malalbergo-Ravenna
12.0208059	44.68924782	-2.0002065	Malalbergo-Ravenna
12.04930389	44.61469541	-6.2937499	Malalbergo-Ravenna
11.580918	44.71740635	-4.7941296	Malalbergo-Ravenna
12.01175355	44.57679341	-9.7007813	Malalbergo-Ravenna
12.01409566	44.61095543	-7.375586	Malalbergo-Ravenna
11.69776674	44.71355972	-4.7631521	Malalbergo-Ravenna
11.49415799	44.70463362	-5.3499993	Malalbergo-Ravenna
11.87989183	44.62492715	-9.2539092	Malalbergo-Ravenna
12.0710106	44.50953378	-11.6750127	Malalbergo-Ravenna
12.16051397	44.59917707	-3.0762729	Malalbergo-Ravenna
11.94069418	44.68216438	-4.1500251	Malalbergo-Ravenna
11.50840435	44.70629511	-5.2909082	Malalbergo-Ravenna
11.64534803	44.75082601	-2.2039072	Malalbergo-Ravenna
12.04872119	44.59471342	-7.5279296	Malalbergo-Ravenna
12.16818748	44.44843874	-9.8907979	Malalbergo-Ravenna
12.18101715	44.45309572	-9.0326567	Malalbergo-Ravenna
11.57866015	44.74412781	-2.4144116	Malalbergo-Ravenna
11.85788956	44.71265526	-3.3566458	Malalbergo-Ravenna
11.56857338	44.70182972	-6.0766593	Malalbergo-Ravenna
12.00048354	44.651737	-4.9815758	Malalbergo-Ravenna
12.26807178	44.4015964	-7.1597646	Malalbergo-Ravenna
12.11416629	44.62783811	-3.4562498	Malalbergo-Ravenna
12.06123737	44.52401636	-11.2607646	Malalbergo-Ravenna
11.821876	44.73653952	-2.0000034	Malalbergo-Ravenna
11.56708489	44.63233181	-12	Malalbergo-Ravenna
11.8314889	44.64342334	-8.7882798	Malalbergo-Ravenna
12.14038599	44.49027595	-9.2556426	Malalbergo-Ravenna
12.12774565	44.53503904	-7.7627677	Malalbergo-Ravenna
11.56735376	44.71301017	-5.0793796	Malalbergo-Ravenna
12.14312699	44.63361422	-2.0000005	Malalbergo-Ravenna
12.12495923	44.64639581	-2	Malalbergo-Ravenna
11.78258601	44.70451846	-4.8562354	Malalbergo-Ravenna
12.03543723	44.61262263	-6.7671875	Malalbergo-Ravenna
12.18240037	44.43610937	-9.7695095	Malalbergo-Ravenna
12.03187067	44.581511	-8.8578123	Malalbergo-Ravenna
12.27509388	44.49239101	-2.459001	Malalbergo-Ravenna
12.19963514	44.50380889	-5.6826444	Malalbergo-Ravenna
11.8394691	44.73374893	-2	Malalbergo-Ravenna
11.56370382	44.65291322	-10.3608145	Malalbergo-Ravenna
11.59839464	44.64689229	-10.6500002	Malalbergo-Ravenna
11.80212856	44.61302854	-11.4469409	Malalbergo-Ravenna
11.90365611	44.61899715	-9.2346001	Malalbergo-Ravenna
11.55868976	44.71747572	-4.6184272	Malalbergo-Ravenna
11.61707354	44.72296948	-4.5750703	Malalbergo-Ravenna
12.27077142	44.48190091	-3.1747861	Malalbergo-Ravenna
11.83976351	44.61431179	-10.7019534	Malalbergo-Ravenna
12.15124966	44.59084915	-3.9355596	Malalbergo-Ravenna
11.75683648	44.69487332	-5.8238301	Malalbergo-Ravenna
11.55394526	44.63346981	-12	Malalbergo-Ravenna
11.96276984	44.63187877	-7.1249994	Malalbergo-Ravenna
11.47893167	44.66918267	-8.3495125	Malalbergo-Ravenna
11.70362805	44.65217441	-9.5236345	Malalbergo-Ravenna
11.89228311	44.61375013	-9.8280659	Malalbergo-Ravenna
11.88783033	44.64044978	-8.0187498	Malalbergo-Ravenna
12.19084283	44.56409225	-3.2237888	Malalbergo-Ravenna
12.12280267	44.59419175	-4.972855	Malalbergo-Ravenna
11.89718445	44.71566696	-2.5375	Malalbergo-Ravenna
12.22058727	44.41426277	-8.8948926	Malalbergo-Ravenna
12.01921	44.58506323	-8.9773438	Malalbergo-Ravenna
12.03031857	44.58788087	-8.5187498	Malalbergo-Ravenna
11.53029506	44.71657381	-4.5262419	Malalbergo-Ravenna
12.09655942	44.47868667	-11.9999995	Malalbergo-Ravenna
12.05962646	44.63269416	-4.8686995	Malalbergo-Ravenna
11.91022215	44.65781443	-6.4017563	Malalbergo-Ravenna
12.09044759	44.64514516	-3.154614	Malalbergo-Ravenna
12.12471336	44.57717097	-5.8363253	Malalbergo-Ravenna
11.72288989	44.63004459	-11.1200713	Malalbergo-Ravenna
12.20705814	44.57291924	-1.9998574	Malalbergo-Ravenna
12.23229061	44.3476625	-11.5103521	Malalbergo-Ravenna
12.16669444	44.61531027	-2.000084	Malalbergo-Ravenna
11.84726454	44.68245709	-5.7370582	Malalbergo-Ravenna
12.16038	44.43615038	-10.8657048	Malalbergo-Ravenna
12.05490809	44.54750502	-10.2062505	Malalbergo-Ravenna
12.0090441	44.54158335	-12	Malalbergo-Ravenna
11.90715318	44.72081459	-2	Malalbergo-Ravenna
12.15616991	44.62432532	-1.999999	Malalbergo-Ravenna
11.50761767	44.62949397	-12.0000068	Malalbergo-Ravenna
12.19016271	44.49224159	-6.7049208	Malalbergo-Ravenna
11.96524412	44.65816595	-5.2789053	Malalbergo-Ravenna
11.79883326	44.6953083	-5.3511744	Malalbergo-Ravenna
12.22312905	44.50025714	-4.6862136	Malalbergo-Ravenna
12.19275023	44.44775403	-8.698819	Malalbergo-Ravenna
11.92237607	44.66662838	-5.567187	Malalbergo-Ravenna
12.19535469	44.42374086	-9.7080049	Malalbergo-Ravenna
12.07362694	44.57395333	-8.0125877	Malalbergo-Ravenna
12.22823097	44.39042704	-9.6609373	Malalbergo-Ravenna
12.30111529	44.44971811	-3.2224126	Malalbergo-Ravenna
11.83906902	44.67139522	-6.6597944	Malalbergo-Ravenna
11.52262898	44.745	-2	Malalbergo-Ravenna
12.00200625	44.66573722	-3.9971631	Malalbergo-Ravenna
11.58286841	44.69628264	-6.675543	Malalbergo-Ravenna
12.1895838	44.5911882	-2.0000669	Malalbergo-Ravenna
11.62586128	44.7181959	-4.8887634	Malalbergo-Ravenna
12.01888259	44.57515009	-9.6437498	Malalbergo-Ravenna
12.16563997	44.41432743	-11.6421748	Malalbergo-Ravenna
11.52352962	44.65236737	-10.1019739	Malalbergo-Ravenna
11.89649336	44.58065357	-11.9999678	Malalbergo-Ravenna
11.97554624	44.60139271	-8.9099587	Malalbergo-Ravenna
11.63898388	44.75398371	-2	Malalbergo-Ravenna
12.19289753	44.37801874	-11.9997207	Malalbergo-Ravenna
11.85193822	44.6834894	-5.5999772	Malalbergo-Ravenna
11.55452206	44.68655478	-7.3190189	Malalbergo-Ravenna
11.8897281	44.72509769	-2	Malalbergo-Ravenna
12.26048463	44.41478154	-6.9020152	Malalbergo-Ravenna
11.78504236	44.7196554	-3.6938137	Malalbergo-Ravenna
11.8884878	44.65215289	-7.1800782	Malalbergo-Ravenna
12.14461049	44.56613469	-5.4415757	Malalbergo-Ravenna
12.06880715	44.67261409	-2.0000083	Malalbergo-Ravenna
11.86627954	44.64847424	-7.8263671	Malalbergo-Ravenna
12.22952683	44.52842939	-3.0268545	Malalbergo-Ravenna
12.15568626	44.41728884	-12.0002646	Malalbergo-Ravenna
11.54709026	44.70775103	-5.3960105	Malalbergo-Ravenna
11.46747455	44.65880628	-9.1849609	Malalbergo-Ravenna
11.5086294	44.64662715	-10.4951895	Malalbergo-Ravenna
12.03557132	44.59873019	-7.6875001	Malalbergo-Ravenna
11.79264619	44.6071743	-12.0002095	Malalbergo-Ravenna
12.04399757	44.61063058	-6.7	Malalbergo-Ravenna
12.08411964	44.66724591	-2	Malalbergo-Ravenna
11.88051726	44.72723341	-2	Malalbergo-Ravenna
11.614747	44.73303632	-3.6709456	Malalbergo-Ravenna
12.19324077	44.47993007	-7.1442424	Malalbergo-Ravenna
11.61055803	44.71810121	-4.9588475	Malalbergo-Ravenna
11.91905462	44.65159808	-6.6875053	Malalbergo-Ravenna
11.5139403	44.6925732	-6.5210092	Malalbergo-Ravenna
11.80218655	44.62424319	-10.6145022	Malalbergo-Ravenna
12.26371203	44.50511923	-2.4244268	Malalbergo-Ravenna
11.74292315	44.70133612	-5.4128914	Malalbergo-Ravenna
12.17681469	44.42101168	-10.7656504	Malalbergo-Ravenna
11.77949173	44.72272656	-3.4911685	Malalbergo-Ravenna
11.71637428	44.67718807	-7.4815439	Malalbergo-Ravenna
11.8721835	44.712093	-3.2249993	Malalbergo-Ravenna
11.71621611	44.74249389	-2.3743618	Malalbergo-Ravenna
12.0882307	44.50862912	-10.9958479	Malalbergo-Ravenna
12.16448828	44.57701323	-3.9296912	Malalbergo-Ravenna
12.2248731	44.35748948	-11.4054702	Malalbergo-Ravenna
12.02041938	44.68295465	-2.4383486	Malalbergo-Ravenna
11.5388463	44.6698931	-8.6711104	Malalbergo-Ravenna
11.92944234	44.68032047	-4.4761736	Malalbergo-Ravenna
11.91239389	44.6421849	-7.4687529	Malalbergo-Ravenna
12.16220479	44.54151515	-5.7297036	Malalbergo-Ravenna
11.73974669	44.65557673	-9.0125012	Malalbergo-Ravenna
12.2415275	44.53743928	-2.000291	Malalbergo-Ravenna
12.25312218	44.37831655	-9.0132811	Malalbergo-Ravenna
12.19698325	44.5760025	-2.3502134	Malalbergo-Ravenna
11.67164941	44.64284205	-10.4699224	Malalbergo-Ravenna
11.98032943	44.62435273	-7.2718689	Malalbergo-Ravenna
12.06906622	44.64131222	-4.0565469	Malalbergo-Ravenna
11.66708678	44.74779448	-2.2935547	Malalbergo-Ravenna
11.80335265	44.60489987	-12.0000156	Malalbergo-Ravenna
11.57140074	44.66446332	-9.3995862	Malalbergo-Ravenna
11.92305561	44.57812884	-11.619502	Malalbergo-Ravenna
11.9343565	44.65992174	-5.8019441	Malalbergo-Ravenna
12.12332226	44.47022972	-11.0605481	Malalbergo-Ravenna
12.17115427	44.58525055	-3.2046626	Malalbergo-Ravenna
12.20774524	44.44954407	-7.8633383	Malalbergo-Ravenna
11.76047294	44.64790825	-9.3424097	Malalbergo-Ravenna
11.63651775	44.7411671	-3.0195374	Malalbergo-Ravenna
12.23880601	44.36144124	-10.5285161	Malalbergo-Ravenna
12.00062696	44.54590847	-12	Malalbergo-Ravenna
12.01506345	44.54897982	-11.3620117	Malalbergo-Ravenna
11.94144657	44.67654934	-4.5188875	Malalbergo-Ravenna
11.56796735	44.65336759	-10.3500408	Malalbergo-Ravenna
11.8101451	44.66351085	-7.5901584	Malalbergo-Ravenna
11.65487301	44.70348117	-5.8427728	Malalbergo-Ravenna
12.2202497	44.51341169	-4.2049873	Malalbergo-Ravenna
11.88262873	44.7268423	-2	Malalbergo-Ravenna
12.11444527	44.55272532	-7.5874894	Malalbergo-Ravenna
11.69167858	44.74580907	-2.2818379	Malalbergo-Ravenna
11.48430373	44.63861245	-11.0467051	Malalbergo-Ravenna
11.52394542	44.63465052	-11.669542	Malalbergo-Ravenna
11.7261811	44.63636567	-10.6062458	Malalbergo-Ravenna
11.53051312	44.68986732	-6.8564668	Malalbergo-Ravenna
12.20052226	44.38912605	-11.0907803	Malalbergo-Ravenna
12.17446922	44.49567314	-7.3150478	Malalbergo-Ravenna
12.10945457	44.63502694	-3.1765635	Malalbergo-Ravenna
12.18778791	44.41042	-10.7188635	Malalbergo-Ravenna
12.17397386	44.54151487	-5.1401239	Malalbergo-Ravenna
12.05689322	44.60885355	-6.4121027	Malalbergo-Ravenna
12.13054497	44.48197989	-10.1406265	Malalbergo-Ravenna
12.06832472	44.64496623	-3.8501355	Malalbergo-Ravenna
11.87809877	44.72044542	-2.531082	Malalbergo-Ravenna
12.12196821	44.56334883	-6.7062612	Malalbergo-Ravenna
11.49968537	44.63728751	-11.2542788	Malalbergo-Ravenna
12.05565156	44.62365697	-5.5500526	Malalbergo-Ravenna
12.1680418	44.42879388	-10.8358159	Malalbergo-Ravenna
11.59976315	44.68922635	-7.3312513	Malalbergo-Ravenna
12.03633014	44.63893078	-4.9972659	Malalbergo-Ravenna
11.99471241	44.64703666	-5.425855	Malalbergo-Ravenna
11.8647916	44.70654241	-3.7315801	Malalbergo-Ravenna
12.00577044	44.67432049	-3.3326975	Malalbergo-Ravenna
12.15682994	44.46009955	-9.8919263	Malalbergo-Ravenna
11.51044765	44.71922071	-4.1757805	Malalbergo-Ravenna
11.68156974	44.72383765	-4.0693364	Malalbergo-Ravenna
11.49697118	44.64728906	-10.3667493	Malalbergo-Ravenna
11.7804594	44.63858094	-9.8017185	Malalbergo-Ravenna
11.54893286	44.65240936	-10.2921106	Malalbergo-Ravenna
12.19113424	44.45953957	-8.2203147	Malalbergo-Ravenna
11.97220617	44.62435532	-7.4424417	Malalbergo-Ravenna
12.1312799	44.61177941	-3.6698252	Malalbergo-Ravenna
11.5141278	44.67686367	-7.8920269	Malalbergo-Ravenna
11.6239354	44.7527212	-1.9998828	Malalbergo-Ravenna
11.97319962	44.55571898	-12.0000107	Malalbergo-Ravenna
12.04197391	44.65118531	-4.0507813	Malalbergo-Ravenna
11.80434344	44.64582752	-8.9782927	Malalbergo-Ravenna
11.81824923	44.64006234	-9.2439932	Malalbergo-Ravenna
12.12952538	44.63584298	-2.4113286	Malalbergo-Ravenna
12.20746336	44.51825319	-4.6033088	Malalbergo-Ravenna
12.22284817	44.47318629	-5.9853082	Malalbergo-Ravenna
11.62572388	44.74771442	-2.4571338	Malalbergo-Ravenna
11.88240271	44.71935541	-2.5335874	Malalbergo-Ravenna
12.06329123	44.57127561	-8.4984376	Malalbergo-Ravenna
11.98339053	44.64377745	-5.8837249	Malalbergo-Ravenna
12.25964116	44.44526894	-5.4816626	Malalbergo-Ravenna
12.28914467	44.43661543	-4.4412122	Malalbergo-Ravenna
11.82376164	44.66902904	-7.017167	Malalbergo-Ravenna
12.14693102	44.45331128	-10.7062502	Malalbergo-Ravenna
11.45407897	44.64773925	-10.06875	Malalbergo-Ravenna
12.01831022	44.62372312	-6.4285157	Malalbergo-Ravenna
11.64385589	44.69410981	-6.6503906	Malalbergo-Ravenna
12.05210503	44.62207737	-5.7499999	Malalbergo-Ravenna
11.61446578	44.65139585	-10.1890662	Malalbergo-Ravenna
12.22349513	44.45674585	-6.7332111	Malalbergo-Ravenna
12.04888341	44.53898847	-10.9125	Malalbergo-Ravenna
11.71879643	44.634808	-10.7781248	Malalbergo-Ravenna
12.20263771	44.48947693	-6.2224768	Malalbergo-Ravenna
11.87252351	44.715946	-2.9375234	Malalbergo-Ravenna
11.93238463	44.6247218	-8.24583	Malalbergo-Ravenna
11.76679507	44.68885071	-6.2127867	Malalbergo-Ravenna
12.1320924	44.49855138	-9.277374	Malalbergo-Ravenna
11.67165497	44.6232644	-12	Malalbergo-Ravenna
12.15607129	44.5300811	-6.5797053	Malalbergo-Ravenna
12.2089545	44.41089317	-9.6360317	Malalbergo-Ravenna
11.83187009	44.6605603	-7.5534534	Malalbergo-Ravenna
12.19208293	44.51461225	-5.5371089	Malalbergo-Ravenna
11.62689124	44.63785206	-11.163272	Malalbergo-Ravenna
11.60080682	44.69992575	-6.4874927	Malalbergo-Ravenna
11.62335759	44.66351771	-9.181252	Malalbergo-Ravenna
11.79409511	44.73244951	-2.631231	Malalbergo-Ravenna
11.61391894	44.70755802	-5.8017599	Malalbergo-Ravenna
11.7548804	44.74392429	-2	Malalbergo-Ravenna
11.94932237	44.56409418	-11.9999287	Malalbergo-Ravenna
12.12244235	44.45943772	-11.6206909	Malalbergo-Ravenna
11.71708597	44.62348037	-11.6750015	Malalbergo-Ravenna
11.96252627	44.64437328	-6.2771618	Malalbergo-Ravenna
12.07376625	44.65264423	-3.2125	Malalbergo-Ravenna
12.08770533	44.55350221	-8.5953749	Malalbergo-Ravenna
11.87660679	44.70616832	-3.5671892	Malalbergo-Ravenna
12.08718881	44.60307646	-5.8167968	Malalbergo-Ravenna
12.20045226	44.5797296	-1.9997861	Malalbergo-Ravenna
11.80494832	44.73922395	-2.0001621	Malalbergo-Ravenna
12.13162864	44.64180097	-2	Malalbergo-Ravenna
11.68832574	44.74970247	-2	Malalbergo-Ravenna
11.90919488	44.63071085	-8.3196591	Malalbergo-Ravenna
11.58756031	44.70574436	-5.8752198	Malalbergo-Ravenna
12.06718445	44.66477125	-2.5594751	Malalbergo-Ravenna
12.11386476	44.51505401	-9.4068027	Malalbergo-Ravenna
12.27821527	44.47214144	-3.2766121	Malalbergo-Ravenna
11.64646542	44.63432617	-11.3060874	Malalbergo-Ravenna
12.24388315	44.41075989	-7.913908	Malalbergo-Ravenna
11.60861579	44.7514034	-2.000001	Malalbergo-Ravenna
11.9749017	44.61312266	-8.1461339	Malalbergo-Ravenna
11.8259696	44.71813459	-3.3257815	Malalbergo-Ravenna
11.74895547	44.68650234	-6.5321107	Malalbergo-Ravenna
12.15630324	44.42110186	-11.7878516	Malalbergo-Ravenna
11.94709156	44.69119633	-3.3999875	Malalbergo-Ravenna
12.16347904	44.47443238	-8.8763408	Malalbergo-Ravenna
11.99303846	44.61353511	-7.6948998	Malalbergo-Ravenna
11.71832635	44.6189697	-12.0004028	Malalbergo-Ravenna
11.91786869	44.71358549	-2.324999	Malalbergo-Ravenna
11.8359737	44.67838637	-6.1742291	Malalbergo-Ravenna
11.72635489	44.62308726	-11.5980508	Malalbergo-Ravenna
11.85642434	44.59673849	-11.6539063	Malalbergo-Ravenna
11.54816134	44.71995866	-4.3382126	Malalbergo-Ravenna
11.73281468	44.635996	-10.5589524	Malalbergo-Ravenna
12.22396104	44.3460229	-11.9999995	Malalbergo-Ravenna
12.31122524	44.46480976	-2.0000005	Malalbergo-Ravenna
11.81637741	44.67819979	-6.4203126	Malalbergo-Ravenna
12.16211797	44.41050233	-11.9999717	Malalbergo-Ravenna
11.48646213	44.62782317	-12.0000938	Malalbergo-Ravenna
11.75445765	44.67011236	-7.7573857	Malalbergo-Ravenna
12.28559812	44.49116167	-2.0000811	Malalbergo-Ravenna
12.13723096	44.4617924	-10.7782937	Malalbergo-Ravenna
11.89299848	44.70371826	-3.455469	Malalbergo-Ravenna
11.92523648	44.66033249	-5.9625076	Malalbergo-Ravenna
11.46267633	44.63656075	-11.0949448	Malalbergo-Ravenna
12.18062113	44.47754179	-7.881084	Malalbergo-Ravenna
12.18429721	44.46554564	-8.2753369	Malalbergo-Ravenna
12.21448716	44.39630084	-10.0572104	Malalbergo-Ravenna
12.1847059	44.38666617	-12.000021	Malalbergo-Ravenna
12.00213151	44.59891187	-8.4550764	Malalbergo-Ravenna
11.96589409	44.57986006	-10.5659363	Malalbergo-Ravenna
12.08595949	44.66641578	-2	Malalbergo-Ravenna
11.79741869	44.60635924	-12	Malalbergo-Ravenna
12.12201256	44.54948293	-7.3643273	Malalbergo-Ravenna
11.58802916	44.66485955	-9.3158228	Malalbergo-Ravenna
11.76921411	44.73537831	-2.5712915	Malalbergo-Ravenna
11.92175975	44.60651223	-9.709751	Malalbergo-Ravenna
12.10507802	44.54893671	-8.1644539	Malalbergo-Ravenna
11.84449348	44.72298553	-2.7441079	Malalbergo-Ravenna
12.18590826	44.57740316	-2.8386812	Malalbergo-Ravenna
12.10977603	44.55937006	-7.4046898	Malalbergo-Ravenna
11.90349637	44.62960715	-8.5124945	Malalbergo-Ravenna
12.05095867	44.5179336	-11.999874	Malalbergo-Ravenna
11.87387095	44.60952145	-10.4472676	Malalbergo-Ravenna
12.28440674	44.4244883	-5.25639	Malalbergo-Ravenna
12.13047811	44.55631641	-6.6158496	Malalbergo-Ravenna
11.64738845	44.75325505	-2.0000005	Malalbergo-Ravenna
11.72327904	44.64650321	-9.8336018	Malalbergo-Ravenna
12.06450718	44.56106937	-9.0813152	Malalbergo-Ravenna
11.99080593	44.6391502	-6.0437271	Malalbergo-Ravenna
11.92563704	44.64791247	-6.8032462	Malalbergo-Ravenna
12.07679384	44.49951107	-12	Malalbergo-Ravenna
12.0496755	44.58103268	-8.3304683	Malalbergo-Ravenna
11.52262908	44.72783028	-3.4980518	Malalbergo-Ravenna
12.2124766	44.56043271	-2.3320425	Malalbergo-Ravenna
12.04181983	44.5407569	-11.025791	Malalbergo-Ravenna
12.00806862	44.653647	-4.6773359	Malalbergo-Ravenna
12.18146393	44.53426173	-5.1183979	Malalbergo-Ravenna
12.27593044	44.41105183	-6.3187503	Malalbergo-Ravenna
11.47863971	44.64620017	-10.3511704	Malalbergo-Ravenna
11.96632371	44.70584758	-2.0001543	Malalbergo-Ravenna
11.44707481	44.63778796	-10.8937502	Malalbergo-Ravenna
12.12004946	44.45400467	-11.9999941	Malalbergo-Ravenna
12.15162665	44.57375201	-4.7284736	Malalbergo-Ravenna
11.47587836	44.63081931	-11.6749985	Malalbergo-Ravenna
11.63510164	44.74848898	-2.4562256	Malalbergo-Ravenna
12.21585844	44.56387386	-1.999999	Malalbergo-Ravenna
11.98652254	44.56910419	-10.8	Malalbergo-Ravenna
11.81937445	44.63743902	-9.4219097	Malalbergo-Ravenna
11.71309607	44.69230221	-6.3218751	Malalbergo-Ravenna
11.59710613	44.71718654	-4.9367957	Malalbergo-Ravenna
12.14878207	44.47791556	-9.4347637	Malalbergo-Ravenna
11.64482147	44.71681751	-4.8679685	Malalbergo-Ravenna
12.21561118	44.48619311	-5.7301382	Malalbergo-Ravenna
11.94431409	44.60016048	-9.6737461	Malalbergo-Ravenna
11.50297392	44.71713734	-4.3124998	Malalbergo-Ravenna
12.1509662	44.43118743	-11.5681494	Malalbergo-Ravenna
11.95903559	44.70805349	-2	Malalbergo-Ravenna
12.21470266	44.54032034	-3.1872727	Malalbergo-Ravenna
11.95155059	44.70989529	-1.999999	Malalbergo-Ravenna
12.24138294	44.39147257	-8.9619221	Malalbergo-Ravenna
12.265195	44.49158387	-2.9924138	Malalbergo-Ravenna
11.94626231	44.57349428	-11.447584	Malalbergo-Ravenna
11.81653459	44.69562948	-5.1175818	Malalbergo-Ravenna
12.23548747	44.45119958	-6.3960873	Malalbergo-Ravenna
12.11471173	44.65165769	-2.0000117	Malalbergo-Ravenna
12.04313963	44.53003161	-11.6353252	Malalbergo-Ravenna
12.14764722	44.62059245	-2.5407241	Malalbergo-Ravenna
12.14900858	44.42419072	-12.000019	Malalbergo-Ravenna
11.85524786	44.62418246	-9.7351563	Malalbergo-Ravenna
12.10264133	44.47724754	-11.763688	Malalbergo-Ravenna
11.46984177	44.67012509	-8.2124999	Malalbergo-Ravenna
12.08600703	44.63293889	-4.0363291	Malalbergo-Ravenna
11.78230943	44.68670578	-6.1888226	Malalbergo-Ravenna
11.60205629	44.74440955	-2.5683374	Malalbergo-Ravenna
11.65116057	44.74210412	-2.846875	Malalbergo-Ravenna
11.9332245	44.71440362	-2.000001	Malalbergo-Ravenna
12.19973976	44.37095836	-11.9999341	Malalbergo-Ravenna
11.50462622	44.65441975	-9.7914026	Malalbergo-Ravenna
11.77588997	44.74209982	-2.0000005	Malalbergo-Ravenna
11.99878804	44.54673919	-12	Malalbergo-Ravenna
11.72540531	44.70117358	-5.5445315	Malalbergo-Ravenna
12.04798039	44.67991295	-2	Malalbergo-Ravenna
12.00045271	44.58817572	-9.2078123	Malalbergo-Ravenna
12.0135533	44.6699685	-3.4645371	Malalbergo-Ravenna
11.56558212	44.74164303	-2.5512554	Malalbergo-Ravenna
12.13259924	44.51780087	-8.3381655	Malalbergo-Ravenna
11.60159868	44.70554462	-6.0002209	Malalbergo-Ravenna
11.56652669	44.69239911	-6.8941238	Malalbergo-Ravenna
12.26071894	44.4328672	-6.0232702	Malalbergo-Ravenna
12.13969723	44.58173067	-4.9470803	Malalbergo-Ravenna
11.87175562	44.5940805	-11.575	Malalbergo-Ravenna
12.14651346	44.5247363	-7.3121554	Malalbergo-Ravenna
11.60615521	44.63574283	-11.46875	Malalbergo-Ravenna
11.95913364	44.59719918	-9.5683586	Malalbergo-Ravenna
11.7380724	44.7453828	-2.0000005	Malalbergo-Ravenna
11.7494121	44.73941044	-2.390333	Malalbergo-Ravenna
11.68162644	44.70458271	-5.5748784	Malalbergo-Ravenna
12.25212274	44.49565379	-3.4536982	Malalbergo-Ravenna
11.94877181	44.5881307	-10.4021135	Malalbergo-Ravenna
12.06561735	44.55929785	-9.1438525	Malalbergo-Ravenna
12.28512872	44.483053	-2.4120605	Malalbergo-Ravenna
11.93137056	44.5700154	-12.000043	Malalbergo-Ravenna
12.09380453	44.58188084	-6.7909884	Malalbergo-Ravenna
11.90727444	44.67865948	-4.9792971	Malalbergo-Ravenna
12.0224277	44.57673058	-9.44375	Malalbergo-Ravenna
11.52675019	44.73872785	-2.5720708	Malalbergo-Ravenna
12.01261898	44.56286588	-10.59375	Malalbergo-Ravenna
12.11468349	44.4670628	-11.6436797	Malalbergo-Ravenna
12.24225875	44.44408082	-6.3955682	Malalbergo-Ravenna
12.24338748	44.42982804	-7.023616	Malalbergo-Ravenna
11.5655726	44.63602427	-11.7216772	Malalbergo-Ravenna
11.72815157	44.69119563	-6.3062498	Malalbergo-Ravenna
11.86323209	44.69944826	-4.2749468	Malalbergo-Ravenna
12.17489152	44.5190493	-6.1726215	Malalbergo-Ravenna
11.76919114	44.71389719	-4.2520012	Malalbergo-Ravenna
11.74717087	44.61962478	-11.6097651	Malalbergo-Ravenna
11.49732291	44.62860102	-11.9993496	Malalbergo-Ravenna
11.70742146	44.72270484	-3.9822681	Malalbergo-Ravenna
12.08251628	44.49350684	-12.0003921	Malalbergo-Ravenna
11.53313978	44.65999736	-9.5016438	Malalbergo-Ravenna
11.49935162	44.68133612	-7.4129862	Malalbergo-Ravenna
11.86023536	44.59090131	-12	Malalbergo-Ravenna
11.46272938	44.66002586	-9.0500002	Malalbergo-Ravenna
12.10566667	44.46907501	-12.0000356	Malalbergo-Ravenna
11.95425068	44.56706686	-11.6875317	Malalbergo-Ravenna
12.06752538	44.58417728	-7.5812447	Malalbergo-Ravenna
11.62065968	44.6814285	-7.7993176	Malalbergo-Ravenna
11.9813149	44.58764424	-9.6892688	Malalbergo-Ravenna
11.88973994	44.59863885	-10.9133801	Malalbergo-Ravenna
12.09578206	44.60189782	-5.6094563	Malalbergo-Ravenna
12.0582505	44.64136657	-4.3242085	Malalbergo-Ravenna
12.10938602	44.60505545	-4.9007666	Malalbergo-Ravenna
12.08696174	44.59278566	-6.4499999	Malalbergo-Ravenna
11.96767012	44.60646368	-8.7561982	Malalbergo-Ravenna
11.91726562	44.62074244	-8.8319833	Malalbergo-Ravenna
11.75137588	44.71572665	-4.229886	Malalbergo-Ravenna
11.91484419	44.70024336	-3.3212883	Malalbergo-Ravenna
11.58296827	44.68405742	-7.7570985	Malalbergo-Ravenna
11.71432064	44.6195616	-12	Malalbergo-Ravenna
12.1860114	44.39753379	-11.4191953	Malalbergo-Ravenna
11.84166251	44.59547364	-12	Malalbergo-Ravenna
11.65336908	44.62484945	-12	Malalbergo-Ravenna
12.18971456	44.38519692	-11.8184199	Malalbergo-Ravenna
11.52292449	44.63081913	-12.0000024	Malalbergo-Ravenna
12.20730362	44.4013599	-10.1710591	Malalbergo-Ravenna
12.07760534	44.61456613	-5.4171838	Malalbergo-Ravenna
12.25593211	44.39088372	-8.2722655	Malalbergo-Ravenna
11.57069649	44.73383725	-3.2632539	Malalbergo-Ravenna
12.06936249	44.55531089	-9.2164065	Malalbergo-Ravenna
12.00090227	44.68873267	-2.4493413	Malalbergo-Ravenna
12.02686784	44.65347137	-4.2508801	Malalbergo-Ravenna
11.89999541	44.58646396	-11.5305654	Malalbergo-Ravenna
11.80944846	44.7048282	-4.5148496	Malalbergo-Ravenna
12.00659042	44.66143551	-4.1937214	Malalbergo-Ravenna
11.54868093	44.7322186	-3.2718667	Malalbergo-Ravenna
11.95513112	44.62154302	-7.989427	Malalbergo-Ravenna
12.15876589	44.48980433	-8.3717297	Malalbergo-Ravenna
12.15188704	44.55208818	-5.7443259	Malalbergo-Ravenna
11.5448693	44.63271896	-12.0002612	Malalbergo-Ravenna
11.77889413	44.71345033	-4.2217708	Malalbergo-Ravenna
11.89684327	44.62825764	-8.723634	Malalbergo-Ravenna
11.87050118	44.69403872	-4.5312551	Malalbergo-Ravenna
11.56685323	44.67462064	-8.4671305	Malalbergo-Ravenna
12.20542729	44.46339527	-7.3218844	Malalbergo-Ravenna
11.57662766	44.66564958	-9.33121	Malalbergo-Ravenna
12.18379912	44.54771293	-4.3571208	Malalbergo-Ravenna
12.02427406	44.59701038	-8.0652345	Malalbergo-Ravenna
11.48539653	44.69220323	-6.38125	Malalbergo-Ravenna
11.53107121	44.67778515	-7.9142023	Malalbergo-Ravenna
11.86423838	44.6707375	-6.2878881	Malalbergo-Ravenna
11.60694513	44.69787543	-6.606251	Malalbergo-Ravenna
12.00262517	44.55216593	-11.55	Malalbergo-Ravenna
11.48677072	44.65878409	-9.3033201	Malalbergo-Ravenna
11.55145903	44.6388905	-11.5059297	Malalbergo-Ravenna
12.25413041	44.46603264	-4.7585737	Malalbergo-Ravenna
11.84378869	44.67197012	-6.5562733	Malalbergo-Ravenna
11.98820782	44.67888308	-3.3863359	Malalbergo-Ravenna
12.29580301	44.48067	-2.0000049	Malalbergo-Ravenna
11.58531415	44.63643298	-11.5560552	Malalbergo-Ravenna
11.47990406	44.67933393	-7.4703126	Malalbergo-Ravenna
11.5471633	44.67814298	-8.0058736	Malalbergo-Ravenna
12.17500042	44.56359947	-4.0403096	Malalbergo-Ravenna
11.58041697	44.74897964	-2	Malalbergo-Ravenna
11.59194106	44.74996636	-1.9998027	Malalbergo-Ravenna
12.1397459	44.4337293	-11.9999995	Malalbergo-Ravenna
11.65907683	44.66735495	-8.6388342	Malalbergo-Ravenna
11.79230639	44.67100783	-7.2420886	Malalbergo-Ravenna
12.00624438	44.69368502	-1.9999761	Malalbergo-Ravenna
11.80803336	44.71624173	-3.6794277	Malalbergo-Ravenna
11.64099303	44.65095354	-10.0436221	Malalbergo-Ravenna
11.73499633	44.71623595	-4.301269	Malalbergo-Ravenna
11.82257262	44.60017156	-11.9999976	Malalbergo-Ravenna
11.88256349	44.6000006	-10.9688342	Malalbergo-Ravenna
12.22956027	44.42253537	-8.0553127	Malalbergo-Ravenna
11.89911745	44.60792665	-10.0845542	Malalbergo-Ravenna
11.98726864	44.66631531	-4.263998	Malalbergo-Ravenna
11.5344763	44.74581678	-1.9999985	Malalbergo-Ravenna
11.45101584	44.62536693	-12.0000005	Malalbergo-Ravenna
12.22366696	44.40624268	-9.1276213	Malalbergo-Ravenna
11.95450308	44.70165737	-2.5312827	Malalbergo-Ravenna
12.30000174	44.46541262	-2.5247017	Malalbergo-Ravenna
11.77373343	44.61017666	-12.0000054	Malalbergo-Ravenna
11.66089049	44.65053933	-9.941092	Malalbergo-Ravenna
11.65557257	44.68193557	-7.5227308	Malalbergo-Ravenna
12.18266543	44.55496659	-4.0660725	Malalbergo-Ravenna
12.08036006	44.65830644	-2.668936	Malalbergo-Ravenna
11.83754986	44.60368419	-11.4914063	Malalbergo-Ravenna
12.05006511	44.53495886	-11.097686	Malalbergo-Ravenna
12.25148244	44.48309501	-4.0817791	Malalbergo-Ravenna
12.0814137	44.58495192	-7.1000001	Malalbergo-Ravenna
12.03727785	44.55490955	-10.307031	Malalbergo-Ravenna
12.1119614	44.58495399	-5.9081813	Malalbergo-Ravenna
12.23495169	44.53704207	-2.3458232	Malalbergo-Ravenna
12.03242035	44.68536438	-2.0000005	Malalbergo-Ravenna
12.1065639	44.6165631	-4.377218	Malalbergo-Ravenna
12.16215945	44.6200588	-2	Malalbergo-Ravenna
11.87766693	44.59005712	-11.7512354	Malalbergo-Ravenna
11.94204605	44.57530166	-11.4173066	Malalbergo-Ravenna
11.77433248	44.69697163	-5.5176108	Malalbergo-Ravenna
11.59321874	44.69470788	-6.894085	Malalbergo-Ravenna
12.13706961	44.58466688	-4.9374832	Malalbergo-Ravenna
12.03042121	44.67820272	-2.5230791	Malalbergo-Ravenna
11.7574848	44.6127559	-12	Malalbergo-Ravenna
12.07958293	44.66084853	-2.5312246	Malalbergo-Ravenna
11.95564196	44.69290035	-3.1067551	Malalbergo-Ravenna
11.84781134	44.6521906	-7.8847652	Malalbergo-Ravenna
11.81248741	44.72966361	-2.6245723	Malalbergo-Ravenna
11.47631795	44.67931879	-7.4500002	Malalbergo-Ravenna
11.69104624	44.63902101	-10.6371106	Malalbergo-Ravenna
12.21137462	44.38329451	-10.8346162	Malalbergo-Ravenna
11.77209716	44.65684562	-8.5380319	Malalbergo-Ravenna
11.95258934	44.58514271	-10.5250122	Malalbergo-Ravenna
11.83621864	44.68996674	-5.3069836	Malalbergo-Ravenna
12.16844415	44.52971305	-5.978476	Malalbergo-Ravenna
11.82272948	44.63104319	-9.8156252	Malalbergo-Ravenna
12.22721568	44.44358503	-7.1715056	Malalbergo-Ravenna
11.54686371	44.69690959	-6.3451085	Malalbergo-Ravenna
12.20092027	44.56900829	-2.4906128	Malalbergo-Ravenna
11.94257796	44.61113095	-8.9612898	Malalbergo-Ravenna
12.22481258	44.55466679	-1.9999971	Malalbergo-Ravenna
12.17345113	44.39854483	-12.0000029	Malalbergo-Ravenna
12.02473498	44.53798961	-11.728125	Malalbergo-Ravenna
11.82680147	44.6479463	-8.5499329	Malalbergo-Ravenna
11.94426413	44.65143275	-6.175191	Malalbergo-Ravenna
11.90027226	44.66963665	-5.7390627	Malalbergo-Ravenna
12.25294563	44.51468694	-2.5089893	Malalbergo-Ravenna
11.78239296	44.71132779	-4.3502402	Malalbergo-Ravenna
12.10036333	44.53283067	-9.2375154	Malalbergo-Ravenna
12.11070782	44.6477967	-2.360168	Malalbergo-Ravenna
11.88392619	44.69622832	-4.1429688	Malalbergo-Ravenna
12.02232754	44.66448408	-3.6241814	Malalbergo-Ravenna
11.87209269	44.72314748	-2.4054941	Malalbergo-Ravenna
11.97345724	44.5630271	-11.5084058	Malalbergo-Ravenna
12.09311013	44.52258002	-10.08752	Malalbergo-Ravenna
12.14539585	44.59641575	-3.9624753	Malalbergo-Ravenna
12.10484232	44.57068442	-6.9747627	Malalbergo-Ravenna
11.67606419	44.65975401	-9.117968	Malalbergo-Ravenna
12.1229203	44.64018419	-2.4312495	Malalbergo-Ravenna
12.06797644	44.54350297	-9.9218782	Malalbergo-Ravenna
11.80597706	44.68606569	-5.9564486	Malalbergo-Ravenna
11.92961083	44.58939762	-10.71422	Malalbergo-Ravenna
12.02874594	44.58908805	-8.4875	Malalbergo-Ravenna
11.74697168	44.65959392	-8.6307676	Malalbergo-Ravenna
12.04045038	44.60219313	-7.3312498	Malalbergo-Ravenna
11.43996533	44.62768461	-11.73125	Malalbergo-Ravenna
11.69874451	44.62091412	-11.9999995	Malalbergo-Ravenna
12.2344545	44.51899856	-3.230075	Malalbergo-Ravenna
11.51484405	44.64382985	-10.7894036	Malalbergo-Ravenna
12.23503697	44.48624397	-4.75547	Malalbergo-Ravenna
11.91696364	44.64010198	-7.5168886	Malalbergo-Ravenna
12.09120698	44.59211171	-6.329341	Malalbergo-Ravenna
11.65392866	44.72474685	-4.1859375	Malalbergo-Ravenna
11.84861361	44.66646367	-6.8617198	Malalbergo-Ravenna
12.27369109	44.5035383	-1.9999023	Malalbergo-Ravenna
11.56072728	44.72563546	-3.9178862	Malalbergo-Ravenna
11.66541736	44.7516912	-1.9999995	Malalbergo-Ravenna
12.15826961	44.55981518	-5.0578124	Malalbergo-Ravenna
11.5847039	44.67710169	-8.3812114	Malalbergo-Ravenna
11.98489721	44.65407997	-5.1487852	Malalbergo-Ravenna
11.57840306	44.6729836	-8.7002651	Malalbergo-Ravenna
12.27685065	44.44786575	-4.5082085	Malalbergo-Ravenna
12.11935404	44.6384921	-2.6562505	Malalbergo-Ravenna
12.15636644	44.51413337	-7.3224323	Malalbergo-Ravenna
11.52911182	44.70496675	-5.5314592	Malalbergo-Ravenna
12.21893021	44.52400121	-3.7619512	Malalbergo-Ravenna
11.81115008	44.62579932	-10.3874583	Malalbergo-Ravenna
11.94001597	44.56735806	-12	Malalbergo-Ravenna
