12.64971	37.667	-1.9999995	Mazara-Belice
12.84004058	37.78882587	-8.6343057	Mazara-Belice
12.64886011	37.6693772	-2.2079212	Mazara-Belice
12.98788297	37.75735175	-3.4664837	Mazara-Belice
12.81347796	37.7587937	-6.5204051	Mazara-Belice
12.73405103	37.70770887	-3.6484656	Mazara-Belice
12.92518113	37.78101447	-6.670616	Mazara-Belice
12.79134766	37.71512921	-3.1543379	Mazara-Belice
12.83285707	37.73954727	-4.6633752	Mazara-Belice
12.97096191	37.73436913	-2.0000367	Mazara-Belice
12.99393921	37.79205438	-6.1001756	Mazara-Belice
12.84356319	37.74087521	-4.6254574	Mazara-Belice
12.87800646	37.76632269	-6.1937599	Mazara-Belice
12.64699903	37.67458229	-2.663198	Mazara-Belice
12.97226234	37.74231029	-2.6051419	Mazara-Belice
12.8812592	37.74505351	-4.4009854	Mazara-Belice
13.01573339	37.76445305	-3.4228184	Mazara-Belice
12.79292302	37.70118323	-1.9999995	Mazara-Belice
12.6449913	37.68019696	-3.1543228	Mazara-Belice
12.9101546	37.74546649	-4.0329475	Mazara-Belice
12.68357718	37.67964062	-2.2796131	Mazara-Belice
13.01262151	37.79995479	-6.336329	Mazara-Belice
12.8342866	37.77874237	-7.8807084	Mazara-Belice
12.93128437	37.77466641	-6.0387825	Mazara-Belice
13.02173697	37.81010671	-6.9662209	Mazara-Belice
12.64100541	37.75935892	-9.5573179	Mazara-Belice
12.71564942	37.72782498	-5.6173252	Mazara-Belice
12.65194441	37.76028201	-9.3956614	Mazara-Belice
12.64326191	37.68503276	-3.5773352	Mazara-Belice
12.9158372	37.80710201	-8.9547271	Mazara-Belice
13.02890311	37.8548489	-10.339825	Mazara-Belice
12.84870881	37.72223528	-3.0154095	Mazara-Belice
12.81147129	37.76429617	-7.002546	Mazara-Belice
12.79173812	37.80470271	-10.603646	Mazara-Belice
12.7917826	37.74038049	-5.2483459	Mazara-Belice
12.72190945	37.74439026	-6.8400005	Mazara-Belice
12.98084928	37.81402915	-8.1390509	Mazara-Belice
12.80156171	37.74048841	-5.140331	Mazara-Belice
12.64138585	37.69027814	-4.0361966	Mazara-Belice
12.64523188	37.75535601	-9.1468516	Mazara-Belice
12.87103598	37.81168209	-10.0333091	Mazara-Belice
13.00204864	37.82472101	-8.5396668	Mazara-Belice
12.65525768	37.77484115	-10.4866973	Mazara-Belice
12.95737333	37.75670334	-4.0758782	Mazara-Belice
13.01487301	37.83179436	-8.8472166	Mazara-Belice
12.70592093	37.75470519	-7.9714665	Mazara-Belice
12.63950969	37.69552329	-4.4950576	Mazara-Belice
12.85678279	37.811795	-10.2524141	Mazara-Belice
12.77266432	37.75400163	-6.6482108	Mazara-Belice
12.99578826	37.81538572	-7.9185381	Mazara-Belice
12.88584457	37.75553824	-5.1885177	Mazara-Belice
12.7066439	37.76524427	-8.8103186	Mazara-Belice
12.63758942	37.70089113	-4.9646732	Mazara-Belice
12.79918081	37.78104735	-8.5450828	Mazara-Belice
12.64142834	37.74031597	-8.0282101	Mazara-Belice
12.90060807	37.810123	-9.5005305	Mazara-Belice
12.92257018	37.74290235	-3.656189	Mazara-Belice
12.67861642	37.7351491	-6.8179831	Mazara-Belice
12.89927559	37.74081406	-3.7921123	Mazara-Belice
12.9751711	37.76751366	-4.5526414	Mazara-Belice
12.9316748	37.81620852	-9.3727525	Mazara-Belice
12.63566904	37.70625874	-5.4342892	Mazara-Belice
13.00884997	37.8491365	-10.3621778	Mazara-Belice
12.67869048	37.71047918	-4.8453727	Mazara-Belice
13.03682284	37.77393659	-3.7563128	Mazara-Belice
12.93236094	37.76844693	-5.5171918	Mazara-Belice
12.63388051	37.71125736	-5.8716411	Mazara-Belice
12.80203723	37.78905462	-9.1772273	Mazara-Belice
12.72413965	37.72968656	-5.6095963	Mazara-Belice
12.73581831	37.75656893	-7.5663001	Mazara-Belice
12.86345476	37.81735531	-10.603646	Mazara-Belice
12.98935666	37.73936922	-1.9999991	Mazara-Belice
12.85383859	37.71755563	-2.5583445	Mazara-Belice
12.62752861	37.74994999	-9.0962718	Mazara-Belice
12.63209187	37.71625577	-6.308993	Mazara-Belice
12.87558124	37.78470038	-7.7387185	Mazara-Belice
12.97630432	37.77408693	-5.0524997	Mazara-Belice
13.01994533	37.75956621	-2.9454615	Mazara-Belice
12.83754657	37.80081222	-9.6554995	Mazara-Belice
12.80441467	37.76736272	-7.3433044	Mazara-Belice
13.04429319	37.76896298	-3.18625	Mazara-Belice
12.8635457	37.79858036	-9.0635147	Mazara-Belice
13.04491725	37.81077978	-6.4743445	Mazara-Belice
12.7239762	37.69861844	-3.1011165	Mazara-Belice
12.6303471	37.72113107	-6.7355906	Mazara-Belice
13.0110851	37.84329068	-9.8473557	Mazara-Belice
12.80433565	37.74624129	-5.5859646	Mazara-Belice
12.87396864	37.72756402	-3.0836394	Mazara-Belice
12.98880505	37.80773784	-7.4628601	Mazara-Belice
12.910278	37.77739945	-6.6746346	Mazara-Belice
12.62805971	37.72752191	-7.2948271	Mazara-Belice
12.90330121	37.72370838	-2.3230889	Mazara-Belice
13.03213979	37.77840305	-4.2097315	Mazara-Belice
12.72950051	37.69940163	-3.0615462	Mazara-Belice
13.00190894	37.78020771	-4.9809494	Mazara-Belice
12.7897088	37.72276077	-3.8067657	Mazara-Belice
12.83888186	37.74460321	-4.9978333	Mazara-Belice
12.93612763	37.83082653	-10.4513076	Mazara-Belice
12.7705818	37.77707914	-8.5565882	Mazara-Belice
12.69040885	37.77496338	-9.8830889	Mazara-Belice
12.89216164	37.75537402	-5.0914944	Mazara-Belice
12.74720489	37.69034191	-1.9999854	Mazara-Belice
12.77879221	37.78558386	-9.1665659	Mazara-Belice
12.89376305	37.80471642	-9.1552522	Mazara-Belice
12.89909249	37.72831103	-2.7597683	Mazara-Belice
12.62543485	37.73485458	-7.9365163	Mazara-Belice
12.71902663	37.72365949	-5.2173753	Mazara-Belice
12.68694881	37.71032786	-4.6555314	Mazara-Belice
12.80242464	37.7028754	-2.0000454	Mazara-Belice
12.81827782	37.74541616	-5.3494571	Mazara-Belice
12.8089992	37.73533303	-4.6223175	Mazara-Belice
12.78962194	37.71996468	-3.5773328	Mazara-Belice
12.62285378	37.74206391	-8.5674502	Mazara-Belice
12.69161517	37.69385023	-3.2401907	Mazara-Belice
12.82656119	37.81041294	-10.603815	Mazara-Belice
13.05225222	37.79406524	-4.9783401	Mazara-Belice
12.89615154	37.82273571	-10.6036988	Mazara-Belice
12.87215149	37.72050321	-2.534115	Mazara-Belice
12.8402193	37.81290058	-10.6036319	Mazara-Belice
12.80339847	37.79581708	-9.717106	Mazara-Belice
12.62097651	37.74730678	-9.0263113	Mazara-Belice
12.70075663	37.75043216	-7.7107119	Mazara-Belice
12.97299861	37.7910032	-6.4738961	Mazara-Belice
12.86066593	37.74978768	-5.1127607	Mazara-Belice
13.03679007	37.83434987	-8.5311563	Mazara-Belice
12.75660513	37.79074421	-9.9206226	Mazara-Belice
12.67976814	37.70476247	-4.3660143	Mazara-Belice
12.77208168	37.76908582	-7.8755633	Mazara-Belice
12.6183364	37.75467919	-9.6715847	Mazara-Belice
12.93248805	37.80154507	-8.1769362	Mazara-Belice
12.69537802	37.68308173	-2.300054	Mazara-Belice
12.85157709	37.73948327	-4.4000404	Mazara-Belice
13.05398275	37.7793702	-3.7761826	Mazara-Belice
12.73643442	37.74535273	-6.6477991	Mazara-Belice
12.89443237	37.73315607	-3.2222979	Mazara-Belice
12.68374479	37.74177624	-7.2770866	Mazara-Belice
13.03388553	37.75131546	-1.9999932	Mazara-Belice
12.98273677	37.76342453	-4.0624036	Mazara-Belice
12.76611798	37.76971343	-8.0412614	Mazara-Belice
12.89427058	37.82228799	-10.603646	Mazara-Belice
12.62754594	37.76597833	-10.3753357	Mazara-Belice
12.94543655	37.78983552	-6.9779132	Mazara-Belice
12.72499807	37.70454056	-3.5611573	Mazara-Belice
12.99188358	37.82711181	-8.939105	Mazara-Belice
12.83463885	37.75734632	-6.1086924	Mazara-Belice
12.65371716	37.74331639	-8.0032808	Mazara-Belice
12.78506023	37.7192728	-3.6095965	Mazara-Belice
12.72535364	37.69419124	-2.7173409	Mazara-Belice
12.61554937	37.76246068	-10.3527071	Mazara-Belice
12.7194265	37.79035447	-10.6037295	Mazara-Belice
12.61452252	37.76532741	-10.603646	Mazara-Belice
12.65330392	37.66796974	-2	Mazara-Belice
12.83275209	37.80087389	-9.730593	Mazara-Belice
13.02872472	37.83236538	-8.5674524	Mazara-Belice
13.01377581	37.80594307	-6.7936209	Mazara-Belice
12.66828743	37.77941575	-10.603646	Mazara-Belice
12.84568846	37.7588768	-6.0828429	Mazara-Belice
12.63274263	37.74393033	-8.5035948	Mazara-Belice
12.677973	37.71739748	-5.4129021	Mazara-Belice
12.69488713	37.68811684	-2.7126741	Mazara-Belice
13.04096017	37.77469152	-3.7184893	Mazara-Belice
12.91306017	37.78985771	-7.6227115	Mazara-Belice
12.78875932	37.70326118	-2.2477979	Mazara-Belice
12.89947107	37.80770919	-9.3274514	Mazara-Belice
12.95495242	37.75227018	-3.7677242	Mazara-Belice
12.74079283	37.78351545	-9.642906	Mazara-Belice
12.74639631	37.74437126	-6.3789121	Mazara-Belice
13.01487885	37.83936234	-9.4523633	Mazara-Belice
12.68556983	37.69362919	-3.3528216	Mazara-Belice
13.00083014	37.83025546	-9.0088355	Mazara-Belice
12.95935539	37.77228278	-5.2759945	Mazara-Belice
12.84216681	37.78001473	-7.8776414	Mazara-Belice
12.65532449	37.70205231	-4.6756446	Mazara-Belice
12.67637289	37.69044955	-3.2969886	Mazara-Belice
12.75690933	37.71298584	-3.6464707	Mazara-Belice
12.7606837	37.76271161	-7.5816159	Mazara-Belice
12.82113915	37.72398235	-3.5324922	Mazara-Belice
12.74349429	37.7886656	-10.0060367	Mazara-Belice
12.79747112	37.73334933	-4.5951053	Mazara-Belice
12.66061005	37.75092559	-8.4623675	Mazara-Belice
12.89846619	37.82130135	-10.4425503	Mazara-Belice
12.97108983	37.73596606	-2.1245669	Mazara-Belice
12.81267344	37.7479153	-5.6256546	Mazara-Belice
12.77176051	37.79950282	-10.4096284	Mazara-Belice
12.84521169	37.76681996	-6.7455317	Mazara-Belice
13.00059187	37.80194159	-6.7415426	Mazara-Belice
12.692592	37.6785662	-2.0000474	Mazara-Belice
12.74215728	37.74762995	-6.7236523	Mazara-Belice
12.85882633	37.76489484	-6.3786377	Mazara-Belice
12.67209965	37.70396151	-4.4670508	Mazara-Belice
12.90434927	37.79402978	-8.1301051	Mazara-Belice
12.64351676	37.69599837	-4.4467174	Mazara-Belice
13.02202412	37.8286122	-8.4313159	Mazara-Belice
12.8159138	37.78589379	-8.7247356	Mazara-Belice
12.86225329	37.74358429	-4.5799021	Mazara-Belice
12.94114488	37.80655175	-8.4053472	Mazara-Belice
12.77217307	37.79131106	-9.7226389	Mazara-Belice
12.69533168	37.73245953	-6.328816	Mazara-Belice
12.8872472	37.77631864	-6.8904087	Mazara-Belice
12.66095077	37.70878937	-5.0921597	Mazara-Belice
12.82756183	37.80625617	-10.2465042	Mazara-Belice
12.7258065	37.78387522	-9.9610061	Mazara-Belice
12.6875642	37.75009055	-7.895287	Mazara-Belice
13.01523012	37.7729885	-4.1186353	Mazara-Belice
12.82515628	37.77633705	-7.8079104	Mazara-Belice
12.72148625	37.68464992	-1.9999761	Mazara-Belice
12.99178259	37.84782483	-10.6036822	Mazara-Belice
12.88298518	37.72833737	-3.0051365	Mazara-Belice
12.85219719	37.75380308	-5.5741404	Mazara-Belice
12.71422587	37.770247	-9.0739258	Mazara-Belice
12.99331175	37.84014917	-9.9561184	Mazara-Belice
12.91128203	37.7210825	-1.9999966	Mazara-Belice
12.72419432	37.75136043	-7.3611425	Mazara-Belice
12.63756157	37.71173641	-5.8306393	Mazara-Belice
12.9804469	37.83703149	-9.9814331	Mazara-Belice
12.66730245	37.70697254	-4.8105246	Mazara-Belice
12.79811107	37.71759827	-3.2766634	Mazara-Belice
12.96756881	37.76300442	-4.3577211	Mazara-Belice
12.75095449	37.72920751	-5.0686457	Mazara-Belice
12.92022013	37.74949935	-4.2333521	Mazara-Belice
12.81528141	37.80853204	-10.6036465	Mazara-Belice
12.66849255	37.75449633	-8.5775598	Mazara-Belice
12.68367626	37.77944856	-10.3582688	Mazara-Belice
12.89945279	37.77858678	-6.9164016	Mazara-Belice
12.88913448	37.82146614	-10.6036446	Mazara-Belice
12.95359489	37.7444773	-3.1677398	Mazara-Belice
12.79553012	37.80304941	-10.4212012	Mazara-Belice
12.78057463	37.73313044	-4.8130998	Mazara-Belice
12.71872737	37.73796707	-6.3797838	Mazara-Belice
12.68063148	37.67534136	-1.9999951	Mazara-Belice
12.79723129	37.76596268	-7.3125228	Mazara-Belice
12.91430038	37.7545122	-4.7267287	Mazara-Belice
12.84290236	37.74926936	-5.3277495	Mazara-Belice
13.03668622	37.793983	-5.344554	Mazara-Belice
12.7764073	37.71952487	-3.7969075	Mazara-Belice
12.95633088	37.73816487	-2.6058174	Mazara-Belice
12.80038045	37.77230625	-7.8030192	Mazara-Belice
12.6462148	37.77155712	-10.4190264	Mazara-Belice
12.94420067	37.76021101	-4.619633	Mazara-Belice
13.04331271	37.81663483	-6.9753274	Mazara-Belice
12.73538664	37.68762268	-2.0000059	Mazara-Belice
13.05413017	37.76969163	-3.0082398	Mazara-Belice
12.8357533	37.76537654	-6.7565339	Mazara-Belice
12.67310726	37.74057627	-7.3673161	Mazara-Belice
12.86818543	37.80143405	-9.2239512	Mazara-Belice
13.03718142	37.80426458	-6.1448782	Mazara-Belice
12.68565693	37.70648084	-4.376022	Mazara-Belice
12.7681576	37.71604517	-3.6756978	Mazara-Belice
12.78020758	37.79917734	-10.281458	Mazara-Belice
13.01927951	37.79070558	-5.4584866	Mazara-Belice
12.73708061	37.71431037	-4.1258194	Mazara-Belice
12.63097551	37.73518369	-7.8435341	Mazara-Belice
13.04515345	37.76018339	-2.4723047	Mazara-Belice
12.92639412	37.73216598	-2.7169729	Mazara-Belice
12.89330052	37.71999274	-2.1593159	Mazara-Belice
12.85416613	37.7815016	-7.8120808	Mazara-Belice
12.94266008	37.81839455	-9.3175342	Mazara-Belice
12.82652519	37.76653417	-6.9793612	Mazara-Belice
12.65510901	37.68683016	-3.4657566	Mazara-Belice
12.67885247	37.74741955	-7.817291	Mazara-Belice
12.76036386	37.78586306	-9.4544778	Mazara-Belice
12.83193413	37.74895116	-5.45266	Mazara-Belice
12.80870255	37.76024359	-6.6993123	Mazara-Belice
12.69932428	37.77081797	-9.3975506	Mazara-Belice
12.92839346	37.72655165	-2.2258382	Mazara-Belice
12.66523391	37.7667594	-9.626513	Mazara-Belice
12.99849888	37.81913421	-8.1632853	Mazara-Belice
12.70219194	37.68391748	-2.2510198	Mazara-Belice
13.06371031	37.76470928	-2.3853714	Mazara-Belice
12.78381409	37.75732725	-6.7541999	Mazara-Belice
12.65514141	37.69370506	-4.0135672	Mazara-Belice
12.84660976	37.80996823	-10.2628621	Mazara-Belice
12.94621778	37.79298232	-7.2126509	Mazara-Belice
12.75792153	37.79641457	-10.3524868	Mazara-Belice
12.78943646	37.70833314	-2.6434807	Mazara-Belice
12.903593	37.82457408	-10.6036133	Mazara-Belice
12.90404157	37.77390449	-6.467964	Mazara-Belice
12.90880297	37.72995847	-2.7673811	Mazara-Belice
12.91223993	37.73600738	-3.2224348	Mazara-Belice
12.96832124	37.81057954	-8.1375199	Mazara-Belice
12.90025292	37.7902704	-7.8731072	Mazara-Belice
12.68253732	37.719767	-5.5036156	Mazara-Belice
12.77499677	37.74682802	-6.0248923	Mazara-Belice
12.72470472	37.68753707	-2.1843516	Mazara-Belice
12.67739332	37.73961227	-7.2022906	Mazara-Belice
12.78827232	37.77953181	-8.5492989	Mazara-Belice
12.73874791	37.72480298	-4.9430836	Mazara-Belice
12.9996784	37.8073215	-7.1908666	Mazara-Belice
12.74401575	37.79620125	-10.603646	Mazara-Belice
12.98049975	37.73696204	-2.0000005	Mazara-Belice
12.98163973	37.78464875	-5.7796664	Mazara-Belice
12.90109512	37.7663431	-5.8810539	Mazara-Belice
12.70673969	37.78499831	-10.4062544	Mazara-Belice
12.69131346	37.69811598	-3.5873833	Mazara-Belice
13.00277856	37.76716516	-3.9227107	Mazara-Belice
12.83622033	37.79629434	-9.3046609	Mazara-Belice
12.83752208	37.73160998	-3.9436656	Mazara-Belice
13.02884162	37.80787561	-6.6298485	Mazara-Belice
12.7877413	37.71339293	-3.0839656	Mazara-Belice
12.80077664	37.80351313	-10.3890213	Mazara-Belice
12.95911856	37.80635078	-7.99947	Mazara-Belice
12.61818025	37.76631357	-10.603646	Mazara-Belice
12.74525646	37.72818421	-5.095699	Mazara-Belice
13.05183839	37.80524809	-5.8716411	Mazara-Belice
13.03994627	37.83866906	-8.7968811	Mazara-Belice
13.01632022	37.85079421	-10.3206724	Mazara-Belice
13.03341978	37.76949912	-3.468972	Mazara-Belice
12.7931191	37.71448502	-3.0771214	Mazara-Belice
12.7984931	37.7983107	-9.9906704	Mazara-Belice
12.74784467	37.72274767	-4.6079606	Mazara-Belice
12.68857849	37.70728862	-4.3803422	Mazara-Belice
12.9593822	37.73138361	-2.0000249	Mazara-Belice
12.8657208	37.71882821	-2.4986485	Mazara-Belice
13.00717936	37.81709325	-7.822918	Mazara-Belice
13.0210584	37.7857301	-5.0229269	Mazara-Belice
12.65424717	37.67388934	-2.4519156	Mazara-Belice
12.82895868	37.79473736	-9.2754595	Mazara-Belice
12.90408699	37.7505843	-4.5369524	Mazara-Belice
12.79709625	37.74712845	-5.7463973	Mazara-Belice
12.73351433	37.69135667	-2.3366595	Mazara-Belice
12.94370895	37.79849866	-7.7073336	Mazara-Belice
12.6739659	37.68070801	-2.5715598	Mazara-Belice
12.63698383	37.76965325	-10.4656299	Mazara-Belice
12.94970518	37.78858324	-6.7857939	Mazara-Belice
12.99107071	37.76404706	-3.9314702	Mazara-Belice
12.87198527	37.76054062	-5.8150836	Mazara-Belice
12.85063187	37.74594015	-4.9463098	Mazara-Belice
12.73061969	37.7480322	-6.9725163	Mazara-Belice
12.69403246	37.74548411	-7.4144649	Mazara-Belice
12.90822462	37.78792854	-7.5637757	Mazara-Belice
12.67371914	37.74732079	-7.8928747	Mazara-Belice
12.957616	37.79218605	-6.9017101	Mazara-Belice
13.03187254	37.75781305	-2.5623672	Mazara-Belice
13.03344448	37.85693195	-10.3957254	Mazara-Belice
12.99846079	37.74184518	-2.0001607	Mazara-Belice
12.94323085	37.81202013	-8.7966143	Mazara-Belice
12.7883334	37.75127422	-6.1963233	Mazara-Belice
13.04740853	37.81770014	-6.9614362	Mazara-Belice
12.92427335	37.8103201	-9.0460271	Mazara-Belice
12.89223483	37.73665848	-3.5414673	Mazara-Belice
12.81713272	37.78111319	-8.3130376	Mazara-Belice
12.81834741	37.76854665	-7.2582696	Mazara-Belice
12.85856404	37.71158175	-1.9999873	Mazara-Belice
12.70693944	37.76108429	-8.468461	Mazara-Belice
12.68112627	37.7553002	-8.4249436	Mazara-Belice
12.92462284	37.82663618	-10.3518145	Mazara-Belice
12.65258184	37.73807821	-7.6096222	Mazara-Belice
13.03867245	37.77112123	-3.491284	Mazara-Belice
13.01908958	37.75014727	-2.2079519	Mazara-Belice
12.92931281	37.72396971	-1.9999995	Mazara-Belice
12.66015802	37.68147445	-2.9298208	Mazara-Belice
12.88870375	37.73920045	-3.8044353	Mazara-Belice
12.67080076	37.76770107	-9.6052642	Mazara-Belice
12.75461138	37.79873694	-10.6036519	Mazara-Belice
12.76403729	37.79739296	-10.3261018	Mazara-Belice
12.99982454	37.81068222	-7.4570681	Mazara-Belice
12.90616107	37.7820015	-7.1102082	Mazara-Belice
12.67113578	37.75606012	-8.6481009	Mazara-Belice
12.94583658	37.75510426	-4.1764558	Mazara-Belice
12.65209388	37.77545367	-10.6036538	Mazara-Belice
12.87530414	37.80530729	-9.4489026	Mazara-Belice
12.96739481	37.81903926	-8.8327483	Mazara-Belice
12.7730388	37.77181286	-8.0887449	Mazara-Belice
12.68142986	37.72728309	-6.1297509	Mazara-Belice
12.89792476	37.8001291	-8.7202532	Mazara-Belice
12.80853385	37.78591227	-8.8280284	Mazara-Belice
13.03277551	37.79792716	-5.7497553	Mazara-Belice
12.72583477	37.7918485	-10.6037227	Mazara-Belice
12.87767347	37.79995026	-8.9738999	Mazara-Belice
12.960777	37.77893584	-5.7759569	Mazara-Belice
12.76809975	37.70351778	-2.6672137	Mazara-Belice
12.82174853	37.73526185	-4.4631001	Mazara-Belice
12.67146055	37.75211192	-8.3236805	Mazara-Belice
12.84544948	37.77528776	-7.4408809	Mazara-Belice
12.70309165	37.76856224	-9.1448692	Mazara-Belice
12.96996846	37.8259654	-9.3296385	Mazara-Belice
12.88209562	37.71935515	-2.283721	Mazara-Belice
12.81676979	37.7361637	-4.5986123	Mazara-Belice
12.78268904	37.7257131	-4.1744336	Mazara-Belice
13.01090248	37.85010057	-10.3960474	Mazara-Belice
12.82457996	37.70606014	-1.9999331	Mazara-Belice
13.05923954	37.78443715	-4.0505357	Mazara-Belice
12.79236173	37.71907281	-3.4677112	Mazara-Belice
12.91205933	37.77240171	-6.2372752	Mazara-Belice
12.88138049	37.76672701	-6.1742903	Mazara-Belice
12.90681732	37.78710754	-7.5242641	Mazara-Belice
12.98069674	37.84192001	-10.3657329	Mazara-Belice
12.98524126	37.81857892	-8.4052361	Mazara-Belice
12.82750822	37.71313295	-2.5544783	Mazara-Belice
13.00317817	37.79749083	-6.3305021	Mazara-Belice
12.88749059	37.75101587	-4.7924323	Mazara-Belice
13.02790252	37.80139653	-6.1405063	Mazara-Belice
12.82371274	37.72652606	-3.713752	Mazara-Belice
13.03528145	37.85177275	-9.9440332	Mazara-Belice
12.6854436	37.71605714	-5.1474849	Mazara-Belice
12.96541318	37.74331489	-2.8341514	Mazara-Belice
12.92018633	37.7672805	-5.6653196	Mazara-Belice
12.93197911	37.78457656	-6.8220746	Mazara-Belice
12.79519331	37.70435108	-2.2115579	Mazara-Belice
12.83885724	37.72618341	-3.4771726	Mazara-Belice
13.01937607	37.8211039	-7.8971165	Mazara-Belice
12.76464709	37.78989158	-9.6966795	Mazara-Belice
12.71176039	37.73109293	-5.9526826	Mazara-Belice
12.80804286	37.76915269	-7.4493057	Mazara-Belice
12.71317785	37.72646148	-5.5513484	Mazara-Belice
12.75245819	37.71690168	-4.0480227	Mazara-Belice
13.025095	37.76213741	-3.0472732	Mazara-Belice
13.02292171	37.80306962	-6.3772294	Mazara-Belice
13.00234235	37.84737028	-10.3524617	Mazara-Belice
13.00995868	37.78159132	-4.916148	Mazara-Belice
12.72853056	37.72106392	-4.8307744	Mazara-Belice
12.86595824	37.80995955	-9.9580484	Mazara-Belice
12.77682918	37.77754567	-8.5208667	Mazara-Belice
12.81056088	37.79627248	-9.6558987	Mazara-Belice
12.83320415	37.71601537	-2.7156485	Mazara-Belice
12.81367146	37.77469122	-7.8303197	Mazara-Belice
13.067571	37.761	-1.9999995	Mazara-Belice
12.64189866	37.72719145	-6.9706225	Mazara-Belice
12.95469757	37.76364478	-4.6875081	Mazara-Belice
12.90912947	37.80370885	-8.8150259	Mazara-Belice
12.7043797	37.74549709	-7.2490519	Mazara-Belice
13.00611778	37.79873767	-6.3708551	Mazara-Belice
12.83047142	37.72039472	-3.1149485	Mazara-Belice
12.98794797	37.74791033	-2.7117903	Mazara-Belice
12.99521113	37.80956498	-7.4678067	Mazara-Belice
13.03916825	37.82119252	-7.4346349	Mazara-Belice
12.96228705	37.73989247	-2.6266311	Mazara-Belice
12.6721417	37.72657688	-6.2709189	Mazara-Belice
12.90395053	37.80641406	-9.1358379	Mazara-Belice
12.95081751	37.80870461	-8.367232	Mazara-Belice
13.00572181	37.80352766	-6.7632872	Mazara-Belice
12.88467474	37.80512467	-9.3095108	Mazara-Belice
12.9144818	37.76903865	-5.9200691	Mazara-Belice
12.7994963	37.79341634	-9.5714397	Mazara-Belice
12.86659018	37.73866721	-4.1087381	Mazara-Belice
12.81285815	37.70437538	-2	Mazara-Belice
12.96341115	37.8277515	-9.6145161	Mazara-Belice
12.75694917	37.69258283	-2.0001548	Mazara-Belice
13.02197818	37.76800886	-3.5818506	Mazara-Belice
12.95647052	37.81647332	-8.8647073	Mazara-Belice
13.05393654	37.79934929	-5.3554221	Mazara-Belice
13.03784717	37.8445659	-9.3130999	Mazara-Belice
12.7672347	37.7868245	-9.4080017	Mazara-Belice
13.0430073	37.79068006	-4.9322965	Mazara-Belice
12.96042466	37.75366683	-3.767897	Mazara-Belice
12.70465925	37.72772275	-5.7912792	Mazara-Belice
12.75467492	37.70707458	-3.2132954	Mazara-Belice
12.67416455	37.75109233	-8.1928529	Mazara-Belice
12.91867427	37.79887619	-8.236636	Mazara-Belice
12.86717823	37.81795158	-10.6036382	Mazara-Belice
12.98679088	37.82409918	-8.8112285	Mazara-Belice
12.6734296	37.75815667	-8.782541	Mazara-Belice
12.96543745	37.83873961	-10.4474463	Mazara-Belice
12.81111414	37.75414583	-6.1629895	Mazara-Belice
12.97620197	37.80868232	-7.8151126	Mazara-Belice
12.68627193	37.78296	-10.603647	Mazara-Belice
12.86710626	37.81601394	-10.4440659	Mazara-Belice
12.69140352	37.6808465	-2.2074834	Mazara-Belice
13.01586865	37.85423902	-10.603541	Mazara-Belice
12.77923639	37.74905443	-6.1226151	Mazara-Belice
12.99424041	37.80208403	-6.8928774	Mazara-Belice
12.76659364	37.78444474	-9.2198936	Mazara-Belice
12.79599125	37.80531343	-10.603646	Mazara-Belice
12.92295928	37.74658138	-3.9457867	Mazara-Belice
12.82468082	37.73941051	-4.764823	Mazara-Belice
12.92448216	37.73753434	-3.1865703	Mazara-Belice
12.71536397	37.70630873	-3.8685742	Mazara-Belice
12.95153218	37.77253302	-5.4652075	Mazara-Belice
12.97368054	37.81622572	-8.4717105	Mazara-Belice
12.79264627	37.79697041	-9.9488577	Mazara-Belice
12.678672	37.73071916	-6.4606338	Mazara-Belice
12.72526047	37.75831309	-7.9035811	Mazara-Belice
12.66703748	37.71709592	-5.6240597	Mazara-Belice
13.00716254	37.78376834	-5.1490475	Mazara-Belice
12.71000585	37.73524119	-6.320303	Mazara-Belice
13.01309144	37.74844307	-2.2045816	Mazara-Belice
12.71373089	37.7186826	-4.9067417	Mazara-Belice
12.90223484	37.71963307	-2.0000352	Mazara-Belice
12.95227934	37.75914377	-4.3735205	Mazara-Belice
12.80431201	37.78315904	-8.6590708	Mazara-Belice
12.83342232	37.80936234	-10.421168	Mazara-Belice
12.79010837	37.77034372	-7.7624291	Mazara-Belice
12.87861248	37.73818597	-3.8802674	Mazara-Belice
12.70442184	37.71410557	-4.6821236	Mazara-Belice
12.64676906	37.69115186	-3.9900413	Mazara-Belice
12.77556619	37.73904155	-5.3862276	Mazara-Belice
13.01691581	37.75709456	-2.8095586	Mazara-Belice
13.01234295	37.83848781	-9.4361287	Mazara-Belice
13.02266218	37.81906984	-7.6625447	Mazara-Belice
12.85447246	37.75666804	-5.7735259	Mazara-Belice
13.02669993	37.85751981	-10.6036509	Mazara-Belice
12.7746146	37.72816072	-4.5275456	Mazara-Belice
12.74812074	37.69431156	-2.3038338	Mazara-Belice
12.76615151	37.74768578	-6.2647424	Mazara-Belice
12.66309567	37.75722851	-8.9120628	Mazara-Belice
12.65053234	37.72688875	-6.7606847	Mazara-Belice
12.66846759	37.7123252	-5.2125856	Mazara-Belice
12.96615317	37.79429328	-6.8848101	Mazara-Belice
12.86684554	37.72656842	-3.1142351	Mazara-Belice
12.94985031	37.78111732	-6.1873892	Mazara-Belice
12.88242062	37.81754136	-10.3676075	Mazara-Belice
12.85069957	37.76076297	-6.1686661	Mazara-Belice
12.8345446	37.77259801	-7.3696651	Mazara-Belice
12.64032288	37.70315184	-5.0862216	Mazara-Belice
12.7507166	37.7821398	-9.3404346	Mazara-Belice
12.77139885	37.69840801	-2.1917906	Mazara-Belice
12.9510847	37.79893191	-7.5816098	Mazara-Belice
12.86355571	37.76021393	-5.9209296	Mazara-Belice
12.88059098	37.76024218	-5.655133	Mazara-Belice
12.97902617	37.82858755	-9.3395218	Mazara-Belice
12.83886802	37.80864258	-10.276063	Mazara-Belice
12.95523543	37.76800208	-5.0238366	Mazara-Belice
13.04061037	37.76567158	-3.0145137	Mazara-Belice
12.91934505	37.78580011	-7.1714804	Mazara-Belice
12.69500098	37.73920956	-6.8859261	Mazara-Belice
12.66536223	37.74320696	-7.7440858	Mazara-Belice
12.76031662	37.74459189	-6.1279579	Mazara-Belice
13.04092429	37.78184218	-4.284111	Mazara-Belice
12.86297593	37.75463057	-5.4728157	Mazara-Belice
12.9533121	37.83042154	-10.0464243	Mazara-Belice
12.96034334	37.74795501	-3.3136248	Mazara-Belice
12.94625374	37.77698113	-5.9277501	Mazara-Belice
12.71369586	37.74283368	-6.8668829	Mazara-Belice
12.70198679	37.68080436	-2.0000025	Mazara-Belice
12.93578703	37.73622393	-2.8578638	Mazara-Belice
12.93754118	37.75731784	-4.5192555	Mazara-Belice
12.8702097	37.78494801	-7.8419092	Mazara-Belice
12.76602823	37.73970284	-5.6236142	Mazara-Belice
12.81511684	37.7914295	-9.1930032	Mazara-Belice
12.65134338	37.73301553	-7.2322042	Mazara-Belice
12.93788143	37.82434648	-9.8961341	Mazara-Belice
12.66067379	37.72863456	-6.6818163	Mazara-Belice
12.71299902	37.75667937	-7.999475	Mazara-Belice
12.69897026	37.78341419	-10.4225952	Mazara-Belice
12.70901492	37.68791302	-2.4675972	Mazara-Belice
12.85302762	37.7699989	-6.8879429	Mazara-Belice
12.76155442	37.73273317	-5.1481734	Mazara-Belice
12.8657226	37.71425186	-2.1225191	Mazara-Belice
12.66935317	37.67229946	-1.9999995	Mazara-Belice
12.80347114	37.77842346	-8.2759876	Mazara-Belice
13.04943411	37.81200676	-6.4631412	Mazara-Belice
12.69134632	37.71314744	-4.8145562	Mazara-Belice
12.85751806	37.80400331	-9.6025901	Mazara-Belice
12.75966147	37.77299356	-8.4303299	Mazara-Belice
12.7331926	37.76156343	-8.0191321	Mazara-Belice
13.00646681	37.78863347	-5.5525358	Mazara-Belice
12.92032173	37.7934019	-7.7635453	Mazara-Belice
12.81756709	37.74959403	-5.7045193	Mazara-Belice
12.78596551	37.73020852	-4.4735343	Mazara-Belice
12.78110472	37.79222923	-9.6921975	Mazara-Belice
13.06489119	37.76853972	-2.6596131	Mazara-Belice
12.76832075	37.77961207	-8.7968689	Mazara-Belice
12.70693906	37.72265283	-5.3401654	Mazara-Belice
12.76305433	37.75577269	-6.9764478	Mazara-Belice
12.69633562	37.70097238	-3.7390503	Mazara-Belice
13.01352202	37.75565717	-2.7698755	Mazara-Belice
12.94149146	37.77160641	-5.5898565	Mazara-Belice
12.90699799	37.81919501	-10.1032029	Mazara-Belice
12.92158893	37.7268213	-2.3383213	Mazara-Belice
12.8281653	37.75966779	-6.389653	Mazara-Belice
12.69510588	37.77115282	-9.4961177	Mazara-Belice
12.96054205	37.83936538	-10.6036905	Mazara-Belice
12.67623043	37.73360301	-6.7435324	Mazara-Belice
12.82699585	37.77208693	-7.4315	Mazara-Belice
13.02313771	37.77747262	-4.3178253	Mazara-Belice
13.02501479	37.79681773	-5.8327863	Mazara-Belice
13.03081783	37.82572345	-7.9924883	Mazara-Belice
12.71786767	37.68680981	-2.2348103	Mazara-Belice
12.68993284	37.71914911	-5.3278618	Mazara-Belice
12.69118061	37.68993381	-2.9370515	Mazara-Belice
12.82457387	37.78865457	-8.8333977	Mazara-Belice
12.94614425	37.74984751	-3.7476189	Mazara-Belice
12.68913038	37.72603287	-5.9034789	Mazara-Belice
12.67517003	37.74326598	-7.5379117	Mazara-Belice
12.86187397	37.73145431	-3.5929468	Mazara-Belice
12.939443	37.72645726	-1.99996	Mazara-Belice
12.88551876	37.79896591	-8.788367	Mazara-Belice
12.77002921	37.76089053	-7.2544431	Mazara-Belice
12.99335744	37.82063778	-8.390513	Mazara-Belice
12.66827209	37.74786757	-8.0534971	Mazara-Belice
13.00679394	37.83472269	-9.2463125	Mazara-Belice
12.82613643	37.7321675	-4.1466255	Mazara-Belice
12.72056701	37.70747208	-3.8798972	Mazara-Belice
12.91765107	37.75671049	-4.8643037	Mazara-Belice
12.8470984	37.70966761	-1.9999898	Mazara-Belice
12.70108536	37.75961825	-8.4568069	Mazara-Belice
12.82513258	37.7510334	-5.7183889	Mazara-Belice
12.70790045	37.7430317	-6.9904615	Mazara-Belice
13.01262289	37.77152462	-4.0540074	Mazara-Belice
12.91747157	37.74776539	-4.1262669	Mazara-Belice
13.00290258	37.75435554	-2.8994102	Mazara-Belice
12.94591017	37.80378737	-8.0812365	Mazara-Belice
13.05987464	37.77493951	-3.28517	Mazara-Belice
12.92554356	37.82999323	-10.6036656	Mazara-Belice
12.79884758	37.72399013	-3.7997991	Mazara-Belice
12.64518024	37.74832409	-8.5866629	Mazara-Belice
12.62091868	37.76217932	-10.2146905	Mazara-Belice
13.01147164	37.84602607	-10.0592303	Mazara-Belice
12.81881693	37.76283302	-6.7799512	Mazara-Belice
12.93399172	37.82156593	-9.7578987	Mazara-Belice
13.04944275	37.75550326	-2.0000005	Mazara-Belice
12.91397403	37.82713718	-10.603646	Mazara-Belice
12.85916354	37.73729293	-4.1137068	Mazara-Belice
12.89246358	37.78723478	-7.7250099	Mazara-Belice
13.02903867	37.84212547	-9.331138	Mazara-Belice
12.7337818	37.76586406	-8.3552696	Mazara-Belice
13.02546105	37.80787564	-6.7106447	Mazara-Belice
12.75138077	37.76670955	-8.0834911	Mazara-Belice
12.77052781	37.78227412	-8.9895689	Mazara-Belice
13.00599708	37.80939345	-7.2286978	Mazara-Belice
12.99117254	37.78412612	-5.5292253	Mazara-Belice
12.78179658	37.74188526	-5.4952291	Mazara-Belice
12.6978015	37.67995969	-1.999481	Mazara-Belice
12.96875722	37.83283255	-9.9036341	Mazara-Belice
12.70681352	37.7052726	-3.9217046	Mazara-Belice
12.96566464	37.74944336	-3.3172217	Mazara-Belice
12.89225204	37.74550762	-4.273443	Mazara-Belice
12.98638281	37.79105101	-6.1862219	Mazara-Belice
12.87865726	37.79235384	-8.3318511	Mazara-Belice
12.98115653	37.79353081	-6.4987298	Mazara-Belice
12.92506392	37.7421525	-3.5479178	Mazara-Belice
12.77971886	37.76423612	-7.3783086	Mazara-Belice
13.04065421	37.76072302	-2.6175894	Mazara-Belice
12.82085859	37.75578134	-6.1693786	Mazara-Belice
13.01329124	37.7849473	-5.1178311	Mazara-Belice
12.89009286	37.72472649	-2.5973648	Mazara-Belice
12.88371044	37.78868557	-7.9611768	Mazara-Belice
12.64849239	37.68353786	-3.3454964	Mazara-Belice
13.00987319	37.77763017	-4.6003822	Mazara-Belice
13.02853014	37.79294621	-5.4505716	Mazara-Belice
12.969444	37.7707907	-4.9382346	Mazara-Belice
12.82818934	37.70870837	-2.1778965	Mazara-Belice
12.83486452	37.70762406	-2.0000909	Mazara-Belice
13.02421787	37.74886717	-1.9999077	Mazara-Belice
12.88010843	37.77685749	-7.0292987	Mazara-Belice
12.65430167	37.76901973	-10.0425266	Mazara-Belice
12.89924462	37.81554258	-9.9636978	Mazara-Belice
13.00107778	37.78793413	-5.6149092	Mazara-Belice
12.70544892	37.75026867	-7.6212992	Mazara-Belice
12.68669981	37.68570873	-2.6965889	Mazara-Belice
12.85817859	37.71371032	-2.1810005	Mazara-Belice
12.74228391	37.75372584	-7.2123842	Mazara-Belice
12.72069609	37.70171079	-3.4072845	Mazara-Belice
12.8695789	37.79466851	-8.6480349	Mazara-Belice
12.95321212	37.73361308	-2.3017813	Mazara-Belice
12.70132755	37.77839722	-9.9731721	Mazara-Belice
12.88338702	37.73450611	-3.5038684	Mazara-Belice
12.89111762	37.75016664	-4.6742898	Mazara-Belice
12.64784478	37.76579391	-9.9238689	Mazara-Belice
12.73500044	37.73192345	-5.5886197	Mazara-Belice
12.66393835	37.72300556	-6.1623487	Mazara-Belice
12.65317292	37.75225025	-8.7280962	Mazara-Belice
12.92000373	37.75755051	-4.8866061	Mazara-Belice
12.96488905	37.78911465	-6.4989931	Mazara-Belice
12.87436482	37.81778178	-10.494314	Mazara-Belice
12.95065788	37.8366818	-10.603645	Mazara-Belice
12.80245397	37.75368843	-6.2283116	Mazara-Belice
12.64814873	37.70502116	-5.0669535	Mazara-Belice
13.01507211	37.77884378	-4.5918565	Mazara-Belice
13.04261789	37.75352656	-2.0000655	Mazara-Belice
12.78111232	37.74982607	-6.1617654	Mazara-Belice
12.63801998	37.75178404	-9.0169012	Mazara-Belice
12.85166314	37.79984842	-9.3543255	Mazara-Belice
12.95577916	37.83574813	-10.4181592	Mazara-Belice
13.01086561	37.76269506	-3.3888889	Mazara-Belice
12.96648448	37.73623737	-2.2465606	Mazara-Belice
12.938748	37.78043492	-6.3544516	Mazara-Belice
12.71538723	37.78447255	-10.2029331	Mazara-Belice
12.79707905	37.70210713	-1.9999995	Mazara-Belice
12.75636241	37.75713041	-7.2150644	Mazara-Belice
13.0207878	37.74799746	-1.9999995	Mazara-Belice
13.01021677	37.76907647	-3.9116231	Mazara-Belice
12.85110391	37.81499105	-10.6036519	Mazara-Belice
12.85556827	37.74244846	-4.5903164	Mazara-Belice
12.69422701	37.7784111	-10.1039954	Mazara-Belice
12.66328615	37.77197627	-10.0849859	Mazara-Belice
12.84879832	37.72870581	-3.5484322	Mazara-Belice
12.83427524	37.78881395	-8.7128819	Mazara-Belice
12.66228122	37.67386042	-2.2767058	Mazara-Belice
12.99409084	37.84520071	-10.346012	Mazara-Belice
12.69657691	37.77469387	-9.76148	Mazara-Belice
12.73874007	37.70360461	-3.2294932	Mazara-Belice
12.99217216	37.8326829	-9.3794114	Mazara-Belice
13.02747663	37.77296922	-3.868126	Mazara-Belice
12.82236718	37.79679596	-9.536346	Mazara-Belice
13.05389944	37.76243406	-2.4406004	Mazara-Belice
13.00974991	37.85238433	-10.603646	Mazara-Belice
12.91634327	37.76190129	-5.3097362	Mazara-Belice
12.98527813	37.8312544	-9.4148367	Mazara-Belice
12.95182565	37.76750911	-5.0555408	Mazara-Belice
12.75958662	37.71970516	-4.1361353	Mazara-Belice
12.63229488	37.72432925	-6.9488889	Mazara-Belice
12.84660334	37.77912977	-7.7369016	Mazara-Belice
12.93915042	37.8005572	-7.9654447	Mazara-Belice
12.87346406	37.74240129	-4.3064052	Mazara-Belice
12.86329099	37.80812071	-9.8489915	Mazara-Belice
12.69344455	37.70872825	-4.419519	Mazara-Belice
12.98820494	37.76958184	-4.4352105	Mazara-Belice
12.98679291	37.84083005	-10.1445432	Mazara-Belice
12.7975706	37.71092732	-2.7278033	Mazara-Belice
12.82001998	37.73955923	-4.8417176	Mazara-Belice
12.87204949	37.77385002	-6.9041136	Mazara-Belice
12.84549606	37.80311519	-9.7189632	Mazara-Belice
12.80207363	37.75966839	-6.7306555	Mazara-Belice
13.01687252	37.83352473	-8.9431971	Mazara-Belice
13.01469496	37.79436188	-5.8452326	Mazara-Belice
13.02195317	37.83660576	-9.0646038	Mazara-Belice
13.041812	37.83342718	-8.3380199	Mazara-Belice
13.05333635	37.78670555	-4.3710439	Mazara-Belice
12.78885566	37.73236977	-4.6162088	Mazara-Belice
12.63756634	37.76438365	-10.0324229	Mazara-Belice
12.93088387	37.74123158	-3.3579876	Mazara-Belice
12.7403962	37.76808684	-8.4065779	Mazara-Belice
13.04865298	37.80494639	-5.9240692	Mazara-Belice
12.89697304	37.81471228	-9.9404283	Mazara-Belice
12.66342707	37.70128895	-4.4403887	Mazara-Belice
12.77786006	37.75594669	-6.7104846	Mazara-Belice
12.89170138	37.74081901	-3.892594	Mazara-Belice
12.71595449	37.73318302	-6.0447261	Mazara-Belice
12.66036798	37.66987562	-1.9999995	Mazara-Belice
13.04950748	37.77441498	-3.491971	Mazara-Belice
12.68472792	37.73452263	-6.6684133	Mazara-Belice
12.73044571	37.77757455	-9.3640115	Mazara-Belice
12.64421876	37.71338868	-5.8192128	Mazara-Belice
12.81495764	37.75343633	-6.0573242	Mazara-Belice
12.96120354	37.78451066	-6.2115303	Mazara-Belice
12.63423763	37.77064194	-10.6036465	Mazara-Belice
12.88325977	37.77063795	-6.4729879	Mazara-Belice
12.73778462	37.75042912	-7.0332602	Mazara-Belice
12.87610187	37.81938019	-10.6036475	Mazara-Belice
12.89190944	37.73227996	-3.1872874	Mazara-Belice
12.94613644	37.78484142	-6.5625667	Mazara-Belice
12.78216128	37.74390247	-5.6565498	Mazara-Belice
12.79317554	37.71000673	-2.7062376	Mazara-Belice
12.77458609	37.76700808	-7.6701387	Mazara-Belice
12.97126103	37.83922488	-10.358083	Mazara-Belice
13.00712031	37.74422897	-1.9999971	Mazara-Belice
12.83951762	37.79267034	-8.9579278	Mazara-Belice
12.76094379	37.80025219	-10.603646	Mazara-Belice
13.03259887	37.85930673	-10.603646	Mazara-Belice
12.86972553	37.73366265	-3.6496765	Mazara-Belice
12.63051271	37.76101585	-9.9153548	Mazara-Belice
12.98857721	37.81411244	-7.9759431	Mazara-Belice
13.03319578	37.84903437	-9.7775618	Mazara-Belice
12.82883625	37.72640656	-3.6338455	Mazara-Belice
12.66083648	37.7778097	-10.6035332	Mazara-Belice
12.91179368	37.74053272	-3.6028745	Mazara-Belice
13.03666158	37.77677527	-3.9860174	Mazara-Belice
12.68045439	37.73228916	-6.5543217	Mazara-Belice
13.03185242	37.79029504	-5.1690174	Mazara-Belice
12.94633014	37.76502187	-4.9642118	Mazara-Belice
12.72198007	37.78028853	-9.741991	Mazara-Belice
12.89561561	37.72716981	-2.7114253	Mazara-Belice
12.92175374	37.75158826	-4.3724495	Mazara-Belice
12.90117323	37.7607826	-5.4197273	Mazara-Belice
12.95251124	37.77712874	-5.8114232	Mazara-Belice
12.85669862	37.73323425	-3.8135015	Mazara-Belice
13.02842047	37.7884404	-5.0910558	Mazara-Belice
12.72828071	37.68599582	-2.0001529	Mazara-Belice
12.87030216	37.76776269	-6.4330262	Mazara-Belice
12.90179209	37.73401321	-3.1959073	Mazara-Belice
12.78342528	37.80350885	-10.603646	Mazara-Belice
12.81090889	37.72316121	-3.5865247	Mazara-Belice
12.92061416	37.73377195	-2.9264619	Mazara-Belice
12.96298499	37.73396729	-2.1363394	Mazara-Belice
12.76788888	37.72383564	-4.3087571	Mazara-Belice
12.86192759	37.71775805	-2.4635367	Mazara-Belice
12.86066114	37.78525824	-8.0176237	Mazara-Belice
12.63264621	37.75546086	-9.4260227	Mazara-Belice
12.86144056	37.72769191	-3.2906453	Mazara-Belice
12.74086909	37.77705589	-9.1205611	Mazara-Belice
12.97644884	37.84373454	-10.603647	Mazara-Belice
13.0151357	37.82494374	-8.2918025	Mazara-Belice
12.86037017	37.77449134	-7.1402686	Mazara-Belice
12.7061222	37.73896961	-6.6873249	Mazara-Belice
12.6939976	37.69212668	-3.0539441	Mazara-Belice
12.83345862	37.71016185	-2.2292625	Mazara-Belice
12.84527558	37.7352087	-4.13394	Mazara-Belice
12.79491897	37.77489152	-8.0834937	Mazara-Belice
13.03045246	37.78372019	-4.6708312	Mazara-Belice
12.85721903	37.72446935	-3.0827061	Mazara-Belice
12.87262514	37.79528684	-8.6544446	Mazara-Belice
12.66314005	37.77840109	-10.603646	Mazara-Belice
12.93715842	37.81368434	-9.0606729	Mazara-Belice
12.93804766	37.83325697	-10.6036509	Mazara-Belice
12.80518272	37.71711236	-3.1516319	Mazara-Belice
12.78893613	37.74621934	-5.7683914	Mazara-Belice
13.01581067	37.81492089	-7.473044	Mazara-Belice
12.70336979	37.75798533	-8.2843784	Mazara-Belice
12.78911051	37.72697278	-4.1641751	Mazara-Belice
12.70034738	37.690977	-2.8577129	Mazara-Belice
12.98492478	37.84607263	-10.6031587	Mazara-Belice
13.02185895	37.84748106	-9.9261924	Mazara-Belice
12.69414237	37.78454167	-10.6037115	Mazara-Belice
12.74546853	37.73337544	-5.5106444	Mazara-Belice
12.86039734	37.81677589	-10.6036089	Mazara-Belice
12.93708043	37.75092536	-4.0143518	Mazara-Belice
12.8245955	37.74570185	-5.2855309	Mazara-Belice
12.88860565	37.79374775	-8.3153905	Mazara-Belice
12.69998025	37.70697106	-4.1706284	Mazara-Belice
13.06124979	37.77878315	-3.555826	Mazara-Belice
12.9773824	37.75791409	-3.7388777	Mazara-Belice
12.6669781	37.76179137	-9.1924468	Mazara-Belice
13.04832839	37.79863096	-5.4329442	Mazara-Belice
12.69735611	37.68557534	-2.4637383	Mazara-Belice
12.7113126	37.78848991	-10.6036421	Mazara-Belice
12.88848264	37.74470856	-4.2587923	Mazara-Belice
12.7262683	37.73737105	-6.191364	Mazara-Belice
12.86873737	37.71332185	-2.0000386	Mazara-Belice
12.98818004	37.83522038	-9.6668291	Mazara-Belice
13.04367762	37.82818506	-7.8791584	Mazara-Belice
13.03434452	37.78328957	-4.5560014	Mazara-Belice
12.73209726	37.79072786	-10.3924136	Mazara-Belice
12.90483203	37.75617957	-4.9902146	Mazara-Belice
12.79673724	37.78555376	-8.9495096	Mazara-Belice
12.84069651	37.7209872	-3.0227996	Mazara-Belice
12.91408625	37.77363137	-6.2975354	Mazara-Belice
12.73335434	37.78395898	-9.8222527	Mazara-Belice
12.92620455	37.82090044	-9.8588811	Mazara-Belice
13.00245345	37.85052572	-10.6036348	Mazara-Belice
12.99379076	37.77076528	-4.4070009	Mazara-Belice
13.06140942	37.7696573	-2.8312378	Mazara-Belice
12.69867194	37.72185629	-5.4082985	Mazara-Belice
12.8699149	37.80172368	-9.2232505	Mazara-Belice
12.82106939	37.73189559	-4.1925542	Mazara-Belice
12.94190106	37.74410292	-3.3699773	Mazara-Belice
12.9324294	37.72856006	-2.3086756	Mazara-Belice
12.92823179	37.73144379	-2.6238741	Mazara-Belice
12.70125221	37.69713265	-3.3461328	Mazara-Belice
12.95513901	37.78625221	-6.4819553	Mazara-Belice
13.04337858	37.75788608	-2.3333863	Mazara-Belice
13.02636898	37.75108703	-2.1343745	Mazara-Belice
12.84844	37.79413507	-8.9370122	Mazara-Belice
12.92556972	37.76299981	-5.2140467	Mazara-Belice
12.63605589	37.71916117	-6.4555239	Mazara-Belice
12.8566424	37.79616327	-8.9741077	Mazara-Belice
12.80831198	37.72966821	-4.1590928	Mazara-Belice
12.91017109	37.76984758	-6.050885	Mazara-Belice
12.92654977	37.80471888	-8.5502	Mazara-Belice
12.67154945	37.77654762	-10.3164739	Mazara-Belice
13.05733249	37.75789576	-2	Mazara-Belice
13.064672	37.7601211	-1.9999995	Mazara-Belice
12.71405052	37.74954499	-7.4030005	Mazara-Belice
12.91747767	37.82418163	-10.2962476	Mazara-Belice
12.67851881	37.78143223	-10.6036504	Mazara-Belice
12.78699024	37.80153075	-10.3962617	Mazara-Belice
13.00551051	37.79370735	-5.9788491	Mazara-Belice
12.84259626	37.78447262	-8.2380573	Mazara-Belice
12.92082099	37.74038622	-3.4711341	Mazara-Belice
12.9084967	37.78239686	-7.1120177	Mazara-Belice
12.7876396	37.78805245	-9.266273	Mazara-Belice
12.98692668	37.84427001	-10.4164488	Mazara-Belice
12.73032023	37.74270577	-6.5473864	Mazara-Belice
12.91141675	37.76277711	-5.4490769	Mazara-Belice
12.99642251	37.76093666	-3.5662256	Mazara-Belice
12.90830508	37.81279365	-9.5622205	Mazara-Belice
12.68460727	37.71473739	-5.0578264	Mazara-Belice
12.75659213	37.72580436	-4.6855088	Mazara-Belice
12.92980942	37.75778725	-4.7105589	Mazara-Belice
12.83277204	37.81146955	-10.6039073	Mazara-Belice
12.71056939	37.7389913	-6.6144315	Mazara-Belice
12.71542891	37.72158967	-5.1165799	Mazara-Belice
12.91845022	37.8165234	-9.6607771	Mazara-Belice
12.86933471	37.77895297	-7.3647561	Mazara-Belice
12.91381414	37.77859283	-6.7018908	Mazara-Belice
12.66705954	37.69390053	-3.7727097	Mazara-Belice
12.82699681	37.78168941	-8.2246507	Mazara-Belice
12.84444887	37.71384973	-2.3817681	Mazara-Belice
12.77764897	37.70747659	-2.8019434	Mazara-Belice
12.67218251	37.67502859	-2.1568365	Mazara-Belice
12.74218277	37.7399596	-6.1047546	Mazara-Belice
12.74456461	37.79402379	-10.4174532	Mazara-Belice
13.04073814	37.82817915	-7.9490628	Mazara-Belice
12.66679577	37.6780524	-2.5139781	Mazara-Belice
12.75349128	37.73767632	-5.7022476	Mazara-Belice
12.72771607	37.68871931	-2.2314356	Mazara-Belice
12.98946479	37.83828998	-9.8845437	Mazara-Belice
12.75728644	37.7011653	-2.6866409	Mazara-Belice
12.86368301	37.79226921	-8.5444053	Mazara-Belice
12.92975392	37.79057006	-7.3483763	Mazara-Belice
12.78501573	37.73920205	-5.230829	Mazara-Belice
13.00659931	37.74550279	-2.1129224	Mazara-Belice
12.97591613	37.803369	-7.3975999	Mazara-Belice
12.98364917	37.80130362	-7.0634897	Mazara-Belice
12.79752216	37.7053525	-2.2643406	Mazara-Belice
12.96117915	37.82248866	-9.2427559	Mazara-Belice
12.92687216	37.73650265	-3.0576502	Mazara-Belice
12.69173784	37.78403579	-10.6038291	Mazara-Belice
12.93062396	37.74795251	-3.9035174	Mazara-Belice
12.93079577	37.83129268	-10.6039742	Mazara-Belice
12.93331393	37.80862824	-8.7303242	Mazara-Belice
12.77343714	37.80207401	-10.603647	Mazara-Belice
12.81013951	37.77934195	-8.2632392	Mazara-Belice
12.93821397	37.8078128	-8.5675127	Mazara-Belice
13.05680668	37.79127894	-4.6492061	Mazara-Belice
12.87793236	37.77337146	-6.7720492	Mazara-Belice
12.76932525	37.73560856	-5.2299523	Mazara-Belice
12.68293596	37.72230938	-5.6990225	Mazara-Belice
12.77650509	37.69725114	-2	Mazara-Belice
13.01695357	37.74694001	-2.0000562	Mazara-Belice
12.97085622	37.78485589	-6.029817	Mazara-Belice
12.68611357	37.70078151	-3.9118577	Mazara-Belice
13.02917384	37.81867239	-7.4748937	Mazara-Belice
12.89811217	37.72139985	-2.2005616	Mazara-Belice
12.64273161	37.77293104	-10.603646	Mazara-Belice
12.70791966	37.74697401	-7.3092734	Mazara-Belice
12.76903254	37.70989661	-3.1632849	Mazara-Belice
12.71938316	37.71801974	-4.7552237	Mazara-Belice
13.02051994	37.82344593	-8.0595237	Mazara-Belice
13.0062894	37.84301532	-9.9225042	Mazara-Belice
13.01183701	37.78961921	-5.5225772	Mazara-Belice
12.83108513	37.70699427	-1.9999995	Mazara-Belice
12.7971404	37.79039892	-9.348107	Mazara-Belice
12.69669991	37.76175121	-8.7014405	Mazara-Belice
12.92208086	37.77427061	-6.1897799	Mazara-Belice
12.9960424	37.8257454	-8.7439834	Mazara-Belice
12.76211335	37.70809478	-3.1516038	Mazara-Belice
12.96790395	37.80273166	-7.5202122	Mazara-Belice
12.86858935	37.80624685	-9.615315	Mazara-Belice
12.74988961	37.71268833	-3.7567488	Mazara-Belice
12.96661093	37.84102382	-10.6036509	Mazara-Belice
12.83776954	37.78384528	-8.2541669	Mazara-Belice
12.62673583	37.76861994	-10.6036455	Mazara-Belice
12.91232182	37.72356666	-2.1917886	Mazara-Belice
12.72702831	37.76477826	-8.3936111	Mazara-Belice
12.87163712	37.74872939	-4.8533194	Mazara-Belice
12.70110719	37.76373989	-8.7919756	Mazara-Belice
12.65611442	37.72116442	-6.1837476	Mazara-Belice
12.90646375	37.79391686	-8.0804401	Mazara-Belice
12.89118817	37.81716027	-10.2198443	Mazara-Belice
13.04554313	37.82294271	-7.4202971	Mazara-Belice
12.93156801	37.72450956	-2.0001885	Mazara-Belice
13.06672631	37.7633767	-2.2079212	Mazara-Belice
12.71783939	37.71446357	-4.4953214	Mazara-Belice
12.78490195	37.69926234	-1.9999995	Mazara-Belice
12.6475007	37.72018953	-6.2912928	Mazara-Belice
12.7263863	37.71260713	-4.1869456	Mazara-Belice
12.94492001	37.73100695	-2.2569715	Mazara-Belice
12.97502059	37.79660635	-6.8772102	Mazara-Belice
12.96322128	37.75712974	-3.9833174	Mazara-Belice
12.84988954	37.751899	-5.4486335	Mazara-Belice
12.71638449	37.69379334	-2.8294141	Mazara-Belice
12.94588319	37.82500443	-9.7750962	Mazara-Belice
12.66112196	37.73593075	-7.2545042	Mazara-Belice
12.67599485	37.69845382	-3.9437715	Mazara-Belice
12.97600756	37.78121764	-5.6278723	Mazara-Belice
12.69381591	37.78222108	-10.4216885	Mazara-Belice
12.88356742	37.78331968	-7.5187096	Mazara-Belice
13.000167	37.83658173	-9.5303196	Mazara-Belice
12.86400994	37.81475298	-10.3810445	Mazara-Belice
12.95743543	37.76048833	-4.376882	Mazara-Belice
12.94638286	37.73757401	-2.7559558	Mazara-Belice
12.91410313	37.76666643	-5.7353673	Mazara-Belice
12.93178615	37.82870551	-10.3760132	Mazara-Belice
13.03700184	37.84258024	-9.1764273	Mazara-Belice
13.06302684	37.77378447	-3.1184742	Mazara-Belice
12.97567486	37.82186178	-8.8771907	Mazara-Belice
12.89065055	37.81192009	-9.7930227	Mazara-Belice
12.93713694	37.76370385	-5.0408524	Mazara-Belice
12.8792197	37.8111835	-9.8835391	Mazara-Belice
12.694618	37.75578097	-8.2467864	Mazara-Belice
12.81691665	37.80072736	-9.9363042	Mazara-Belice
12.86605893	37.7128317	-2.0001548	Mazara-Belice
12.70080905	37.78607509	-10.6036407	Mazara-Belice
12.7106249	37.68250806	-1.9999991	Mazara-Belice
12.81133112	37.71203132	-2.6552993	Mazara-Belice
12.79605629	37.70193351	-1.9999995	Mazara-Belice
12.71271433	37.77743511	-9.6833999	Mazara-Belice
12.69831728	37.76673896	-9.0835913	Mazara-Belice
12.87092969	37.71553897	-2.1469746	Mazara-Belice
12.67240551	37.7449134	-7.728274	Mazara-Belice
12.72951034	37.76976956	-8.7513675	Mazara-Belice
12.9401987	37.79346305	-7.3738465	Mazara-Belice
12.74716125	37.70550976	-3.2269229	Mazara-Belice
12.64061978	37.73494316	-7.6167923	Mazara-Belice
12.77898564	37.70029483	-2.1973907	Mazara-Belice
12.66857853	37.76320693	-9.2737229	Mazara-Belice
12.74038416	37.76181409	-7.9011552	Mazara-Belice
13.04473346	37.75407505	-1.9999995	Mazara-Belice
13.00100604	37.81409884	-7.7079733	Mazara-Belice
12.77595803	37.76127191	-7.1765274	Mazara-Belice
12.84429518	37.79753036	-9.2804004	Mazara-Belice
13.03660407	37.76549255	-3.0827642	Mazara-Belice
12.75848237	37.75155976	-6.72506	Mazara-Belice
12.82097857	37.7096083	-2.3383089	Mazara-Belice
12.68955655	37.70303379	-4.0175	Mazara-Belice
12.86364017	37.72390287	-2.946635	Mazara-Belice
12.76298054	37.77906203	-8.8555835	Mazara-Belice
12.8346564	37.8050493	-10.048187	Mazara-Belice
12.88387015	37.75208751	-4.9357586	Mazara-Belice
12.75258574	37.70036858	-2.7105205	Mazara-Belice
12.67954006	37.72477608	-5.9678752	Mazara-Belice
12.93841859	37.78856657	-7.0150786	Mazara-Belice
12.77032562	37.77400088	-8.3057504	Mazara-Belice
12.90202715	37.80054197	-8.7001092	Mazara-Belice
12.74732609	37.7596748	-7.5946001	Mazara-Belice
12.67683136	37.76283657	-9.1103223	Mazara-Belice
12.90646439	37.79885755	-8.4780235	Mazara-Belice
13.0145936	37.8435409	-9.789284	Mazara-Belice
12.697805	37.68147129	-2.1218667	Mazara-Belice
12.77752155	37.71337821	-3.2800169	Mazara-Belice
12.63273393	37.73041364	-7.4250021	Mazara-Belice
12.77676395	37.755978	-6.7283958	Mazara-Belice
12.88922266	37.71725927	-2.0000157	Mazara-Belice
12.77458388	37.76208147	-7.2625547	Mazara-Belice
12.71331412	37.71337755	-4.4793714	Mazara-Belice
12.87802556	37.71510752	-1.9999961	Mazara-Belice
12.8100137	37.70687465	-2.2419881	Mazara-Belice
12.68915391	37.7630993	-8.9331753	Mazara-Belice
12.75339737	37.77626398	-8.814917	Mazara-Belice
12.7028945	37.75427463	-7.9907802	Mazara-Belice
12.69380176	37.69495237	-3.2875332	Mazara-Belice
12.99023076	37.74178086	-2.173418	Mazara-Belice
12.98309803	37.77599646	-5.057766	Mazara-Belice
12.89280852	37.7714606	-6.4145261	Mazara-Belice
12.87298183	37.78932305	-8.1565431	Mazara-Belice
13.00800796	37.85193002	-10.6038374	Mazara-Belice
13.02271366	37.81521391	-7.3561955	Mazara-Belice
12.80236797	37.80637692	-10.6036529	Mazara-Belice
12.98882317	37.79552493	-6.4891277	Mazara-Belice
12.67532497	37.73758581	-7.0803941	Mazara-Belice
12.68083501	37.77030085	-9.6561018	Mazara-Belice
12.7836982	37.73655897	-5.0292232	Mazara-Belice
12.66859314	37.73381367	-6.9248006	Mazara-Belice
12.81578476	37.80645737	-10.4253003	Mazara-Belice
12.84165867	37.77445795	-7.4251972	Mazara-Belice
12.92729934	37.79757621	-7.9607115	Mazara-Belice
13.0182953	37.82838791	-8.5029358	Mazara-Belice
12.74296187	37.71142839	-3.7834602	Mazara-Belice
12.81391892	37.74041667	-4.9866902	Mazara-Belice
12.96556907	37.73291571	-2.0002027	Mazara-Belice
12.95284058	37.82402791	-9.5463384	Mazara-Belice
13.03961492	37.75499353	-2.1789165	Mazara-Belice
12.96038221	37.7990487	-7.3893793	Mazara-Belice
12.78181957	37.77351329	-8.125474	Mazara-Belice
12.73542663	37.79414533	-10.6036475	Mazara-Belice
12.91069747	37.78266165	-7.0910611	Mazara-Belice
12.998341	37.74628669	-2.3569319	Mazara-Belice
12.89762118	37.71887168	-1.9996079	Mazara-Belice
12.81964897	37.7170496	-2.9733335	Mazara-Belice
13.02978278	37.79611226	-5.6780505	Mazara-Belice
12.85097508	37.7878535	-8.3826033	Mazara-Belice
13.00427552	37.76017224	-3.3326697	Mazara-Belice
12.76201243	37.79726299	-10.3419322	Mazara-Belice
12.81537746	37.73005466	-4.1067813	Mazara-Belice
12.97018083	37.7778206	-5.4831326	Mazara-Belice
12.99423503	37.75318617	-2.9965181	Mazara-Belice
12.76364183	37.80066717	-10.603502	Mazara-Belice
12.99748072	37.79624421	-6.3562273	Mazara-Belice
13.00864855	37.82851792	-8.7103846	Mazara-Belice
12.72022893	37.71291567	-4.3267699	Mazara-Belice
12.74890621	37.75222401	-6.9634431	Mazara-Belice
12.72706441	37.77432635	-9.1654368	Mazara-Belice
12.97855328	37.75028511	-3.1049212	Mazara-Belice
12.66576418	37.7710706	-9.9619671	Mazara-Belice
12.65897419	37.76293954	-9.4566311	Mazara-Belice
12.94944373	37.72892831	-2.0000005	Mazara-Belice
12.8833153	37.76130094	-5.6994551	Mazara-Belice
12.88719459	37.76392519	-5.8651133	Mazara-Belice
12.82681994	37.71881257	-3.0344634	Mazara-Belice
12.79496578	37.75624356	-6.530582	Mazara-Belice
12.66500123	37.68649343	-3.22602	Mazara-Belice
12.75372653	37.74721915	-6.4669493	Mazara-Belice
12.80789085	37.80321317	-10.2661087	Mazara-Belice
12.81118324	37.76981107	-7.4614763	Mazara-Belice
12.7478445	37.7718321	-8.5647617	Mazara-Belice
13.03458131	37.81185165	-6.8065157	Mazara-Belice
12.70611784	37.73355923	-6.2448927	Mazara-Belice
12.65360594	37.71293827	-5.5812682	Mazara-Belice
12.76578119	37.79240743	-9.8900403	Mazara-Belice
12.7247963	37.79008972	-10.4820308	Mazara-Belice
13.0046237	37.77449967	-4.466614	Mazara-Belice
12.96967847	37.75435302	-3.6217945	Mazara-Belice
12.74509149	37.71762164	-4.2445659	Mazara-Belice
12.73427532	37.73823156	-6.1120374	Mazara-Belice
12.84829475	37.76702794	-6.7190612	Mazara-Belice
12.66335653	37.77627756	-10.427334	Mazara-Belice
12.71729688	37.7638597	-8.5002351	Mazara-Belice
12.7877497	37.72520923	-4.0362454	Mazara-Belice
12.76541414	37.69459372	-2.0000664	Mazara-Belice
12.97993344	37.74063256	-2.3050525	Mazara-Belice
13.02166154	37.75457368	-2.5099014	Mazara-Belice
12.92283193	37.7229321	-2	Mazara-Belice
12.71061089	37.69824902	-3.2864937	Mazara-Belice
12.89699597	37.78299175	-7.3136478	Mazara-Belice
12.85489143	37.74720125	-4.9916651	Mazara-Belice
12.91317629	37.79493482	-8.028833	Mazara-Belice
12.75741642	37.69527559	-2.209097	Mazara-Belice
12.72149529	37.77071196	-8.9763387	Mazara-Belice
12.87609481	37.77983463	-7.3302307	Mazara-Belice
12.9896325	37.77830956	-5.099679	Mazara-Belice
12.62408462	37.7555161	-9.6146753	Mazara-Belice
12.76206177	37.69775054	-2.3190257	Mazara-Belice
12.89511792	37.81991289	-10.3957312	Mazara-Belice
12.94493003	37.83187853	-10.344416	Mazara-Belice
12.79036787	37.76252864	-7.1087501	Mazara-Belice
12.7337428	37.77313537	-8.9420708	Mazara-Belice
12.80729163	37.77481595	-7.9287596	Mazara-Belice
