17.96161899	42.93999999	-0.9999997	Metkovic
17.31959302	43.22144808	-0.9999992	Metkovic
17.96525219	42.94409887	-1.8032707	Metkovic
17.79158435	43.02106421	-3.6255168	Metkovic
17.6619097	43.11351218	-9.6679328	Metkovic
17.27116055	43.25505352	-1.6362731	Metkovic
17.57426992	43.12361783	-5.956031	Metkovic
17.83424148	43.07681655	-14.1834328	Metkovic
17.45912568	43.20108603	-8.6905661	Metkovic
17.80920898	43.10028483	-16.1945734	Metkovic
17.56113357	43.12251554	-5.0200754	Metkovic
17.97090412	42.95047445	-3.0528005	Metkovic
17.90121152	43.01221684	-8.3753832	Metkovic
17.47488069	43.13305523	-0.9999997	Metkovic
17.71211956	43.06213233	-5.1332492	Metkovic
17.27627814	43.27311091	-4.3178098	Metkovic
17.79333161	43.04787255	-7.6440271	Metkovic
17.35392369	43.3032527	-14.2763679	Metkovic
17.25745845	43.2707327	-2.5292556	Metkovic
17.39531396	43.24429935	-9.5304212	Metkovic
17.30561604	43.33382611	-14.3171809	Metkovic
17.72109301	43.03032382	-0.9999992	Metkovic
17.97749869	42.95791199	-4.5105886	Metkovic
17.41587126	43.19800273	-5.0268256	Metkovic
17.60922658	43.07473305	-0.999944	Metkovic
17.5205676	43.20961409	-14.3850217	Metkovic
17.4508348	43.26659961	-16.5571833	Metkovic
17.97178374	43.02865881	-14.7152917	Metkovic
17.5560351	43.18697057	-13.9839245	Metkovic
17.98692047	42.96853582	-6.5931408	Metkovic
17.52177122	43.1914601	-12.0995087	Metkovic
17.65948566	43.05925927	-1.6700109	Metkovic
17.39313798	43.23187745	-7.7466153	Metkovic
17.4530894	43.26769316	-16.8670803	Metkovic
17.31987303	43.22476204	-1.4586574	Metkovic
17.17373253	43.36410598	-7.8922568	Metkovic
17.95938382	43.03162868	-14.4622077	Metkovic
17.39181038	43.29806209	-16.3513874	Metkovic
17.6979826	43.09878254	-9.6215207	Metkovic
17.30045761	43.24013912	-2.0809689	Metkovic
17.37118087	43.24431047	-7.7482896	Metkovic
17.93066968	43.00074743	-8.3329406	Metkovic
17.88765238	43.01689051	-8.3072299	Metkovic
17.81597247	43.01755009	-4.4523278	Metkovic
17.94723482	43.00225833	-9.476604	Metkovic
17.92153154	42.97399639	-3.9010778	Metkovic
17.60611702	43.16489234	-13.7730178	Metkovic
17.99472806	42.97733733	-8.3186854	Metkovic
17.41392525	43.25460665	-12.2557021	Metkovic
17.3260762	43.23491637	-3.2498996	Metkovic
17.34321414	43.20854295	-0.9997712	Metkovic
17.50745947	43.17833738	-9.3264903	Metkovic
17.94924337	43.02901429	-13.5138669	Metkovic
17.26534429	43.25366595	-1.0000124	Metkovic
17.84336441	43.04188188	-9.5440452	Metkovic
17.70402145	43.05723007	-3.954156	Metkovic
17.78109277	43.0112107	-1.5978439	Metkovic
17.36060596	43.31563792	-16.3678737	Metkovic
18.00051702	42.9838619	-9.5979676	Metkovic
17.40008172	43.27824623	-14.3239812	Metkovic
17.64265425	43.08867288	-4.9558923	Metkovic
18.008326	42.99266168	-11.32351	Metkovic
17.49362979	43.18901994	-9.7024086	Metkovic
17.47935678	43.16915281	-6.0501489	Metkovic
17.25566884	43.38429692	-16.8670651	Metkovic
17.30429594	43.2475863	-3.3246276	Metkovic
17.73242522	43.09076225	-10.453697	Metkovic
17.73625715	43.11072142	-13.565945	Metkovic
17.59093891	43.14095488	-9.4340797	Metkovic
17.48090141	43.19807147	-9.9455886	Metkovic
17.32508399	43.3028924	-11.9426926	Metkovic
17.7211345	43.13954891	-16.8670661	Metkovic
17.47736267	43.21148899	-11.4127233	Metkovic
17.95556836	43.02129796	-12.7342456	Metkovic
17.27745549	43.31987053	-10.3528909	Metkovic
17.24269231	43.29539155	-4.5335105	Metkovic
17.34522358	43.32177614	-15.9206096	Metkovic
17.90217661	42.96156548	-1.0000256	Metkovic
17.59334989	43.11134034	-5.3202045	Metkovic
17.69361408	43.13263266	-14.2725412	Metkovic
17.52936051	43.16212838	-8.8243777	Metkovic
17.47974531	43.17799026	-7.2346106	Metkovic
17.4273168	43.16018643	-0.9999631	Metkovic
18.01781925	43.0033566	-13.4209382	Metkovic
17.71067628	43.1194136	-13.3446232	Metkovic
17.2977054	43.31668032	-11.5137509	Metkovic
17.93105178	42.96707869	-3.3844597	Metkovic
17.43767563	43.18171762	-4.5663757	Metkovic
18.02533834	43.01182555	-15.0820222	Metkovic
17.31946898	43.32762838	-14.615904	Metkovic
17.70391832	43.04974626	-2.8648562	Metkovic
17.97358543	43.04026185	-16.5200817	Metkovic
17.3524492	43.28497733	-11.7784013	Metkovic
17.85712244	43.03687289	-9.565117	Metkovic
17.88806377	43.0536819	-13.7457165	Metkovic
17.78510393	43.11421368	-16.867052	Metkovic
17.54555999	43.21448014	-16.8670647	Metkovic
18.0311746	43.0183978	-16.3712204	Metkovic
17.53639167	43.17006373	-10.3814158	Metkovic
17.61829961	43.07772811	-1.9631564	Metkovic
18.03341946	43.02092546	-16.8670661	Metkovic
17.31385462	43.25238253	-4.6791989	Metkovic
17.54632471	43.19954988	-14.9707644	Metkovic
17.5379694	43.14998633	-7.5971344	Metkovic
17.21955863	43.30518321	-3.9901872	Metkovic
17.28978365	43.30507539	-9.4188843	Metkovic
17.28019508	43.33433948	-12.4127541	Metkovic
17.25877812	43.32387431	-9.4169594	Metkovic
17.55487215	43.11266274	-3.233821	Metkovic
17.64804652	43.15544208	-14.8951452	Metkovic
17.25119307	43.38272119	-16.3166774	Metkovic
17.49000199	43.18196678	-8.5120652	Metkovic
17.17977749	43.35033898	-6.6151052	Metkovic
17.63659813	43.17386959	-16.8670661	Metkovic
17.94915601	42.95857357	-3.090614	Metkovic
17.20059888	43.32564917	-5.1062138	Metkovic
17.53078453	43.22282049	-16.8670671	Metkovic
17.79398706	43.07358475	-11.4350715	Metkovic
17.95273579	42.98754687	-7.5866193	Metkovic
17.28785494	43.27711596	-5.7409545	Metkovic
17.70107424	43.03806365	-1.0005295	Metkovic
17.35518841	43.21312954	-2.4862356	Metkovic
17.91786922	43.02980884	-11.8838166	Metkovic
17.68387157	43.14444698	-15.4211398	Metkovic
17.20731523	43.29360666	-1.5617092	Metkovic
17.96571583	43.0211015	-13.2675173	Metkovic
17.75214758	43.06811542	-8.2721909	Metkovic
17.21563119	43.38050085	-13.2529699	Metkovic
17.31846535	43.29777612	-10.772811	Metkovic
17.35719998	43.29215381	-13.0713679	Metkovic
17.33192424	43.32297919	-15.0175817	Metkovic
17.14265599	43.329	-0.9999997	Metkovic
17.41280119	43.24672276	-11.1425246	Metkovic
17.39747583	43.20947661	-5.1425017	Metkovic
17.54909474	43.13623738	-6.2795183	Metkovic
17.92742861	42.98507938	-5.854301	Metkovic
17.5014851	43.23957527	-16.8670583	Metkovic
17.42256859	43.26130741	-13.7714382	Metkovic
17.39082497	43.28619993	-14.7101364	Metkovic
17.64329432	43.10040192	-6.692488	Metkovic
17.27667202	43.35266043	-14.4802517	Metkovic
17.48501821	43.22319364	-13.5047556	Metkovic
17.71317427	43.0557572	-4.2667619	Metkovic
17.31100995	43.32781462	-13.9681765	Metkovic
17.4645817	43.17967878	-6.3348337	Metkovic
17.62201872	43.14799204	-12.2842106	Metkovic
17.98388411	42.97724262	-7.7236695	Metkovic
17.30275604	43.25387274	-3.9936945	Metkovic
17.83297916	43.0923455	-16.3786936	Metkovic
17.42950106	43.21731652	-8.554208	Metkovic
17.75464527	43.0422261	-4.6333093	Metkovic
17.33786183	43.28238584	-10.3713941	Metkovic
17.54205886	43.10756406	-1.7428757	Metkovic
17.61977843	43.08587932	-3.2266696	Metkovic
17.75291673	43.02404702	-1.8820017	Metkovic
17.29736134	43.32824179	-12.9639575	Metkovic
17.26363852	43.27419373	-3.4514851	Metkovic
17.95498561	42.97046578	-5.1691345	Metkovic
17.34430516	43.28821456	-11.617403	Metkovic
17.27377153	43.28270995	-5.3285708	Metkovic
17.36514002	43.31027724	-16.0441135	Metkovic
17.96704077	42.97898544	-7.0803116	Metkovic
17.3363632	43.21555841	-1.4313645	Metkovic
17.50006944	43.21095995	-13.047863	Metkovic
17.58520384	43.08853201	-1.5609265	Metkovic
17.21755542	43.33538034	-7.6691108	Metkovic
17.50100874	43.22553531	-15.0152336	Metkovic
17.5261315	43.13643641	-4.9494331	Metkovic
17.3183652	43.31705286	-13.1950207	Metkovic
17.93379451	42.9776557	-5.103613	Metkovic
17.89874517	42.96560826	-1.4015881	Metkovic
17.83006381	42.99726798	-2.2441071	Metkovic
17.5702488	43.1545701	-10.1663326	Metkovic
17.73975587	43.0869748	-10.3270859	Metkovic
17.37689805	43.26214642	-10.5214626	Metkovic
17.38216772	43.27044248	-11.9996958	Metkovic
17.80177689	43.02397695	-4.6159514	Metkovic
17.6553755	43.14549802	-13.899404	Metkovic
17.5123799	43.1146172	-0.9999997	Metkovic
17.60234019	43.08988749	-2.7694958	Metkovic
17.8418589	42.98831915	-1.5776599	Metkovic
17.42075189	43.17090111	-1.890049	Metkovic
17.22719299	43.32373696	-6.9439956	Metkovic
17.22261261	43.29842376	-3.3653195	Metkovic
17.98170131	43.03681056	-16.4583713	Metkovic
17.27552642	43.26368424	-3.0701701	Metkovic
17.40806144	43.23445905	-9.1895399	Metkovic
17.171445	43.3166021	-1.6762111	Metkovic
17.8142698	43.04977784	-9.1035916	Metkovic
17.9092572	42.95888313	-0.9999997	Metkovic
17.38341946	43.22804176	-6.5255935	Metkovic
17.49589542	43.1583384	-5.8574316	Metkovic
17.81989447	43.05790662	-10.6098333	Metkovic
17.68532324	43.05946501	-3.1950368	Metkovic
17.55515875	43.20468415	-16.2946745	Metkovic
17.18069212	43.35978785	-7.8876096	Metkovic
17.80005229	43.00005612	-0.9999958	Metkovic
17.3778591	43.30956346	-16.8670661	Metkovic
17.97071732	43.04371712	-16.8670661	Metkovic
17.67820398	43.11233961	-10.4409061	Metkovic
18.02368999	43.02123435	-16.391675	Metkovic
17.98022299	43.01035037	-12.4459384	Metkovic
17.24606123	43.37400056	-14.8068117	Metkovic
17.91776599	43.05187797	-15.1175471	Metkovic
17.96632596	43.02630019	-14.0687678	Metkovic
17.95919295	42.94854705	-2.1392067	Metkovic
17.59599776	43.17714555	-14.9354353	Metkovic
17.50743322	43.19998811	-12.156247	Metkovic
17.544901	43.17966843	-12.2655415	Metkovic
17.76836731	43.09622965	-13.2944812	Metkovic
17.62577138	43.12600298	-9.3457078	Metkovic
17.37128046	43.28507629	-13.1507019	Metkovic
17.62824967	43.08552429	-3.6667434	Metkovic
17.5035727	43.13300288	-3.1123039	Metkovic
17.6145901	43.15802922	-13.2876833	Metkovic
17.81025849	43.03137723	-6.1729724	Metkovic
17.52436081	43.11797073	-2.1908044	Metkovic
17.16125559	43.350015	-5.1254357	Metkovic
17.35104095	43.2943688	-12.9201369	Metkovic
17.48390816	43.15654525	-4.7377517	Metkovic
17.40431514	43.21958086	-6.9687448	Metkovic
17.66724069	43.16125851	-16.8670402	Metkovic
17.51631757	43.22283997	-15.8016945	Metkovic
17.24817635	43.27992574	-2.9840183	Metkovic
17.26432701	43.33108952	-10.7683795	Metkovic
17.38561753	43.25099884	-9.6871811	Metkovic
17.43697588	43.1594169	-1.629697	Metkovic
17.7897091	43.1009928	-15.1960686	Metkovic
17.32774788	43.27096665	-8.1302813	Metkovic
17.34718666	43.27651875	-10.2791518	Metkovic
17.97477679	42.96777789	-5.8300036	Metkovic
17.3881556	43.27647357	-13.2299641	Metkovic
17.35069371	43.20429773	-1.0000173	Metkovic
17.93792783	43.02304685	-12.0083977	Metkovic
17.5623258	43.19932626	-16.1233064	Metkovic
17.58972756	43.12795861	-7.4943761	Metkovic
17.33580791	43.33520509	-16.8670744	Metkovic
17.72908439	43.03276333	-1.8076047	Metkovic
17.50060418	43.14638196	-4.6419875	Metkovic
17.49958561	43.12450504	-1.6646638	Metkovic
17.26440278	43.26669299	-2.5667351	Metkovic
17.20469976	43.37530969	-11.7381606	Metkovic
17.2964435	43.28151975	-6.9771333	Metkovic
17.37852013	43.29614535	-15.138424	Metkovic
17.91430819	42.98751854	-5.4815075	Metkovic
17.63702555	43.11666359	-8.6694616	Metkovic
17.93420935	42.98538478	-6.2736723	Metkovic
17.18008366	43.37127673	-9.3004587	Metkovic
17.28668482	43.32280286	-11.4425144	Metkovic
17.50614217	43.11987619	-1.3867922	Metkovic
17.72992341	43.04210571	-3.2189143	Metkovic
17.90857225	43.03700066	-12.4214948	Metkovic
17.89238451	42.97770868	-2.8220456	Metkovic
17.64920922	43.16868013	-16.8670661	Metkovic
17.5267502	43.17806011	-10.7148652	Metkovic
17.3568601	43.30093502	-14.2093288	Metkovic
17.47061028	43.25758543	-16.866989	Metkovic
17.30696716	43.2446	-3.151862	Metkovic
17.60479723	43.13603435	-9.5465183	Metkovic
17.76984964	43.10649735	-14.8781179	Metkovic
17.49790949	43.21554582	-13.4883571	Metkovic
17.45641882	43.14833015	-1.6337614	Metkovic
17.1953452	43.30603132	-2.2028689	Metkovic
17.22307032	43.40435239	-16.8670666	Metkovic
17.99917494	43.02750332	-16.0099362	Metkovic
17.48956248	43.20442848	-11.4189445	Metkovic
17.3071946	43.35023297	-16.5348483	Metkovic
17.80831706	43.00016136	-1.4710544	Metkovic
17.49403874	43.12223016	-0.9999997	Metkovic
17.7152328	43.04585389	-2.9362985	Metkovic
17.30822278	43.23552974	-2.0425183	Metkovic
17.43347144	43.20754056	-7.5891964	Metkovic
17.34607924	43.20974079	-1.3672697	Metkovic
17.80314315	43.08988564	-14.3329841	Metkovic
17.87180048	43.03026094	-9.4011907	Metkovic
17.25437511	43.31049005	-7.3666583	Metkovic
17.93929832	42.95108993	-1.4512189	Metkovic
17.7696114	43.04919504	-6.4964506	Metkovic
17.17913018	43.30654771	-1.0000026	Metkovic
17.34485128	43.22760162	-3.6372243	Metkovic
17.95741483	43.00187402	-9.9652371	Metkovic
17.45698775	43.26176353	-16.3808586	Metkovic
17.94766137	42.99635835	-8.6237898	Metkovic
17.82727906	43.03474169	-7.6062177	Metkovic
17.44459621	43.20017303	-7.4757467	Metkovic
17.51782742	43.23013183	-16.8671257	Metkovic
17.40659491	43.17943951	-1.9258855	Metkovic
17.92013532	42.99635076	-7.1013396	Metkovic
17.35176165	43.26750101	-9.4157408	Metkovic
17.89281766	42.99178058	-4.9102031	Metkovic
17.8759596	43.06005049	-14.0159533	Metkovic
17.37696397	43.25034061	-8.9628054	Metkovic
17.85406515	42.97981754	-0.9995783	Metkovic
17.93967833	43.0114566	-10.4056162	Metkovic
17.51202711	43.12931838	-3.0918361	Metkovic
17.44180336	43.15173688	-1.0011335	Metkovic
17.68567639	43.09220519	-7.9567185	Metkovic
17.82982512	43.05198964	-10.2859722	Metkovic
17.65652004	43.12123208	-10.4760937	Metkovic
17.49587069	43.14005987	-3.4659035	Metkovic
17.65252225	43.13962636	-12.8866523	Metkovic
17.31646295	43.24392102	-3.7476091	Metkovic
18.02760011	43.02302387	-16.8670661	Metkovic
17.66717436	43.06501715	-2.948674	Metkovic
17.47855054	43.19167545	-8.9373507	Metkovic
17.69646223	43.04318509	-1.4838845	Metkovic
17.45381537	43.23477053	-12.6474055	Metkovic
17.90021705	43.06177593	-15.6076491	Metkovic
17.4939654	43.17190179	-7.488455	Metkovic
17.32747816	43.25182418	-5.5884362	Metkovic
17.28297567	43.24256773	-0.9999865	Metkovic
17.18234599	43.30792417	-1.426427	Metkovic
17.81392819	43.08046365	-13.5665749	Metkovic
17.62473305	43.17532002	-16.3737482	Metkovic
17.90818963	43.02861559	-11.1697316	Metkovic
17.63214822	43.10114042	-6.150946	Metkovic
17.20419409	43.38916976	-13.4606062	Metkovic
17.93168214	42.95079817	-0.9999997	Metkovic
17.60286687	43.15621855	-12.3338515	Metkovic
17.76468799	43.05960807	-7.7385456	Metkovic
17.77581014	43.07791312	-11.0399472	Metkovic
17.29633564	43.31012756	-10.573823	Metkovic
17.4477622	43.18793184	-6.1313469	Metkovic
17.30582454	43.22895907	-0.9999997	Metkovic
17.26147966	43.36390429	-14.729988	Metkovic
17.37709774	43.24213355	-7.8977266	Metkovic
17.84635887	43.01384147	-5.5816145	Metkovic
17.31957385	43.28614024	-9.3940287	Metkovic
17.97789454	43.02195389	-14.0452902	Metkovic
17.24765681	43.34924275	-11.7856406	Metkovic
17.33028045	43.30973658	-13.2176408	Metkovic
17.65851288	43.13186793	-12.127122	Metkovic
17.66556859	43.12137936	-11.0199228	Metkovic
17.23294733	43.28940315	-3.0136897	Metkovic
17.56964057	43.20140751	-16.868738	Metkovic
17.38202537	43.25600938	-10.0785654	Metkovic
17.45563088	43.16654492	-3.9581521	Metkovic
17.76592741	43.11521852	-15.931634	Metkovic
17.60228956	43.18369732	-16.2497351	Metkovic
17.36825749	43.21635017	-3.8753161	Metkovic
17.68090886	43.15562819	-16.86728	Metkovic
17.48565061	43.23484432	-15.0596799	Metkovic
17.20751586	43.31043698	-3.7147404	Metkovic
17.87835611	43.04739896	-12.2854528	Metkovic
17.81030704	43.00692916	-2.5767907	Metkovic
17.24452628	43.32021604	-7.8458402	Metkovic
17.20052739	43.39434992	-13.8324895	Metkovic
17.9546017	43.01110344	-11.1850312	Metkovic
17.61590561	43.09731424	-4.6395588	Metkovic
17.45069311	43.24425604	-13.6390422	Metkovic
17.28019658	43.36920822	-16.867406	Metkovic
17.62351509	43.17925268	-16.8671042	Metkovic
17.18710634	43.3792042	-10.8574149	Metkovic
17.7457961	43.12537132	-16.2402795	Metkovic
17.92872974	42.95910741	-2.0759973	Metkovic
17.53501227	43.14390653	-6.5485148	Metkovic
17.84082412	43.07020713	-13.5746276	Metkovic
17.81347187	43.06360425	-11.0793901	Metkovic
17.97010434	43.00525378	-11.1468667	Metkovic
17.70807436	43.13164276	-14.9658073	Metkovic
17.88418324	42.9683974	-1.0000046	Metkovic
17.84821197	43.00376171	-4.2003825	Metkovic
17.28314273	43.29131077	-7.1556594	Metkovic
17.99427997	42.99458964	-10.8574179	Metkovic
17.73931393	43.02327106	-0.9999997	Metkovic
17.21802631	43.39959896	-15.8682473	Metkovic
17.46456769	43.24004793	-14.1417785	Metkovic
17.5439954	43.17483646	-11.5270576	Metkovic
17.50081238	43.23559369	-16.301177	Metkovic
17.88488427	43.06989256	-15.9571901	Metkovic
17.38339522	43.18574571	-0.9997243	Metkovic
17.86483026	43.05392112	-12.4999045	Metkovic
17.4983535	43.12038726	-1.0004187	Metkovic
17.91597823	42.96137424	-1.7302863	Metkovic
17.77419739	43.00976101	-1.0003596	Metkovic
17.69495358	43.0677701	-4.9549953	Metkovic
17.73993143	43.07601551	-8.7358402	Metkovic
17.25090023	43.3610286	-13.5368435	Metkovic
17.76769451	43.03513637	-4.3358049	Metkovic
17.53540483	43.1611927	-9.0580204	Metkovic
17.49138647	43.19741074	-10.6342913	Metkovic
17.24707572	43.26958699	-1.5788855	Metkovic
17.56858061	43.09147288	-0.9999992	Metkovic
17.75947764	43.10295937	-13.7755432	Metkovic
17.45854823	43.22098165	-11.2206208	Metkovic
17.54648851	43.10056908	-1.0000534	Metkovic
18.01169712	43.004753	-13.3003864	Metkovic
17.30998091	43.31095301	-11.7611237	Metkovic
17.33092285	43.33319613	-16.2256066	Metkovic
17.35816686	43.23047461	-4.9774379	Metkovic
17.34206297	43.28206416	-10.6446635	Metkovic
17.76443212	43.0732943	-9.7225462	Metkovic
17.14786429	43.3348858	-2.155321	Metkovic
17.49726105	43.12587338	-1.7138913	Metkovic
17.86138705	43.0104219	-5.9070168	Metkovic
17.59673873	43.07987684	-1.0000002	Metkovic
17.56098966	43.19491638	-15.4192648	Metkovic
17.36885781	43.31446961	-16.8670661	Metkovic
17.68312462	43.12937799	-13.1940632	Metkovic
17.23676234	43.39075241	-16.2088317	Metkovic
17.77292724	43.02521237	-3.1829338	Metkovic
17.47085044	43.13825246	-1.3818015	Metkovic
17.58093587	43.16442956	-12.2160314	Metkovic
17.74669838	43.03523126	-3.1631291	Metkovic
17.19344461	43.37286509	-10.5472014	Metkovic
17.79721582	43.03313935	-5.7129746	Metkovic
17.66616423	43.15718816	-16.218031	Metkovic
17.89145472	43.00601754	-6.9229033	Metkovic
17.8305227	43.01309457	-4.5986008	Metkovic
17.86260137	42.98027174	-1.5393615	Metkovic
17.67330247	43.14129594	-14.3533039	Metkovic
17.75075472	43.08558255	-10.7444686	Metkovic
17.98093586	43.03013442	-15.424156	Metkovic
17.57339666	43.13554523	-7.6183138	Metkovic
17.72113838	43.13405261	-16.0709245	Metkovic
17.66098052	43.07934967	-4.6658503	Metkovic
17.91733154	43.06035239	-16.3412458	Metkovic
17.87059514	43.08142077	-16.8670681	Metkovic
17.87958238	42.9872557	-3.5095095	Metkovic
17.48890163	43.12513321	-0.9999997	Metkovic
17.66942762	43.09822113	-7.8879194	Metkovic
17.62497707	43.10992764	-6.9885615	Metkovic
17.49126969	43.20999992	-12.2710971	Metkovic
17.31935847	43.25859923	-5.8988835	Metkovic
17.28184683	43.30053931	-8.2241391	Metkovic
17.84824366	43.0775643	-15.0671774	Metkovic
17.46887849	43.22520727	-12.5470124	Metkovic
17.29558235	43.23462953	-0.9999997	Metkovic
17.48731701	43.24784069	-16.8670661	Metkovic
17.39706258	43.25460558	-11.0060839	Metkovic
17.447449	43.25100337	-14.2685891	Metkovic
17.68144554	43.04864129	-1.4034597	Metkovic
17.34219177	43.25689968	-7.3220349	Metkovic
17.36800594	43.1944758	-1.0000051	Metkovic
17.8225135	43.09974085	-16.8670666	Metkovic
17.56915062	43.18705924	-14.7721267	Metkovic
17.88180781	43.03819462	-11.120842	Metkovic
17.35529734	43.25014916	-7.3747337	Metkovic
17.27791308	43.31148415	-9.3175145	Metkovic
17.38713225	43.20681425	-4.0284011	Metkovic
17.41784922	43.2737179	-15.0432961	Metkovic
17.81137069	43.03988667	-7.4869195	Metkovic
17.65465969	43.09397419	-6.4183505	Metkovic
17.23246993	43.38370035	-14.976656	Metkovic
17.81810745	43.07182855	-12.5420878	Metkovic
17.29352203	43.36112715	-16.867073	Metkovic
17.78206726	43.11128316	-16.2673898	Metkovic
17.21421944	43.40979551	-16.8670661	Metkovic
17.85314349	43.08795228	-16.8670554	Metkovic
17.70534909	43.14585223	-16.8670661	Metkovic
17.87394026	42.98102482	-2.2817575	Metkovic
17.49014471	43.13211938	-2.0050285	Metkovic
17.36155721	43.30948521	-15.6672839	Metkovic
17.40670144	43.27950482	-14.9724812	Metkovic
17.72590545	43.05086074	-4.2700598	Metkovic
17.89822966	43.02355755	-9.8728856	Metkovic
17.50689553	43.22314753	-15.1468718	Metkovic
17.44544766	43.20975755	-8.7798212	Metkovic
17.30070328	43.23752297	-1.7636018	Metkovic
17.81677489	42.99379225	-0.9999987	Metkovic
17.33111752	43.27720229	-9.1842964	Metkovic
17.2713531	43.30302154	-7.7286347	Metkovic
17.69122359	43.15149012	-16.8671638	Metkovic
17.38421149	43.18793831	-1.3470124	Metkovic
17.74232224	43.11635936	-14.7336535	Metkovic
17.53622076	43.16696741	-9.9351685	Metkovic
17.72660932	43.07336576	-7.5965188	Metkovic
17.99146738	43.0360467	-16.8672058	Metkovic
17.47180691	43.19773917	-9.2148822	Metkovic
17.34273067	43.23888125	-4.9767072	Metkovic
17.74575969	43.12971237	-16.8670617	Metkovic
17.61846134	43.14062123	-11.0142241	Metkovic
17.65338135	43.10699297	-8.2303822	Metkovic
17.44093999	43.24347794	-12.8033413	Metkovic
17.78930041	43.02551876	-4.1540065	Metkovic
17.80377932	43.01552188	-3.4816975	Metkovic
17.75925965	43.11870458	-16.0538698	Metkovic
17.32953251	43.26023918	-6.8503654	Metkovic
17.2290238	43.31113378	-5.4852053	Metkovic
17.16681849	43.31412817	-0.9999987	Metkovic
17.91606545	42.96846217	-2.785529	Metkovic
17.29154256	43.34052106	-14.0816491	Metkovic
17.64014715	43.07480549	-2.8023913	Metkovic
17.32866431	43.26910917	-7.9616759	Metkovic
17.52569423	43.10913462	-0.9999997	Metkovic
17.37359787	43.19589753	-1.5999743	Metkovic
17.80614012	43.10607639	-16.8670661	Metkovic
17.16364115	43.34367315	-4.5059401	Metkovic
17.42073971	43.20772899	-6.6526416	Metkovic
17.62067421	43.11853148	-7.9703547	Metkovic
17.40540183	43.29454623	-16.8670661	Metkovic
17.61775611	43.07130242	-1.0000979	Metkovic
17.64005351	43.10759102	-7.5455256	Metkovic
17.55242619	43.18815792	-13.931674	Metkovic
17.55708489	43.19341376	-14.9630192	Metkovic
17.46810158	43.16408033	-4.5558068	Metkovic
17.85718617	43.06625436	-13.8944694	Metkovic
17.31155137	43.2526736	-4.5403728	Metkovic
17.93682113	42.9925284	-7.4706329	Metkovic
17.61490034	43.10576763	-5.7945034	Metkovic
17.19604889	43.35759729	-8.8101923	Metkovic
17.33465929	43.22394174	-2.4175295	Metkovic
17.74310002	43.0940974	-11.5544116	Metkovic
17.36705101	43.22774423	-5.2742563	Metkovic
17.6044503	43.08118772	-1.6445632	Metkovic
17.97158482	42.99130595	-9.153849	Metkovic
17.80364574	43.05510808	-9.2834679	Metkovic
17.26049573	43.34781678	-12.6082951	Metkovic
17.88009315	43.01055171	-6.9572597	Metkovic
17.2176867	43.36458307	-11.3904502	Metkovic
17.97488601	43.03382184	-15.6476672	Metkovic
17.1831279	43.36843868	-9.1777375	Metkovic
17.72064663	43.06840314	-6.5342043	Metkovic
17.33569061	43.27704217	-9.5185629	Metkovic
17.82734103	43.06675464	-12.3230048	Metkovic
17.32596455	43.34139626	-16.8670017	Metkovic
17.3916311	43.30205545	-16.8670661	Metkovic
17.74241614	43.0630146	-6.9775766	Metkovic
17.66634928	43.133771	-12.8611242	Metkovic
17.52605531	43.15549119	-7.684085	Metkovic
17.71139962	43.09315173	-9.5824711	Metkovic
17.70218006	43.14263075	-16.2168835	Metkovic
17.1764853	43.32248951	-2.8185139	Metkovic
17.42269407	43.18230002	-3.510842	Metkovic
17.56132371	43.17597772	-12.7155419	Metkovic
17.97086295	42.9572841	-4.0618469	Metkovic
17.29150795	43.24380346	-1.8325427	Metkovic
17.25777623	43.29719811	-5.9330671	Metkovic
17.67129962	43.12673415	-12.1276389	Metkovic
17.19165801	43.32051195	-3.754112	Metkovic
17.1676056	43.35718707	-6.5336401	Metkovic
17.36472055	43.31701487	-16.867069	Metkovic
17.25334925	43.26121405	-0.9993884	Metkovic
17.20201021	43.34447685	-7.609005	Metkovic
17.8292788	43.08456829	-15.0336545	Metkovic
17.4565157	43.25277054	-15.1796481	Metkovic
17.29832959	43.26370376	-4.8811901	Metkovic
17.38978758	43.18208988	-0.9999323	Metkovic
17.70600436	43.08316639	-7.8240719	Metkovic
17.61184733	43.17322682	-15.310323	Metkovic
17.46439796	43.25716044	-16.3432907	Metkovic
17.40295002	43.28750575	-15.7582346	Metkovic
17.72370081	43.06077888	-5.5940944	Metkovic
17.33860509	43.26672809	-8.3639369	Metkovic
17.40667586	43.20488528	-5.2242397	Metkovic
17.72556008	43.10345496	-11.8943579	Metkovic
17.44004804	43.25402386	-14.1151481	Metkovic
17.44047506	43.22100391	-9.8595565	Metkovic
17.43620499	43.16822616	-2.7106823	Metkovic
17.25507445	43.33923868	-11.0933391	Metkovic
17.31794746	43.33930566	-15.9714646	Metkovic
17.75065713	43.10370608	-13.3839982	Metkovic
17.46255693	43.19039627	-7.5672484	Metkovic
17.50958825	43.23007802	-16.2502131	Metkovic
17.45243082	43.17176099	-4.3929064	Metkovic
17.71675991	43.07586956	-7.3903254	Metkovic
17.57290895	43.11175934	-4.1712697	Metkovic
17.4317348	43.19660434	-6.0433693	Metkovic
17.27685297	43.36773798	-16.4200676	Metkovic
17.56617185	43.1670989	-11.7260742	Metkovic
17.91736811	43.00726661	-8.5486337	Metkovic
17.23476401	43.31757171	-6.7519165	Metkovic
17.89009135	43.07412193	-16.8670661	Metkovic
17.54514437	43.15498325	-8.7401261	Metkovic
17.97959693	43.04034701	-16.8673186	Metkovic
17.79594183	43.08214054	-12.7949335	Metkovic
17.64967464	43.05855268	-0.9999997	Metkovic
17.83107863	43.06105057	-11.6891962	Metkovic
17.16085826	43.33400536	-3.0596198	Metkovic
17.30255329	43.30345899	-10.2272346	Metkovic
17.88832493	43.02743662	-9.8967014	Metkovic
17.63973708	43.13165587	-10.9844404	Metkovic
17.69478516	43.05105897	-2.5256267	Metkovic
17.41016107	43.28558159	-16.0241272	Metkovic
17.35724935	43.23885993	-6.0215649	Metkovic
17.42166626	43.22244788	-8.6282273	Metkovic
17.84407463	43.08559288	-16.0196179	Metkovic
17.75592068	43.01684152	-0.9999714	Metkovic
17.92682804	43.03292344	-12.839561	Metkovic
17.34990086	43.29597337	-13.0391516	Metkovic
17.33198508	43.28534902	-10.278796	Metkovic
17.51036004	43.16253716	-7.4746676	Metkovic
17.36306527	43.20426577	-1.9123596	Metkovic
17.35652083	43.22303492	-3.8780417	Metkovic
17.69250428	43.07758583	-6.2345754	Metkovic
17.62728126	43.06972472	-1.3222927	Metkovic
17.39038737	43.19255925	-2.4081975	Metkovic
17.60361196	43.11793984	-6.8757731	Metkovic
17.46212811	43.17243285	-5.2074365	Metkovic
17.73224456	43.08031257	-8.9288448	Metkovic
17.30042968	43.28989704	-8.3492351	Metkovic
18.01649353	43.01430166	-14.9760344	Metkovic
17.42542959	43.22993679	-9.8853999	Metkovic
17.94943442	43.01524445	-11.5045183	Metkovic
17.31954657	43.34534181	-16.866925	Metkovic
17.68941589	43.04266567	-1.0001047	Metkovic
17.26902354	43.29095908	-6.0070478	Metkovic
17.46306739	43.15605249	-3.1347346	Metkovic
17.36374553	43.26837902	-10.3968927	Metkovic
17.33314369	43.21405443	-0.999968	Metkovic
17.56753667	43.1999444	-16.5301472	Metkovic
17.43387461	43.23172485	-10.7478786	Metkovic
17.50798415	43.18912169	-10.7756018	Metkovic
17.69383704	43.1125392	-11.3743339	Metkovic
17.34868534	43.21717569	-2.5344719	Metkovic
17.865754	43.04137241	-10.7033928	Metkovic
17.83361654	42.98748206	-1.0000012	Metkovic
17.63270779	43.06533149	-1.0000012	Metkovic
17.68384683	43.10423705	-9.5936292	Metkovic
17.38277721	43.20044299	-2.8736814	Metkovic
17.52929223	43.1982248	-13.5396311	Metkovic
17.15517444	43.34314534	-3.776738	Metkovic
17.15523926	43.32756016	-1.8011023	Metkovic
17.63428767	43.14212269	-12.1664492	Metkovic
17.81870999	43.04491124	-8.6310345	Metkovic
17.42103154	43.28205791	-16.3687307	Metkovic
17.39496134	43.18746074	-2.0840481	Metkovic
17.95436439	43.04596484	-16.2863064	Metkovic
17.57194779	43.1015881	-2.6527399	Metkovic
17.6066897	43.12459096	-8.0137391	Metkovic
17.2364786	43.32586212	-7.94079	Metkovic
17.43734758	43.26845636	-15.8003825	Metkovic
17.83637612	43.09437552	-16.8670573	Metkovic
17.94763722	42.98177595	-6.4554887	Metkovic
17.41135451	43.16950385	-1.0000002	Metkovic
17.8521512	43.02677042	-7.8039339	Metkovic
17.56547066	43.13155532	-6.5757883	Metkovic
17.75567102	43.1095401	-14.5197605	Metkovic
17.3091365	43.35165591	-16.8670661	Metkovic
17.23590961	43.33766901	-9.3959351	Metkovic
17.22900621	43.35149515	-10.6125882	Metkovic
17.47299963	43.18697704	-7.912398	Metkovic
17.56357267	43.14348305	-8.1776861	Metkovic
17.50411857	43.1307144	-2.8247419	Metkovic
17.96674487	43.03602424	-15.5171555	Metkovic
17.41592927	43.21481512	-7.2067207	Metkovic
17.99289064	43.01392817	-13.6561535	Metkovic
17.19278584	43.29813815	-0.9999685	Metkovic
17.34211588	43.30146873	-13.1140905	Metkovic
17.56458496	43.09556328	-1.3514606	Metkovic
17.90585548	43.06821843	-16.8670671	Metkovic
17.2639951	43.37160185	-15.9052346	Metkovic
17.58768187	43.15280363	-10.9441928	Metkovic
17.23388449	43.37289214	-13.713487	Metkovic
17.39660889	43.26900105	-12.8529372	Metkovic
17.51131552	43.2338362	-16.8672692	Metkovic
17.58084296	43.19284776	-16.2962048	Metkovic
17.52421158	43.15631342	-7.684002	Metkovic
17.92426736	43.06132456	-16.8665861	Metkovic
17.29165585	43.29900833	-8.8012831	Metkovic
17.41396721	43.28987454	-16.8670661	Metkovic
17.44603938	43.22798609	-11.1828386	Metkovic
17.3634226	43.29788213	-14.2787512	Metkovic
17.91473406	43.01987983	-10.2524995	Metkovic
17.90714272	43.04777184	-13.9274768	Metkovic
17.72254333	43.08276942	-8.7240968	Metkovic
17.41446762	43.2252205	-8.4575041	Metkovic
17.76706151	43.12120341	-16.867694	Metkovic
17.78119664	43.06010402	-8.7438729	Metkovic
17.37832801	43.22093125	-5.2196521	Metkovic
17.78315377	43.08898808	-13.0722966	Metkovic
17.22958143	43.30268152	-4.4486369	Metkovic
17.40349875	43.1944582	-3.6338381	Metkovic
17.36305091	43.27772584	-11.5838293	Metkovic
17.67079226	43.05011279	-0.9999934	Metkovic
17.92156951	43.04225986	-13.9167019	Metkovic
17.87470665	43.00241982	-5.463488	Metkovic
17.20900631	43.40391546	-15.7117463	Metkovic
17.36469058	43.25813422	-9.1096718	Metkovic
17.46014	43.26368932	-16.8670661	Metkovic
17.7806799	43.04202624	-6.0754355	Metkovic
17.75462247	43.05282291	-6.1791096	Metkovic
17.21841445	43.31383326	-4.9990402	Metkovic
17.80463894	43.04140111	-7.3385704	Metkovic
17.84637653	43.06053559	-12.4565083	Metkovic
17.31458335	43.26770581	-6.6749406	Metkovic
17.30437115	43.34292908	-15.3832556	Metkovic
17.29725925	43.23363065	-0.9999997	Metkovic
17.87161697	43.0766107	-16.2150295	Metkovic
17.29242589	43.35439502	-15.9221687	Metkovic
17.31816896	43.27728725	-8.1668023	Metkovic
17.43106688	43.2475029	-12.5978476	Metkovic
17.78360784	43.01775923	-2.6990227	Metkovic
17.20603986	43.36172412	-10.1161254	Metkovic
17.71052312	43.0681514	-5.9113203	Metkovic
17.64749757	43.1646897	-16.1920959	Metkovic
17.28758545	43.25727984	-3.2195305	Metkovic
17.31596325	43.25972976	-5.7803	Metkovic
17.82638142	43.02389278	-5.9596984	Metkovic
17.46026347	43.21111712	-10.0739769	Metkovic
17.25666736	43.28770007	-4.6345998	Metkovic
18.01123237	43.0289248	-16.8670656	Metkovic
17.42901101	43.23906585	-11.3432712	Metkovic
17.63616103	43.15163546	-13.6446892	Metkovic
17.67726425	43.15088397	-15.9700041	Metkovic
17.87118323	42.99604881	-4.3322434	Metkovic
17.44879597	43.16181335	-2.8324792	Metkovic
17.21968976	43.37238161	-12.5383325	Metkovic
17.91009272	42.96398421	-1.7962033	Metkovic
17.21632334	43.2908206	-1.9077248	Metkovic
17.76340837	43.09054748	-12.1844187	Metkovic
17.91725769	42.95599903	-0.9999997	Metkovic
17.92992222	43.05434743	-16.155383	Metkovic
17.33936	43.29459704	-12.0294704	Metkovic
17.54099935	43.18840516	-13.1200329	Metkovic
17.78567471	43.06678432	-9.9723305	Metkovic
17.51391378	43.14468432	-5.4031113	Metkovic
17.21809126	43.38883614	-14.5049807	Metkovic
17.26412955	43.35534678	-13.8501091	Metkovic
17.3988796	43.17678405	-0.9999987	Metkovic
17.5467638	43.16369837	-10.0888507	Metkovic
17.84661183	43.05172538	-11.1722746	Metkovic
17.4075651	43.27067136	-13.8832834	Metkovic
17.23544995	43.36333579	-12.6213874	Metkovic
17.50916833	43.13932423	-4.3519177	Metkovic
17.77171721	43.01540662	-1.6837478	Metkovic
17.22048367	43.28119404	-0.9999733	Metkovic
17.86918754	42.97408932	-1.0000051	Metkovic
17.96182957	43.01566385	-12.2521643	Metkovic
17.93771527	43.04491931	-15.2060095	Metkovic
17.73732111	43.05206377	-5.0907204	Metkovic
17.66427238	43.13836487	-13.4012854	Metkovic
17.51933114	43.15080246	-6.6030578	Metkovic
17.90415966	42.99867865	-6.5534721	Metkovic
17.30699924	43.32017969	-12.6864387	Metkovic
17.15160836	43.32349071	-1.0000002	Metkovic
17.32291552	43.26406467	-6.8770732	Metkovic
17.86212961	42.98932618	-2.8428952	Metkovic
17.85242464	42.99556399	-3.2263547	Metkovic
17.18246663	43.33351901	-4.6878547	Metkovic
17.44353838	43.15333524	-1.337757	Metkovic
17.19489661	43.38447506	-12.1366965	Metkovic
17.58344422	43.19574736	-16.8670354	Metkovic
17.23380489	43.27310828	-1.0000017	Metkovic
17.36731219	43.23590425	-6.3585073	Metkovic
17.55006985	43.18223456	-12.950111	Metkovic
17.6734204	43.08624915	-6.3848874	Metkovic
17.26659023	43.28055287	-4.4903156	Metkovic
17.25484337	43.26371496	-1.4329191	Metkovic
17.47735622	43.1452635	-2.7788469	Metkovic
17.45422136	43.14472424	-1.0000007	Metkovic
17.91402995	42.97622008	-3.8089504	Metkovic
17.23203256	43.27995241	-1.7362976	Metkovic
17.86581343	43.06882911	-14.7491804	Metkovic
17.54790082	43.12747808	-4.9500312	Metkovic
17.62558934	43.16272489	-14.6134484	Metkovic
17.39902224	43.26152979	-12.056123	Metkovic
17.34985485	43.32636953	-16.8670617	Metkovic
17.24634745	43.33110288	-9.3776013	Metkovic
17.70571155	43.04033417	-1.5925388	Metkovic
17.19957794	43.33536048	-6.2603039	Metkovic
17.56568639	43.20311554	-16.8670661	Metkovic
17.55962467	43.15204053	-9.1740186	Metkovic
17.34110121	43.31130397	-14.2734792	Metkovic
17.43901485	43.23700557	-11.819134	Metkovic
17.21185005	43.29972427	-2.6934294	Metkovic
17.9455075	43.03710577	-14.4932072	Metkovic
17.67905415	43.06991733	-4.3457194	Metkovic
17.47760988	43.24723952	-16.0566872	Metkovic
17.44015704	43.27502775	-16.8670666	Metkovic
17.71245535	43.10349677	-11.1418981	Metkovic
17.89867736	43.03457807	-11.518632	Metkovic
17.23823713	43.30913773	-5.9435642	Metkovic
17.98879043	42.98554598	-9.2198825	Metkovic
17.39484434	43.19895514	-3.5733532	Metkovic
17.78556873	43.03270557	-4.9912436	Metkovic
17.560548	43.20601739	-16.8670661	Metkovic
17.42923344	43.22546718	-9.5877304	Metkovic
17.53443364	43.21521507	-16.1415715	Metkovic
17.78453194	43.00586862	-0.9999362	Metkovic
17.95143847	42.94367273	-1.0000002	Metkovic
17.65490747	43.12621315	-11.1008681	Metkovic
17.60165372	43.18825275	-16.8670666	Metkovic
17.72346379	43.12472373	-14.8539323	Metkovic
17.66710058	43.14447968	-14.4475188	Metkovic
17.81864562	43.0913451	-15.4222946	Metkovic
17.75090678	43.09805797	-12.575935	Metkovic
17.65252556	43.06843941	-2.5966237	Metkovic
17.54987718	43.17060449	-11.2658335	Metkovic
17.5218971	43.17070966	-9.3952899	Metkovic
17.88222848	42.97157378	-1.3570173	Metkovic
17.99956229	43.00217008	-12.2665444	Metkovic
17.27220723	43.36019637	-15.0972341	Metkovic
17.86998058	43.02106358	-7.9471315	Metkovic
17.6495004	43.11509033	-9.1800371	Metkovic
17.4243374	43.28399753	-16.8670437	Metkovic
17.52186242	43.14725341	-6.252634	Metkovic
17.63057985	43.09322309	-4.9175485	Metkovic
17.83786127	43.02436849	-6.6625585	Metkovic
17.92871622	43.0088621	-9.4144982	Metkovic
17.82411774	43.0084777	-3.5660026	Metkovic
17.64586504	43.12272514	-10.0642476	Metkovic
17.19493498	43.38803956	-12.5928757	Metkovic
17.38872959	43.26103719	-11.2292131	Metkovic
17.51154996	43.13910948	-4.4709177	Metkovic
17.64200713	43.06594783	-1.6272448	Metkovic
17.58654553	43.17234074	-13.6852829	Metkovic
17.37495115	43.30618141	-16.2094509	Metkovic
17.44990447	43.25911865	-15.5109187	Metkovic
17.95631767	43.04918127	-16.8670661	Metkovic
17.21560942	43.34803606	-9.1250537	Metkovic
17.24118161	43.39321141	-16.8670666	Metkovic
17.58988263	43.09934171	-3.3909021	Metkovic
17.85787792	43.08226681	-16.290635	Metkovic
17.53471789	43.12345043	-3.5910979	Metkovic
17.50929911	43.15116985	-5.9101135	Metkovic
17.20685504	43.28947341	-1.0005681	Metkovic
17.94083687	43.055054	-16.8670837	Metkovic
17.24462747	43.26653771	-1.0000192	Metkovic
17.84665248	43.09039627	-16.8673874	Metkovic
17.2771744	43.29300468	-6.9001988	Metkovic
17.73999539	43.10257947	-12.6035739	Metkovic
17.60173169	43.14674276	-10.9045515	Metkovic
17.79538509	43.00812703	-1.9306408	Metkovic
17.58260126	43.08569962	-0.9999997	Metkovic
17.68191525	43.11981201	-11.7381489	Metkovic
17.26787837	43.37678215	-16.8670559	Metkovic
