17.12993897	42.76000001	-1.9999993	Mljet
18.13087302	42.57812793	-13.271366	Mljet
17.28783947	42.80858216	-7.7601119	Mljet
18.00253977	42.60947256	-9.0139748	Mljet
18.39509303	42.38838417	-11.6555274	Mljet
17.73106469	42.66424081	-1.9999993	Mljet
18.07086398	42.48883286	-3.3890999	Mljet
17.8227417	42.71331099	-9.5942957	Mljet
17.13289476	42.76617081	-2.6315891	Mljet
18.04517031	42.63182691	-12.9053899	Mljet
18.06865216	42.54994261	-7.9257941	Mljet
18.38274707	42.39754427	-11.6159344	Mljet
17.73046601	42.80243383	-14.1752405	Mljet
17.59447957	42.82625039	-13.4827615	Mljet
17.13852201	42.7779165	-3.8338929	Mljet
17.23172793	42.81424335	-7.9689541	Mljet
17.99270573	42.54573815	-3.5302024	Mljet
17.55246526	42.81634369	-11.9014102	Mljet
18.03921424	42.52800229	-4.6676116	Mljet
17.31146156	42.76919784	-4.4730923	Mljet
17.91586412	42.61851495	-5.4418833	Mljet
17.30240353	42.74456609	-1.9999925	Mljet
18.47888765	42.22799832	-4.683305	Mljet
17.30019736	42.85782086	-12.6951751	Mljet
18.26681186	42.50511534	-13.5091551	Mljet
18.51155864	42.27196436	-9.8530216	Mljet
17.1440075	42.7893634	-5.0057593	Mljet
17.75546464	42.7352207	-8.9774515	Mljet
18.11912149	42.44584749	-2.0000008	Mljet
17.94510963	42.59540473	-5.073294	Mljet
17.67613658	42.73012173	-6.2005004	Mljet
17.33233118	42.8685071	-14.175239	Mljet
18.12443665	42.4583361	-3.2451067	Mljet
17.4337578	42.83843085	-13.0594832	Mljet
18.45522248	42.28988541	-7.7879505	Mljet
17.38701234	42.85830957	-14.1752293	Mljet
17.1497076	42.80125476	-6.2232823	Mljet
17.39905726	42.77854908	-6.8776967	Mljet
18.43556566	42.22687656	-1.9995598	Mljet
17.39951043	42.78417577	-7.4255867	Mljet
18.12580406	42.52519894	-8.7439351	Mljet
17.62951365	42.81444174	-12.931575	Mljet
17.50094658	42.7262242	-2.5478748	Mljet
17.86434229	42.697164	-9.8319207	Mljet
18.08839901	42.61795746	-14.1752288	Mljet
17.15473148	42.81173275	-7.2962247	Mljet
17.60144428	42.78955221	-10.0974721	Mljet
17.55564417	42.83973144	-14.1752288	Mljet
17.69888848	42.76934615	-10.3264463	Mljet
17.46134413	42.82385405	-11.843864	Mljet
17.15886507	42.82035203	-8.1789285	Mljet
17.89343706	42.588762	-1.9999993	Mljet
17.299014	42.86790989	-13.6958294	Mljet
18.2434709	42.47587892	-10.0670398	Mljet
17.80904888	42.68399554	-6.610416	Mljet
17.16271401	42.82837614	-9.0007558	Mljet
18.15545745	42.5227896	-9.8275777	Mljet
17.28719158	42.81610934	-8.4604518	Mljet
17.7211482	42.72825204	-7.3542459	Mljet
17.94366152	42.62133117	-7.0356584	Mljet
17.23053927	42.79310349	-5.8532688	Mljet
18.47479911	42.26761272	-7.3285561	Mljet
17.41527423	42.81693592	-10.7813833	Mljet
18.4906403	42.34836427	-14.1751839	Mljet
17.93975527	42.56457547	-2.3909388	Mljet
17.16727618	42.83788533	-9.9747752	Mljet
17.52412218	42.74952629	-5.1153802	Mljet
18.20289973	42.42423546	-4.0203333	Mljet
18.37373297	42.43104894	-13.5723518	Mljet
17.91316451	42.6766111	-10.0770789	Mljet
18.29479415	42.39230168	-6.1172726	Mljet
17.41949326	42.8256997	-11.6793072	Mljet
17.73920911	42.72828531	-7.8878644	Mljet
18.06638511	42.63349906	-14.1752288	Mljet
18.07551288	42.49905567	-4.4181651	Mljet
17.17162502	42.84694783	-10.9031365	Mljet
18.32129424	42.44647069	-11.6678965	Mljet
18.22351419	42.39150984	-2.4753567	Mljet
17.37420153	42.77114431	-5.7567237	Mljet
17.40693188	42.74110387	-3.2512893	Mljet
17.78677788	42.7334549	-9.9247231	Mljet
18.29583593	42.43178585	-9.1981293	Mljet
17.76060626	42.65458223	-2.3010545	Mljet
17.96219874	42.63588362	-9.093022	Mljet
18.30293555	42.36509147	-4.5762859	Mljet
17.17615258	42.85638081	-11.8695457	Mljet
17.3335311	42.84829854	-12.29568	Mljet
17.80470758	42.63479628	-2.3110623	Mljet
17.94606467	42.68157468	-11.882386	Mljet
18.32169347	42.35055576	-4.5905645	Mljet
18.17129786	42.50080154	-8.7222954	Mljet
18.0304078	42.50598241	-2.5150716	Mljet
18.31389941	42.33899381	-3.2820833	Mljet
17.87756153	42.66054393	-7.3190539	Mljet
17.61554786	42.69879767	-1.9999993	Mljet
18.21288463	42.5287172	-12.7888645	Mljet
17.22726408	42.82384026	-8.9020702	Mljet
17.1824814	42.86956301	-13.2202342	Mljet
17.54044536	42.71859928	-2.4232786	Mljet
18.1181285	42.51325032	-7.4403296	Mljet
17.18695671	42.87888229	-14.1752288	Mljet
17.13612587	42.75966095	-1.9999993	Mljet
18.44810907	42.36620544	-13.0566316	Mljet
18.07863797	42.57175524	-10.1264899	Mljet
17.877735	42.7393274	-13.8707444	Mljet
17.91802523	42.64892287	-7.9716464	Mljet
17.56658898	42.83798367	-14.1752303	Mljet
18.38873345	42.3349761	-7.3332107	Mljet
17.19668131	42.85088016	-11.432949	Mljet
17.37816305	42.82932002	-11.294076	Mljet
18.36609663	42.41202575	-11.7203269	Mljet
17.92188042	42.59991268	-4.2795264	Mljet
18.44793173	42.26417936	-5.4646409	Mljet
17.89688543	42.59590273	-2.7305418	Mljet
17.75597725	42.78751321	-13.6073631	Mljet
17.31275766	42.85945508	-12.9801682	Mljet
18.17326866	42.41708892	-1.9999993	Mljet
17.40775109	42.83902207	-12.725616	Mljet
17.52574626	42.72924481	-3.2118152	Mljet
17.51082394	42.71888213	-2.0000027	Mljet
17.32948567	42.8624637	-13.5570042	Mljet
18.31163292	42.45901631	-12.1099568	Mljet
17.9135485	42.63883677	-6.9553731	Mljet
17.901421	42.7315972	-14.1752288	Mljet
17.21993426	42.86074092	-12.5448904	Mljet
17.91938135	42.57938785	-2.5461023	Mljet
18.17260586	42.52455883	-10.7117093	Mljet
17.25689913	42.75301634	-1.9999993	Mljet
17.38809453	42.85493161	-13.8765555	Mljet
18.26384809	42.37682945	-3.3173977	Mljet
18.24959473	42.51785307	-13.658031	Mljet
17.40206494	42.75471151	-4.5528738	Mljet
17.65842893	42.69340656	-2.4414368	Mljet
17.18969457	42.7896828	-5.2877879	Mljet
17.90790129	42.62643323	-5.6997161	Mljet
18.38066326	42.32030915	-5.7801951	Mljet
17.33607769	42.7609737	-4.1320921	Mljet
18.48680292	42.35143933	-14.1751858	Mljet
17.73786955	42.66935718	-2.6799295	Mljet
18.35071679	42.33779134	-5.3329693	Mljet
17.94685144	42.64195181	-8.8112325	Mljet
18.43032858	42.23116931	-1.9999993	Mljet
18.35297187	42.38345437	-8.8428585	Mljet
18.29801468	42.41389262	-7.9050052	Mljet
18.09201705	42.53095438	-7.7376035	Mljet
17.45294113	42.77086111	-6.5528701	Mljet
17.9125023	42.6092657	-4.550135	Mljet
17.99983323	42.55830928	-4.868231	Mljet
18.39050816	42.42602721	-14.1752288	Mljet
18.14488443	42.50415318	-7.8548106	Mljet
18.20065371	42.45992811	-6.7049085	Mljet
17.17431654	42.8189372	-8.1223323	Mljet
18.50438936	42.31567668	-12.6133846	Mljet
18.36505139	42.28765796	-2.4579012	Mljet
17.78993699	42.6425627	-2.403304	Mljet
18.45655701	42.2095976	-2.0000022	Mljet
18.33838804	42.41338225	-10.210907	Mljet
18.36283094	42.36748128	-8.2337425	Mljet
17.83801244	42.76089523	-14.1752288	Mljet
17.94008107	42.69647118	-12.8024471	Mljet
17.85813357	42.72252338	-11.7111282	Mljet
17.71372842	42.80796266	-14.1752288	Mljet
18.28834242	42.34960422	-2.5821248	Mljet
18.22191543	42.46944349	-8.4995058	Mljet
17.56539511	42.78634621	-9.2442607	Mljet
17.30742713	42.77909605	-5.3324915	Mljet
17.36546094	42.74278048	-2.9386062	Mljet
17.95095183	42.70770419	-14.1752288	Mljet
17.77617804	42.72625148	-8.9170526	Mljet
17.23555274	42.84899001	-11.4576785	Mljet
18.14876805	42.43010514	-2.0000003	Mljet
18.22497259	42.47949566	-9.4378589	Mljet
17.69362665	42.79137756	-12.2114964	Mljet
17.24375248	42.86227405	-12.8288201	Mljet
18.18911634	42.44985475	-5.3481858	Mljet
17.69468967	42.77926033	-11.1209568	Mljet
17.73421632	42.76594283	-11.0641277	Mljet
18.07239743	42.47064088	-1.9999993	Mljet
18.19498871	42.46199006	-6.5885375	Mljet
17.50934079	42.78741606	-8.6383534	Mljet
18.43062231	42.39470484	-14.1752102	Mljet
18.05200292	42.51701401	-4.5192293	Mljet
17.74544483	42.7710937	-11.8486182	Mljet
18.02087549	42.53696986	-4.3632315	Mljet
18.20514195	42.50999572	-10.9314329	Mljet
18.11504664	42.5741562	-12.26524	Mljet
18.37748629	42.37024395	-9.2899153	Mljet
18.21531488	42.50396755	-10.880295	Mljet
17.87124533	42.59951488	-1.9999988	Mljet
17.51417823	42.82223193	-12.1092432	Mljet
17.68606913	42.75070246	-8.3083308	Mljet
17.28272559	42.75344438	-2.4891741	Mljet
17.81605457	42.66493422	-5.2739895	Mljet
17.89844517	42.60913001	-3.8853792	Mljet
18.16575804	42.42638017	-2.4308855	Mljet
17.27539616	42.79155349	-5.9455425	Mljet
18.05942439	42.53948812	-6.6318181	Mljet
18.51475378	42.32854809	-14.1752288	Mljet
17.95044464	42.55285379	-1.9999993	Mljet
18.47563327	42.35374378	-13.7066385	Mljet
17.75316853	42.75989484	-11.0871914	Mljet
18.47579331	42.21913357	-3.8507781	Mljet
17.78848764	42.78312369	-14.1752288	Mljet
18.46925961	42.1991404	-2.0000013	Mljet
17.32925337	42.81586092	-9.1707782	Mljet
17.47432338	42.77918177	-7.5448407	Mljet
17.29534437	42.78813589	-5.9702935	Mljet
18.43407665	42.3137834	-8.3544236	Mljet
18.53208691	42.31429764	-14.1752288	Mljet
17.81863035	42.76265398	-13.5883504	Mljet
18.00900716	42.51435266	-1.9999998	Mljet
17.52644791	42.78876959	-8.9089998	Mljet
18.02683926	42.59224423	-8.8989753	Mljet
17.3895072	42.7336932	-2.381427	Mljet
17.39358989	42.76717989	-5.7134446	Mljet
18.34575646	42.36148611	-6.7978026	Mljet
17.30857598	42.8001906	-7.3352422	Mljet
18.06648751	42.47377539	-1.9999993	Mljet
17.14355233	42.77775522	-3.8453089	Mljet
17.36858693	42.75271442	-3.9266331	Mljet
17.89817273	42.65782312	-7.9174242	Mljet
17.97314843	42.56537917	-4.1039107	Mljet
18.39254833	42.37452648	-10.4822513	Mljet
18.38686445	42.40646431	-12.5154026	Mljet
17.36178643	42.76457766	-4.9218169	Mljet
17.57752065	42.8281159	-13.402387	Mljet
17.25630454	42.7794773	-4.635741	Mljet
17.65650202	42.76373874	-8.8604562	Mljet
17.5847205	42.74824729	-5.9150996	Mljet
18.11237422	42.52835707	-8.4214822	Mljet
17.73295094	42.6634751	-1.9999993	Mljet
17.60534858	42.76888728	-8.2166898	Mljet
17.76319789	42.74675118	-10.222084	Mljet
18.06314627	42.58452305	-10.265482	Mljet
17.47116182	42.79195882	-8.7786548	Mljet
17.84213158	42.66945117	-6.6424872	Mljet
18.26762195	42.42875822	-7.5684439	Mljet
17.67736612	42.79290225	-11.9965293	Mljet
18.21899875	42.54251103	-14.1752215	Mljet
17.26895583	42.77813945	-4.572083	Mljet
18.08285853	42.5076446	-5.4623728	Mljet
18.48596694	42.31996439	-11.8208347	Mljet
18.29733229	42.4603501	-11.5085677	Mljet
18.41519569	42.40115305	-13.7693015	Mljet
18.40006587	42.35220243	-9.2635147	Mljet
17.58140837	42.79669621	-10.4722466	Mljet
17.91527925	42.57500861	-1.9999993	Mljet
17.37174978	42.78493372	-7.0094408	Mljet
17.84310578	42.70374233	-9.5622676	Mljet
17.89227108	42.69055268	-10.3994793	Mljet
17.39140656	42.7852143	-7.3808806	Mljet
18.19135945	42.50180931	-9.6703942	Mljet
17.90627033	42.60218013	-3.6864578	Mljet
17.58000253	42.72534935	-3.6664754	Mljet
18.38928891	42.26282466	-1.9999988	Mljet
18.19665517	42.40236919	-2.0000218	Mljet
17.49810474	42.74054005	-3.9290428	Mljet
17.26810792	42.78838037	-5.5888394	Mljet
18.07566252	42.5621945	-9.2373666	Mljet
18.12408787	42.59282158	-14.1752288	Mljet
17.72467707	42.66637028	-1.9999993	Mljet
17.76711777	42.76740783	-12.1601326	Mljet
18.41570213	42.3626058	-10.9326243	Mljet
18.27705687	42.38441877	-4.5634566	Mljet
17.84058708	42.71518566	-10.4287574	Mljet
17.59406529	42.74978802	-6.2156639	Mljet
17.82523308	42.72533403	-10.69976	Mljet
17.29256705	42.81931101	-8.8516493	Mljet
17.99129018	42.53445949	-2.5783172	Mljet
18.31649526	42.43793428	-10.7568877	Mljet
17.27686589	42.78299183	-5.1623013	Mljet
18.16440952	42.42179611	-1.9999998	Mljet
17.66442607	42.69423341	-2.686345	Mljet
17.62610901	42.7352859	-5.5824178	Mljet
18.28530738	42.40255212	-6.3899805	Mljet
17.94918341	42.70861129	-14.1752288	Mljet
17.62117767	42.82925929	-14.1752288	Mljet
18.12660312	42.49947123	-6.6848472	Mljet
17.38002199	42.75826738	-4.6490638	Mljet
18.18997102	42.51624905	-10.7851888	Mljet
17.21628716	42.84917532	-11.370347	Mljet
18.30035431	42.33230518	-1.9999998	Mljet
17.88031883	42.70177797	-10.8541663	Mljet
18.16847837	42.46432701	-5.633783	Mljet
18.18022007	42.4855218	-7.8645601	Mljet
17.44595159	42.84875167	-14.1752288	Mljet
17.47387297	42.76926572	-6.5640461	Mljet
18.45113874	42.25206183	-4.7731612	Mljet
18.01918247	42.59215105	-8.479414	Mljet
18.01002677	42.57322216	-6.5427984	Mljet
17.92277465	42.65958925	-9.0472204	Mljet
17.99225597	42.56618503	-5.1113638	Mljet
17.3911523	42.74717805	-3.7230808	Mljet
18.31623744	42.47611301	-13.6760852	Mljet
18.27172348	42.4785138	-11.6674168	Mljet
17.47162403	42.83170274	-12.7004095	Mljet
18.21582473	42.39028553	-1.9999973	Mljet
17.55231289	42.83282695	-13.4675423	Mljet
18.41312006	42.39151588	-12.9351946	Mljet
18.10481798	42.55303246	-10.1041648	Mljet
18.49560518	42.26651566	-8.4975776	Mljet
17.96006102	42.61510972	-7.3575762	Mljet
17.75075058	42.79568521	-14.1752293	Mljet
17.84535069	42.64452912	-4.7014182	Mljet
17.69790547	42.77521517	-10.8194392	Mljet
17.39229007	42.82056116	-10.7186048	Mljet
17.7491067	42.70163067	-5.8277097	Mljet
18.23363862	42.45371184	-7.8455352	Mljet
17.42364127	42.83431411	-12.562011	Mljet
18.41701884	42.32174808	-7.9693139	Mljet
17.42363703	42.85147246	-14.1752278	Mljet
17.68640764	42.80613317	-13.4102942	Mljet
17.72686092	42.67123032	-2.4927166	Mljet
18.08770536	42.59856387	-12.6589168	Mljet
18.35423756	42.44646331	-13.5812093	Mljet
18.48924662	42.2438295	-6.4603667	Mljet
18.457576	42.21702491	-2.603073	Mljet
18.4429443	42.29148079	-7.2046938	Mljet
17.30496993	42.83837148	-10.8608911	Mljet
17.69593069	42.67595062	-2.0000003	Mljet
17.5877123	42.71233108	-2.6357327	Mljet
17.65787518	42.82122771	-14.1752405	Mljet
18.26109847	42.39067539	-4.2652581	Mljet
18.27677748	42.3700206	-3.4229886	Mljet
17.96920856	42.60492938	-7.0108677	Mljet
17.76783052	42.68960381	-5.5189512	Mljet
17.29774536	42.83067839	-10.0111407	Mljet
17.70905639	42.67762812	-2.533617	Mljet
17.74648523	42.66242939	-2.4251472	Mljet
17.93981255	42.71312242	-14.1752513	Mljet
18.1488652	42.57564213	-13.8451653	Mljet
17.90320132	42.70349868	-11.9118714	Mljet
18.10224236	42.55483296	-10.1087005	Mljet
17.42950637	42.84649173	-13.809972	Mljet
17.83667076	42.65706465	-5.3952012	Mljet
17.62278841	42.76889976	-8.5989363	Mljet
18.43531233	42.38504792	-13.7252796	Mljet
17.64247244	42.78725653	-10.7157503	Mljet
18.31554433	42.4256326	-9.7906022	Mljet
18.51732214	42.28385389	-11.06674	Mljet
18.40370911	42.3418068	-8.6987047	Mljet
18.38502668	42.41960308	-13.3811643	Mljet
18.36593015	42.44531281	-14.1752273	Mljet
17.49837111	42.72087216	-1.9999993	Mljet
17.22871032	42.78404099	-4.9391756	Mljet
18.26905933	42.46500649	-10.4779544	Mljet
17.49624047	42.72110886	-1.9999993	Mljet
17.63694461	42.82619758	-14.1748377	Mljet
18.37761254	42.33827365	-6.9321459	Mljet
18.19061091	42.47453782	-7.4198777	Mljet
17.88500123	42.64833278	-6.60256	Mljet
18.45669325	42.24121659	-4.3151929	Mljet
18.13440652	42.46331559	-4.0804893	Mljet
17.20587733	42.75867183	-2.2834549	Mljet
18.43993171	42.23084173	-2.5515291	Mljet
18.43253283	42.28323009	-5.994761	Mljet
18.05466017	42.50664357	-3.8721555	Mljet
17.90837777	42.68645216	-10.7029317	Mljet
18.14967594	42.47790736	-5.926511	Mljet
18.12646776	42.55027024	-10.8132486	Mljet
17.17338931	42.82968723	-9.1900434	Mljet
18.22594034	42.50597788	-11.5603611	Mljet
17.3772962	42.81691022	-10.1122223	Mljet
17.49664765	42.82061561	-11.8086695	Mljet
17.9229033	42.62630702	-6.4009192	Mljet
18.14366494	42.54419121	-11.0604388	Mljet
18.34932062	42.31586122	-3.6296272	Mljet
18.45891807	42.26488473	-6.1763031	Mljet
17.88561017	42.73920201	-14.1752229	Mljet
18.40581696	42.38214465	-11.8176717	Mljet
17.62761982	42.82407014	-13.7795369	Mljet
18.32774453	42.47523424	-14.1752288	Mljet
18.22003722	42.51371479	-11.8771731	Mljet
17.58755155	42.73020063	-4.2733221	Mljet
18.15239546	42.45365463	-4.0714534	Mljet
17.77512879	42.75549695	-11.344542	Mljet
17.41087708	42.80779936	-9.8454878	Mljet
18.12079481	42.48876562	-5.5631565	Mljet
18.32936097	42.43551558	-11.3254771	Mljet
17.58627568	42.75703203	-6.7740233	Mljet
17.97649826	42.69164026	-14.1752288	Mljet
17.45453278	42.79808303	-9.248541	Mljet
17.75123751	42.65522697	-2.0000052	Mljet
17.53480036	42.8011703	-10.1992288	Mljet
17.51805164	42.77336594	-7.3234373	Mljet
17.85753617	42.61871475	-3.0453514	Mljet
17.5647779	42.71836426	-2.7709373	Mljet
17.4167541	42.78942001	-8.0910876	Mljet
18.46897429	42.20618231	-2.4965188	Mljet
17.9179514	42.69687121	-11.9511057	Mljet
17.49928447	42.79457214	-9.262631	Mljet
17.1884553	42.76150925	-2.4708382	Mljet
18.20971422	42.51820004	-11.7963006	Mljet
18.40207317	42.36351919	-10.2205428	Mljet
17.81773647	42.63168894	-2.5438113	Mljet
17.87229111	42.74000075	-13.7175115	Mljet
18.03840505	42.53799017	-5.3852842	Mljet
18.15355137	42.56499208	-13.1802845	Mljet
18.07840084	42.60775649	-12.8587815	Mljet
18.38160426	42.30189206	-4.4641553	Mljet
18.46748196	42.31238223	-10.1636072	Mljet
17.26934881	42.8327268	-10.0204319	Mljet
17.69125983	42.81330067	-14.1752283	Mljet
17.82578156	42.63415165	-3.0573396	Mljet
17.26226859	42.75205803	-1.9993719	Mljet
17.78024793	42.7614165	-12.0293452	Mljet
18.28788158	42.39296481	-5.7667073	Mljet
17.55984405	42.82619398	-12.9508089	Mljet
17.50874588	42.74242632	-4.2068157	Mljet
18.48115288	42.28490555	-8.9722263	Mljet
17.88040752	42.6173352	-3.8455862	Mljet
17.31794018	42.87118973	-14.1750784	Mljet
17.89023979	42.71730361	-12.5406097	Mljet
17.45639195	42.83509132	-12.9120481	Mljet
17.40460847	42.81275198	-10.2007976	Mljet
18.34297418	42.30412736	-2.3928328	Mljet
18.0481743	42.4937303	-2.5388567	Mljet
17.46341128	42.84412635	-13.8594309	Mljet
18.28483136	42.37208906	-4.0421844	Mljet
17.71458616	42.7469112	-8.8079309	Mljet
17.82069025	42.63991068	-3.3465638	Mljet
17.76977972	42.74442922	-10.2106924	Mljet
18.43635552	42.24626589	-3.4663777	Mljet
18.07879256	42.49923436	-4.6024549	Mljet
17.85740445	42.71123558	-10.7340056	Mljet
17.22346225	42.80340651	-6.8422693	Mljet
18.00154635	42.65575712	-12.5958948	Mljet
18.19631111	42.40948944	-2.5405105	Mljet
18.27716711	42.41376808	-6.8660489	Mljet
17.58061509	42.7176122	-2.9654109	Mljet
18.05695198	42.63481386	-13.7676858	Mljet
17.54372212	42.84076937	-14.1752283	Mljet
17.94289827	42.67060727	-10.8650935	Mljet
17.95538005	42.60471931	-6.3112676	Mljet
17.87872297	42.60348646	-2.6287889	Mljet
18.35636875	42.29867739	-2.7685852	Mljet
18.42993188	42.268114	-4.7223379	Mljet
18.49132993	42.23020859	-5.5916922	Mljet
18.0553871	42.559537	-7.9425579	Mljet
17.2958096	42.84666643	-11.5575567	Mljet
17.98610386	42.55456321	-3.8962347	Mljet
17.74847103	42.67776479	-3.789718	Mljet
18.4354586	42.23863863	-2.8516956	Mljet
17.85741509	42.63268837	-4.2005767	Mljet
18.44227267	42.26488008	-5.1894344	Mljet
17.43334395	42.84977856	-14.1752288	Mljet
17.83619883	42.74056259	-12.3962674	Mljet
18.07999523	42.50609958	-5.1959978	Mljet
17.71350415	42.80081622	-13.5338709	Mljet
18.27003744	42.35608746	-1.9999993	Mljet
17.22946374	42.7545301	-1.9999993	Mljet
17.29368801	42.82962844	-9.8454694	Mljet
17.86029969	42.60902393	-2.3514641	Mljet
18.0994529	42.54194779	-8.9703839	Mljet
18.39799304	42.33042985	-7.5249589	Mljet
17.59164311	42.81283265	-12.1629876	Mljet
18.28263148	42.50365522	-14.1752288	Mljet
17.94266201	42.70586351	-13.6853465	Mljet
17.98447356	42.5314011	-1.9999495	Mljet
17.79042739	42.77899437	-13.8928543	Mljet
17.58539718	42.76602217	-7.6155283	Mljet
17.52749473	42.84209655	-14.1752307	Mljet
17.41301426	42.72790572	-2.0000008	Mljet
18.34596978	42.37513605	-7.82033	Mljet
18.30380977	42.41734669	-8.4955132	Mljet
17.6873305	42.71289296	-5.0057603	Mljet
17.67836576	42.70532173	-4.0745701	Mljet
17.30202851	42.75810158	-3.2650828	Mljet
17.53869353	42.71442633	-1.999992	Mljet
18.47630762	42.29834832	-9.6628327	Mljet
17.65046596	42.69759459	-2.6519842	Mljet
18.21626442	42.49144397	-9.9441641	Mljet
17.32946521	42.79209392	-6.9404789	Mljet
18.22833004	42.5308259	-13.6273836	Mljet
18.44163649	42.38622645	-14.1752278	Mljet
17.61395875	42.72914733	-4.7532127	Mljet
17.53282151	42.82803256	-12.8314348	Mljet
17.72244193	42.79292851	-13.1004431	Mljet
17.82620989	42.65117977	-4.5031599	Mljet
17.94321839	42.69173006	-12.5392112	Mljet
17.21080527	42.79415558	-5.8498211	Mljet
17.179696	42.85117431	-11.3692202	Mljet
18.08734785	42.54999512	-8.9370018	Mljet
17.61693993	42.74534449	-6.3065274	Mljet
18.1822898	42.41593562	-2.353222	Mljet
18.02203841	42.6629843	-14.1752283	Mljet
18.49381394	42.29502696	-10.4710616	Mljet
17.61923162	42.806696	-11.9988909	Mljet
18.44831526	42.3218968	-9.7734858	Mljet
17.5471195	42.82206089	-12.3641634	Mljet
17.26278911	42.79770357	-6.4896078	Mljet
17.33215456	42.82979539	-10.5316971	Mljet
17.79870077	42.76860481	-13.3335862	Mljet
17.64324937	42.73133454	-5.5935948	Mljet
17.33425728	42.78283956	-6.1547965	Mljet
17.63512264	42.70191167	-2.7133919	Mljet
18.01186153	42.63936856	-11.8196277	Mljet
18.41961323	42.30876475	-7.1525955	Mljet
17.96146305	42.62452664	-8.1656116	Mljet
18.23127402	42.51916309	-12.8566053	Mljet
18.11978283	42.47538859	-4.4312412	Mljet
17.74885836	42.68970326	-4.8076055	Mljet
18.30281214	42.42379651	-8.9170331	Mljet
18.46248041	42.29447518	-8.5490482	Mljet
18.30836101	42.39225049	-6.901951	Mljet
18.33981311	42.39729409	-9.1026479	Mljet
18.36898533	42.33092583	-5.8870364	Mljet
17.47938032	42.8216951	-11.7760923	Mljet
17.46759603	42.80620609	-10.154312	Mljet
17.76036366	42.67914546	-4.3565721	Mljet
17.71544717	42.71769785	-6.2556226	Mljet
17.81202757	42.7365368	-11.1411714	Mljet
17.73689357	42.74915097	-9.6608814	Mljet
18.20223309	42.43991599	-5.2155059	Mljet
17.95303236	42.69818902	-13.5307957	Mljet
18.27012009	42.51153295	-14.1752288	Mljet
18.45350218	42.30150424	-8.5545392	Mljet
17.17710679	42.79589491	-5.8385262	Mljet
17.22975668	42.87653051	-14.1752288	Mljet
18.04612084	42.64779925	-14.1752288	Mljet
18.23457571	42.52857719	-13.7574724	Mljet
17.70437888	42.73798572	-7.720462	Mljet
18.08536539	42.58939668	-11.8338755	Mljet
17.67437447	42.68675004	-2.319093	Mljet
17.66233192	42.80305731	-12.6018601	Mljet
17.68158643	42.73250883	-6.5673847	Mljet
18.20808423	42.47809311	-8.4945381	Mljet
17.15073471	42.78751191	-4.8578496	Mljet
18.13356258	42.43818031	-1.9999993	Mljet
17.34316736	42.82073494	-9.8729983	Mljet
17.7777143	42.77845053	-13.4461394	Mljet
17.84361194	42.69341365	-8.7129425	Mljet
18.12321613	42.56542233	-11.9065222	Mljet
18.20495621	42.46874739	-7.6080483	Mljet
17.66805411	42.70737604	-3.9526106	Mljet
18.39064101	42.28796361	-3.9461184	Mljet
17.16077143	42.79821569	-5.9806101	Mljet
17.9488655	42.70339505	-13.7339026	Mljet
17.57522874	42.71069678	-2.2130657	Mljet
17.90367592	42.60995943	-4.1687661	Mljet
18.41467053	42.26542196	-3.6475833	Mljet
17.69502444	42.75007983	-8.5125409	Mljet
18.29411676	42.41551274	-7.8393551	Mljet
17.65635124	42.68909534	-1.9999993	Mljet
17.78586537	42.77770275	-13.6197864	Mljet
17.40356041	42.76673006	-5.749115	Mljet
17.51870307	42.73792271	-3.9296087	Mljet
17.70836877	42.76098454	-9.8673299	Mljet
17.75487498	42.72365428	-7.9397044	Mljet
17.93693715	42.68683169	-11.8757342	Mljet
18.46166189	42.34282824	-12.0944993	Mljet
17.90639144	42.59190108	-2.8860247	Mljet
17.85839655	42.68176195	-8.3147286	Mljet
18.46702148	42.32911729	-11.3819361	Mljet
18.19374829	42.44721371	-5.3682271	Mljet
17.84014779	42.61976246	-2.4371228	Mljet
17.54313738	42.74123726	-4.6162393	Mljet
17.72614399	42.75582319	-9.9338742	Mljet
17.4240713	42.84022019	-13.1254793	Mljet
17.22343923	42.87079513	-13.5678948	Mljet
17.50575003	42.74274585	-4.2073606	Mljet
17.89748196	42.62234947	-4.9446206	Mljet
18.24482982	42.3719932	-1.9999993	Mljet
18.24719473	42.43347707	-6.9297791	Mljet
18.07934747	42.4776875	-2.8731936	Mljet
17.790375	42.78235852	-14.1752288	Mljet
18.08519608	42.52338495	-6.7940085	Mljet
18.07739258	42.62572876	-14.1752288	Mljet
18.35242195	42.42727114	-12.0545515	Mljet
17.28055904	42.85390547	-12.1960403	Mljet
17.34636289	42.79642705	-7.6441232	Mljet
18.31926349	42.45774413	-12.386991	Mljet
18.09252011	42.53918353	-8.3923975	Mljet
17.5512912	42.83536532	-13.7034383	Mljet
17.26511658	42.76363242	-3.1373089	Mljet
18.31523515	42.40044703	-7.9082629	Mljet
17.67640302	42.71694319	-5.0415293	Mljet
17.21105545	42.81843881	-8.2740469	Mljet
17.26474947	42.87460311	-14.1752298	Mljet
17.82423344	42.70078171	-8.5974514	Mljet
17.5756344	42.71628176	-2.7380633	Mljet
17.34846508	42.84091615	-11.8633618	Mljet
17.39608974	42.83164404	-11.8272166	Mljet
17.53653004	42.78286848	-8.4747484	Mljet
17.37355219	42.85355876	-13.4922752	Mljet
18.14998128	42.46733709	-5.0799527	Mljet
17.37403729	42.73118503	-1.9999993	Mljet
18.10336801	42.58573505	-12.5243997	Mljet
17.42653854	42.76131025	-5.3995525	Mljet
17.56410883	42.79759154	-10.2943753	Mljet
18.21733305	42.53811704	-13.7457581	Mljet
17.57707343	42.73775521	-4.8012554	Mljet
18.17576816	42.51235124	-9.8549247	Mljet
17.83303719	42.68568224	-7.6621159	Mljet
17.82033538	42.62402636	-1.9997434	Mljet
17.27845367	42.82339795	-9.1396293	Mljet
17.37889519	42.74129462	-3.0349246	Mljet
17.87306641	42.72007651	-12.0844175	Mljet
17.71213735	42.69189554	-3.8824051	Mljet
17.19380898	42.87185655	-13.5112972	Mljet
17.67689137	42.72577065	-5.8349981	Mljet
18.48645798	42.34562561	-13.7236839	Mljet
18.06661358	42.47990298	-2.4796502	Mljet
18.24156175	42.50771002	-12.4668929	Mljet
18.13111698	42.47622073	-4.9881629	Mljet
17.26219076	42.84057471	-10.7642627	Mljet
18.33053272	42.32679671	-3.3464104	Mljet
17.96769501	42.54950013	-2.5894973	Mljet
18.12960895	42.53513751	-9.7170026	Mljet
18.15707483	42.50984739	-8.8442858	Mljet
18.34653154	42.2960188	-1.9999895	Mljet
17.75494169	42.70904081	-6.6645753	Mljet
18.01045134	42.51859231	-2.4009265	Mljet
17.89495744	42.66901398	-8.7180118	Mljet
18.49154673	42.33963302	-13.5918528	Mljet
17.38869491	42.75699848	-4.6709414	Mljet
18.30266002	42.45009849	-10.9687703	Mljet
18.33232665	42.31547948	-2.6135159	Mljet
17.31504801	42.86740114	-13.7678846	Mljet
18.33034709	42.47321642	-14.1751389	Mljet
17.42949922	42.72656135	-2.0000003	Mljet
18.10865113	42.45646929	-2.411865	Mljet
18.43703453	42.34476066	-10.8272784	Mljet
17.78508681	42.70405837	-7.3884897	Mljet
17.20850691	42.78320828	-4.7451338	Mljet
17.49639947	42.77196666	-7.0115963	Mljet
17.44996474	42.75755561	-5.2178743	Mljet
18.47792378	42.33822197	-12.683762	Mljet
17.84054784	42.61430511	-2.0000061	Mljet
18.37949863	42.38498838	-10.4979295	Mljet
18.47622477	42.3238433	-11.5186641	Mljet
17.63210075	42.6948626	-1.9999998	Mljet
18.35983267	42.39609447	-10.1770811	Mljet
17.5856424	42.73705411	-4.8650164	Mljet
18.39919105	42.41114611	-13.5782395	Mljet
17.76664138	42.7332635	-9.1453384	Mljet
18.43058707	42.23487027	-2.2884124	Mljet
18.48999632	42.32953987	-12.7616839	Mljet
17.65696509	42.78930177	-11.2201199	Mljet
18.15223272	42.53485259	-10.670094	Mljet
18.32483481	42.36256849	-5.6620791	Mljet
17.22013718	42.7608719	-2.5811756	Mljet
17.30359762	42.74828685	-2.3704861	Mljet
17.52672387	42.78208384	-8.2532534	Mljet
17.43468272	42.76898166	-6.2209043	Mljet
17.35273931	42.86470263	-14.1752278	Mljet
17.67934471	42.68147605	-1.9999988	Mljet
17.48567986	42.72976951	-2.7679837	Mljet
17.38821923	42.72992597	-1.9999993	Mljet
18.03857386	42.64642817	-13.6925393	Mljet
17.87236925	42.73097804	-12.9625247	Mljet
17.70503032	42.80406987	-13.6273411	Mljet
18.46699039	42.28875964	-8.4033199	Mljet
18.30269465	42.44009066	-10.1868931	Mljet
18.26619297	42.36170497	-2.2496902	Mljet
17.93627771	42.67738827	-11.0705764	Mljet
17.44142507	42.78950646	-8.2978288	Mljet
17.3071363	42.8487297	-11.873012	Mljet
17.75264074	42.69709828	-5.5717078	Mljet
18.11048933	42.54040525	-9.3208304	Mljet
17.65977747	42.71138669	-4.1221048	Mljet
18.24783333	42.38857219	-3.4458084	Mljet
18.45172538	42.37432212	-13.8675237	Mljet
18.01110202	42.59440461	-8.2551875	Mljet
17.45087955	42.80632257	-10.0313712	Mljet
17.77438379	42.65502061	-2.8603514	Mljet
18.16279219	42.54604768	-12.0369544	Mljet
17.467561	42.72345375	-1.9999993	Mljet
17.92822352	42.66074035	-9.3660144	Mljet
17.57078381	42.75128726	-5.9921426	Mljet
18.48031686	42.20745878	-3.2707898	Mljet
17.83550076	42.7530064	-13.4164168	Mljet
17.89433312	42.59705362	-2.7188577	Mljet
18.37622755	42.27289353	-2.0000017	Mljet
17.78278289	42.74296352	-10.5730752	Mljet
18.42048802	42.27926818	-5.0100391	Mljet
18.0275475	42.60943977	-10.2487459	Mljet
17.17546737	42.84222001	-10.4522715	Mljet
18.28330867	42.45365916	-10.2924727	Mljet
17.41131268	42.80113386	-9.2030669	Mljet
17.23028147	42.83974096	-10.5055384	Mljet
18.1087668	42.59581867	-13.5840389	Mljet
18.36806361	42.38015743	-9.4758761	Mljet
17.37354131	42.73398728	-2.2555447	Mljet
17.42175865	42.81063511	-10.2225708	Mljet
17.28131967	42.8635421	-13.1622122	Mljet
17.5539265	42.75537357	-6.1243587	Mljet
18.37849708	42.43545321	-14.1752293	Mljet
17.86979542	42.64033343	-5.3303526	Mljet
18.46710987	42.30503731	-9.5983141	Mljet
17.67065102	42.71875201	-5.0362722	Mljet
17.46317842	42.74319929	-3.9097527	Mljet
18.18656032	42.46560052	-6.5181513	Mljet
17.43122319	42.85005561	-14.1752288	Mljet
17.70125605	42.70383479	-4.6157701	Mljet
18.40686144	42.28765528	-4.8526197	Mljet
18.34168969	42.34788196	-5.5548335	Mljet
18.20136656	42.47516588	-7.9354204	Mljet
18.00390751	42.54304446	-3.9123538	Mljet
17.69412546	42.75933532	-9.3029507	Mljet
17.62660418	42.78906799	-10.536013	Mljet
18.2559635	42.4694312	-10.1783294	Mljet
18.25014173	42.4218678	-6.1662118	Mljet
17.25834841	42.8277437	-9.46256	Mljet
17.90082074	42.58411336	-1.9999993	Mljet
17.72195958	42.77981453	-11.9285645	Mljet
18.42110716	42.29071755	-5.8965491	Mljet
18.06313119	42.47607355	-2.0002718	Mljet
17.59475913	42.70373735	-2.0000882	Mljet
17.29871229	42.80637117	-7.743284	Mljet
18.28593172	42.44163814	-9.4806315	Mljet
17.99630823	42.53098898	-2.584031	Mljet
17.70756575	42.80942699	-14.1752288	Mljet
17.95524981	42.57217716	-3.7525672	Mljet
17.25971655	42.75888923	-2.6011233	Mljet
17.5517211	42.80536011	-10.8451092	Mljet
18.14712671	42.49049152	-6.8401287	Mljet
17.96874067	42.54132019	-2.0000935	Mljet
18.48627436	42.21976676	-4.5263604	Mljet
17.28063054	42.87372698	-14.1752298	Mljet
18.23092681	42.53618198	-14.1752288	Mljet
18.01447414	42.58460898	-7.6527663	Mljet
18.43374058	42.35861624	-11.669084	Mljet
18.35186809	42.41307917	-10.9716216	Mljet
17.41474861	42.81116243	-10.2183037	Mljet
17.59588281	42.77761811	-8.8778137	Mljet
17.76851591	42.75565176	-11.1637618	Mljet
18.33434929	42.33896001	-4.4680987	Mljet
18.23729821	42.53219104	-14.1750989	Mljet
17.85321738	42.69094452	-8.8707804	Mljet
18.23181416	42.38020289	-1.9999983	Mljet
18.15043311	42.4391299	-2.8056565	Mljet
18.41528386	42.38211083	-12.3600628	Mljet
17.9423834	42.58139103	-3.8394822	Mljet
18.02029828	42.65690041	-13.6118821	Mljet
17.48819925	42.84530652	-14.1752293	Mljet
18.00887792	42.66855308	-13.9621619	Mljet
18.52319486	42.29596551	-12.3032874	Mljet
18.4997252	42.2764889	-9.4727831	Mljet
17.40448916	42.78984236	-8.0343994	Mljet
18.34106648	42.4409059	-12.4046106	Mljet
17.20230025	42.87803994	-14.1752307	Mljet
17.88280037	42.7276562	-13.1035037	Mljet
17.60097789	42.7216906	-3.7849866	Mljet
17.84616175	42.67891049	-7.5901911	Mljet
17.17788657	42.75736901	-2.0000008	Mljet
17.16311156	42.80886372	-7.0558106	Mljet
17.94006116	42.65377536	-9.4038147	Mljet
17.34063705	42.76967136	-5.0293015	Mljet
18.35160573	42.456548	-14.1752283	Mljet
18.27504246	42.39348021	-5.1731709	Mljet
18.03037213	42.54889503	-5.7838328	Mljet
17.93332449	42.56364167	-1.9999993	Mljet
17.2449545	42.80337584	-6.9573632	Mljet
18.30085334	42.3374955	-2.4130511	Mljet
18.32036196	42.41233884	-9.0865242	Mljet
17.3530245	42.86009327	-13.7467146	Mljet
18.10096254	42.60908453	-14.1752356	Mljet
18.10194428	42.48152611	-4.1606277	Mljet
17.83149114	42.64453395	-4.1474453	Mljet
17.37109389	42.84118598	-12.2856902	Mljet
17.30256765	42.87251534	-14.1752327	Mljet
17.45577682	42.73176285	-2.7236175	Mljet
17.87484214	42.68784492	-9.4777776	Mljet
17.67125522	42.74201914	-7.1868294	Mljet
18.12248302	42.59388063	-14.1752288	Mljet
18.20916296	42.41123909	-3.3116902	Mljet
17.42243848	42.75080312	-4.3313658	Mljet
17.51631179	42.76280147	-6.2689395	Mljet
17.50454577	42.76393746	-6.2861053	Mljet
18.4324509	42.25757108	-4.0829583	Mljet
17.62346148	42.81545796	-12.8967903	Mljet
17.85612301	42.60680193	-1.9999993	Mljet
18.12109849	42.58665	-13.5435857	Mljet
18.17963916	42.41309646	-1.9994739	Mljet
17.20271394	42.83302318	-9.6837105	Mljet
18.11683568	42.5978713	-14.1752034	Mljet
18.25230705	42.45564079	-8.9177655	Mljet
17.44985547	42.81771543	-11.1462842	Mljet
17.48043028	42.84155173	-13.7424363	Mljet
17.70089323	42.72764324	-6.7056037	Mljet
17.54101628	42.76183862	-6.5428824	Mljet
18.10369426	42.45403603	-1.9999998	Mljet
18.2480434	42.49636976	-11.8980413	Mljet
18.3880344	42.26881959	-2.373701	Mljet
17.32716246	42.80491547	-8.1052072	Mljet
17.3761566	42.73090806	-1.9999993	Mljet
17.43517225	42.77929618	-7.2412897	Mljet
17.70477152	42.78049238	-11.4830567	Mljet
17.51396982	42.75327647	-5.3177637	Mljet
17.80267399	42.64675718	-3.2389632	Mljet
17.18664188	42.85942116	-12.2305208	Mljet
18.26009843	42.36235979	-2.0000008	Mljet
18.47774226	42.27677735	-8.174178	Mljet
17.59690731	42.76042261	-7.2581801	Mljet
17.83581626	42.63120036	-3.2135135	Mljet
18.50927618	42.29852355	-11.6544519	Mljet
17.92027921	42.72252398	-14.175218	Mljet
17.95967306	42.70222106	-14.1752288	Mljet
17.68795714	42.7219887	-5.8266507	Mljet
17.45511324	42.78389504	-7.8548106	Mljet
18.1438863	42.5595698	-12.3218357	Mljet
18.21124128	42.4955586	-10.0204494	Mljet
17.99794462	42.62975753	-10.3780777	Mljet
18.4447539	42.21931172	-1.9999964	Mljet
18.25499671	42.48057384	-11.0034847	Mljet
18.0155031	42.52704917	-3.317637	Mljet
18.25603891	42.445413	-8.3009177	Mljet
17.38452105	42.7530019	-4.2333902	Mljet
18.40150172	42.41739759	-14.1752288	Mljet
17.68449695	42.76614528	-9.6929806	Mljet
18.29339889	42.40436037	-6.9309467	Mljet
17.63804152	42.71452232	-3.9354329	Mljet
18.40184403	42.31516504	-6.6103833	Mljet
17.32000228	42.84211902	-11.4774351	Mljet
17.70988863	42.80001814	-13.3610227	Mljet
17.5466297	42.72656108	-3.2741184	Mljet
18.02048123	42.57063688	-6.9086483	Mljet
18.21229113	42.3995999	-2.554782	Mljet
17.49470802	42.8340861	-13.1211922	Mljet
18.41142584	42.30003507	-6.034472	Mljet
18.05294005	42.64298638	-14.1753704	Mljet
17.90296823	42.64858255	-7.3419436	Mljet
17.42633405	42.83522521	-12.683763	Mljet
17.69144906	42.76184568	-9.4496945	Mljet
17.92757341	42.68747739	-11.5556411	Mljet
17.92634298	42.63972124	-7.6234283	Mljet
18.46255997	42.36149528	-13.5341272	Mljet
17.62051979	42.7052665	-2.7026917	Mljet
17.2432146	42.75965205	-2.5864109	Mljet
18.3962381	42.30413323	-5.4689825	Mljet
18.32518151	42.46995014	-13.6350022	Mljet
17.49890915	42.75275598	-5.1389114	Mljet
17.28109032	42.79134226	-6.0213474	Mljet
17.44893238	42.72497533	-1.9999993	Mljet
17.35044908	42.77869333	-6.0492151	Mljet
18.18279994	42.45329156	-5.3548462	Mljet
18.16948105	42.55959632	-13.4284256	Mljet
17.28399397	42.83776539	-10.6039761	Mljet
18.19497731	42.48755206	-8.6668856	Mljet
17.38351479	42.74622128	-3.5675594	Mljet
18.36540368	42.2812349	-2.0000511	Mljet
17.37013779	42.86145783	-14.1752283	Mljet
18.09556637	42.53391304	-8.1484114	Mljet
17.31372948	42.78780368	-6.2613291	Mljet
18.1097823	42.47034638	-3.5894378	Mljet
17.60192724	42.83233723	-14.1752303	Mljet
18.06961757	42.4802526	-2.6619973	Mljet
17.31921725	42.75579447	-3.3497376	Mljet
17.78026384	42.766118	-12.4326482	Mljet
18.29841154	42.40616742	-7.3540439	Mljet
18.01468072	42.62185412	-10.5849812	Mljet
17.48528572	42.8100522	-10.6758015	Mljet
18.08656587	42.51531005	-6.2461328	Mljet
17.92882698	42.6698556	-10.1418672	Mljet
17.28115848	42.8035529	-7.1746101	Mljet
18.47365433	42.31632504	-10.8145364	Mljet
17.51983871	42.76546244	-6.5657108	Mljet
18.04744747	42.58414451	-9.391105	Mljet
18.03119603	42.60269948	-9.9310177	Mljet
17.26908861	42.86908574	-13.6482713	Mljet
17.40349383	42.85523349	-14.1752288	Mljet
17.65603554	42.72298104	-5.1053958	Mljet
18.52135413	42.314318	-13.5324612	Mljet
18.34881297	42.3290313	-4.5742764	Mljet
17.32578595	42.74631641	-2.5745179	Mljet
17.57679359	42.70801188	-1.9991316	Mljet
18.00347555	42.67466794	-14.1752288	Mljet
18.27015542	42.44944378	-9.3132222	Mljet
18.09148404	42.56183164	-10.062018	Mljet
17.87229431	42.7454381	-14.1752542	Mljet
17.6009979	42.75916135	-7.228002	Mljet
17.25274716	42.81539885	-8.1998547	Mljet
17.96163523	42.66344336	-11.2279671	Mljet
18.09041642	42.52327245	-7.0603777	Mljet
17.59307374	42.80248048	-11.1999068	Mljet
18.42165874	42.40160036	-14.1755384	Mljet
17.60388461	42.74135412	-5.6549761	Mljet
17.87780986	42.74294102	-14.1748538	Mljet
17.53240269	42.79153771	-9.2366512	Mljet
17.66226762	42.6871678	-1.9993636	Mljet
17.85577629	42.70144151	-9.8485773	Mljet
18.25575914	42.40793676	-5.3528252	Mljet
17.76986725	42.64682142	-1.9999988	Mljet
18.05910716	42.48517913	-2.4765042	Mljet
17.97103444	42.6527112	-10.8498694	Mljet
17.23447977	42.77376019	-3.9454207	Mljet
17.61676805	42.71705951	-3.7040569	Mljet
17.73458633	42.69618187	-4.920146	Mljet
17.84740885	42.68652388	-8.2776634	Mljet
18.21594305	42.42547909	-4.761304	Mljet
17.76597745	42.70527001	-6.7659882	Mljet
17.35116769	42.80843046	-8.8566509	Mljet
17.51037398	42.75235077	-5.1909339	Mljet
17.980227	42.58152865	-5.7199781	Mljet
17.46606973	42.84711186	-14.1752278	Mljet
18.02403766	42.58311025	-8.0514061	Mljet
17.9538844	42.55814099	-2.5845056	Mljet
17.52222716	42.81444374	-11.4063213	Mljet
18.33111275	42.46724761	-13.7771399	Mljet
17.886141	42.59536099	-2.2511404	Mljet
18.18949095	42.43499165	-4.2008921	Mljet
17.54520259	42.82274323	-12.4098118	Mljet
17.88023845	42.63131343	-4.9990938	Mljet
17.74397755	42.69100286	-4.7394261	Mljet
17.63970406	42.77527623	-9.5541071	Mljet
17.61518142	42.79830457	-11.1390308	Mljet
17.66394898	42.7048543	-3.6131809	Mljet
17.49239353	42.7841541	-8.1803724	Mljet
17.15334138	42.75871685	-2.0000003	Mljet
17.56122141	42.83716171	-14.015429	Mljet
17.24832989	42.87550803	-14.1752298	Mljet
17.68115588	42.74052395	-7.2658721	Mljet
18.21538885	42.4574486	-7.2378564	Mljet
17.5196006	42.72112167	-2.3462332	Mljet
18.45302305	42.37745958	-14.1752293	Mljet
17.80517079	42.69621968	-7.4909807	Mljet
17.9852612	42.60625429	-7.9078375	Mljet
17.25776501	42.85025561	-11.706177	Mljet
18.48051985	42.33478824	-12.5772127	Mljet
18.05207684	42.53197702	-5.6635071	Mljet
18.45880158	42.22671662	-3.3837556	Mljet
17.81318667	42.65212543	-4.0888548	Mljet
18.47580417	42.1981335	-2.3195999	Mljet
18.40122938	42.25361742	-1.9999988	Mljet
18.39325177	42.35993784	-9.4443537	Mljet
18.37397746	42.29275028	-3.3474129	Mljet
17.34168543	42.75167005	-3.3563968	Mljet
17.50407186	42.73504928	-3.4363723	Mljet
17.51032832	42.84349949	-14.1752288	Mljet
17.85949374	42.73918405	-13.1637454	Mljet
17.97317456	42.67019569	-12.3277796	Mljet
17.76225373	42.66697486	-3.4051463	Mljet
18.50086505	42.24989579	-7.6006058	Mljet
17.92304669	42.6500359	-8.2703196	Mljet
17.910437	42.66584611	-9.0740463	Mljet
17.24123531	42.82810694	-9.4046555	Mljet
17.52441998	42.77497224	-7.5397293	Mljet
17.61197646	42.81662735	-12.833345	Mljet
17.6353746	42.82213268	-13.7667903	Mljet
17.4375556	42.82993052	-12.2518035	Mljet
17.85296571	42.66763159	-6.9242742	Mljet
17.75413147	42.71203534	-6.89292	Mljet
18.12979822	42.44749279	-2.5947312	Mljet
17.79796959	42.77893692	-14.175368	Mljet
17.39332816	42.77132108	-6.1091404	Mljet
17.3048287	42.85280047	-12.2195647	Mljet
18.13948026	42.51789704	-8.7398925	Mljet
17.42873798	42.8000851	-9.2384768	Mljet
17.36776182	42.80199592	-8.5429965	Mljet
17.77806729	42.67151095	-4.3860598	Mljet
17.21828991	42.8316662	-9.6337735	Mljet
18.17179372	42.44486225	-4.1941575	Mljet
17.81010923	42.70705646	-8.589366	Mljet
17.87166654	42.71124745	-11.2950371	Mljet
17.6146342	42.8257822	-13.7448186	Mljet
18.30782617	42.43414588	-9.9747644	Mljet
17.86622982	42.65325693	-6.2608503	Mljet
17.24573588	42.84042884	-10.6591555	Mljet
18.20597352	42.49943111	-10.1079406	Mljet
17.19056359	42.83924228	-10.2377786	Mljet
18.52854428	42.30699503	-13.4294949	Mljet
18.45099072	42.35443897	-12.3465657	Mljet
18.42063979	42.34873017	-10.1833086	Mljet
17.63034058	42.7476944	-6.8149229	Mljet
17.98855787	42.52880368	-1.9999993	Mljet
18.49631391	42.24050013	-6.641805	Mljet
18.0031212	42.55893951	-5.0817493	Mljet
18.02900246	42.628939	-11.8479217	Mljet
18.10606484	42.49194943	-5.1864856	Mljet
17.8244359	42.76701403	-14.1752288	Mljet
17.93161877	42.67859109	-10.9789129	Mljet
17.92947428	42.58982608	-3.8633806	Mljet
18.08966082	42.57755584	-11.1623919	Mljet
17.58702746	42.8347185	-14.1752278	Mljet
18.50777366	42.28465091	-10.5516724	Mljet
18.44983663	42.33523964	-10.852739	Mljet
17.67560515	42.78350554	-11.0943252	Mljet
17.67029467	42.81321556	-13.7096214	Mljet
17.5716392	42.71091947	-2.166803	Mljet
18.23225961	42.41385278	-4.6561387	Mljet
17.27600873	42.76246953	-3.2194641	Mljet
18.18344279	42.43812741	-4.1496873	Mljet
17.64956622	42.74332309	-6.8329956	Mljet
18.37745813	42.28103002	-2.6753133	Mljet
17.37979813	42.79433631	-8.0343475	Mljet
18.36787798	42.319521	-4.9791248	Mljet
17.61077317	42.78916964	-10.2030906	Mljet
17.34954994	42.83070872	-10.9226363	Mljet
18.38913798	42.34830431	-8.3445743	Mljet
17.35991808	42.82089264	-10.1816587	Mljet
17.51551722	42.83431427	-13.3113098	Mljet
17.78209611	42.7852518	-14.1752278	Mljet
18.34351208	42.45685907	-13.7281697	Mljet
17.36312328	42.73322574	-1.9998968	Mljet
18.19154851	42.53058894	-12.0200703	Mljet
17.38112183	42.80734672	-9.2804068	Mljet
17.93443264	42.60955757	-5.6561358	Mljet
18.01193308	42.55452954	-5.2202464	Mljet
18.37263472	42.30972946	-4.5317879	Mljet
17.85015298	42.65529862	-5.7876245	Mljet
17.74152375	42.6812439	-3.8185271	Mljet
18.00391284	42.56719748	-5.7665977	Mljet
18.32405402	42.47756016	-14.1752278	Mljet
18.08017697	42.53992202	-7.7830162	Mljet
17.90052596	42.63623393	-6.2190513	Mljet
17.72430249	42.68242493	-3.4046648	Mljet
17.79633217	42.66682642	-4.6849668	Mljet
17.4843556	42.74261319	-4.0224637	Mljet
18.09933124	42.53005878	-7.9972491	Mljet
17.70346624	42.78672649	-11.998888	Mljet
18.47550526	42.30876811	-10.375045	Mljet
18.08213875	42.51471798	-5.968815	Mljet
18.40380716	42.3986422	-12.9210843	Mljet
18.11986415	42.5904641	-13.7741048	Mljet
17.14412775	42.76440704	-2.5170901	Mljet
17.85561422	42.75295982	-14.1752698	Mljet
17.50604518	42.72635	-2.6372967	Mljet
18.42304945	42.39210889	-13.5483792	Mljet
17.80478643	42.75466548	-12.391512	Mljet
17.44424554	42.74390254	-3.8267591	Mljet
18.23917465	42.46721646	-9.1764876	Mljet
18.44217932	42.25441503	-4.4070542	Mljet
18.31323785	42.44531302	-11.1161868	Mljet
17.65011433	42.8164209	-13.5638802	Mljet
17.82666495	42.6209922	-1.9998933	Mljet
18.04368935	42.5713431	-8.2125847	Mljet
17.20386156	42.80863695	-7.2565125	Mljet
17.49764513	42.72742866	-2.632989	Mljet
18.18869826	42.55322685	-13.739346	Mljet
17.66384776	42.77172238	-9.7545755	Mljet
17.28345484	42.7999739	-6.874071	Mljet
18.15813691	42.49413172	-7.6115439	Mljet
17.83099228	42.66494279	-5.8413963	Mljet
17.76783747	42.78999853	-14.1752293	Mljet
18.01992457	42.64425132	-12.6010335	Mljet
17.64878117	42.69089594	-1.9999993	Mljet
18.45370356	42.27645373	-6.706637	Mljet
17.80027188	42.72827294	-10.0004574	Mljet
17.68718917	42.74352693	-7.7038315	Mljet
18.20698839	42.48677687	-9.1225186	Mljet
18.46034358	42.30856574	-9.4714782	Mljet
18.03906083	42.65226672	-14.1752107	Mljet
17.61733422	42.75784285	-7.4636329	Mljet
18.09397117	42.46492564	-2.4660818	Mljet
17.54239261	42.81225845	-11.359771	Mljet
17.9689643	42.59188865	-5.9759732	Mljet
18.43059371	42.29981541	-7.1164568	Mljet
17.46663686	42.81451723	-10.9659148	Mljet
18.30164478	42.47278411	-12.6951775	Mljet
18.36129699	42.34651944	-6.5936565	Mljet
18.29236792	42.49191082	-13.7355418	Mljet
17.78470034	42.7706256	-12.9729456	Mljet
17.95014035	42.66039242	-10.4208828	Mljet
18.13814316	42.48474089	-5.9845335	Mljet
18.27828584	42.48863556	-12.784114	Mljet
18.50954521	42.32707805	-13.7552742	Mljet
17.99796631	42.54739816	-3.924117	Mljet
17.29922113	42.84114028	-11.0250379	Mljet
18.04419452	42.64193255	-13.6230315	Mljet
17.50613757	42.8082161	-10.6627185	Mljet
17.2555871	42.7685879	-3.5456829	Mljet
18.32599502	42.45565984	-12.6216092	Mljet
17.16201747	42.76425647	-2.5999622	Mljet
17.26652657	42.75484593	-2.3363777	Mljet
17.62948413	42.82793072	-14.1752288	Mljet
18.40678535	42.37252428	-11.1600381	Mljet
17.73865575	42.78192048	-12.6048138	Mljet
17.41358609	42.82686409	-11.6849868	Mljet
18.33072113	42.38736437	-7.8393549	Mljet
17.78827392	42.75644678	-11.9154361	Mljet
18.38722859	42.31309587	-5.6192522	Mljet
18.2022718	42.54303875	-13.4960789	Mljet
17.32200986	42.85435025	-12.6628655	Mljet
18.03623565	42.51839457	-3.7749197	Mljet
18.03655929	42.49487267	-1.9999993	Mljet
17.67443954	42.81729527	-14.1752293	Mljet
17.53839683	42.83785775	-13.8451658	Mljet
17.53731044	42.77283291	-7.5321195	Mljet
17.62236631	42.7802489	-9.6328765	Mljet
17.60933141	42.77814504	-9.1546248	Mljet
18.08890502	42.49334332	-4.5594104	Mljet
17.26279366	42.85875205	-12.5819866	Mljet
18.04527062	42.54820305	-6.5336082	Mljet
18.28530146	42.4686542	-11.5651636	Mljet
17.79992558	42.74474825	-11.373023	Mljet
17.68902197	42.69408204	-3.3961072	Mljet
17.73112741	42.79933704	-13.9213142	Mljet
17.5803353	42.77588677	-8.4766512	Mljet
17.31400714	42.87188291	-14.1752288	Mljet
18.41341735	42.40804118	-14.1752962	Mljet
17.26456811	42.76899797	-3.6360481	Mljet
17.43865755	42.72895252	-2.3091365	Mljet
18.29890169	42.35404715	-3.5245393	Mljet
18.03344988	42.6216335	-11.4966565	Mljet
17.24531386	42.78830343	-5.4556724	Mljet
18.09541921	42.4738596	-3.2553318	Mljet
18.42547929	42.23491123	-2.0000003	Mljet
17.28883641	42.7683674	-3.9985076	Mljet
17.277074	42.81253094	-8.0476557	Mljet
18.10439395	42.50548401	-6.2156735	Mljet
18.49040035	42.30977887	-11.3432378	Mljet
17.6257174	42.80179779	-11.6862981	Mljet
18.07450991	42.49037655	-3.6969558	Mljet
17.59200012	42.75024403	-6.2156322	Mljet
17.41337646	42.77452121	-6.5956715	Mljet
18.4721093	42.24324294	-5.3886155	Mljet
18.09859024	42.52038944	-7.1782768	Mljet
17.7605758	42.72070692	-7.8593324	Mljet
18.49992555	42.34073464	-14.1752376	Mljet
18.27745074	42.43555897	-8.5860383	Mljet
17.77189764	42.71539745	-7.8419713	Mljet
18.47747197	42.3586283	-14.1752298	Mljet
17.34413897	42.74178245	-2.4706004	Mljet
18.02166252	42.61138245	-10.1081488	Mljet
17.88041918	42.67438136	-8.5824696	Mljet
18.02968094	42.56006328	-6.5980508	Mljet
17.20296142	42.86269106	-12.646429	Mljet
17.98259114	42.68085234	-13.6292454	Mljet
17.18405416	42.80987573	-7.2714938	Mljet
17.53868077	42.81156517	-11.2547735	Mljet
17.78455626	42.68048207	-5.3862356	Mljet
17.77291185	42.74243859	-10.1541385	Mljet
18.01484799	42.60304448	-9.1174472	Mljet
17.9046029	42.61644506	-4.7394265	Mljet
17.43162713	42.84621468	-13.809971	Mljet
18.00738254	42.56417718	-5.7101455	Mljet
17.27887156	42.74895695	-2.0000281	Mljet
17.48511716	42.72201819	-2.000074	Mljet
17.57187408	42.81582484	-12.147055	Mljet
18.38107639	42.36036603	-8.7676899	Mljet
18.44446608	42.24024035	-3.5096184	Mljet
17.90895009	42.7191085	-13.438532	Mljet
18.2428592	42.39869028	-3.9922669	Mljet
17.99498519	42.52426232	-1.9999964	Mljet
18.31217758	42.32301776	-1.9999983	Mljet
17.79535279	42.71555752	-8.7446483	Mljet
17.63037357	42.72651542	-4.8697393	Mljet
17.41903444	42.7316106	-2.4132908	Mljet
18.29575691	42.49538883	-14.1752293	Mljet
18.0696003	42.51227544	-5.1063296	Mljet
18.2302994	42.42978487	-5.8068975	Mljet
18.09627422	42.60756881	-13.8071175	Mljet
17.57444929	42.80721754	-11.3673164	Mljet
18.06601241	42.62542649	-13.5393616	Mljet
17.97878703	42.62708021	-9.2216679	Mljet
18.17477993	42.56596136	-14.1752288	Mljet
17.53508203	42.81945139	-12.0036919	Mljet
17.54684106	42.79183371	-9.4841983	Mljet
18.11414445	42.57976964	-12.6507991	Mljet
17.73863314	42.67992749	-3.6055515	Mljet
17.82431765	42.62592829	-2.3153938	Mljet
17.89917167	42.72860409	-13.8366048	Mljet
17.39638649	42.79760374	-8.6326377	Mljet
17.71743409	42.80676932	-14.1750579	Mljet
18.11182077	42.57186881	-11.9228108	Mljet
17.85459033	42.74894324	-13.7985681	Mljet
17.57216135	42.70907134	-1.9999993	Mljet
18.42633369	42.24627146	-2.8928401	Mljet
17.42025499	42.82260056	-11.3901426	Mljet
17.30700618	42.81345559	-8.5546801	Mljet
18.42933844	42.37542289	-12.6671048	Mljet
17.88896367	42.59097648	-1.9997708	Mljet
17.86355509	42.70724959	-10.6383052	Mljet
18.31970526	42.32229166	-2.3838055	Mljet
17.59131159	42.74103415	-5.3507989	Mljet
18.02751708	42.61899638	-10.9947439	Mljet
18.2744884	42.35261842	-1.9996526	Mljet
18.31006005	42.48637833	-14.1752293	Mljet
17.34266628	42.73704765	-2.0000003	Mljet
17.31127909	42.83107269	-10.2858035	Mljet
18.0454689	42.62220262	-12.187242	Mljet
17.41851762	42.84805829	-13.7643514	Mljet
18.33866579	42.46669421	-14.1752366	Mljet
18.03610606	42.61301283	-10.9820843	Mljet
18.13788478	42.58551345	-14.1752288	Mljet
18.36399012	42.31091217	-4.1163653	Mljet
17.56629465	42.73177049	-4.0683609	Mljet
17.35087241	42.84930802	-12.6947014	Mljet
17.56280621	42.71056801	-2.000097	Mljet
18.02108028	42.50581803	-1.9999993	Mljet
18.08048973	42.61681713	-13.6622996	Mljet
17.77753812	42.75190073	-11.1250501	Mljet
18.49450914	42.253617	-7.4905053	Mljet
18.17645648	42.54103694	-12.2188694	Mljet
18.2240755	42.52204766	-12.7294241	Mljet
18.23759552	42.48683602	-10.6356118	Mljet
17.5574555	42.74480036	-5.1726929	Mljet
17.1898936	42.80110832	-6.4287386	Mljet
17.80453042	42.67595465	-5.7631392	Mljet
18.03820075	42.6314461	-12.5011956	Mljet
17.43431712	42.73775828	-3.1416658	Mljet
18.40845373	42.25495293	-2.5132923	Mljet
17.60383943	42.77479708	-8.7306681	Mljet
18.46128653	42.28240182	-7.5963473	Mljet
17.98239263	42.64430462	-10.7511834	Mljet
18.22854997	42.40214566	-3.5565032	Mljet
18.35945592	42.28585386	-2.000222	Mljet
17.31104279	42.86572057	-13.5436233	Mljet
17.99943691	42.58917543	-7.2689419	Mljet
18.44636954	42.27661045	-6.2953142	Mljet
17.8196948	42.74841283	-12.4307464	Mljet
18.15846833	42.57460709	-14.1752288	Mljet
18.23628797	42.38324816	-2.4591858	Mljet
18.47289114	42.25541267	-6.323631	Mljet
18.33343055	42.42513675	-10.7932928	Mljet
17.46647309	42.75741953	-5.3372495	Mljet
18.10643248	42.56679279	-11.2462491	Mljet
18.25545355	42.52076521	-14.1752312	Mljet
17.71042715	42.67111996	-1.9999993	Mljet
18.05232829	42.48371877	-1.9999905	Mljet
18.20444291	42.55023237	-14.1752288	Mljet
18.25212757	42.37245177	-2.3961682	Mljet
18.26496463	42.4917049	-12.3673152	Mljet
18.31331616	42.38159328	-6.4009375	Mljet
17.52568458	42.76234808	-6.358352	Mljet
18.4292929	42.33399746	-9.5833586	Mljet
17.55351205	42.83996826	-14.1752288	Mljet
17.70120217	42.7144845	-5.5536448	Mljet
17.60856219	42.80236327	-11.424387	Mljet
17.67403282	42.69711351	-3.2232713	Mljet
18.28665527	42.42486579	-8.2031843	Mljet
17.53702125	42.80111907	-10.2182791	Mljet
17.15940211	42.77743181	-3.8997625	Mljet
17.39703581	42.84696601	-13.2844373	Mljet
17.96781994	42.69285776	-13.8423123	Mljet
18.0644761	42.49618679	-3.6043494	Mljet
18.0474639	42.60494484	-10.9782793	Mljet
17.92442762	42.71249904	-13.5081546	Mljet
18.46403923	42.31933103	-10.4835852	Mljet
17.91061101	42.62431172	-5.6373897	Mljet
17.17409057	42.77009537	-3.2484368	Mljet
17.99842562	42.64278512	-11.4239124	Mljet
18.28742082	42.34246159	-2.0000305	Mljet
18.03579348	42.63747247	-12.8528709	Mljet
18.09153987	42.5103008	-6.0530166	Mljet
17.16647152	42.78857939	-5.0504656	Mljet
17.67052344	42.7549831	-8.3620138	Mljet
18.14130452	42.52997667	-9.8016579	Mljet
18.28673964	42.47920609	-12.4626116	Mljet
17.73303612	42.66832957	-2.4186121	Mljet
18.47428799	42.19500001	-1.9999993	Mljet
17.81085836	42.77313187	-14.1752215	Mljet
17.95950921	42.67728832	-12.2097137	Mljet
18.41372801	42.24397718	-2.0000056	Mljet
17.65505859	42.75389139	-7.9240103	Mljet
17.97467389	42.6156689	-8.1232839	Mljet
18.3274722	42.375085	-6.7416813	Mljet
18.27216385	42.36048371	-2.4489593	Mljet
18.11050824	42.5647851	-11.3064402	Mljet
17.98171106	42.5956807	-6.9031453	Mljet
17.82583384	42.67700676	-6.6596985	Mljet
17.18064371	42.78187496	-4.4593018	Mljet
17.20592809	42.75582668	-1.9999998	Mljet
17.91751118	42.63858747	-7.098414	Mljet
17.78814498	42.6575822	-3.5975227	Mljet
18.06621875	42.59762561	-11.4300957	Mljet
18.28189662	42.38059949	-4.5035257	Mljet
17.70871911	42.78977041	-12.4181121	Mljet
18.48743518	42.23374674	-5.6159475	Mljet
17.38618301	42.776908	-6.5086387	Mljet
18.19010471	42.55783635	-14.1752293	Mljet
18.27812432	42.35968358	-2.7341297	Mljet
17.75957804	42.77710382	-12.7943387	Mljet
18.37416881	42.35373966	-7.875959	Mljet
17.75883259	42.7217696	-7.8897667	Mljet
17.56417562	42.76353276	-7.0560491	Mljet
18.11160298	42.55362024	-10.4446612	Mljet
17.71631983	42.70555151	-5.2097903	Mljet
17.1917402	42.82165018	-8.4885405	Mljet
17.32689467	42.77435494	-5.2283377	Mljet
17.74595007	42.70393455	-5.9379261	Mljet
18.07059508	42.52493565	-6.1245334	Mljet
17.27110681	42.77338687	-4.158877	Mljet
18.08618632	42.46332621	-1.9999988	Mljet
17.98502545	42.65636622	-11.8276924	Mljet
18.23277816	42.44410095	-7.0503432	Mljet
17.66700362	42.73261457	-6.2299339	Mljet
17.43545283	42.81074979	-10.3438316	Mljet
17.96002446	42.58677912	-5.1335757	Mljet
17.24802303	42.75350636	-1.9999993	Mljet
17.76425213	42.73298875	-9.0388026	Mljet
17.98870541	42.68396143	-14.1752288	Mljet
18.21626156	42.44564618	-6.3564826	Mljet
17.7343201	42.71213115	-6.3191149	Mljet
18.16707449	42.47964729	-6.8191731	Mljet
17.8093053	42.62901823	-2.0000042	Mljet
17.52596521	42.80336925	-10.3448272	Mljet
18.36652132	42.29815277	-3.3205408	Mljet
17.71396295	42.77239999	-11.0391863	Mljet
17.9610056	42.64883502	-10.0503943	Mljet
18.50628376	42.26107984	-8.7420326	Mljet
17.40540755	42.79643481	-8.6810879	Mljet
18.18473572	42.49496486	-8.8276394	Mljet
18.00785704	42.57861744	-6.8569435	Mljet
17.78744108	42.69116018	-6.3933073	Mljet
17.61359441	42.7883709	-10.1875738	Mljet
17.60125478	42.71027181	-2.7419178	Mljet
17.58298935	42.78676348	-9.5514956	Mljet
17.3782996	42.73536848	-2.4565706	Mljet
17.99564077	42.57548597	-6.0078518	Mljet
18.1712123	42.43510096	-3.3754217	Mljet
17.73847161	42.6609853	-1.9999993	Mljet
17.44442503	42.84552919	-13.8451668	Mljet
18.06001442	42.57163257	-9.1139482	Mljet
17.48461628	42.75990994	-5.7286656	Mljet
18.17611331	42.42297266	-2.6011712	Mljet
17.65468875	42.77993676	-10.3095945	Mljet
17.43052325	42.81934273	-11.1513968	Mljet
18.09807523	42.54489252	-9.1265644	Mljet
18.39732633	42.27630871	-3.4628098	Mljet
17.86574136	42.71821579	-11.6376592	Mljet
17.98264969	42.539222	-2.5223763	Mljet
17.69135734	42.68036493	-2.2549192	Mljet
17.24329771	42.87146943	-13.7443391	Mljet
17.30851215	42.82268573	-9.448756	Mljet
17.63634934	42.76126286	-8.1929573	Mljet
18.32838626	42.31028171	-2.0000003	Mljet
18.52921918	42.31665568	-14.1752278	Mljet
18.21536271	42.43571953	-5.5346199	Mljet
18.06286357	42.61266646	-12.3965037	Mljet
17.63968902	42.79705383	-11.5556485	Mljet
17.56282752	42.77421047	-8.0509927	Mljet
18.2915021	42.38105591	-5.0934185	Mljet
17.51863562	42.79497504	-9.458279	Mljet
17.21214386	42.76842942	-3.2910013	Mljet
18.18533301	42.42566041	-3.2649065	Mljet
17.99248466	42.67033123	-13.2920486	Mljet
17.78757521	42.63882922	-1.9999969	Mljet
17.32554199	42.74024613	-1.9999993	Mljet
17.73672233	42.73986202	-8.8362009	Mljet
18.4659947	42.36746962	-14.1752273	Mljet
17.19186599	42.7739142	-3.7267669	Mljet
17.84299254	42.72750304	-11.555656	Mljet
