15.45598701	37.42100001	-7	Ortigia
15.72905811	37.12744175	-15.5240419	Ortigia
15.47348114	37.42201451	-17.3612598	Ortigia
15.71173144	37.14155949	-12.4255232	Ortigia
15.70915401	37.14780446	-13.9757672	Ortigia
15.57994063	37.28189632	-8.5824951	Ortigia
15.64311452	37.22022229	-12.6410466	Ortigia
15.45664217	37.42136657	-7.544647	Ortigia
15.69138245	37.16976726	-14.5647172	Ortigia
15.48856269	37.38526415	-8.1624043	Ortigia
15.49305004	37.3987938	-17.2856355	Ortigia
15.6828187	37.16815733	-8.9750274	Ortigia
15.57854169	37.30411637	-18.7926987	Ortigia
15.49412119	37.39453849	-15.8002337	Ortigia
15.70038033	37.17440046	-21.8540205	Ortigia
15.72519063	37.11875116	-9.2071182	Ortigia
15.64151225	37.23111528	-17.3770259	Ortigia
15.45823542	37.42225798	-8.8691309	Ortigia
15.67630278	37.19078858	-16.6295869	Ortigia
15.61302297	37.25860791	-15.7101	Ortigia
15.54353154	37.33449656	-13.7523901	Ortigia
15.53614906	37.3557664	-20.1353667	Ortigia
15.54194131	37.32975022	-10.5978223	Ortigia
15.68479305	37.18131841	-16.6129536	Ortigia
15.5153087	37.36612899	-13.6657417	Ortigia
15.59926946	37.26825566	-12.6232533	Ortigia
15.4946019	37.40526804	-21.3086602	Ortigia
15.51645815	37.35547713	-9.0532593	Ortigia
15.67370626	37.19373123	-16.6535982	Ortigia
15.73005619	37.10932512	-7.4827554	Ortigia
15.45929265	37.42284946	-9.7479942	Ortigia
15.58141177	37.29093333	-13.879266	Ortigia
15.60868724	37.24561651	-7	Ortigia
15.59090612	37.2910627	-19.2029243	Ortigia
15.46039454	37.42346593	-10.6639917	Ortigia
15.70506714	37.16893123	-21.8540215	Ortigia
15.50638966	37.36940588	-10.3270791	Ortigia
15.57488541	37.30205389	-15.7445309	Ortigia
15.68912644	37.17258232	-14.6605458	Ortigia
15.63169299	37.24952823	-21.5163154	Ortigia
15.53499501	37.33880602	-11.1328257	Ortigia
15.6509452	37.20105205	-7.3833399	Ortigia
15.60938286	37.25382635	-11.3626001	Ortigia
15.50152407	37.37987391	-12.7512887	Ortigia
15.53985851	37.35000564	-19.355916	Ortigia
15.59420665	37.27216588	-11.6604473	Ortigia
15.46153367	37.42410322	-11.6109356	Ortigia
15.52333105	37.35389474	-12.09176	Ortigia
15.58341798	37.2998989	-19.4344834	Ortigia
15.72407026	37.13653287	-17.0210493	Ortigia
15.56613679	37.32078232	-20.0328858	Ortigia
15.72849384	37.13428236	-18.4546162	Ortigia
15.63526696	37.23759332	-17.316582	Ortigia
15.50159584	37.39839399	-21.8540142	Ortigia
15.70422176	37.1398698	-7.380582	Ortigia
15.53922451	37.35340394	-20.6790449	Ortigia
15.55413963	37.31006019	-8.1388701	Ortigia
15.53766992	37.32806377	-7.3817901	Ortigia
15.7122875	37.15034459	-16.9614815	Ortigia
15.59082904	37.28069832	-14.0204603	Ortigia
15.46262812	37.42471553	-12.5207448	Ortigia
15.48391402	37.39814695	-11.8763709	Ortigia
15.46203096	37.4159856	-8.0224707	Ortigia
15.49736273	37.38593675	-13.3979627	Ortigia
15.70913435	37.1426699	-11.4909744	Ortigia
15.68994014	37.16716679	-12.5014009	Ortigia
15.55516701	37.31420084	-10.7011458	Ortigia
15.49993111	37.37302086	-8.5101631	Ortigia
15.64839135	37.21028642	-10.3977293	Ortigia
15.46405764	37.42551524	-13.7090664	Ortigia
15.7381968	37.11653238	-15.5128241	Ortigia
15.59564154	37.28476191	-18.7019966	Ortigia
15.47112296	37.40718238	-8.9608086	Ortigia
15.57174729	37.31507546	-20.3984116	Ortigia
15.6773521	37.17083906	-7.2823838	Ortigia
15.60903966	37.24657767	-7.6809131	Ortigia
15.55202842	37.33624335	-19.389188	Ortigia
15.55053474	37.31192633	-7.0000137	Ortigia
15.46522659	37.42616915	-14.6807667	Ortigia
15.67875445	37.19703586	-21.0835195	Ortigia
15.73447464	37.11622784	-13.2618983	Ortigia
15.61281184	37.26175268	-17.1053765	Ortigia
15.54875007	37.34421324	-21.4401177	Ortigia
15.48828368	37.39982789	-15.135697	Ortigia
15.55494601	37.33590632	-20.8780362	Ortigia
15.69793954	37.17723957	-21.8539219	Ortigia
15.67777663	37.19299402	-18.5420381	Ortigia
15.54887599	37.33748761	-18.1962185	Ortigia
15.58742657	37.27595068	-9.7812642	Ortigia
15.4662764	37.42675643	-15.5534403	Ortigia
15.49163386	37.40332514	-18.7068955	Ortigia
15.65050723	37.20861697	-10.7784509	Ortigia
15.58814568	37.27699034	-10.6950347	Ortigia
15.50161134	37.39572472	-20.5566138	Ortigia
15.56744727	37.3175091	-19.2051265	Ortigia
15.47346196	37.40147209	-7.559919	Ortigia
15.46740814	37.4273895	-16.4941948	Ortigia
15.71156035	37.13148028	-7.5424224	Ortigia
15.66099399	37.19658532	-10.8806128	Ortigia
15.56054672	37.33128452	-21.8540215	Ortigia
15.72708831	37.11489204	-8.447687	Ortigia
15.59632476	37.2619483	-7.9314712	Ortigia
15.47542293	37.41645654	-15.8087439	Ortigia
15.58364306	37.27855841	-8.9782149	Ortigia
15.63698943	37.24459054	-21.8540215	Ortigia
15.46893077	37.42824124	-17.7598814	Ortigia
15.5059903	37.37421475	-12.4743865	Ortigia
15.64376618	37.23743328	-21.8540254	Ortigia
15.73452192	37.13108621	-20.346957	Ortigia
15.71375351	37.14658036	-15.9727571	Ortigia
15.6183991	37.25767995	-18.286159	Ortigia
15.74547675	37.11796505	-20.312916	Ortigia
15.57802508	37.30656111	-19.7065679	Ortigia
15.49493467	37.37562932	-6.9999932	Ortigia
15.61050547	37.25925995	-14.6088157	Ortigia
15.47037896	37.42905132	-18.9636758	Ortigia
15.56035072	37.31360082	-13.3346769	Ortigia
15.49243915	37.40383926	-19.4062578	Ortigia
15.61590487	37.24093987	-8.5151841	Ortigia
15.67220779	37.19239841	-15.1666384	Ortigia
15.66554813	37.20902506	-19.4313457	Ortigia
15.68312287	37.17226294	-11.1827175	Ortigia
15.66649885	37.19426346	-12.8572887	Ortigia
15.69001346	37.16043956	-9.3023745	Ortigia
15.49437726	37.37982246	-8.741481	Ortigia
15.73419613	37.13421008	-21.6466836	Ortigia
15.70146388	37.15881055	-14.9540575	Ortigia
15.69831171	37.15438363	-11.050042	Ortigia
15.66027638	37.21999792	-21.8540215	Ortigia
15.52038748	37.36565582	-16.2539778	Ortigia
15.6244987	37.24132975	-13.3866458	Ortigia
15.59541123	37.28904604	-20.6985786	Ortigia
15.50933102	37.36417673	-9.3824453	Ortigia
15.58950983	37.27771725	-11.8113115	Ortigia
15.54234577	37.34846024	-19.9757993	Ortigia
15.47165219	37.42976351	-20.0220254	Ortigia
15.73323848	37.11387384	-11.4442146	Ortigia
15.6385344	37.23280075	-16.6261065	Ortigia
15.59770449	37.26204396	-8.753084	Ortigia
15.47260524	37.43029661	-20.8142398	Ortigia
15.53592322	37.32934693	-6.9999312	Ortigia
15.6496355	37.22405692	-18.1590835	Ortigia
15.48369586	37.41310858	-18.8847652	Ortigia
15.56274883	37.30410608	-9.9994268	Ortigia
15.573476	37.28654231	-7.3055913	Ortigia
15.47349875	37.43079637	-21.5569404	Ortigia
15.61764473	37.26338925	-20.6099971	Ortigia
15.49649652	37.40419966	-21.854044	Ortigia
15.57055553	37.31873988	-21.5384219	Ortigia
15.65678029	37.20399953	-12.0828618	Ortigia
15.47385616	37.43099628	-21.8540215	Ortigia
15.54409486	37.33965986	-16.6090781	Ortigia
15.54325516	37.33161985	-12.2296507	Ortigia
15.70011787	37.15483768	-12.2840086	Ortigia
15.67191873	37.17687758	-7.2816074	Ortigia
15.59288624	37.26498425	-7.4603228	Ortigia
15.64398874	37.23255166	-19.462293	Ortigia
15.45813302	37.41929266	-7.3978482	Ortigia
15.52454463	37.37233162	-21.8540117	Ortigia
15.55135427	37.33798385	-19.830084	Ortigia
15.63684324	37.21989825	-9.0656377	Ortigia
15.47174895	37.41077101	-11.0245112	Ortigia
15.55161002	37.33500636	-18.5648609	Ortigia
15.67554493	37.17228052	-7.0000025	Ortigia
15.55530188	37.31110858	-9.2993111	Ortigia
15.51821042	37.37872444	-21.4893286	Ortigia
15.49637119	37.39985617	-19.6580415	Ortigia
15.59587755	37.26986435	-11.4910193	Ortigia
15.685915	37.16978815	-11.5002168	Ortigia
15.45972777	37.4204594	-8.8544317	Ortigia
15.48092638	37.39627636	-9.2958882	Ortigia
15.59313888	37.2637321	-7.0000122	Ortigia
15.58445169	37.27435672	-7.342729	Ortigia
15.50482165	37.38138479	-15.3298653	Ortigia
15.70633593	37.13963615	-8.4613833	Ortigia
15.70943792	37.14123067	-10.9734207	Ortigia
15.64897937	37.21112469	-11.1467468	Ortigia
15.46792522	37.41903467	-12.8038992	Ortigia
15.62587417	37.25403087	-20.6742529	Ortigia
15.58017395	37.2971794	-16.2923454	Ortigia
15.6075723	37.25781378	-12.2638941	Ortigia
15.55596727	37.33042098	-18.853044	Ortigia
15.70250194	37.16834699	-20.1307227	Ortigia
15.64979027	37.21157885	-11.8213692	Ortigia
15.61613208	37.25901474	-17.6538902	Ortigia
15.53955594	37.3250122	-7	Ortigia
15.70930933	37.14466446	-12.5516895	Ortigia
15.48145377	37.40291312	-12.7605841	Ortigia
15.70206919	37.1637706	-17.6832913	Ortigia
15.60998066	37.2447498	-7.2584292	Ortigia
15.68945164	37.16612233	-11.7238889	Ortigia
15.5994893	37.28180396	-19.366751	Ortigia
15.52815497	37.33894608	-7.4015225	Ortigia
15.60889837	37.27618626	-21.8540269	Ortigia
15.48089056	37.40994994	-15.7952024	Ortigia
15.57732658	37.29136954	-11.8343574	Ortigia
15.71449676	37.13934808	-12.9415979	Ortigia
15.58338824	37.2850428	-12.0526851	Ortigia
15.58526996	37.29042975	-15.7667711	Ortigia
15.71026916	37.14796306	-14.6799971	Ortigia
15.72947426	37.12090425	-12.6538119	Ortigia
15.54559138	37.31781984	-6.9999986	Ortigia
15.54697635	37.33363086	-15.290403	Ortigia
15.64172432	37.21290841	-8.1212095	Ortigia
15.69154242	37.17144644	-15.4625153	Ortigia
15.56817655	37.32043945	-21.0263096	Ortigia
15.6255672	37.23546508	-10.9490806	Ortigia
15.61522599	37.24889624	-12.2422312	Ortigia
15.64566208	37.20875714	-8.1262862	Ortigia
15.64903201	37.20248779	-7.0000073	Ortigia
15.51233173	37.37642608	-17.0895591	Ortigia
15.74548184	37.12031092	-21.430063	Ortigia
15.50093972	37.37075962	-7.966335	Ortigia
15.69404577	37.15780631	-10.3005713	Ortigia
15.48684603	37.40828109	-18.3629351	Ortigia
15.67725745	37.18791385	-15.7265414	Ortigia
15.56132651	37.315571	-14.8386907	Ortigia
15.62598414	37.23776204	-12.3578916	Ortigia
15.72655781	37.113533	-7.5019033	Ortigia
15.65151097	37.21077526	-12.382216	Ortigia
15.50388651	37.36864191	-8.5604693	Ortigia
15.67178316	37.18040652	-8.9627422	Ortigia
15.6050183	37.2790461	-21.0586455	Ortigia
15.56884126	37.29973744	-11.2430735	Ortigia
15.53909748	37.35511586	-21.4524986	Ortigia
15.66906022	37.18146641	-7.9840786	Ortigia
15.46791044	37.42190653	-14.1643575	Ortigia
15.66194968	37.20589883	-15.903129	Ortigia
15.67651883	37.19494008	-18.8151426	Ortigia
15.65570546	37.22482498	-21.8540283	Ortigia
15.62623611	37.25595184	-21.8541143	Ortigia
15.50277386	37.38074833	-13.8761741	Ortigia
15.4883026	37.39268759	-11.6503911	Ortigia
15.56783081	37.31944198	-20.3563281	Ortigia
15.74317759	37.12156574	-20.7221753	Ortigia
15.694122	37.17030584	-16.364225	Ortigia
15.4812642	37.42222027	-21.8540215	Ortigia
15.65168384	37.21892768	-16.6326795	Ortigia
15.67344668	37.20334003	-21.1329776	Ortigia
15.65739069	37.21081732	-15.7097207	Ortigia
15.66814942	37.20410549	-18.5242446	Ortigia
15.6834451	37.164118	-7.3821807	Ortigia
15.70603173	37.13756942	-7.3079112	Ortigia
15.6403888	37.22673133	-14.5097913	Ortigia
15.52712413	37.35168517	-13.1096875	Ortigia
15.49707069	37.3954605	-17.8954551	Ortigia
15.64288896	37.22594642	-15.4646649	Ortigia
15.66532057	37.19210191	-11.1537122	Ortigia
15.71372194	37.15030352	-17.7478899	Ortigia
15.57930941	37.28571939	-10.1288208	Ortigia
15.69366957	37.15139258	-7	Ortigia
15.54021169	37.34685507	-17.9989395	Ortigia
15.70636605	37.15291974	-14.8726308	Ortigia
15.50052671	37.3933094	-18.7700728	Ortigia
15.57127037	37.30268968	-14.0452135	Ortigia
15.63265588	37.22488438	-9.3561416	Ortigia
15.6807703	37.16717705	-7.3527124	Ortigia
15.65774496	37.21193967	-16.4493258	Ortigia
15.59244811	37.28065716	-14.8970019	Ortigia
15.71575535	37.15544611	-21.3673945	Ortigia
15.6339247	37.22156024	-8.3347344	Ortigia
15.73968921	37.11472265	-15.4977381	Ortigia
15.62946251	37.24988709	-20.4893096	Ortigia
15.61834258	37.25982327	-19.2858526	Ortigia
15.70277765	37.14621243	-9.6253726	Ortigia
15.71456443	37.1366492	-11.696982	Ortigia
15.73355228	37.11128414	-10.3916682	Ortigia
15.64913719	37.20596407	-8.7329673	Ortigia
15.57945833	37.28051943	-7.632457	Ortigia
15.48385792	37.39671496	-11.1452324	Ortigia
15.52975937	37.35485738	-16.1375454	Ortigia
15.48959491	37.40119821	-16.5376384	Ortigia
15.61594943	37.2671005	-21.4434077	Ortigia
15.67752025	37.18080789	-12.335843	Ortigia
15.67729105	37.18388593	-13.7407857	Ortigia
15.72155155	37.14278624	-18.5671821	Ortigia
15.5190063	37.37411177	-19.6553145	Ortigia
15.51206048	37.37949166	-18.4399466	Ortigia
15.71371903	37.14534182	-15.3553565	Ortigia
15.70804129	37.15641568	-17.498002	Ortigia
15.71633798	37.15033862	-19.2348267	Ortigia
15.53473254	37.34926647	-16.1437329	Ortigia
15.60908227	37.2749396	-21.3561626	Ortigia
15.4770017	37.41980408	-18.2956319	Ortigia
15.58540098	37.27514306	-8.258336	Ortigia
15.63692793	37.23787066	-18.3621665	Ortigia
15.51321326	37.38515667	-21.8540215	Ortigia
15.52431569	37.35729944	-14.317155	Ortigia
15.51319875	37.38412985	-21.3434126	Ortigia
15.56808029	37.31818133	-19.8859068	Ortigia
15.71025371	37.15749356	-19.2607564	Ortigia
15.5730473	37.31656631	-21.8540215	Ortigia
15.54881605	37.32335811	-11.4538855	Ortigia
15.73341964	37.12853664	-18.5120598	Ortigia
15.65856244	37.20791596	-14.97069	Ortigia
15.50319641	37.37235681	-10.0064224	Ortigia
15.58052003	37.29008379	-12.9642409	Ortigia
15.719028	37.1256109	-8.9789888	Ortigia
15.4895457	37.40420977	-17.9486714	Ortigia
15.53629163	37.33084178	-7.9260171	Ortigia
15.58851143	37.29647997	-20.563586	Ortigia
15.4760093	37.42844571	-21.8540215	Ortigia
15.4581038	37.41849259	-7	Ortigia
15.58518404	37.27284761	-7.000001	Ortigia
15.67264303	37.18120286	-9.8346426	Ortigia
15.65367045	37.20639206	-11.4871521	Ortigia
15.61051507	37.24765921	-9.0300449	Ortigia
15.51021843	37.36906313	-12.2843928	Ortigia
15.51486842	37.37537821	-17.9839126	Ortigia
15.68835292	37.1822626	-19.0518745	Ortigia
15.61231933	37.24765028	-10.0203096	Ortigia
15.69073451	37.17786978	-18.1834561	Ortigia
15.70696215	37.14614634	-11.9459268	Ortigia
15.7061601	37.15668058	-16.5680781	Ortigia
15.69788989	37.17682966	-21.624959	Ortigia
15.49489488	37.38150102	-9.8511748	Ortigia
15.66270915	37.20690161	-16.8129373	Ortigia
15.53931507	37.33329388	-10.8116721	Ortigia
15.62172182	37.25393397	-18.3509475	Ortigia
15.6676291	37.20306138	-17.7289351	Ortigia
15.51195021	37.35974522	-8.6527988	Ortigia
15.69369801	37.17210813	-16.9923892	Ortigia
15.59733294	37.28579629	-20.1516109	Ortigia
15.55408163	37.32035151	-13.0058217	Ortigia
15.57709072	37.30337787	-17.6225618	Ortigia
15.64814612	37.23179917	-21.3345176	Ortigia
15.73142515	37.13260211	-19.3149121	Ortigia
15.65513767	37.20071369	-9.5770186	Ortigia
15.68386654	37.18857325	-19.710439	Ortigia
15.60247616	37.26943383	-14.9931299	Ortigia
15.54982391	37.31682996	-8.9248316	Ortigia
15.69850184	37.17337631	-20.3051861	Ortigia
15.6681818	37.21098168	-21.8540225	Ortigia
15.50061772	37.37391839	-9.3341387	Ortigia
15.6473792	37.21022871	-9.8160781	Ortigia
15.55518452	37.33331481	-19.7835396	Ortigia
15.61148695	37.25435643	-12.8002218	Ortigia
15.46849115	37.41705594	-12.1803399	Ortigia
15.55776845	37.31155047	-10.8915276	Ortigia
15.55986695	37.31851117	-15.4064612	Ortigia
15.72663682	37.13943952	-19.8543408	Ortigia
15.48910806	37.4072909	-19.1686924	Ortigia
15.68042927	37.19623875	-21.6281973	Ortigia
15.60045317	37.25594786	-7.3636143	Ortigia
15.57356595	37.28769153	-7.9252798	Ortigia
15.56622626	37.31657148	-18.0647957	Ortigia
15.4904377	37.38126325	-7.2498882	Ortigia
15.50840405	37.37246934	-12.9571045	Ortigia
15.5726107	37.29451405	-10.7750501	Ortigia
15.66369914	37.19227716	-10.3266841	Ortigia
15.52813409	37.349124	-12.4077921	Ortigia
15.65302853	37.21492166	-15.3004301	Ortigia
15.47951977	37.41824514	-18.9745073	Ortigia
15.61878112	37.26464652	-21.8540215	Ortigia
15.68753105	37.16659812	-10.8736531	Ortigia
15.56643989	37.29382251	-7.0000069	Ortigia
15.47223345	37.41534851	-13.4796799	Ortigia
15.57378289	37.29145195	-9.912041	Ortigia
15.55333551	37.31238774	-8.8033765	Ortigia
15.74363027	37.11944495	-19.9709649	Ortigia
15.65498621	37.2155226	-16.6728545	Ortigia
15.56787368	37.29935503	-10.5162224	Ortigia
15.4774289	37.42260086	-19.8698101	Ortigia
15.69232199	37.18142651	-20.8312608	Ortigia
15.52667423	37.34403217	-9.0863311	Ortigia
15.50717976	37.38777392	-19.7705903	Ortigia
15.60346462	37.282381	-21.854002	Ortigia
15.5925237	37.29460151	-21.8540186	Ortigia
15.66216348	37.21799794	-21.8539595	Ortigia
15.64436428	37.23372498	-20.2703672	Ortigia
15.55862122	37.31436265	-12.7343617	Ortigia
15.48153421	37.40567139	-14.1198718	Ortigia
15.59943636	37.27023637	-13.670379	Ortigia
15.66476295	37.18835593	-9.0362407	Ortigia
15.67791214	37.1965482	-20.3748472	Ortigia
15.61380325	37.24950026	-11.765679	Ortigia
15.70385645	37.16347103	-18.5435855	Ortigia
15.54556327	37.32156124	-8.7604346	Ortigia
15.65603685	37.19613495	-7.8773154	Ortigia
15.66988827	37.19229319	-13.8182514	Ortigia
15.6803993	37.17163779	-9.3650322	Ortigia
15.56550162	37.31856802	-18.6241294	Ortigia
15.56344586	37.31787977	-17.1316948	Ortigia
15.46702445	37.42456538	-14.9314282	Ortigia
15.61143774	37.26795705	-19.319751	Ortigia
15.67260094	37.1984874	-18.3211651	Ortigia
15.54313058	37.33037218	-11.5660393	Ortigia
15.5935852	37.2751444	-12.7926681	Ortigia
15.48964038	37.38675068	-9.4907569	Ortigia
15.63886084	37.23084646	-15.7975271	Ortigia
15.56683436	37.30334559	-11.8991177	Ortigia
15.49159968	37.39233979	-13.318374	Ortigia
15.57124404	37.29145588	-8.5087105	Ortigia
15.72198746	37.11792049	-7	Ortigia
15.61817574	37.25169373	-15.2781087	Ortigia
15.48455896	37.39955769	-12.9185055	Ortigia
15.48584245	37.39391553	-10.8798391	Ortigia
15.55692025	37.32074638	-14.79913	Ortigia
15.71139721	37.13790639	-10.5034592	Ortigia
15.68800471	37.1766745	-16.0787503	Ortigia
15.57179805	37.30665953	-16.2899524	Ortigia
15.48615403	37.40272587	-15.3267911	Ortigia
15.5226503	37.34548167	-7.5655357	Ortigia
15.70657474	37.14104466	-9.2698174	Ortigia
15.71821627	37.13789436	-14.3558352	Ortigia
15.61339762	37.27093339	-21.8540205	Ortigia
15.54745782	37.33959156	-18.4437798	Ortigia
15.70041982	37.1578891	-13.9233659	Ortigia
15.73146423	37.11390764	-10.4562678	Ortigia
15.63381282	37.23444704	-14.9070612	Ortigia
15.50167262	37.39744217	-21.4312202	Ortigia
15.65635258	37.20194576	-10.8531463	Ortigia
15.59145226	37.27087839	-9.4941987	Ortigia
15.59877816	37.2740727	-15.1456843	Ortigia
15.5188412	37.36321058	-14.1895011	Ortigia
15.54646512	37.33892457	-17.5633682	Ortigia
15.51529522	37.37828319	-19.6514976	Ortigia
15.5290536	37.35400823	-15.3268625	Ortigia
15.63537111	37.22592736	-11.3687844	Ortigia
15.63409256	37.24472757	-20.3500513	Ortigia
15.71714653	37.12368618	-7	Ortigia
15.55819316	37.31610176	-13.3160764	Ortigia
15.61208584	37.24400168	-8.0157984	Ortigia
15.47676231	37.40721065	-12.1586768	Ortigia
15.50288557	37.37707001	-12.1385623	Ortigia
15.6607203	37.21028034	-17.3223848	Ortigia
15.69147383	37.17318852	-16.2635451	Ortigia
15.61439635	37.25024551	-12.458877	Ortigia
15.60392758	37.26607177	-14.1902742	Ortigia
15.68921111	37.17098146	-13.9271575	Ortigia
15.66511978	37.21179205	-20.5233516	Ortigia
15.55938106	37.3068807	-9.4892085	Ortigia
15.49836774	37.38897577	-15.4455168	Ortigia
15.53614859	37.34076121	-12.7373654	Ortigia
15.62947577	37.24253467	-16.7119746	Ortigia
15.56688379	37.29654348	-8.5836524	Ortigia
15.65252379	37.21135842	-13.2324523	Ortigia
15.47685376	37.42519888	-20.783294	Ortigia
15.58313567	37.29777039	-18.2272127	Ortigia
15.52198537	37.35816443	-13.4487338	Ortigia
15.47701897	37.41088696	-14.0556602	Ortigia
15.53269894	37.36314061	-21.8540244	Ortigia
15.56844892	37.3069545	-14.5712961	Ortigia
15.72600361	37.12947727	-14.7627732	Ortigia
15.53287507	37.35245379	-16.6833533	Ortigia
15.71542689	37.14586035	-16.5653169	Ortigia
15.54092582	37.33705838	-13.5659365	Ortigia
15.50560348	37.38761426	-18.8135884	Ortigia
15.64685839	37.20942742	-9.1227705	Ortigia
15.69813464	37.17566041	-21.1971641	Ortigia
15.72583557	37.12405271	-12.0905967	Ortigia
15.52696993	37.34870134	-11.5527197	Ortigia
15.63936886	37.23669441	-19.0835933	Ortigia
15.68728326	37.16980558	-12.2793653	Ortigia
15.70839562	37.13666293	-8.2144312	Ortigia
15.58078517	37.305595	-20.7678208	Ortigia
15.47978229	37.39917704	-10.0365772	Ortigia
15.64083076	37.21932943	-10.9401839	Ortigia
15.67056597	37.19562218	-15.7975289	Ortigia
15.69634373	37.1760513	-20.3812808	Ortigia
15.50467672	37.36458875	-7	Ortigia
15.54023748	37.32656778	-8.1233203	Ortigia
15.58879809	37.27268921	-8.9232788	Ortigia
15.6753824	37.17972198	-10.6129309	Ortigia
15.58089726	37.30053026	-18.3416704	Ortigia
15.63922574	37.2225658	-11.7335586	Ortigia
15.54120591	37.32357969	-7.2533692	Ortigia
15.51179572	37.38408107	-20.5372725	Ortigia
15.71339927	37.14251182	-13.822734	Ortigia
15.67346167	37.19585283	-17.5362993	Ortigia
15.60290983	37.27381333	-17.3452083	Ortigia
15.60241894	37.27593563	-18.0878396	Ortigia
15.55342713	37.3267628	-15.6791579	Ortigia
15.67355917	37.19910865	-19.1588291	Ortigia
15.71687673	37.14143824	-15.2814962	Ortigia
15.63254527	37.23213742	-13.0294201	Ortigia
15.68468242	37.17504073	-13.4282398	Ortigia
15.61995241	37.25357934	-17.1874202	Ortigia
15.61685381	37.25197151	-14.6715199	Ortigia
15.47147967	37.41251002	-11.7012593	Ortigia
15.55845871	37.30957121	-10.299626	Ortigia
15.57304537	37.30238544	-14.8834604	Ortigia
15.54539895	37.32649986	-11.0121328	Ortigia
15.5647401	37.32425141	-20.8877334	Ortigia
15.55042059	37.33336176	-17.1107854	Ortigia
15.68755932	37.17133035	-13.1720639	Ortigia
15.71443998	37.15799187	-21.854021	Ortigia
15.70497375	37.14972756	-12.5526576	Ortigia
15.55578761	37.30588621	-6.9999815	Ortigia
15.53284424	37.33913768	-10.1019517	Ortigia
15.56382636	37.3158005	-16.3487881	Ortigia
15.64858987	37.22114322	-16.0911249	Ortigia
15.68144314	37.16825458	-8.2563013	Ortigia
15.69910977	37.14726912	-8.0722749	Ortigia
15.6311476	37.22944444	-10.8837092	Ortigia
15.52735731	37.35974576	-17.2129163	Ortigia
15.73130562	37.12650778	-16.3520374	Ortigia
15.65815407	37.19268446	-7.4057788	Ortigia
15.57777967	37.2979172	-15.3237014	Ortigia
15.55273941	37.33964962	-21.4083999	Ortigia
15.57653613	37.30175172	-16.5146975	Ortigia
15.70887684	37.16188062	-20.5996494	Ortigia
15.49999405	37.36986425	-7.0000381	Ortigia
15.49184506	37.40172497	-18.0508389	Ortigia
15.67385124	37.1903396	-15.0497947	Ortigia
15.66639509	37.21234584	-21.5064551	Ortigia
15.57087935	37.29490648	-10.0033076	Ortigia
15.72516883	37.13395343	-16.4172205	Ortigia
15.59541692	37.27258881	-12.5431214	Ortigia
15.55118955	37.32558604	-13.854512	Ortigia
15.53070418	37.33908325	-8.885377	Ortigia
15.47955403	37.39620047	-8.4893389	Ortigia
15.7222262	37.13497996	-15.2399214	Ortigia
15.57624757	37.3105393	-20.6726621	Ortigia
15.48408393	37.40918445	-17.2338008	Ortigia
15.5603379	37.31030458	-11.7045476	Ortigia
15.51543744	37.36318033	-12.2836216	Ortigia
15.48698602	37.39921328	-14.1113827	Ortigia
15.71772083	37.14668327	-18.2526609	Ortigia
15.49437881	37.39567743	-16.501156	Ortigia
15.71073433	37.14890489	-15.3948427	Ortigia
15.70027022	37.1445487	-7.4146787	Ortigia
15.72667679	37.12065559	-10.9527556	Ortigia
15.53886185	37.3325192	-10.1780532	Ortigia
15.59551519	37.26766668	-10.2291987	Ortigia
15.60620846	37.25556988	-10.4170044	Ortigia
15.60283825	37.25240749	-6.9999966	Ortigia
15.67531378	37.19426531	-17.8124885	Ortigia
15.64512648	37.20705607	-6.9999087	Ortigia
15.51041602	37.35812139	-7	Ortigia
15.69582946	37.17825638	-21.1917329	Ortigia
15.51944005	37.37516529	-20.4162075	Ortigia
15.54795303	37.3369711	-17.42876	Ortigia
15.67805738	37.19102641	-17.7181045	Ortigia
15.62847352	37.22949512	-9.4563311	Ortigia
15.53237694	37.34380481	-12.1424309	Ortigia
15.49864495	37.39032068	-16.2582328	Ortigia
15.59057521	37.26860812	-7.9051519	Ortigia
15.61005326	37.24689131	-8.3988999	Ortigia
15.71631224	37.14635626	-17.3018406	Ortigia
15.57481647	37.2977953	-13.6139173	Ortigia
15.68764504	37.1886809	-21.8540225	Ortigia
15.4894862	37.3891277	-10.5680591	Ortigia
15.48135901	37.39956574	-11.1129256	Ortigia
15.71756276	37.12411563	-7.4395278	Ortigia
15.6005967	37.2628491	-10.7665003	Ortigia
15.48590597	37.38652735	-7.2994014	Ortigia
15.51124941	37.38205133	-19.2398736	Ortigia
15.53722441	37.33775314	-11.8523157	Ortigia
15.52686152	37.34162139	-8.0018731	Ortigia
15.65668398	37.21582111	-17.7505764	Ortigia
15.48608766	37.40472596	-16.2408263	Ortigia
15.53807909	37.34723877	-17.0032549	Ortigia
15.46979157	37.42507908	-16.7386675	Ortigia
15.51711792	37.35278564	-8.0931651	Ortigia
15.6168756	37.24885083	-13.1170694	Ortigia
15.51526196	37.36119367	-11.2067046	Ortigia
15.66585474	37.18586085	-8.3983701	Ortigia
15.71709344	37.13514204	-12.4128209	Ortigia
15.73841441	37.1192439	-16.9239561	Ortigia
15.71423275	37.14327148	-14.6537919	Ortigia
15.49976118	37.3907184	-17.0752041	Ortigia
15.51763575	37.38011792	-21.8540635	Ortigia
15.6043446	37.27800039	-20.1689893	Ortigia
15.51509203	37.38034219	-20.5469688	Ortigia
15.68969638	37.16891049	-13.2046525	Ortigia
15.65176219	37.21268315	-13.4614989	Ortigia
15.72177481	37.12543681	-10.4504653	Ortigia
15.6773499	37.17950357	-11.5925618	Ortigia
15.60001576	37.26541653	-11.6759221	Ortigia
15.68728716	37.18636162	-20.5016821	Ortigia
15.7024288	37.15074602	-11.6124827	Ortigia
15.66820797	37.1902857	-11.9018279	Ortigia
15.67005122	37.18744058	-11.5053333	Ortigia
15.54528955	37.33118648	-13.1754445	Ortigia
15.60646404	37.27902774	-21.8540215	Ortigia
15.71844131	37.1279893	-9.7770059	Ortigia
15.64317096	37.20920812	-6.9999473	Ortigia
15.73433825	37.12198799	-15.9209227	Ortigia
15.68571466	37.17636376	-14.6571707	Ortigia
15.74170403	37.11785192	-18.1242691	Ortigia
15.49028752	37.39919801	-15.9433584	Ortigia
15.48812411	37.4040511	-17.0697996	Ortigia
15.72447012	37.14326189	-20.444437	Ortigia
15.46314007	37.41252643	-7	Ortigia
15.71061712	37.15070367	-16.1951804	Ortigia
15.53990416	37.34216252	-15.5147593	Ortigia
15.58114367	37.29831138	-17.3893653	Ortigia
15.56432405	37.32171418	-19.4495576	Ortigia
15.53840834	37.34185276	-14.5310684	Ortigia
15.71813942	37.13585748	-13.344681	Ortigia
15.57543867	37.29511785	-12.6445558	Ortigia
15.63776902	37.22058388	-9.9216778	Ortigia
15.62028899	37.24219996	-11.5467229	Ortigia
15.56608007	37.31261313	-16.0348534	Ortigia
15.52418761	37.35032235	-10.806345	Ortigia
15.66026153	37.21693308	-20.2694517	Ortigia
15.5928052	37.28174888	-15.6362217	Ortigia
15.73491033	37.11723489	-13.9868054	Ortigia
15.73069309	37.12327633	-14.4703348	Ortigia
15.532298	37.33438673	-7.4556787	Ortigia
15.68985757	37.17337422	-15.4597953	Ortigia
15.47695358	37.41283946	-14.9492223	Ortigia
15.49405252	37.39098238	-14.0216197	Ortigia
15.71878196	37.14238601	-16.8098382	Ortigia
15.73285296	37.13624616	-21.8540215	Ortigia
15.55228508	37.30984935	-7	Ortigia
15.48024271	37.40259956	-11.9269744	Ortigia
15.66481208	37.19748896	-13.4618844	Ortigia
15.69800008	37.17002414	-18.4081987	Ortigia
15.4806546	37.391898	-6.9999971	Ortigia
15.64642713	37.21346855	-10.9657144	Ortigia
15.65985301	37.19323973	-8.6279434	Ortigia
15.63892336	37.23852229	-19.7821973	Ortigia
15.50278786	37.38542809	-16.1739052	Ortigia
15.62159015	37.23441	-8.2444112	Ortigia
15.68664817	37.16483275	-9.5271216	Ortigia
15.61801231	37.25300298	-15.8196144	Ortigia
15.68238452	37.19452897	-21.8540108	Ortigia
15.47288092	37.41280467	-12.6329235	Ortigia
15.51452136	37.37057951	-15.4225011	Ortigia
15.5616166	37.302677	-8.6671118	Ortigia
15.54380623	37.34911428	-21.1095786	Ortigia
15.73594603	37.12806762	-19.7187559	Ortigia
15.61651411	37.25076285	-13.8979487	Ortigia
15.65959224	37.1963419	-9.9754463	Ortigia
15.70591453	37.15514473	-15.6903759	Ortigia
15.46137867	37.42020154	-9.663666	Ortigia
15.48406912	37.39246364	-9.180522	Ortigia
15.59568283	37.27973682	-16.2327042	Ortigia
15.70740019	37.14181789	-10.1057466	Ortigia
15.54992613	37.31515982	-8.1898672	Ortigia
15.55566002	37.31245478	-10.1534903	Ortigia
15.50759199	37.38919036	-20.6935508	Ortigia
15.67983848	37.16936306	-7.9205884	Ortigia
15.69354476	37.15581259	-9.0586748	Ortigia
15.58515319	37.29428573	-17.6144321	Ortigia
15.53888276	37.34459197	-16.1448935	Ortigia
15.47539603	37.40372896	-9.7278765	Ortigia
15.56302911	37.30582358	-10.9993628	Ortigia
15.60630859	37.25105567	-8.3003047	Ortigia
15.56421813	37.31226558	-14.8277656	Ortigia
15.66637451	37.18318444	-7.3535562	Ortigia
15.52671547	37.36738589	-20.622375	Ortigia
15.53568079	37.33428593	-9.2855503	Ortigia
15.73469039	37.11192183	-11.3386118	Ortigia
15.59333399	37.26707052	-8.7159419	Ortigia
15.65822414	37.21553734	-18.45301	Ortigia
15.57002954	37.31177833	-17.8213821	Ortigia
15.58934079	37.28906979	-17.3475278	Ortigia
15.50837895	37.39066523	-21.8540215	Ortigia
15.66168238	37.2138259	-19.5709937	Ortigia
15.67500711	37.20301504	-21.8540249	Ortigia
15.52542871	37.36002368	-16.278349	Ortigia
15.7057472	37.15026242	-13.2452693	Ortigia
15.7217114	37.149508	-21.8539522	Ortigia
15.46854089	37.40612752	-7	Ortigia
15.62470499	37.22965322	-7.489333	Ortigia
15.49434284	37.38560547	-11.5521384	Ortigia
15.66600545	37.19817822	-14.4647263	Ortigia
15.66698038	37.1895981	-10.8806131	Ortigia
15.65067821	37.22500292	-19.212792	Ortigia
15.48909889	37.39595447	-13.6936002	Ortigia
15.73274098	37.12231617	-15.1729995	Ortigia
15.62459443	37.2555422	-20.7399697	Ortigia
15.66129659	37.19812296	-11.7911953	Ortigia
15.55162169	37.31171489	-7.514482	Ortigia
15.67987287	37.19395883	-20.1813926	Ortigia
15.56067057	37.32217881	-17.6012822	Ortigia
15.729619	37.12263073	-13.5558841	Ortigia
15.50524311	37.38476836	-17.2200698	Ortigia
15.62188114	37.25158948	-17.2477793	Ortigia
15.72858633	37.1324758	-17.6486695	Ortigia
15.53234043	37.3553386	-17.8086231	Ortigia
15.74732909	37.11900275	-21.8540215	Ortigia
15.56244931	37.3163346	-15.8351173	Ortigia
15.56805406	37.2972066	-9.5607686	Ortigia
15.64476878	37.22598419	-16.5057996	Ortigia
15.68326246	37.16353763	-6.9999995	Ortigia
15.56800041	37.30927714	-15.4629177	Ortigia
15.52704637	37.36219646	-18.2480525	Ortigia
15.71966309	37.14654438	-19.2831612	Ortigia
15.68507179	37.16821669	-10.2694024	Ortigia
15.69739984	37.15265372	-9.7042827	Ortigia
15.62207054	37.25950044	-21.2262066	Ortigia
15.52064291	37.35494155	-11.1142551	Ortigia
15.71627412	37.15248203	-20.2316826	Ortigia
15.65593659	37.22362519	-21.3619849	Ortigia
15.57272397	37.28676625	-6.9999995	Ortigia
15.57804256	37.28082564	-7	Ortigia
15.66061642	37.21855614	-21.29523	Ortigia
15.4691582	37.42401472	-15.8737302	Ortigia
15.66935463	37.19080045	-12.7930867	Ortigia
15.69262074	37.17419704	-17.3977144	Ortigia
15.61172423	37.27015889	-20.540562	Ortigia
15.64982483	37.2284829	-20.539982	Ortigia
15.72473609	37.14515358	-21.4929053	Ortigia
15.64140192	37.21182434	-7.3879839	Ortigia
15.54549123	37.32439045	-10.0628687	Ortigia
15.58841901	37.27131353	-8.0281172	Ortigia
15.71688039	37.14284063	-15.9483471	Ortigia
15.60396078	37.26031494	-11.4376387	Ortigia
15.68185642	37.17589162	-12.2878745	Ortigia
15.64884614	37.21467102	-12.8994447	Ortigia
15.59439417	37.28245128	-16.864772	Ortigia
15.70016985	37.15664357	-13.1829862	Ortigia
15.60182974	37.28332703	-21.4180664	Ortigia
15.66013555	37.20145166	-12.7416199	Ortigia
15.58912663	37.26842991	-6.9998701	Ortigia
15.47977548	37.39471726	-7.8912681	Ortigia
15.48757002	37.38402018	-6.9999961	Ortigia
15.59207377	37.27347211	-11.1266328	Ortigia
15.46747603	37.41397975	-10.1410064	Ortigia
15.64652065	37.22128495	-15.039352	Ortigia
15.63992113	37.23925602	-20.7020615	Ortigia
15.53734336	37.33138294	-8.7762359	Ortigia
15.61203768	37.24649144	-9.2737993	Ortigia
15.52279931	37.36053426	-15.0691372	Ortigia
15.5984342	37.27968253	-17.7293113	Ortigia
15.60209232	37.25689159	-8.7393516	Ortigia
15.6382413	37.21440854	-7	Ortigia
15.57709879	37.29700261	-14.4955194	Ortigia
15.5468132	37.33148607	-14.1796369	Ortigia
15.51589983	37.376202	-18.9613858	Ortigia
15.65062332	37.21007916	-11.5486221	Ortigia
15.55770326	37.31288243	-11.5057219	Ortigia
15.63153616	37.24316498	-18.1563762	Ortigia
15.66213494	37.21642311	-21.0725825	Ortigia
15.72944734	37.11888918	-11.6813377	Ortigia
15.55422782	37.32788351	-16.6644004	Ortigia
15.50424829	37.36592106	-7.4189307	Ortigia
15.51092869	37.37153403	-13.8974525	Ortigia
15.6014341	37.27830548	-18.7063799	Ortigia
15.49535612	37.39894601	-18.6464951	Ortigia
15.55517569	37.31006748	-8.7183194	Ortigia
15.73949535	37.11667029	-16.3131616	Ortigia
15.51996848	37.34735595	-7.0000034	Ortigia
15.53094034	37.36142435	-20.0309234	Ortigia
15.55739342	37.31868098	-14.086408	Ortigia
15.52059044	37.34988525	-8.5925557	Ortigia
15.62137223	37.25322894	-17.8126323	Ortigia
15.62117651	37.23898791	-10.3758084	Ortigia
15.5316451	37.34875258	-14.1751888	Ortigia
15.71320042	37.13381746	-9.5808867	Ortigia
15.62347057	37.25491308	-19.8054053	Ortigia
15.6932096	37.17851903	-19.8752178	Ortigia
15.55735587	37.3045984	-7.2406045	Ortigia
15.53837332	37.33160939	-9.463294	Ortigia
15.5033044	37.39260525	-19.9740586	Ortigia
15.49931491	37.37124321	-7.2986807	Ortigia
15.5911338	37.29529252	-21.427166	Ortigia
15.71208687	37.12971164	-7	Ortigia
15.68629443	37.162822	-8.3588994	Ortigia
15.7100489	37.16311715	-21.8540215	Ortigia
15.58977463	37.28676472	-16.4446813	Ortigia
15.7115883	37.16076864	-21.5882735	Ortigia
15.63129868	37.2353813	-14.0212329	Ortigia
15.50438367	37.37772523	-13.2951778	Ortigia
15.71050992	37.15513731	-18.2701023	Ortigia
15.62568764	37.23359039	-10.0497163	Ortigia
15.65787038	37.21686694	-18.9326875	Ortigia
15.46621384	37.40971095	-7.3937862	Ortigia
15.62361101	37.25900509	-21.8540264	Ortigia
15.56153797	37.32363532	-18.7834131	Ortigia
15.55302281	37.3183022	-11.4337691	Ortigia
15.61313718	37.24810836	-10.701127	Ortigia
15.56515202	37.31622432	-17.2957532	Ortigia
15.48688356	37.41556205	-21.854022	Ortigia
15.47780263	37.39607979	-7.444919	Ortigia
15.50738767	37.36374981	-8.0923897	Ortigia
15.56420873	37.31028479	-13.8491045	Ortigia
15.58401984	37.28101889	-10.4071406	Ortigia
15.57555065	37.28764015	-8.9990991	Ortigia
15.50748213	37.37578578	-14.0750536	Ortigia
15.7063373	37.16631248	-21.306666	Ortigia
15.51911525	37.357999	-11.7726277	Ortigia
15.5809995	37.2857041	-11.0573887	Ortigia
15.61535397	37.264655	-19.9315083	Ortigia
15.68122043	37.18667214	-17.3007219	Ortigia
15.49684509	37.3843473	-12.3315884	Ortigia
15.49535433	37.37645716	-7.6392217	Ortigia
15.73602934	37.11267208	-12.4526635	Ortigia
15.56960804	37.29024526	-7.0000078	Ortigia
15.64468104	37.20852621	-7.4733985	Ortigia
15.48022418	37.39303432	-7.3180025	Ortigia
15.60737448	37.27053373	-18.2761011	Ortigia
15.50642562	37.3722537	-11.752584	Ortigia
15.63207916	37.23768676	-15.6320641	Ortigia
15.58942903	37.29406959	-19.8761953	Ortigia
15.62665581	37.22664241	-7.0000015	Ortigia
15.63046646	37.23181306	-11.732595	Ortigia
15.59745247	37.2763719	-15.5441514	Ortigia
15.52130873	37.36918792	-18.5070308	Ortigia
15.54464813	37.3351215	-14.6807652	Ortigia
15.7204048	37.14825231	-20.5157168	Ortigia
15.46267599	37.42072448	-10.6454243	Ortigia
15.48488122	37.41616842	-21.0122935	Ortigia
15.5997674	37.27443545	-15.8752088	Ortigia
15.65280483	37.21275747	-14.0679019	Ortigia
15.55928685	37.32201923	-16.7425332	Ortigia
15.4641307	37.42110075	-11.6461367	Ortigia
15.65116888	37.2058354	-9.81298	Ortigia
15.47788371	37.39725525	-8.0490879	Ortigia
15.69873807	37.14921227	-8.7991162	Ortigia
15.61941615	37.23470288	-7.2135264	Ortigia
15.55587292	37.31463594	-11.3069085	Ortigia
15.61632846	37.25660426	-16.6042473	Ortigia
15.60894771	37.26459618	-16.301944	Ortigia
15.55635587	37.32812734	-17.9840462	Ortigia
15.46841903	37.41149978	-9.4915303	Ortigia
15.54765507	37.34338757	-20.4251001	Ortigia
15.65652606	37.22139031	-20.5320523	Ortigia
15.56520014	37.32573857	-21.8540195	Ortigia
15.67954414	37.19771719	-21.8540298	Ortigia
15.56896039	37.31503133	-18.8259761	Ortigia
15.63698899	37.22655477	-12.5710316	Ortigia
15.69236452	37.16146576	-11.1181223	Ortigia
15.54841525	37.34118989	-19.7632295	Ortigia
15.65577738	37.21780597	-18.2792591	Ortigia
15.69100747	37.15672175	-8.0703408	Ortigia
15.60819206	37.25112082	-9.3905684	Ortigia
15.64330604	37.23738259	-21.5778325	Ortigia
15.74099473	37.11545409	-16.5839382	Ortigia
15.47541331	37.40084227	-8.3620029	Ortigia
15.63618422	37.23029086	-14.0568222	Ortigia
15.74497246	37.12181032	-21.8540215	Ortigia
15.52265555	37.36544451	-17.4098057	Ortigia
15.65415898	37.19957007	-8.4761182	Ortigia
15.55667877	37.33530405	-21.5739614	Ortigia
15.6659908	37.18904383	-10.0574527	Ortigia
15.73975191	37.12474591	-20.2943487	Ortigia
15.52352461	37.3698189	-20.0491026	Ortigia
15.64413289	37.23075996	-18.618438	Ortigia
15.68831856	37.15763756	-7	Ortigia
15.69011533	37.18491049	-21.3441875	Ortigia
15.53193798	37.33386666	-7.0000083	Ortigia
15.67747504	37.1995221	-21.5600552	Ortigia
15.63335507	37.21956859	-7	Ortigia
15.56133795	37.32900134	-21.2178921	Ortigia
15.52912592	37.34466401	-10.7599238	Ortigia
15.72609895	37.13815131	-18.9377583	Ortigia
15.62260679	37.25417444	-18.9637661	Ortigia
15.68991976	37.16287293	-10.4218421	Ortigia
15.59088972	37.26992673	-8.7159048	Ortigia
15.68061429	37.19437481	-20.8019238	Ortigia
15.70451627	37.13872819	-6.9999697	Ortigia
15.61804559	37.25017274	-14.4332372	Ortigia
15.67390613	37.1885382	-14.1844873	Ortigia
15.69549358	37.16605787	-15.0889646	Ortigia
15.65598184	37.21990954	-19.4742857	Ortigia
15.69436568	37.15176564	-7.5709507	Ortigia
15.55319064	37.31457528	-9.7603872	Ortigia
15.48444228	37.39362749	-9.9584292	Ortigia
15.53113395	37.36272461	-20.7794268	Ortigia
15.73446387	37.11464211	-12.5025637	Ortigia
15.62426266	37.25363762	-19.5949986	Ortigia
15.72138952	37.12104369	-8.1453843	Ortigia
15.69543144	37.16167193	-12.9413179	Ortigia
15.65504682	37.19546888	-6.9999995	Ortigia
15.64985875	37.21591967	-14.0924067	Ortigia
15.73840229	37.11400162	-14.4270105	Ortigia
15.66231348	37.21719021	-21.5445488	Ortigia
15.54960081	37.32404014	-12.2217307	Ortigia
15.6629995	37.18736824	-7.569416	Ortigia
15.69816467	37.16655909	-16.8316995	Ortigia
15.59756196	37.27358276	-14.2258085	Ortigia
15.471495	37.42625471	-18.2608176	Ortigia
15.60325225	37.2576685	-9.7654004	Ortigia
15.52681403	37.34598314	-10.1259209	Ortigia
15.62006807	37.25090852	-15.912478	Ortigia
15.72010397	37.15047594	-21.4172686	Ortigia
15.46228072	37.41424164	-7.3322818	Ortigia
15.53337926	37.35757155	-19.4866646	Ortigia
15.47726805	37.40866324	-13.1365673	Ortigia
15.73886362	37.12318663	-19.051002	Ortigia
15.7027172	37.14434389	-8.6911865	Ortigia
15.4934315	37.40203962	-19.0890479	Ortigia
15.49955853	37.37714634	-10.3206831	Ortigia
15.4801327	37.41520076	-17.8697398	Ortigia
15.58403661	37.29379606	-16.7533692	Ortigia
15.50855154	37.36844473	-11.0539153	Ortigia
15.62289582	37.23462977	-9.0671846	Ortigia
15.51888852	37.35510598	-10.2206953	Ortigia
15.73259006	37.13445371	-20.8536958	Ortigia
15.58836274	37.29221276	-18.3642901	Ortigia
15.55843289	37.31329081	-12.1122581	Ortigia
15.616524	37.2451279	-11.0074893	Ortigia
15.48181928	37.42071687	-21.4509512	Ortigia
15.47321773	37.42790253	-20.0189307	Ortigia
15.70742718	37.13525981	-7.0000025	Ortigia
15.654668	37.21096532	-14.2506211	Ortigia
15.50296981	37.3820399	-14.6173263	Ortigia
15.51891322	37.36508955	-15.1557859	Ortigia
15.68419212	37.19176365	-21.4794068	Ortigia
15.6957762	37.17504661	-19.5759507	Ortigia
15.63306059	37.24372799	-19.2746821	Ortigia
15.68277046	37.16598734	-7.902043	Ortigia
15.51509774	37.35284504	-7.0000005	Ortigia
15.66583548	37.19332234	-12.0310315	Ortigia
15.55146519	37.34199329	-21.8540127	Ortigia
15.51034817	37.37450438	-15.0411422	Ortigia
15.48556999	37.39961435	-13.5141877	Ortigia
15.47180028	37.41815536	-14.5728428	Ortigia
15.5048201	37.36926977	-9.3874732	Ortigia
15.49048547	37.40164856	-17.2531821	Ortigia
15.56119394	37.31881616	-16.3023543	Ortigia
15.64533509	37.21013374	-8.6540186	Ortigia
15.61910228	37.25246735	-16.172358	Ortigia
15.6708666	37.19260233	-14.5168468	Ortigia
15.72003103	37.14242047	-17.5328096	Ortigia
15.60178186	37.28108472	-20.2804326	Ortigia
15.66422182	37.18486645	-7	Ortigia
15.70079091	37.14307942	-7.0000073	Ortigia
15.56838526	37.29257836	-7.4735503	Ortigia
15.56033937	37.31480358	-13.9133723	Ortigia
15.61521733	37.25054639	-13.0654254	Ortigia
15.68770559	37.15908691	-7.3535567	Ortigia
15.65270676	37.21931739	-17.3893067	Ortigia
15.47741686	37.40446578	-11.2202429	Ortigia
15.61093869	37.24881088	-9.8254058	Ortigia
15.68668399	37.18101327	-17.5068989	Ortigia
15.71875693	37.15295242	-21.8540215	Ortigia
15.74424928	37.11727742	-19.2917022	Ortigia
15.49059764	37.39173535	-12.4638809	Ortigia
15.67443754	37.17529703	-7.8883394	Ortigia
15.5184744	37.36113377	-12.9619166	Ortigia
15.65484316	37.21389897	-15.763744	Ortigia
15.54498195	37.33663726	-15.6102639	Ortigia
15.56755623	37.30467131	-12.9524398	Ortigia
15.54117291	37.33397153	-12.1787195	Ortigia
15.61344088	37.24878789	-11.2149483	Ortigia
15.67176324	37.18777813	-12.6201569	Ortigia
15.73115709	37.109942	-8.3987534	Ortigia
15.59954457	37.27624458	-16.6356804	Ortigia
15.52610647	37.35399126	-13.6812166	Ortigia
15.73737349	37.12243747	-17.8519453	Ortigia
15.57371305	37.29583194	-12.0349007	Ortigia
15.60755461	37.2468928	-7.0000586	Ortigia
15.61474579	37.23994354	-7.3725098	Ortigia
15.48396509	37.41594633	-20.3891206	Ortigia
15.69290581	37.17518529	-18.0476572	Ortigia
15.63523801	37.21837836	-7.4108067	Ortigia
15.62170993	37.24221165	-12.325012	Ortigia
15.60269728	37.27093919	-15.8420115	Ortigia
15.56943359	37.31830233	-20.6998037	Ortigia
15.49538332	37.3829165	-10.8164004	Ortigia
15.46683198	37.4167085	-11.0778931	Ortigia
15.48524827	37.40172999	-14.340386	Ortigia
15.61681733	37.25322672	-15.2532655	Ortigia
15.51098418	37.36417856	-10.301731	Ortigia
15.54025832	37.33609968	-12.7226651	Ortigia
15.48833932	37.40120354	-15.835116	Ortigia
15.60272173	37.27226284	-16.4926406	Ortigia
15.73725672	37.11335978	-13.4738776	Ortigia
15.64308015	37.21374141	-9.2867046	Ortigia
15.48142557	37.40752417	-14.9414859	Ortigia
15.58545396	37.2964486	-18.854999	Ortigia
15.70538158	37.14584154	-10.9103967	Ortigia
15.62841234	37.24236704	-16.0478006	Ortigia
15.68770488	37.17303704	-14.1020642	Ortigia
15.52144963	37.35057508	-9.4099131	Ortigia
15.6044571	37.27546019	-19.006585	Ortigia
15.46371759	37.42310527	-12.3683357	Ortigia
15.68378582	37.16857976	-9.7200181	Ortigia
15.6227316	37.24899609	-16.3737284	Ortigia
15.61332708	37.25416232	-13.7411676	Ortigia
15.50966727	37.37998323	-17.3455965	Ortigia
15.46573809	37.42277967	-13.3539622	Ortigia
15.62862703	37.22755928	-8.5434282	Ortigia
15.56941288	37.32070964	-21.854147	Ortigia
15.59987771	37.27116826	-14.3674407	Ortigia
15.62052766	37.2466355	-13.9593365	Ortigia
15.54286924	37.33708727	-14.6598722	Ortigia
15.53391017	37.34443403	-13.3044489	Ortigia
15.61203746	37.24208028	-6.9999907	Ortigia
15.72641057	37.14391858	-21.8540161	Ortigia
15.6833733	37.18625281	-18.2828667	Ortigia
15.54032315	37.33360751	-11.5265244	Ortigia
15.69531803	37.17179075	-17.7497923	Ortigia
15.68180264	37.18011953	-14.3620234	Ortigia
15.70132083	37.17260595	-21.5181597	Ortigia
15.67692143	37.196033	-19.5726338	Ortigia
15.55123461	37.33957901	-20.5325454	Ortigia
15.49400995	37.40403397	-20.3841455	Ortigia
15.55581255	37.31647276	-12.1447691	Ortigia
15.59814561	37.28832134	-21.8540215	Ortigia
15.62597124	37.24201897	-14.5418973	Ortigia
15.55128287	37.33382044	-17.8167446	Ortigia
15.6544765	37.20763605	-12.5397057	Ortigia
15.60617658	37.27572965	-20.1032432	Ortigia
15.74332685	37.11676063	-18.5242451	Ortigia
15.60733199	37.26451181	-15.3530661	Ortigia
15.69399781	37.17598775	-19.050293	Ortigia
15.49778498	37.38759915	-14.446932	Ortigia
15.46954349	37.40736484	-8.1558286	Ortigia
15.72322402	37.12866899	-12.8060268	Ortigia
15.59677009	37.28916372	-21.5097481	Ortigia
15.59265484	37.27129699	-10.3700064	Ortigia
15.60314346	37.27790112	-19.4525596	Ortigia
15.58752622	37.28192638	-12.7996929	Ortigia
15.49661147	37.402764	-21.2153975	Ortigia
15.61451023	37.24541898	-10.0628667	Ortigia
15.5183568	37.37066021	-17.5927703	Ortigia
15.65495608	37.21249783	-15.1479996	Ortigia
15.67663753	37.17648955	-9.6986743	Ortigia
15.47691635	37.40062499	-9.1076118	Ortigia
15.66951936	37.19942819	-17.041544	Ortigia
15.5509885	37.32765641	-14.7237045	Ortigia
15.74679347	37.1187027	-21.4084004	Ortigia
15.69711099	37.16581355	-15.8803069	Ortigia
15.69055398	37.17572785	-17.0151882	Ortigia
15.69419192	37.16511862	-13.9049964	Ortigia
15.58970426	37.26820417	-7.2196753	Ortigia
15.57479245	37.29313187	-11.3046216	Ortigia
15.62667022	37.24961309	-18.8306089	Ortigia
15.55549317	37.33730677	-21.8540215	Ortigia
15.67937176	37.19293741	-19.396145	Ortigia
15.51171083	37.36616124	-11.6828843	Ortigia
15.73925871	37.12861667	-21.8540215	Ortigia
15.5155112	37.3720109	-16.6781314	Ortigia
15.69340152	37.18228198	-21.854021	Ortigia
15.58082018	37.29349444	-14.821958	Ortigia
15.66231539	37.18698512	-7	Ortigia
15.54246171	37.34308433	-17.3900789	Ortigia
15.60099079	37.27636185	-17.4983584	Ortigia
15.69440516	37.18070918	-21.6265679	Ortigia
15.63930944	37.2260314	-13.5628469	Ortigia
15.66002758	37.18965504	-7	Ortigia
15.53520797	37.33072818	-7.2629146	Ortigia
15.57171997	37.29271755	-9.3952627	Ortigia
15.69918161	37.17059825	-19.3489551	Ortigia
15.6268089	37.25472947	-21.5415034	Ortigia
15.58370093	37.30450402	-21.8540161	Ortigia
15.52533094	37.34131399	-6.9999995	Ortigia
15.62858848	37.2492983	-19.7108198	Ortigia
15.59638609	37.27313141	-13.3500363	Ortigia
15.72675528	37.11224117	-7	Ortigia
15.68210809	37.17166185	-10.3210464	Ortigia
15.49977463	37.37939441	-11.5411094	Ortigia
15.70068005	37.14996157	-10.2516377	Ortigia
15.5125266	37.36792313	-13.0046596	Ortigia
15.5041177	37.37336585	-11.0144956	Ortigia
15.4732116	37.40059301	-6.9999995	Ortigia
15.67899274	37.18089576	-13.1942073	Ortigia
15.72275532	37.13126876	-13.7759866	Ortigia
15.60481646	37.26194377	-12.7027448	Ortigia
15.729476	37.109	-7	Ortigia
15.72162382	37.12800551	-11.5854053	Ortigia
15.5973068	37.25886675	-7	Ortigia
15.66806921	37.18549198	-9.4393086	Ortigia
15.49671638	37.40114735	-20.4815723	Ortigia
15.65276429	37.22421294	-19.9400186	Ortigia
15.48179652	37.39737581	-10.3159356	Ortigia
15.74246393	37.11627719	-17.8063003	Ortigia
15.47591752	37.42794089	-21.5615825	Ortigia
15.59355152	37.26848239	-9.5182188	Ortigia
15.58549581	37.28782511	-14.6002103	Ortigia
15.51051317	37.35873696	-7.3574243	Ortigia
15.48629609	37.41593354	-21.699292	Ortigia
15.66304697	37.18854136	-8.1636182	Ortigia
15.65092133	37.21221226	-12.7621227	Ortigia
15.58762044	37.30007359	-21.8540791	Ortigia
15.59470611	37.27622788	-13.9512134	Ortigia
15.54125667	37.32818298	-9.4671509	Ortigia
15.67769171	37.17317438	-8.6320054	Ortigia
15.67274335	37.18838084	-13.4622725	Ortigia
15.5424451	37.33388843	-12.8487648	Ortigia
15.61167629	37.24965001	-10.6439248	Ortigia
15.56772843	37.32221872	-21.6141987	Ortigia
15.56262626	37.29953172	-7.6831294	Ortigia
15.48357869	37.39152463	-8.4474907	Ortigia
15.57752672	37.29462269	-13.558629	Ortigia
15.47811222	37.41490487	-16.5878067	Ortigia
15.62154592	37.25817153	-20.2916411	Ortigia
15.65622844	37.20770514	-13.5574333	Ortigia
15.55327533	37.33994951	-21.8540215	Ortigia
15.57831765	37.3105992	-21.8540215	Ortigia
15.68008306	37.16723805	-6.9998804	Ortigia
15.52565735	37.37041527	-21.5279292	Ortigia
15.65608918	37.21395932	-16.4910994	Ortigia
15.66833745	37.18654242	-10.1104478	Ortigia
15.56113242	37.29983306	-7	Ortigia
15.59833669	37.26300317	-9.570249	Ortigia
15.63607767	37.2237918	-10.6535476	Ortigia
15.49027083	37.39621223	-14.4726539	Ortigia
15.56171976	37.3108253	-12.7292417	Ortigia
15.49377839	37.40738921	-21.8540405	Ortigia
15.5076137	37.39070865	-21.4486309	Ortigia
15.67491687	37.19924465	-19.9875996	Ortigia
15.49267593	37.39471673	-15.0815122	Ortigia
15.65834642	37.21407834	-17.8155564	Ortigia
15.54756245	37.334541	-16.0512239	Ortigia
15.48681369	37.39642673	-12.6503299	Ortigia
15.6504258	37.23040126	-21.8540215	Ortigia
15.48144592	37.40435686	-13.443312	Ortigia
15.48375655	37.41469994	-19.6773657	Ortigia
15.61869644	37.23504804	-7	Ortigia
15.58792215	37.27046249	-7.3326314	Ortigia
15.57235911	37.29888008	-12.7791453	Ortigia
15.56760078	37.31269795	-16.9220198	Ortigia
15.66038725	37.20345859	-13.8496766	Ortigia
15.73236212	37.11061723	-9.4014004	Ortigia
15.71602711	37.13274593	-10.6711504	Ortigia
15.73255248	37.12680793	-17.200148	Ortigia
15.66511743	37.20071088	-15.1851843	Ortigia
15.51757186	37.35079884	-7.365938	Ortigia
15.66165137	37.1926159	-9.3387373	Ortigia
15.66214486	37.21092472	-18.4333403	Ortigia
15.61150936	37.25253234	-11.9350965	Ortigia
15.60655456	37.278442	-21.6187578	Ortigia
15.68364567	37.18075546	-15.6981153	Ortigia
15.53542093	37.34671438	-15.2679646	Ortigia
15.47357222	37.40735131	-10.4241575	Ortigia
15.55620165	37.30716902	-7.8618428	Ortigia
15.65358573	37.21319493	-14.7177653	Ortigia
15.64545146	37.21585648	-11.6643174	Ortigia
15.65917713	37.21607165	-19.2420606	Ortigia
15.53904235	37.35599241	-21.8540215	Ortigia
15.5347698	37.35447524	-18.7327481	Ortigia
15.54643956	37.34194318	-19.037166	Ortigia
15.51432835	37.36889157	-14.4831	Ortigia
15.7391458	37.12763519	-21.3238799	Ortigia
15.465767	37.412755	-8.5922622	Ortigia
15.64356414	37.2152642	-10.3336453	Ortigia
15.70220011	37.16060129	-16.2303812	Ortigia
15.66616263	37.20164273	-16.2214849	Ortigia
15.68496929	37.16946543	-10.815565	Ortigia
15.52558191	37.3662064	-19.4111333	Ortigia
15.64662457	37.20622612	-7.4463745	Ortigia
15.57591019	37.29022224	-10.4798789	Ortigia
15.5463935	37.31809174	-7.5829419	Ortigia
15.5534927	37.30932781	-7.4193779	Ortigia
15.71092333	37.14448481	-13.3701615	Ortigia
15.62635471	37.24717218	-17.4028455	Ortigia
15.58653761	37.29964274	-21.0401919	Ortigia
15.57381367	37.30897006	-18.5470669	Ortigia
15.5331238	37.36201926	-21.5374107	Ortigia
15.65663656	37.2149033	-17.255333	Ortigia
15.5845535	37.30281146	-21.4985654	Ortigia
15.5800418	37.28360923	-9.4880488	Ortigia
15.67029467	37.20414782	-19.7504756	Ortigia
15.67299962	37.19296933	-15.8876566	Ortigia
15.62258622	37.24691683	-15.2240764	Ortigia
15.47159561	37.42002591	-15.3488109	Ortigia
15.6464795	37.20870538	-8.5596729	Ortigia
15.50429587	37.38733432	-17.9474905	Ortigia
15.48994426	37.40844889	-20.1928096	Ortigia
15.59645484	37.27582932	-14.7225408	Ortigia
15.63146822	37.22785693	-10.2408086	Ortigia
15.64451229	37.22102494	-13.8138952	Ortigia
15.68262315	37.18850523	-18.9888194	Ortigia
15.59321188	37.28555765	-17.75021	Ortigia
15.54661372	37.33653964	-16.4693882	Ortigia
15.68566199	37.17182881	-12.3698479	Ortigia
15.62935662	37.22469236	-7.464189	Ortigia
15.70936433	37.13803429	-9.4137705	Ortigia
15.5766941	37.31162518	-21.4544248	Ortigia
15.62287709	37.25312451	-18.5772569	Ortigia
15.53294897	37.3350974	-8.1678233	Ortigia
15.60919957	37.26646119	-17.3413389	Ortigia
15.54928311	37.31913416	-9.7128906	Ortigia
15.57136251	37.31388384	-19.5978682	Ortigia
15.66910208	37.17944245	-7	Ortigia
15.57199774	37.3081288	-17.1231704	Ortigia
15.71406852	37.13103708	-8.7509566	Ortigia
15.67827958	37.18467459	-14.6799923	Ortigia
15.58457112	37.30031942	-20.2828052	Ortigia
15.69469745	37.17450423	-18.7082881	Ortigia
15.60696908	37.24830956	-7.3496831	Ortigia
15.61191457	37.26515427	-18.2383821	Ortigia
15.62485652	37.25008989	-18.0902276	Ortigia
15.54900402	37.32640044	-13.0046618	Ortigia
15.55090357	37.31907807	-10.6028692	Ortigia
15.72942188	37.13901977	-21.2304619	Ortigia
15.60484085	37.26340377	-13.4193362	Ortigia
15.47744072	37.39557494	-7.0001118	Ortigia
15.56405858	37.31866846	-17.8527332	Ortigia
15.51075712	37.37627723	-16.1398936	Ortigia
15.54538593	37.34884404	-21.8540215	Ortigia
15.50776911	37.37980861	-16.2017594	Ortigia
15.47419045	37.42475131	-19.0661846	Ortigia
15.72998105	37.11395706	-9.640457	Ortigia
15.48312165	37.3906998	-7.7891201	Ortigia
15.51385537	37.35989505	-9.7851289	Ortigia
15.49062078	37.40971447	-21.17746	Ortigia
15.56015724	37.32832467	-20.2285903	Ortigia
15.63642776	37.24397366	-21.2312349	Ortigia
15.69671474	37.15773978	-11.7687593	Ortigia
15.64813258	37.20906258	-9.6597744	Ortigia
15.62549488	37.25604655	-21.4888643	Ortigia
15.61818619	37.24063643	-9.5990669	Ortigia
15.56296205	37.31493508	-15.4436443	Ortigia
15.61572987	37.24755536	-11.8268152	Ortigia
15.62004994	37.25248858	-16.7109187	Ortigia
15.70468736	37.16427302	-19.396919	Ortigia
15.63103972	37.25087356	-21.8540186	Ortigia
15.6471619	37.22483685	-17.2160076	Ortigia
15.7427644	37.11832246	-18.9478164	Ortigia
15.5500227	37.33812946	-19.1493491	Ortigia
