17.13648498	41.95500001	-2	Palagruza
16.20265432	42.46707621	-10.8840108	Palagruza
17.14119183	41.96046809	-2.743149	Palagruza
16.33781482	42.29073309	-2.7426221	Palagruza
16.77170075	42.16132344	-11.2471519	Palagruza
17.06122082	42.05931322	-11.5999795	Palagruza
16.22597731	42.38902868	-6.0041917	Palagruza
16.24070988	42.4176532	-9.3391258	Palagruza
16.82989725	42.04299414	-2.0000127	Palagruza
16.98564576	42.00676828	-3.6137637	Palagruza
16.25833754	42.43818273	-12.1338536	Palagruza
16.12871101	42.47248366	-6.0208177	Palagruza
16.6970771	42.10682498	-2.5243204	Palagruza
16.27175589	42.39827785	-9.4209361	Palagruza
16.89646	42.03849042	-4.0355181	Palagruza
17.12324216	42.04367915	-11.5691001	Palagruza
17.15108795	41.97196232	-4.3054517	Palagruza
16.71478847	42.12040993	-4.6563912	Palagruza
16.76386564	42.14526837	-9.3264473	Palagruza
16.60662378	42.17876682	-5.1133323	Palagruza
16.79418259	42.09914458	-6.0815456	Palagruza
16.68891826	42.1957898	-10.6248641	Palagruza
16.17360197	42.5060052	-11.7327212	Palagruza
17.15895232	41.98109443	-5.5468487	Palagruza
17.01808572	42.04359018	-8.6403125	Palagruza
16.74933458	42.07746494	-1.9999991	Palagruza
16.16230915	42.48477955	-9.3364871	Palagruza
16.32779346	42.31217632	-4.3160257	Palagruza
16.28100394	42.40885996	-10.8705523	Palagruza
16.6886689	42.18669067	-9.7450198	Palagruza
16.42935795	42.31981249	-9.8469063	Palagruza
16.87139377	42.09487085	-8.935427	Palagruza
16.92390654	42.07855864	-9.2189715	Palagruza
17.16697812	41.99041184	-6.81358	Palagruza
16.44510831	42.23933107	-3.0585887	Palagruza
16.54280728	42.26674457	-10.4142791	Palagruza
16.30068051	42.33246706	-4.9240052	Palagruza
16.7071972	42.09631038	-2	Palagruza
16.75808891	42.10719453	-5.314625	Palagruza
16.15118708	42.41972569	-3.667335	Palagruza
16.1732805	42.38356765	-2.5235835	Palagruza
16.28333469	42.36474762	-7.1008673	Palagruza
16.34514563	42.37241902	-10.8607703	Palagruza
16.50921321	42.21632843	-4.0267664	Palagruza
16.15222848	42.50441966	-10.0912478	Palagruza
16.43166528	42.34262587	-12.1338614	Palagruza
16.78052732	42.16639246	-12.1342735	Palagruza
16.20479297	42.37401442	-3.487751	Palagruza
16.14711168	42.49430419	-8.9680799	Palagruza
16.88030296	42.0614093	-5.8025693	Palagruza
17.12247179	42.01252685	-8.0560319	Palagruza
16.83700902	42.13783448	-11.7559546	Palagruza
17.17545965	42.0002561	-8.1520934	Palagruza
16.65441472	42.19742542	-9.1509678	Palagruza
16.94134534	42.10035885	-12.1339014	Palagruza
16.60597526	42.14645114	-2.0000064	Palagruza
17.18597605	42.01245882	-9.8115118	Palagruza
16.80895268	42.05133987	-1.9999991	Palagruza
16.13136634	42.44826568	-4.3941231	Palagruza
16.31516117	42.40168732	-12.1340596	Palagruza
16.8866411	42.02240494	-1.9999971	Palagruza
16.79279917	42.10798638	-6.8948974	Palagruza
16.52952659	42.27249489	-10.3126243	Palagruza
16.11653562	42.43483384	-2.3304053	Palagruza
16.1343426	42.45973505	-5.4660948	Palagruza
16.17251143	42.4713678	-9.0578061	Palagruza
16.34003509	42.36313628	-9.7381353	Palagruza
16.20296077	42.36393059	-2.5045811	Palagruza
17.14811915	42.00300892	-7.7013475	Palagruza
16.94475938	42.00248723	-2.0000005	Palagruza
16.92316589	42.10124022	-11.5416578	Palagruza
16.25109682	42.32729445	-2.0000884	Palagruza
16.84602592	42.10315067	-8.7200113	Palagruza
17.19545017	42.02344903	-11.3062554	Palagruza
16.63606342	42.13154775	-2	Palagruza
17.20069625	42.02953337	-12.1338536	Palagruza
16.35403388	42.27491819	-1.9999927	Palagruza
16.96221699	42.02641528	-5.1655085	Palagruza
16.98493695	42.052426	-8.7110379	Palagruza
16.415531	42.30530195	-7.8074667	Palagruza
16.30978629	42.40451745	-12.1338536	Palagruza
16.29944152	42.30196057	-2.0004756	Palagruza
16.62679871	42.18855132	-6.9999406	Palagruza
16.4158894	42.3504386	-12.1338526	Palagruza
16.2325169	42.45535498	-12.1338536	Palagruza
16.34629945	42.33654149	-7.5171308	Palagruza
16.46966258	42.25294247	-5.5405157	Palagruza
17.14170316	41.96767095	-3.5641495	Palagruza
16.13339527	42.43361107	-3.4401153	Palagruza
16.7929434	42.12896011	-8.9725629	Palagruza
17.12124094	42.03267161	-10.2796763	Palagruza
16.30032874	42.34102045	-5.7094141	Palagruza
16.98044811	42.06511193	-9.9509739	Palagruza
16.79130021	42.16167938	-12.1338545	Palagruza
16.71992612	42.15307841	-8.014864	Palagruza
16.72383392	42.19431692	-12.1338682	Palagruza
16.95618427	42.07049065	-9.5958943	Palagruza
17.1019371	42.0539891	-12.1339312	Palagruza
16.67757979	42.12568012	-3.4015918	Palagruza
16.81404249	42.12501132	-9.4956646	Palagruza
16.71257159	42.18466262	-10.6808855	Palagruza
16.93469334	42.00497814	-2	Palagruza
17.06536848	42.02968998	-8.3951658	Palagruza
16.32720323	42.37598494	-10.3129266	Palagruza
16.47314753	42.29779352	-9.9245013	Palagruza
16.34031827	42.30574339	-4.293837	Palagruza
16.15311412	42.39564122	-1.9999996	Palagruza
17.01431154	42.06085782	-10.4711355	Palagruza
16.14241883	42.48578425	-7.9948067	Palagruza
16.16210402	42.40784169	-3.5549122	Palagruza
16.90149105	42.01701778	-1.9999996	Palagruza
16.76443693	42.15288037	-10.0986065	Palagruza
16.48083472	42.31729907	-12.1338536	Palagruza
17.00818766	42.0250979	-6.2931651	Palagruza
17.16368257	41.99811594	-7.5852306	Palagruza
16.61847438	42.23428391	-10.9700389	Palagruza
16.68610463	42.15118778	-6.237234	Palagruza
16.47832519	42.21071402	-2.0004502	Palagruza
16.86517974	42.12932295	-12.1338526	Palagruza
16.58635874	42.17896545	-4.1745555	Palagruza
16.9406171	42.09471589	-11.5216416	Palagruza
17.0221124	42.06954267	-11.6612041	Palagruza
16.40082826	42.35377214	-11.7401104	Palagruza
16.66412562	42.21883534	-11.6528394	Palagruza
16.3653216	42.286824	-3.6699622	Palagruza
17.06785366	42.01413372	-6.7210274	Palagruza
16.33431231	42.33337952	-6.6491826	Palagruza
16.29007484	42.31266877	-2.5446695	Palagruza
16.8463887	42.07079479	-5.5004556	Palagruza
16.69400067	42.10284916	-2	Palagruza
17.17425577	42.00592919	-8.7543188	Palagruza
17.10032448	42.02927178	-9.3182737	Palagruza
17.11400096	42.00000489	-6.4177266	Palagruza
16.95157502	42.03417233	-5.6599369	Palagruza
16.76611462	42.16484301	-11.3189278	Palagruza
16.29975318	42.40609428	-11.6989405	Palagruza
16.93336715	42.04018984	-5.5985487	Palagruza
16.67802532	42.14044185	-4.8306346	Palagruza
16.21200604	42.47485986	-12.1338536	Palagruza
16.20693502	42.42559149	-8.0803018	Palagruza
16.61160881	42.15863714	-3.4285237	Palagruza
16.1699784	42.37972043	-2	Palagruza
16.73084455	42.13113558	-6.4377535	Palagruza
16.53671052	42.18405651	-2.3128096	Palagruza
16.76765911	42.09435109	-4.4603694	Palagruza
16.38237826	42.29223732	-4.9931976	Palagruza
16.85099615	42.09409175	-8.040464	Palagruza
16.1558869	42.51753795	-11.335813	Palagruza
16.94275843	42.08455982	-10.5493941	Palagruza
16.45663332	42.32475496	-11.6477413	Palagruza
16.78669433	42.08800041	-4.6570047	Palagruza
16.92292654	42.01633774	-2.7352081	Palagruza
17.04626715	41.98176737	-2.4953941	Palagruza
16.5445453	42.28406135	-12.1341607	Palagruza
16.71007297	42.20112952	-12.1338882	Palagruza
16.61220856	42.21543349	-8.8751904	Palagruza
16.58113802	42.25741067	-11.388835	Palagruza
17.00588654	42.00540861	-4.0230762	Palagruza
16.70426204	42.17596972	-9.458969	Palagruza
16.78545999	42.13870087	-9.6109375	Palagruza
16.22448404	42.40429462	-7.2495477	Palagruza
16.18111019	42.39268857	-3.764979	Palagruza
16.49001055	42.25855359	-7.0650724	Palagruza
16.18879262	42.4044715	-5.2048326	Palagruza
16.30817631	42.34791931	-6.7428564	Palagruza
16.94509637	42.04762072	-6.809338	Palagruza
16.16001412	42.47394483	-8.3605746	Palagruza
16.86779962	42.11233666	-10.5694402	Palagruza
16.87227391	42.02761713	-2.0000254	Palagruza
16.67887315	42.11567836	-2.5088038	Palagruza
16.18106507	42.50426465	-12.1338545	Palagruza
16.59821232	42.16866885	-3.7526189	Palagruza
16.91972001	42.09069023	-10.3187554	Palagruza
16.21690393	42.46366809	-11.6440303	Palagruza
17.0632775	41.99914997	-4.9147955	Palagruza
16.96178139	42.04250254	-6.9065735	Palagruza
16.75876613	42.11947772	-6.557016	Palagruza
16.29238097	42.35210317	-6.3586172	Palagruza
16.50342934	42.23929339	-5.9145619	Palagruza
16.62819697	42.1527387	-3.6493887	Palagruza
16.18290109	42.37827365	-2.61067	Palagruza
16.55919782	42.22456486	-7.2250148	Palagruza
16.24405543	42.33467344	-2.299793	Palagruza
16.8171062	42.11509665	-8.6487609	Palagruza
16.19729018	42.41436543	-6.5517884	Palagruza
16.41163192	42.2983525	-6.961003	Palagruza
16.85508595	42.0807705	-6.8611587	Palagruza
16.7247416	42.14346275	-7.3251532	Palagruza
16.85410148	42.11528137	-10.2675354	Palagruza
16.66766198	42.19552208	-9.5951119	Palagruza
16.43476653	42.30137369	-8.3787812	Palagruza
16.22876	42.37733812	-5.1441338	Palagruza
16.51195182	42.23078254	-5.5241797	Palagruza
16.72371063	42.10439766	-3.5506297	Palagruza
16.86017989	42.10484797	-9.500107	Palagruza
16.77038616	42.15101693	-10.1758804	Palagruza
16.50483635	42.24712048	-6.7189049	Palagruza
16.989832	42.08277378	-12.1339244	Palagruza
16.38711806	42.26303906	-2.4408223	Palagruza
16.82810379	42.08626843	-6.2773304	Palagruza
16.92457779	42.06142055	-7.4680593	Palagruza
16.27812444	42.31312866	-2	Palagruza
16.34836228	42.35928899	-9.7866968	Palagruza
16.40471978	42.31239521	-7.9737172	Palagruza
16.47082244	42.31508684	-11.4350372	Palagruza
16.98225805	42.06026907	-9.5159222	Palagruza
17.05697408	42.00867249	-5.8071062	Palagruza
16.76802529	42.17244001	-12.1338531	Palagruza
17.02958602	42.0090273	-5.0863341	Palagruza
16.93848655	42.00939031	-2.5995967	Palagruza
16.30201007	42.30569555	-2.478087	Palagruza
17.13756772	42.01533476	-8.7896816	Palagruza
16.13044186	42.48794145	-7.3033832	Palagruza
16.90413605	42.01866691	-2.2702359	Palagruza
16.57105669	42.2336896	-8.6609747	Palagruza
16.29592464	42.38839239	-9.9381895	Palagruza
16.67138241	42.18443007	-8.7126219	Palagruza
16.44402917	42.33214844	-11.7238804	Palagruza
16.48468227	42.21217961	-2.4479488	Palagruza
16.74074307	42.12569914	-6.3871927	Palagruza
16.95789877	42.00253723	-2.3699908	Palagruza
16.60161426	42.2096385	-7.8216942	Palagruza
16.27217284	42.32663811	-2.9748409	Palagruza
16.72037749	42.10907689	-3.8399678	Palagruza
16.69620146	42.20799913	-12.1338506	Palagruza
16.7143751	42.09811879	-2.5124781	Palagruza
16.77576211	42.11813988	-7.1603457	Palagruza
16.1619159	42.51459211	-11.5442959	Palagruza
17.12858816	41.95695757	-2	Palagruza
16.66618316	42.17721207	-7.7784077	Palagruza
16.87769827	42.10751486	-10.4829336	Palagruza
16.75805168	42.14749457	-9.2841778	Palagruza
16.27358129	42.42222282	-11.6118545	Palagruza
17.11419498	41.96052475	-2	Palagruza
16.14939674	42.43927304	-5.004793	Palagruza
16.96917876	42.04939613	-7.8987949	Palagruza
16.7829198	42.07012968	-2.72892	Palagruza
16.25984399	42.34639014	-4.2210013	Palagruza
17.0450861	42.01985779	-6.7301864	Palagruza
16.16344437	42.38956011	-2.280793	Palagruza
16.32505304	42.36209381	-8.9032668	Palagruza
16.90396427	42.06480695	-7.0442822	Palagruza
16.96380874	42.09221379	-12.1338497	Palagruza
16.74841406	42.16753921	-10.7399244	Palagruza
16.31224477	42.32465588	-4.7608623	Palagruza
16.46104285	42.3076294	-10.254868	Palagruza
16.38094231	42.32193895	-7.7604615	Palagruza
16.39681946	42.33468869	-9.7283807	Palagruza
16.83044536	42.0461546	-2.3481607	Palagruza
16.47213893	42.27446318	-7.6834353	Palagruza
17.16412687	42.03859424	-12.1338531	Palagruza
16.59854385	42.25637056	-12.1340381	Palagruza
16.35661531	42.36297586	-10.5293523	Palagruza
17.01699006	42.01746004	-5.6815713	Palagruza
16.56944392	42.27129579	-12.1338511	Palagruza
16.95296727	42.02622923	-4.8881365	Palagruza
16.30950726	42.29697037	-2.0000103	Palagruza
16.70030971	42.15758952	-7.518724	Palagruza
16.77730955	42.16784163	-12.1338536	Palagruza
16.18607266	42.4930806	-11.6519693	Palagruza
16.61664266	42.20184185	-7.7879071	Palagruza
16.72807969	42.12151846	-5.3900784	Palagruza
16.83288918	42.0634306	-4.2294434	Palagruza
16.32663059	42.34694627	-7.5593989	Palagruza
17.15992834	41.99059525	-6.6383494	Palagruza
16.23007749	42.44968624	-11.5259385	Palagruza
16.48959177	42.22095856	-3.5141119	Palagruza
16.21795135	42.35406988	-2.5003584	Palagruza
16.32228699	42.38647725	-11.0560735	Palagruza
16.52620608	42.21747446	-4.9578174	Palagruza
16.39944058	42.35858218	-12.1338536	Palagruza
16.96845894	42.00865405	-3.3482779	Palagruza
16.39728205	42.28072032	-4.6005599	Palagruza
16.45788866	42.26360494	-5.9649096	Palagruza
16.58040716	42.23168884	-8.9241297	Palagruza
16.311546	42.30280506	-2.6534712	Palagruza
16.35041969	42.29240295	-3.4979107	Palagruza
16.54031353	42.20301008	-4.2756746	Palagruza
16.68514202	42.20511116	-11.3358121	Palagruza
17.13007139	42.00099629	-6.9748249	Palagruza
16.42336221	42.27547189	-5.3863938	Palagruza
16.11619135	42.47135644	-5.0443787	Palagruza
16.98000024	41.9973291	-2.3995479	Palagruza
16.22027948	42.42157633	-8.5162836	Palagruza
16.60803619	42.2516431	-12.1339703	Palagruza
16.10721634	42.46090767	-3.6214168	Palagruza
16.77675463	42.10546544	-5.9515549	Palagruza
16.46263038	42.24215887	-4.1830047	Palagruza
16.40837476	42.27842305	-4.9287879	Palagruza
16.19648116	42.42223643	-7.0838203	Palagruza
16.38970893	42.30182743	-6.2551883	Palagruza
16.2374413	42.35571981	-3.7557432	Palagruza
16.38202059	42.36098151	-11.539545	Palagruza
16.97632402	42.05337523	-8.5785535	Palagruza
16.30525429	42.39924609	-11.4160445	Palagruza
16.99626251	42.01704348	-5.0596852	Palagruza
16.74882273	42.12749568	-6.9193627	Palagruza
16.18155486	42.45012513	-8.1098702	Palagruza
16.36021423	42.37808079	-12.1342627	Palagruza
16.48550202	42.25106961	-6.141155	Palagruza
16.14878237	42.4716512	-7.3883604	Palagruza
16.89963445	42.05494702	-5.8598962	Palagruza
17.04382665	42.0003841	-4.5134439	Palagruza
16.51904054	42.26445808	-9.0430447	Palagruza
16.58483419	42.15692163	-2.0000596	Palagruza
16.19580622	42.36282212	-2	Palagruza
16.190884	42.39043459	-4.1257339	Palagruza
16.90765199	42.11258102	-12.1338389	Palagruza
16.46212549	42.22777269	-2.8072764	Palagruza
16.88386083	42.11515837	-11.5068628	Palagruza
16.15560792	42.42685339	-4.5165733	Palagruza
16.59878165	42.19807446	-6.5845126	Palagruza
16.643423	42.13710844	-2.878	Palagruza
17.1378409	42.03792284	-11.3289498	Palagruza
16.43613815	42.32677187	-10.8322298	Palagruza
16.84402126	42.0875461	-7.0922629	Palagruza
16.4775154	42.21774338	-2.620148	Palagruza
16.82381077	42.0528683	-2.7937901	Palagruza
16.54360493	42.22228014	-6.2541069	Palagruza
17.09190344	41.96604752	-2	Palagruza
16.5151975	42.27637156	-9.9735584	Palagruza
16.99310134	42.05774614	-9.5338882	Palagruza
16.43085162	42.24003215	-2.4254507	Palagruza
16.58670601	42.26244425	-12.1338311	Palagruza
16.53854064	42.28055558	-11.5115953	Palagruza
16.41916658	42.29768568	-7.2674929	Palagruza
17.04930532	42.06702678	-12.1338531	Palagruza
16.76832639	42.0720274	-2.285045	Palagruza
16.4391185	42.33468923	-11.7283755	Palagruza
16.36757832	42.36689024	-11.4213414	Palagruza
16.50226071	42.29837121	-11.4060162	Palagruza
16.97273125	42.05799952	-8.9238484	Palagruza
16.66123359	42.12419148	-2.4877559	Palagruza
16.73171948	42.11186217	-4.634802	Palagruza
16.85689854	42.03750821	-2.4465201	Palagruza
16.17725985	42.39103984	-3.3765149	Palagruza
16.20690242	42.35555958	-1.9999996	Palagruza
16.6215083	42.14468521	-2.5652769	Palagruza
16.55605355	42.27816031	-12.1338467	Palagruza
16.63242962	42.20827305	-9.1475904	Palagruza
17.08470285	42.05017302	-11.2276319	Palagruza
16.40177883	42.2916393	-5.853162	Palagruza
16.51578274	42.24253998	-6.8199573	Palagruza
16.29020333	42.39125995	-9.8616536	Palagruza
16.47450212	42.26339737	-6.7597431	Palagruza
16.76536717	42.07043774	-2.0000616	Palagruza
16.91967167	42.03732299	-4.7868081	Palagruza
16.96998084	42.07221155	-10.2928506	Palagruza
17.13441889	42.02540155	-9.8305123	Palagruza
16.27907231	42.35746646	-6.2078637	Palagruza
16.90497473	42.08479983	-9.1538658	Palagruza
16.86181116	42.07042265	-6.0413873	Palagruza
16.44617657	42.33538651	-12.1334532	Palagruza
16.68754623	42.1305872	-4.3402859	Palagruza
16.37988889	42.34312379	-9.7333965	Palagruza
17.07246312	42.03896006	-9.6310149	Palagruza
16.41502789	42.24950459	-2.5388916	Palagruza
16.17298594	42.3947301	-3.3482774	Palagruza
16.22836676	42.45186084	-11.5769209	Palagruza
16.26621297	42.41636769	-10.6813343	Palagruza
16.94033233	42.06684074	-8.6218395	Palagruza
17.14143609	41.99292854	-6.3863221	Palagruza
16.20021984	42.45022205	-9.4473272	Palagruza
17.01241057	41.98573399	-1.9999996	Palagruza
16.45921377	42.32858094	-12.1339444	Palagruza
16.59957633	42.23302017	-9.9566761	Palagruza
17.18095213	42.01517358	-9.9761868	Palagruza
16.36466799	42.32886938	-7.6527896	Palagruza
16.64109965	42.23078039	-11.7047476	Palagruza
16.97087871	41.99602154	-1.9999991	Palagruza
16.72374586	42.18828138	-11.5538457	Palagruza
16.6811468	42.16653531	-7.4670558	Palagruza
16.50479307	42.26824348	-8.6999512	Palagruza
16.31307781	42.31313369	-3.7125313	Palagruza
16.18904741	42.40193251	-5.023267	Palagruza
16.1857345	42.41681099	-5.9112981	Palagruza
16.45603286	42.29934513	-9.2309239	Palagruza
17.09689051	42.00252248	-6.2250787	Palagruza
17.00941369	42.05190102	-9.33121	Palagruza
17.19407074	42.03117545	-12.1338526	Palagruza
17.04451308	41.97778073	-2.0000088	Palagruza
16.32384648	42.33145164	-5.9683616	Palagruza
16.56002471	42.24714429	-9.396918	Palagruza
16.23661046	42.44203577	-11.2310274	Palagruza
16.41339884	42.34422609	-11.4229009	Palagruza
16.49068359	42.29490051	-10.5124488	Palagruza
16.9964864	41.98967942	-2.0000005	Palagruza
16.42457684	42.32464169	-10.081774	Palagruza
16.16588062	42.44268407	-6.4351447	Palagruza
16.44626235	42.2274577	-2.000002	Palagruza
16.29611653	42.3813396	-9.287052	Palagruza
16.35752059	42.3425585	-8.6221028	Palagruza
16.35360282	42.31316961	-5.6307555	Palagruza
16.19841655	42.40402902	-5.7401579	Palagruza
16.10456102	42.4490857	-2.545751	Palagruza
16.30214166	42.37212402	-8.7179118	Palagruza
16.22383467	42.46361442	-12.1337115	Palagruza
16.81258129	42.08135882	-5.12091	Palagruza
16.97803043	42.02102269	-4.9997781	Palagruza
16.95424436	42.09063057	-11.610272	Palagruza
16.24977385	42.37489277	-6.1295444	Palagruza
16.18572716	42.43505123	-7.2775183	Palagruza
16.86499721	42.08750456	-7.9315373	Palagruza
16.29195304	42.3996794	-10.6950569	Palagruza
16.59835101	42.25280972	-11.7878301	Palagruza
16.89266128	42.10286367	-10.5630992	Palagruza
16.83067632	42.13065533	-10.7728218	Palagruza
16.91326241	42.04548076	-5.3911541	Palagruza
16.66185268	42.22500151	-12.1338755	Palagruza
16.36586572	42.37519622	-12.1339727	Palagruza
16.20127401	42.43348864	-8.2684179	Palagruza
16.99214709	42.03165024	-6.5824013	Palagruza
16.5594326	42.17492837	-2.5172413	Palagruza
16.83868227	42.05609552	-3.6877539	Palagruza
16.64708471	42.2323133	-12.1338628	Palagruza
16.53762972	42.18030129	-2.0003033	Palagruza
16.250567	42.36577101	-5.3800627	Palagruza
16.18740905	42.46088289	-9.3333863	Palagruza
16.8588054	42.0579687	-4.6379649	Palagruza
16.88982669	42.09251528	-9.3839903	Palagruza
16.82012139	42.06315421	-3.6496548	Palagruza
16.92145931	42.0538824	-6.5697347	Palagruza
16.37248954	42.26577223	-2.0000455	Palagruza
16.78740094	42.15003746	-10.8148343	Palagruza
16.97303863	42.03400852	-6.3166508	Palagruza
16.57620683	42.16892169	-2.7368155	Palagruza
16.39005677	42.31022604	-7.073266	Palagruza
16.85417006	42.04641546	-3.2667295	Palagruza
17.17036573	42.03293321	-11.6725528	Palagruza
16.80508094	42.15564451	-12.1338536	Palagruza
16.25025402	42.33521912	-2.7008975	Palagruza
16.16914632	42.46025995	-7.9853063	Palagruza
16.11716912	42.45992549	-4.2568284	Palagruza
17.0080102	42.07724828	-12.1338521	Palagruza
17.16576528	42.01659149	-9.7133399	Palagruza
16.48318683	42.30762707	-11.3405928	Palagruza
16.56444216	42.26633816	-11.4234292	Palagruza
16.75707267	42.1556541	-10.0152002	Palagruza
16.29909474	42.41151622	-12.1338536	Palagruza
16.60152463	42.15166502	-2.2871373	Palagruza
16.89246251	42.07975891	-8.1610534	Palagruza
16.87575282	42.03263215	-2.6502793	Palagruza
17.11435833	41.97525307	-3.6544043	Palagruza
16.43778343	42.26822118	-5.4125225	Palagruza
16.41933564	42.28932765	-6.4905744	Palagruza
16.66519556	42.1510736	-5.2386563	Palagruza
17.09263821	41.98552057	-4.2020022	Palagruza
16.92841097	42.00724698	-2.0001788	Palagruza
16.58245429	42.21879833	-7.7905265	Palagruza
16.38768655	42.25804097	-1.9999869	Palagruza
16.44769409	42.293607	-8.282986	Palagruza
16.26719101	42.36936302	-6.6412522	Palagruza
16.14292095	42.41116972	-2.437021	Palagruza
16.83594016	42.12151574	-10.0975826	Palagruza
16.91682294	42.01145435	-1.9999991	Palagruza
16.33890175	42.35356571	-8.7846257	Palagruza
16.15361996	42.45696582	-6.632016	Palagruza
16.36842073	42.31933826	-6.920197	Palagruza
16.85151736	42.12807259	-11.4192017	Palagruza
16.21441713	42.43526082	-9.3391631	Palagruza
16.92335183	42.10688648	-12.1338536	Palagruza
16.17228977	42.43137109	-6.0440409	Palagruza
16.98669783	42.07627306	-11.3425655	Palagruza
16.798908	42.11601689	-7.9523788	Palagruza
16.55175076	42.19818181	-4.3733638	Palagruza
16.71323594	42.09331772	-2	Palagruza
16.49808583	42.22203396	-4.0268396	Palagruza
16.31717805	42.39652513	-11.7484444	Palagruza
16.75633486	42.1371361	-8.1965945	Palagruza
16.25849869	42.35583325	-4.966792	Palagruza
16.2656417	42.3861071	-8.0116971	Palagruza
16.67863643	42.21669508	-12.1338467	Palagruza
16.96662932	42.08388316	-11.3764449	Palagruza
16.35152421	42.28060796	-2.4243555	Palagruza
16.74453846	42.1127884	-5.2808266	Palagruza
16.71189655	42.13745463	-6.1453805	Palagruza
16.90238984	42.11033438	-11.7031524	Palagruza
16.33199582	42.28583491	-1.9999996	Palagruza
16.59723924	42.22209339	-8.803342	Palagruza
16.42014979	42.26069367	-3.8408553	Palagruza
16.90729325	42.02837898	-3.3949893	Palagruza
16.67147086	42.2058391	-10.7594488	Palagruza
16.65104969	42.12412195	-2.000064	Palagruza
16.3194721	42.32023288	-4.6927718	Palagruza
17.15147383	41.98164315	-5.4006471	Palagruza
16.12308761	42.42419794	-1.9999996	Palagruza
16.77512585	42.16011585	-11.2801578	Palagruza
16.43138232	42.31326771	-9.3298489	Palagruza
16.490371	42.2709218	-8.2444563	Palagruza
16.70779126	42.16658034	-8.7297738	Palagruza
16.16997856	42.41965869	-5.001627	Palagruza
16.70345988	42.14837232	-6.7882427	Palagruza
16.52856243	42.25735126	-8.8381917	Palagruza
16.59127089	42.24791496	-10.9834932	Palagruza
16.21190983	42.44193537	-9.659482	Palagruza
16.54232226	42.19198248	-3.332354	Palagruza
16.52817933	42.19430423	-2.8661045	Palagruza
16.36192389	42.37228267	-11.6703233	Palagruza
16.62353669	42.13775353	-2.0000005	Palagruza
16.57800682	42.19332057	-5.1494104	Palagruza
16.23968829	42.40470291	-8.1520937	Palagruza
16.31580434	42.33676638	-6.0714883	Palagruza
16.33669065	42.38455308	-11.5838809	Palagruza
17.02913948	41.98930122	-2.8640176	Palagruza
16.99883284	42.07951878	-12.1338536	Palagruza
16.24090234	42.43039344	-10.4607115	Palagruza
16.27918779	42.36891402	-7.2864911	Palagruza
17.0669352	41.97223073	-1.9999927	Palagruza
16.38769492	42.27280415	-3.3891866	Palagruza
17.11277307	42.02273644	-8.9311329	Palagruza
16.41165962	42.31914791	-8.9464366	Palagruza
16.82386562	42.071844	-4.6696382	Palagruza
16.79865109	42.07359027	-3.7511219	Palagruza
16.69690015	42.13990604	-5.6708829	Palagruza
16.24614442	42.34518852	-3.3348184	Palagruza
16.1378127	42.4101963	-2	Palagruza
17.04750757	41.99127477	-3.595053	Palagruza
17.02725643	42.0724854	-12.133854	Palagruza
16.42297531	42.30835438	-8.4547765	Palagruza
16.73440058	42.11720708	-5.2773339	Palagruza
16.42728624	42.23736382	-2.0000171	Palagruza
16.21201206	42.42866593	-8.6629632	Palagruza
16.64627924	42.15143286	-4.3790801	Palagruza
16.2096205	42.38456912	-4.6828326	Palagruza
16.37276551	42.27371403	-2.7708785	Palagruza
17.06636823	42.04835406	-10.5145472	Palagruza
16.23772384	42.36875099	-4.9071485	Palagruza
16.10058153	42.44558852	-2	Palagruza
17.18745903	42.02575455	-11.3426739	Palagruza
16.38187111	42.3672782	-12.1338248	Palagruza
16.88868932	42.11945583	-12.133959	Palagruza
16.85295801	42.03462782	-1.9999878	Palagruza
16.74082289	42.12018308	-5.8512727	Palagruza
16.39199771	42.34753717	-10.7272544	Palagruza
17.12232827	42.04894302	-12.1338521	Palagruza
16.28749648	42.32209846	-3.3026219	Palagruza
16.26588971	42.34177885	-4.087146	Palagruza
16.25712537	42.43422895	-11.7200552	Palagruza
16.35471354	42.3690877	-11.0194888	Palagruza
16.18065471	42.40476105	-4.6464141	Palagruza
16.2449172	42.44695894	-12.1338262	Palagruza
17.12818875	41.96246378	-2.6056568	Palagruza
16.73786835	42.15559799	-9.1026311	Palagruza
16.98845976	42.06747269	-10.4955408	Palagruza
16.54295712	42.25641867	-9.4462732	Palagruza
16.52009334	42.20843327	-3.8082596	Palagruza
16.62649906	42.24250584	-12.133854	Palagruza
16.55027201	42.17404299	-1.9999703	Palagruza
17.05111085	42.03064911	-8.1067016	Palagruza
16.99652031	42.06762049	-10.7356971	Palagruza
16.94129776	42.05833081	-7.7762966	Palagruza
16.63240421	42.17454655	-5.9284668	Palagruza
16.39911643	42.25810978	-2.5668731	Palagruza
17.15151211	42.02024743	-9.7273265	Palagruza
16.88980847	42.02632013	-2.5246553	Palagruza
16.14681304	42.45050228	-5.6624388	Palagruza
16.80440687	42.09000127	-5.6207388	Palagruza
16.75670183	42.1732782	-11.6788848	Palagruza
16.95932674	42.03362223	-5.8930914	Palagruza
16.46556703	42.21737805	-1.9999888	Palagruza
16.95792229	42.05401369	-7.9538921	Palagruza
16.55108395	42.27581237	-11.6715308	Palagruza
17.003561	42.03741933	-7.545646	Palagruza
16.19921831	42.47705653	-11.3872749	Palagruza
16.2508238	42.39481532	-7.9254003	Palagruza
17.08386984	41.97179698	-2.4211885	Palagruza
16.23391719	42.45415018	-12.1338536	Palagruza
17.06161649	41.98869003	-3.6966263	Palagruza
16.28457127	42.33265436	-4.1491849	Palagruza
16.67252611	42.11348637	-2.000002	Palagruza
16.96782485	42.0434993	-7.2358257	Palagruza
16.81879141	42.04702701	-2	Palagruza
16.69113616	42.17068148	-8.3345164	Palagruza
16.57172223	42.2090602	-6.3544685	Palagruza
16.70285494	42.12985714	-4.993709	Palagruza
17.02122674	42.00093461	-3.9475989	Palagruza
16.09699102	42.449	-2	Palagruza
16.43517498	42.28905326	-7.2413667	Palagruza
16.19650596	42.41061713	-6.2055497	Palagruza
16.40762645	42.29062989	-6.0386451	Palagruza
16.44173469	42.33763872	-12.1337823	Palagruza
16.8049138	42.14007163	-10.5881878	Palagruza
16.54586803	42.21299489	-5.4872798	Palagruza
17.00639655	42.07250213	-11.5569605	Palagruza
16.16092369	42.52339396	-12.1338536	Palagruza
16.48198145	42.22996469	-3.9866534	Palagruza
16.39978745	42.25172389	-2	Palagruza
16.13795452	42.49668208	-8.4941117	Palagruza
17.03753459	42.06152987	-11.1909297	Palagruza
16.33988194	42.34849372	-8.355455	Palagruza
16.20848332	42.41469961	-7.2442681	Palagruza
16.3012269	42.32102024	-3.876854	Palagruza
16.39950395	42.266853	-3.4072002	Palagruza
16.45530708	42.27324825	-6.7440865	Palagruza
16.73393762	42.0842121	-1.9999883	Palagruza
16.11813511	42.44474688	-3.1875616	Palagruza
16.74647468	42.14544182	-8.5405246	Palagruza
17.10299223	42.01587102	-7.8902998	Palagruza
16.83285924	42.10947444	-8.774903	Palagruza
16.23958021	42.33416262	-2	Palagruza
16.10013301	42.45265932	-2.4982476	Palagruza
16.99702704	42.04572833	-8.2956568	Palagruza
17.08575136	42.01195822	-6.9735005	Palagruza
17.02559234	42.05174754	-9.7629532	Palagruza
16.75057392	42.18108139	-12.1338536	Palagruza
17.10547713	42.04364729	-11.0727354	Palagruza
17.14297337	42.04383261	-12.133854	Palagruza
17.17929026	42.03483794	-12.1338536	Palagruza
16.18700821	42.47354272	-10.2538123	Palagruza
16.61239278	42.18966707	-6.425672	Palagruza
16.79944227	42.060961	-2.5383604	Palagruza
16.26980834	42.35799423	-5.8001781	Palagruza
16.61475568	42.22327679	-9.7439578	Palagruza
17.0766627	41.98925923	-4.1777222	Palagruza
16.6396353	42.18189288	-6.9708634	Palagruza
16.8213172	42.14119629	-11.4092061	Palagruza
16.22105191	42.44914454	-10.8512498	Palagruza
16.2458324	42.33006722	-2	Palagruza
16.73066898	42.1053316	-3.9445682	Palagruza
16.32409903	42.29780979	-2.7698023	Palagruza
16.25556522	42.42458707	-10.7905892	Palagruza
16.3728829	42.30462211	-5.726302	Palagruza
16.6077146	42.24722398	-11.6969229	Palagruza
16.85719307	42.0916941	-8.071867	Palagruza
16.56681017	42.18245078	-3.58341	Palagruza
16.4050959	42.3020791	-7.0067052	Palagruza
16.42759119	42.33716937	-11.4202852	Palagruza
16.98435188	42.04346185	-7.6900004	Palagruza
16.58846424	42.16033632	-2.4972281	Palagruza
16.41465329	42.33128254	-10.2464229	Palagruza
17.1082863	41.99050144	-5.1942752	Palagruza
17.13385807	41.9824518	-5.0021539	Palagruza
16.53122083	42.22969996	-6.3549117	Palagruza
16.73920039	42.09352	-3.1468287	Palagruza
16.92633376	42.06888194	-8.307267	Palagruza
16.70144526	42.11754089	-3.7525726	Palagruza
16.44543819	42.31457071	-10.1419056	Palagruza
16.28421324	42.34432058	-5.2264756	Palagruza
16.72850351	42.11294095	-4.5929781	Palagruza
16.8828948	42.12156199	-12.1338536	Palagruza
16.49702557	42.23005376	-4.7324336	Palagruza
16.71683945	42.12915125	-5.586959	Palagruza
16.38644549	42.28180572	-4.1897518	Palagruza
16.25923792	42.32835861	-2.5005933	Palagruza
16.76433183	42.08219228	-3.1157959	Palagruza
16.87976106	42.07435818	-7.1239163	Palagruza
16.86964201	42.10616366	-10.0395271	Palagruza
16.93661601	42.01332503	-2.9379927	Palagruza
16.37998013	42.26205456	-1.9994551	Palagruza
16.2232513	42.36421291	-3.6863362	Palagruza
16.84236763	42.13931331	-12.1338614	Palagruza
17.04349273	42.0418468	-9.1501033	Palagruza
16.23764814	42.39411942	-7.1133737	Palagruza
16.78969758	42.15913391	-11.8128785	Palagruza
16.28776898	42.37890204	-8.6461037	Palagruza
17.06587293	42.06292365	-12.1338531	Palagruza
16.10976669	42.43686002	-1.9999991	Palagruza
16.90584849	42.09709276	-10.4607134	Palagruza
16.22172949	42.34585271	-1.9999996	Palagruza
16.44175822	42.2564899	-4.5058069	Palagruza
17.12419712	41.99036663	-5.6207414	Palagruza
16.39269969	42.32298825	-8.4165195	Palagruza
16.21060245	42.45386339	-10.4601868	Palagruza
16.27977674	42.38085748	-8.3605783	Palagruza
16.33065799	42.3935721	-12.1338472	Palagruza
16.51316073	42.20025666	-2.7006592	Palagruza
16.6738293	42.15806926	-6.3137725	Palagruza
16.9962661	42.07653842	-11.7285088	Palagruza
16.31144582	42.37794963	-9.7222754	Palagruza
16.19711608	42.48901336	-12.1338545	Palagruza
16.18115862	42.48536079	-10.7230315	Palagruza
16.52998187	42.24399056	-7.6443487	Palagruza
16.2219239	42.44019989	-10.2337715	Palagruza
16.16614473	42.49690177	-10.5187696	Palagruza
16.17910958	42.37374719	-2.000001	Palagruza
16.6511067	42.18608836	-7.9129903	Palagruza
16.78892642	42.06011627	-1.9999976	Palagruza
16.56682703	42.16584341	-1.9999991	Palagruza
16.3322714	42.32550288	-5.8003374	Palagruza
16.58883837	42.24068305	-10.1816658	Palagruza
16.28813727	42.41655577	-11.9480664	Palagruza
16.57718121	42.2439537	-9.9265892	Palagruza
16.53276723	42.29019896	-12.1338428	Palagruza
17.0679895	41.97762054	-2.633106	Palagruza
16.19222664	42.44468158	-8.4624432	Palagruza
16.70179442	42.20084813	-11.7158487	Palagruza
17.08829475	42.03906405	-10.0823172	Palagruza
16.73681291	42.18789355	-12.1338531	Palagruza
16.46363535	42.28620639	-8.3695539	Palagruza
16.65487386	42.2106414	-10.4338255	Palagruza
16.73939346	42.1786557	-11.3743418	Palagruza
16.12516752	42.48180385	-6.4673411	Palagruza
16.50727836	42.25746053	-7.8089501	Palagruza
16.54633984	42.24554056	-8.5827765	Palagruza
16.47867761	42.28413934	-8.9129538	Palagruza
16.14616072	42.50622749	-9.7946226	Palagruza
16.30718875	42.31256288	-3.3770679	Palagruza
16.51626385	42.29881171	-12.1338536	Palagruza
16.87771097	42.11553961	-11.3147017	Palagruza
16.71738019	42.09146405	-2.0001973	Palagruza
17.12831461	41.97484098	-3.9956302	Palagruza
16.41177751	42.24546345	-1.9999971	Palagruza
16.66271631	42.1386544	-3.9370845	Palagruza
16.58687787	42.20565628	-6.7455014	Palagruza
16.54596475	42.18432141	-2.777294	Palagruza
17.08478499	42.02967235	-8.9322342	Palagruza
16.86344398	42.09896028	-9.0599153	Palagruza
16.49951687	42.28322965	-9.8489873	Palagruza
16.94708894	42.01939457	-3.959231	Palagruza
16.17070862	42.38340791	-2.337795	Palagruza
16.56064902	42.20895625	-5.8214963	Palagruza
16.4992085	42.30770979	-12.1338794	Palagruza
16.63876124	42.22218239	-10.7738457	Palagruza
16.87205201	42.04693712	-3.9929998	Palagruza
16.84255631	42.07467503	-5.7579705	Palagruza
16.91183422	42.07069741	-7.9505049	Palagruza
16.60498556	42.23998235	-10.8765877	Palagruza
16.34736072	42.38482074	-12.1338531	Palagruza
16.42326977	42.31653329	-9.24545	Palagruza
16.88793325	42.04943705	-4.849137	Palagruza
17.07963614	42.0595141	-12.1338536	Palagruza
17.16280876	42.02629103	-10.718281	Palagruza
16.37779309	42.33442186	-8.8034048	Palagruza
16.27070243	42.34999306	-5.0946512	Palagruza
16.30385638	42.38941787	-10.4260144	Palagruza
16.77054637	42.13230871	-8.3341365	Palagruza
16.66129648	42.16216965	-6.1126549	Palagruza
16.81387695	42.05461341	-2.5362491	Palagruza
16.63489019	42.19727976	-8.2149439	Palagruza
16.83323939	42.09553612	-7.4147497	Palagruza
16.23309062	42.34370596	-2.4610381	Palagruza
16.59202486	42.19130217	-5.619158	Palagruza
16.33339059	42.34149515	-7.380173	Palagruza
17.02909824	41.98159792	-2.0000328	Palagruza
16.50896434	42.19498687	-2	Palagruza
16.20460468	42.4200451	-7.4891694	Palagruza
17.00257808	41.99323035	-2.5668623	Palagruza
16.13089369	42.42239562	-2.421189	Palagruza
17.15774471	42.00958281	-8.7052334	Palagruza
16.22053537	42.43159195	-9.4040423	Palagruza
16.56086218	42.1960728	-4.6020877	Palagruza
16.16857827	42.38092583	-2	Palagruza
16.26428184	42.32038514	-1.9999981	Palagruza
17.08460442	42.02154257	-8.0159462	Palagruza
16.55007789	42.23567217	-7.8319744	Palagruza
16.86986805	42.12159444	-11.5733243	Palagruza
17.08296055	42.00035189	-5.5954042	Palagruza
16.37210084	42.35417491	-10.4205865	Palagruza
16.1669973	42.51762654	-12.133855	Palagruza
16.7434436	42.13605121	-7.5018685	Palagruza
16.20970054	42.39513286	-5.6080748	Palagruza
16.28315662	42.42194671	-12.1338526	Palagruza
16.35092182	42.37814124	-11.6820552	Palagruza
16.94917649	42.00992453	-2.9558536	Palagruza
17.04687022	42.05210559	-10.3936802	Palagruza
16.92398762	42.02840022	-4.0246678	Palagruza
17.02547328	42.03152016	-7.4926014	Palagruza
16.4933652	42.20298911	-1.9999385	Palagruza
16.7538493	42.14019988	-8.388898	Palagruza
16.30855537	42.35937336	-7.8364325	Palagruza
16.65746074	42.17198207	-6.8674113	Palagruza
16.355723	42.30163136	-4.6295237	Palagruza
16.55978218	42.25809217	-10.4190164	Palagruza
16.51735671	42.2541905	-7.9962186	Palagruza
16.57057856	42.22199418	-7.5338669	Palagruza
16.80723856	42.15087962	-11.7564781	Palagruza
16.81197002	42.10084514	-7.0188965	Palagruza
16.44394494	42.28125854	-6.939197	Palagruza
17.15161504	42.03721964	-11.632438	Palagruza
16.52423097	42.18715441	-1.9999034	Palagruza
16.64719047	42.16352335	-5.57535	Palagruza
16.27024324	42.4303953	-12.1338536	Palagruza
16.24438825	42.38446337	-6.6562945	Palagruza
17.09874265	41.9707835	-2.7203218	Palagruza
16.85083589	42.08430315	-7.06691	Palagruza
16.38153517	42.2655367	-2.4048677	Palagruza
16.25440144	42.40930159	-9.3919068	Palagruza
16.29152656	42.30610166	-1.9999673	Palagruza
16.74719028	42.1313444	-7.2281712	Palagruza
16.49684787	42.20843704	-2.6829473	Palagruza
16.94127779	42.02398453	-4.2174253	Palagruza
16.62441814	42.16513115	-4.6530196	Palagruza
16.22180312	42.44289288	-10.4364358	Palagruza
16.48797882	42.23974072	-5.1988318	Palagruza
16.82048159	42.14889828	-12.1338843	Palagruza
16.72532246	42.17008141	-9.8917376	Palagruza
16.35005111	42.3521619	-9.1870271	Palagruza
16.71983376	42.0955725	-2.5122354	Palagruza
16.52045969	42.29128393	-11.6322559	Palagruza
16.16576683	42.38360157	-2	Palagruza
16.28942822	42.37218809	-8.0989041	Palagruza
16.77885209	42.08135597	-3.6615579	Palagruza
16.15330541	42.40093993	-2.4106338	Palagruza
16.8349501	42.07763449	-5.7210235	Palagruza
16.75167063	42.08092601	-2.4428301	Palagruza
16.35188799	42.3245057	-6.6319913	Palagruza
