18.82419602	42.26599999	-1.0000003	Peljesac-Kotor
17.4718674	43.11149681	-10.1314207	Peljesac-Kotor
18.82832232	42.27023715	-1.5022261	Peljesac-Kotor
18.28273721	42.63880299	-6.3639967	Peljesac-Kotor
18.67508513	42.43492394	-6.1233422	Peljesac-Kotor
17.98963697	42.82973157	-9.5419217	Peljesac-Kotor
17.82655231	42.83585772	-2.4883748	Peljesac-Kotor
18.71860933	42.44470921	-8.4616006	Peljesac-Kotor
18.21242705	42.61020904	-0.9999993	Peljesac-Kotor
18.2264473	42.64995895	-4.6263225	Peljesac-Kotor
18.83640927	42.32498412	-5.5457371	Peljesac-Kotor
18.35782307	42.60709101	-7.4143478	Peljesac-Kotor
18.24782523	42.67402817	-7.4033611	Peljesac-Kotor
18.37197049	42.58320093	-6.0589049	Peljesac-Kotor
18.70706155	42.37468566	-2.6912166	Peljesac-Kotor
18.43135399	42.58352992	-8.4506917	Peljesac-Kotor
17.43251569	43.01492309	-1.0000003	Peljesac-Kotor
17.84526689	42.92048087	-9.5264578	Peljesac-Kotor
18.83795145	42.2801229	-2.6740955	Peljesac-Kotor
18.5246495	42.48000396	-4.4528185	Peljesac-Kotor
18.17923804	42.73926632	-10.1314226	Peljesac-Kotor
18.61066455	42.50849223	-10.1314221	Peljesac-Kotor
18.29826661	42.56102732	-1.3652815	Peljesac-Kotor
18.84776925	42.29019991	-3.8687881	Peljesac-Kotor
18.80397931	42.34172726	-4.8956052	Peljesac-Kotor
17.98645256	42.71998734	-1.0000003	Peljesac-Kotor
18.11023155	42.73742434	-7.4891173	Peljesac-Kotor
17.90686686	42.88146992	-9.6163521	Peljesac-Kotor
17.8676431	42.78836432	-1.0000003	Peljesac-Kotor
18.04852464	42.69582135	-1.6879358	Peljesac-Kotor
17.40487151	43.11152153	-7.2474157	Peljesac-Kotor
17.52326338	43.08273379	-10.1316052	Peljesac-Kotor
18.4444927	42.49586363	-2.4324927	Peljesac-Kotor
18.77069137	42.33108238	-2.4001878	Peljesac-Kotor
18.71427862	42.43355251	-7.3691048	Peljesac-Kotor
18.86087195	42.30364458	-5.4629828	Peljesac-Kotor
18.06333538	42.75135034	-6.651015	Peljesac-Kotor
18.38691656	42.56057535	-4.8371364	Peljesac-Kotor
18.28730441	42.57561891	-1.9300191	Peljesac-Kotor
17.64288735	42.95429225	-4.2493034	Peljesac-Kotor
18.42310207	42.55962927	-6.2838817	Peljesac-Kotor
18.06186085	42.68071029	-1.0000003	Peljesac-Kotor
17.37473131	43.08056322	-3.564407	Peljesac-Kotor
18.87009828	42.31310896	-6.585385	Peljesac-Kotor
17.62917456	42.92713936	-1.4740681	Peljesac-Kotor
18.66557504	42.38358769	-1.4414099	Peljesac-Kotor
18.46761777	42.49837275	-3.6511486	Peljesac-Kotor
17.81886564	42.87024878	-4.6173869	Peljesac-Kotor
17.67664633	42.97647018	-7.3185163	Peljesac-Kotor
18.29315257	42.62097838	-5.5362261	Peljesac-Kotor
18.8775427	42.32074378	-7.4909188	Peljesac-Kotor
17.53876643	43.04814442	-7.9034986	Peljesac-Kotor
17.79257494	42.92336878	-7.4714209	Peljesac-Kotor
17.88038607	42.78085357	-0.9999685	Peljesac-Kotor
17.47099709	43.06762973	-6.7157046	Peljesac-Kotor
18.82066422	42.38233768	-8.4800972	Peljesac-Kotor
18.80282366	42.41137205	-9.8023094	Peljesac-Kotor
18.27212735	42.64849601	-6.5849109	Peljesac-Kotor
18.8858011	42.32921179	-8.4953733	Peljesac-Kotor
18.07935548	42.71005417	-4.0835965	Peljesac-Kotor
18.700438	42.36486092	-1.661553	Peljesac-Kotor
18.72709705	42.36030107	-2.5507967	Peljesac-Kotor
17.36108906	43.05489682	-0.9999993	Peljesac-Kotor
18.72516139	42.44470716	-8.6932825	Peljesac-Kotor
17.6767122	42.90483882	-1.2844177	Peljesac-Kotor
18.35909273	42.62345701	-8.7769329	Peljesac-Kotor
18.64950861	42.41705966	-3.7208751	Peljesac-Kotor
17.7248947	42.92870967	-5.0086953	Peljesac-Kotor
18.31063573	42.59653064	-4.549832	Peljesac-Kotor
18.12197478	42.69548096	-4.4033568	Peljesac-Kotor
18.89474879	42.33838435	-9.5835352	Peljesac-Kotor
17.61247617	43.01077729	-7.6437871	Peljesac-Kotor
18.09436026	42.73772635	-6.8743227	Peljesac-Kotor
18.09655316	42.68140841	-2.3095508	Peljesac-Kotor
17.80830044	42.878133	-4.6863535	Peljesac-Kotor
18.89925431	42.34300231	-10.1314221	Peljesac-Kotor
17.63028399	43.028673	-9.787096	Peljesac-Kotor
17.75262793	42.93399773	-6.5623175	Peljesac-Kotor
17.84958251	42.90937579	-8.9167149	Peljesac-Kotor
17.65211067	42.91184521	-0.999991	Peljesac-Kotor
18.43180196	42.58841547	-8.8438582	Peljesac-Kotor
17.82984023	42.82264013	-1.686283	Peljesac-Kotor
18.22701716	42.62743314	-2.9435186	Peljesac-Kotor
17.44388023	43.02654124	-2.3839478	Peljesac-Kotor
18.80832226	42.29012018	-1.7300413	Peljesac-Kotor
18.80218882	42.28407289	-0.9999978	Peljesac-Kotor
18.65580403	42.4473013	-6.5059613	Peljesac-Kotor
17.72293781	42.91978792	-4.1883821	Peljesac-Kotor
18.37841459	42.5363596	-2.5595811	Peljesac-Kotor
17.63107149	42.94300513	-2.876479	Peljesac-Kotor
18.68545338	42.4039874	-3.8612606	Peljesac-Kotor
17.59809363	43.01079266	-7.0855664	Peljesac-Kotor
17.81565286	42.88822268	-5.7695948	Peljesac-Kotor
18.21552738	42.72357528	-10.1314221	Peljesac-Kotor
17.63187783	42.98371759	-6.2053787	Peljesac-Kotor
18.62630316	42.49741241	-9.7394934	Peljesac-Kotor
17.49345141	42.99096829	-1.4949859	Peljesac-Kotor
17.70034228	42.91290566	-2.8040506	Peljesac-Kotor
18.87291483	42.36462005	-10.1314221	Peljesac-Kotor
18.49952373	42.5157553	-6.3314129	Peljesac-Kotor
18.83937467	42.29387325	-3.6566758	Peljesac-Kotor
17.91948116	42.85769297	-8.4919177	Peljesac-Kotor
18.44370986	42.5492447	-6.4183323	Peljesac-Kotor
18.80488596	42.41454599	-10.1314231	Peljesac-Kotor
17.74934807	42.89787799	-3.6462095	Peljesac-Kotor
17.780612	42.8522391	-1.4932324	Peljesac-Kotor
17.38416483	43.08085168	-3.9929192	Peljesac-Kotor
17.75523638	42.88718319	-3.0793006	Peljesac-Kotor
18.84578433	42.30186707	-4.5298675	Peljesac-Kotor
18.47272775	42.48122161	-2.5033592	Peljesac-Kotor
18.54066753	42.46209411	-3.6475849	Peljesac-Kotor
17.51653097	42.99591173	-2.7730169	Peljesac-Kotor
18.20181916	42.61689652	-1.0000003	Peljesac-Kotor
17.50634881	43.09220401	-10.1314104	Peljesac-Kotor
17.48118798	43.07617587	-7.8128941	Peljesac-Kotor
18.27503197	42.57071374	-0.9999612	Peljesac-Kotor
18.5405096	42.43515697	-1.4810943	Peljesac-Kotor
17.53600358	42.97433136	-1.7370269	Peljesac-Kotor
17.74088436	42.86817855	-1.0000003	Peljesac-Kotor
17.50959639	43.08432693	-9.6648562	Peljesac-Kotor
18.51073443	42.52155425	-7.2388397	Peljesac-Kotor
17.92252599	42.78381785	-3.0930886	Peljesac-Kotor
18.21044375	42.72362169	-9.948512	Peljesac-Kotor
18.6953987	42.47384532	-10.1314217	Peljesac-Kotor
17.89305802	42.86336479	-7.6464505	Peljesac-Kotor
18.44593603	42.47598143	-1.0004026	Peljesac-Kotor
17.89733214	42.83652233	-5.9033562	Peljesac-Kotor
18.31768389	42.58096695	-3.7317865	Peljesac-Kotor
18.79088845	42.35180642	-4.8581486	Peljesac-Kotor
17.74944243	42.90816627	-4.4404521	Peljesac-Kotor
18.0394837	42.74911733	-5.4848597	Peljesac-Kotor
17.94562906	42.86332342	-10.1316682	Peljesac-Kotor
18.23590182	42.65189043	-5.1548387	Peljesac-Kotor
18.12263157	42.74009269	-8.1586489	Peljesac-Kotor
18.58650085	42.43754297	-3.2771465	Peljesac-Kotor
18.10499592	42.77368012	-10.1314246	Peljesac-Kotor
17.4243692	43.1315352	-9.6291941	Peljesac-Kotor
18.29630011	42.58596348	-3.1078211	Peljesac-Kotor
18.61302391	42.47444449	-7.3289788	Peljesac-Kotor
17.83387533	42.925482	-9.4183152	Peljesac-Kotor
17.773656	42.85689391	-1.549824	Peljesac-Kotor
18.79879693	42.39952443	-8.7426839	Peljesac-Kotor
17.52772863	43.02650608	-5.7088648	Peljesac-Kotor
17.72445387	42.98967863	-10.1314231	Peljesac-Kotor
17.37979477	43.06750651	-2.7768228	Peljesac-Kotor
18.18865383	42.65961076	-3.9230073	Peljesac-Kotor
17.47419882	43.02622257	-3.6633289	Peljesac-Kotor
18.52105617	42.50583701	-6.3842094	Peljesac-Kotor
18.44576817	42.56014394	-7.3311155	Peljesac-Kotor
18.82115364	42.35084272	-6.4248726	Peljesac-Kotor
18.76294377	42.31628313	-0.99974	Peljesac-Kotor
18.88987392	42.35070255	-10.1314221	Peljesac-Kotor
18.61460043	42.42889652	-3.5162542	Peljesac-Kotor
17.4052518	43.08064317	-4.8851363	Peljesac-Kotor
18.70520958	42.39197187	-3.8821061	Peljesac-Kotor
17.56655648	42.97116306	-2.6474451	Peljesac-Kotor
17.72954851	42.96019206	-7.8271787	Peljesac-Kotor
18.69961385	42.45349829	-8.5501094	Peljesac-Kotor
18.66835506	42.46013941	-8.0307166	Peljesac-Kotor
18.2910935	42.67810046	-9.64251	Peljesac-Kotor
18.69182954	42.36125985	-1.0000003	Peljesac-Kotor
18.42048478	42.57972442	-7.699607	Peljesac-Kotor
18.41836892	42.5694575	-6.8132335	Peljesac-Kotor
18.2957071	42.56610695	-1.6210073	Peljesac-Kotor
17.93594332	42.86164281	-9.563125	Peljesac-Kotor
18.27674554	42.69378548	-10.1314221	Peljesac-Kotor
18.0402662	42.72681453	-3.7709376	Peljesac-Kotor
18.60446844	42.40939282	-1.5098379	Peljesac-Kotor
18.14687195	42.70227945	-5.870086	Peljesac-Kotor
18.04449337	42.8002397	-9.6976795	Peljesac-Kotor
18.51011079	42.54955411	-9.3973697	Peljesac-Kotor
17.49091467	43.04861173	-6.1105518	Peljesac-Kotor
17.77163781	42.96976294	-10.1314221	Peljesac-Kotor
18.51391176	42.44224319	-0.9999988	Peljesac-Kotor
18.38931088	42.54550417	-3.7242069	Peljesac-Kotor
17.5835324	42.99417156	-5.1712435	Peljesac-Kotor
18.33509033	42.54430216	-1.4817776	Peljesac-Kotor
17.42848106	43.13575466	-10.1314221	Peljesac-Kotor
17.61209459	42.93545182	-1.5255781	Peljesac-Kotor
18.06033477	42.77760833	-8.5828848	Peljesac-Kotor
17.91015894	42.82629027	-5.7571558	Peljesac-Kotor
18.55392581	42.45325808	-3.4626077	Peljesac-Kotor
17.91005777	42.88647869	-10.1314221	Peljesac-Kotor
17.60898915	42.94831643	-2.4467586	Peljesac-Kotor
17.81058614	42.85705611	-3.2667615	Peljesac-Kotor
18.56197595	42.43654197	-2.3431707	Peljesac-Kotor
18.36783927	42.52209264	-0.9982146	Peljesac-Kotor
17.40465134	43.0970168	-6.120492	Peljesac-Kotor
18.84233649	42.36553102	-8.5381778	Peljesac-Kotor
18.41656128	42.60814448	-9.8232351	Peljesac-Kotor
18.33273692	42.55568346	-2.3007527	Peljesac-Kotor
17.93503787	42.87009355	-10.1314212	Peljesac-Kotor
18.19710078	42.62490408	-1.4578538	Peljesac-Kotor
17.56398278	42.98134152	-3.3716697	Peljesac-Kotor
18.65107841	42.40163439	-2.4663008	Peljesac-Kotor
17.59552614	42.99823586	-5.9679529	Peljesac-Kotor
18.64783831	42.48717612	-9.6158789	Peljesac-Kotor
18.12988182	42.76054494	-10.1314221	Peljesac-Kotor
18.45536288	42.47101807	-1.0000003	Peljesac-Kotor
17.75993557	42.97471126	-10.1313474	Peljesac-Kotor
17.65847925	42.92911154	-2.6812278	Peljesac-Kotor
17.99080159	42.83684304	-10.1314221	Peljesac-Kotor
18.10561158	42.7383687	-7.3919953	Peljesac-Kotor
18.38156919	42.53483179	-2.5674978	Peljesac-Kotor
18.08261347	42.6862859	-2.2146736	Peljesac-Kotor
18.38714698	42.52984038	-2.439542	Peljesac-Kotor
18.68755399	42.41260027	-4.6602257	Peljesac-Kotor
18.23242632	42.67220874	-6.6536736	Peljesac-Kotor
18.51901973	42.55403809	-10.1316492	Peljesac-Kotor
18.38952003	42.55131566	-4.1974953	Peljesac-Kotor
18.69289288	42.41162046	-4.7667428	Peljesac-Kotor
17.69682289	42.89296295	-1.0000003	Peljesac-Kotor
18.18676507	42.71592393	-8.4507276	Peljesac-Kotor
17.84891281	42.80065961	-0.9999993	Peljesac-Kotor
18.83031958	42.37668479	-8.6238389	Peljesac-Kotor
18.54819488	42.4430473	-2.4170349	Peljesac-Kotor
18.35551293	42.6272536	-8.8912295	Peljesac-Kotor
18.40629632	42.58368368	-7.4562355	Peljesac-Kotor
18.23154982	42.6017136	-1.2620535	Peljesac-Kotor
18.36612478	42.55661365	-3.6966208	Peljesac-Kotor
18.88699485	42.34670611	-9.7124212	Peljesac-Kotor
18.47547296	42.50649963	-4.6128322	Peljesac-Kotor
18.7591887	42.31927401	-1.0000003	Peljesac-Kotor
17.51313312	43.06620669	-8.4192918	Peljesac-Kotor
18.39600414	42.51542008	-1.7473887	Peljesac-Kotor
18.48866318	42.5719755	-10.1314212	Peljesac-Kotor
17.72003457	42.879909	-1.0000008	Peljesac-Kotor
18.73135762	42.45916697	-10.1312859	Peljesac-Kotor
18.36037936	42.59763763	-6.7575517	Peljesac-Kotor
17.76789744	42.90016349	-4.6230816	Peljesac-Kotor
17.42846725	43.09201867	-6.7613574	Peljesac-Kotor
18.36620979	42.52932334	-1.5129307	Peljesac-Kotor
17.51340945	42.98427025	-1.6991245	Peljesac-Kotor
18.27159212	42.62972724	-5.1795279	Peljesac-Kotor
18.85757711	42.37720257	-10.1314129	Peljesac-Kotor
17.87817647	42.84968039	-5.9461866	Peljesac-Kotor
18.31922137	42.62259572	-6.8645497	Peljesac-Kotor
18.11932013	42.75345336	-9.1434019	Peljesac-Kotor
18.61293044	42.45264261	-5.4743969	Peljesac-Kotor
18.31371338	42.56509224	-2.3021792	Peljesac-Kotor
17.95935241	42.85528261	-10.131409	Peljesac-Kotor
18.70533824	42.42970962	-6.7285514	Peljesac-Kotor
18.42472006	42.54195646	-5.024255	Peljesac-Kotor
18.42711422	42.598119	-9.4372913	Peljesac-Kotor
18.08369474	42.69569219	-3.0402508	Peljesac-Kotor
17.56511981	43.01523666	-6.1963547	Peljesac-Kotor
18.5762933	42.42560038	-1.9098135	Peljesac-Kotor
17.91394821	42.76899749	-1.5921199	Peljesac-Kotor
18.06004717	42.68886263	-1.6163247	Peljesac-Kotor
17.98303451	42.74218119	-2.5960984	Peljesac-Kotor
18.02648701	42.80900144	-9.6095996	Peljesac-Kotor
17.45426818	43.00709715	-1.3364427	Peljesac-Kotor
18.2001945	42.67642053	-5.7297857	Peljesac-Kotor
17.85511851	42.86874944	-6.2324954	Peljesac-Kotor
18.83424081	42.39625201	-10.1314221	Peljesac-Kotor
17.61628174	42.92695794	-1.0000003	Peljesac-Kotor
17.87207159	42.900651	-9.3529949	Peljesac-Kotor
18.06814864	42.71504013	-4.0080962	Peljesac-Kotor
18.17967058	42.68483804	-5.603365	Peljesac-Kotor
17.60745156	43.03769076	-9.6405542	Peljesac-Kotor
18.3694516	42.62629363	-9.4142232	Peljesac-Kotor
18.82016764	42.37671713	-8.0763816	Peljesac-Kotor
18.40596741	42.53718985	-3.8307508	Peljesac-Kotor
17.70079625	42.99965393	-10.1313411	Peljesac-Kotor
18.52044365	42.54665526	-9.636802	Peljesac-Kotor
17.50834501	43.06609242	-8.2073335	Peljesac-Kotor
17.52859186	43.01094967	-4.4637567	Peljesac-Kotor
17.6661085	42.95101831	-4.7985706	Peljesac-Kotor
17.61749362	43.03423555	-9.7395598	Peljesac-Kotor
17.66982947	42.96657406	-6.2420081	Peljesac-Kotor
18.55886232	42.51092982	-8.2837349	Peljesac-Kotor
18.84457584	42.3814005	-9.7053054	Peljesac-Kotor
17.49922375	43.05695218	-7.1107155	Peljesac-Kotor
17.9033285	42.78964587	-2.6822469	Peljesac-Kotor
18.67821155	42.40264531	-3.49169	Peljesac-Kotor
18.17524562	42.68846781	-5.7384728	Peljesac-Kotor
17.42926177	43.0681817	-4.9598027	Peljesac-Kotor
18.22154293	42.63715154	-3.4046079	Peljesac-Kotor
17.54072114	43.07435988	-10.1314163	Peljesac-Kotor
18.68691584	42.39529647	-3.286658	Peljesac-Kotor
18.25504858	42.6588413	-6.5539937	Peljesac-Kotor
18.00635205	42.77066468	-5.7957593	Peljesac-Kotor
18.29058158	42.66342629	-8.5391297	Peljesac-Kotor
17.6275227	42.92221715	-1.0000447	Peljesac-Kotor
18.17958861	42.63275997	-1.404491	Peljesac-Kotor
17.41204241	43.06923685	-4.2992002	Peljesac-Kotor
17.57872873	42.97868472	-3.7304435	Peljesac-Kotor
17.77753619	42.96644814	-10.1314212	Peljesac-Kotor
17.67180446	42.99421672	-8.6095677	Peljesac-Kotor
18.35727578	42.63616229	-9.6280279	Peljesac-Kotor
18.77860197	42.40411697	-8.1529468	Peljesac-Kotor
17.93490248	42.76491145	-2.2127666	Peljesac-Kotor
17.76633611	42.96432557	-9.4846089	Peljesac-Kotor
18.85763645	42.36780025	-9.5149307	Peljesac-Kotor
18.31183295	42.58578734	-3.8159197	Peljesac-Kotor
18.05254925	42.74401751	-5.6284891	Peljesac-Kotor
17.7396777	42.9832576	-10.1314212	Peljesac-Kotor
18.00109325	42.781595	-6.411003	Peljesac-Kotor
18.77129997	42.43546413	-10.1314226	Peljesac-Kotor
18.48550966	42.51082307	-5.3830826	Peljesac-Kotor
18.33144687	42.5693478	-3.3449204	Peljesac-Kotor
17.74226537	42.8814434	-2.0781731	Peljesac-Kotor
18.7842353	42.32210829	-2.5352747	Peljesac-Kotor
17.56264334	43.06428031	-10.1314221	Peljesac-Kotor
18.81707129	42.271852	-1.0000003	Peljesac-Kotor
18.22543983	42.614316	-1.9055325	Peljesac-Kotor
17.67731367	43.00515953	-9.7110603	Peljesac-Kotor
17.5785739	43.0016909	-5.5914633	Peljesac-Kotor
17.70778759	42.89348499	-1.5136414	Peljesac-Kotor
18.81864724	42.27642878	-1.3866609	Peljesac-Kotor
17.48473647	42.98895046	-1.0000213	Peljesac-Kotor
17.54273883	43.02249287	-5.9464195	Peljesac-Kotor
18.82976336	42.28320083	-2.4339173	Peljesac-Kotor
18.79479759	42.39070051	-7.9075386	Peljesac-Kotor
18.07843189	42.74254109	-6.5887155	Peljesac-Kotor
18.34090685	42.61188459	-7.0834557	Peljesac-Kotor
17.47013159	42.99975839	-1.3356414	Peljesac-Kotor
17.8736515	42.83898674	-4.9555228	Peljesac-Kotor
17.47451986	43.01331495	-2.6151184	Peljesac-Kotor
18.15732348	42.72259262	-7.9460603	Peljesac-Kotor
18.11352411	42.74512628	-8.2497954	Peljesac-Kotor
17.79188461	42.84367071	-1.4063064	Peljesac-Kotor
18.18232834	42.69088014	-6.1965036	Peljesac-Kotor
17.81410811	42.90024181	-6.625812	Peljesac-Kotor
18.65915441	42.38105835	-0.9994749	Peljesac-Kotor
18.27146652	42.66058143	-7.4433598	Peljesac-Kotor
17.55498118	42.97426414	-2.4489585	Peljesac-Kotor
18.15611819	42.70973245	-6.8269895	Peljesac-Kotor
18.27158554	42.69632051	-10.1312395	Peljesac-Kotor
17.65360682	42.96530051	-5.5580993	Peljesac-Kotor
17.83937076	42.91120288	-8.5638189	Peljesac-Kotor
17.83435145	42.91159152	-8.371667	Peljesac-Kotor
17.76475175	42.94525173	-7.9505838	Peljesac-Kotor
18.66593167	42.4060662	-3.3570677	Peljesac-Kotor
17.37795538	43.04546245	-1.0000012	Peljesac-Kotor
18.29116369	42.56052702	-1.0001995	Peljesac-Kotor
17.95247656	42.77221992	-3.5449082	Peljesac-Kotor
17.4385062	43.13015123	-10.1314226	Peljesac-Kotor
17.55349525	43.02986266	-6.9582492	Peljesac-Kotor
17.82600075	42.93919806	-10.1314192	Peljesac-Kotor
17.77312041	42.92749946	-6.9482642	Peljesac-Kotor
18.00705107	42.82731126	-10.1314231	Peljesac-Kotor
18.37445341	42.52820463	-1.7526824	Peljesac-Kotor
18.03333001	42.74028539	-4.5374749	Peljesac-Kotor
18.31436288	42.67007764	-10.1314221	Peljesac-Kotor
18.06753314	42.76780833	-8.1144236	Peljesac-Kotor
18.67987844	42.36870345	-1.0000008	Peljesac-Kotor
17.60915384	43.02669983	-8.8047815	Peljesac-Kotor
17.4524039	43.0038221	-1.0000003	Peljesac-Kotor
18.8584039	42.31324188	-5.9616446	Peljesac-Kotor
17.8037332	42.88032138	-4.647474	Peljesac-Kotor
17.95527277	42.78465224	-4.6088143	Peljesac-Kotor
18.21318062	42.61946668	-1.7158899	Peljesac-Kotor
17.68772038	42.99929471	-9.6374571	Peljesac-Kotor
18.57695312	42.46218769	-5.0392603	Peljesac-Kotor
18.50073482	42.45653555	-1.6268345	Peljesac-Kotor
18.77690352	42.31177	-1.457554	Peljesac-Kotor
17.86257098	42.85541699	-5.6199287	Peljesac-Kotor
17.95708267	42.7358419	-1.0001878	Peljesac-Kotor
17.44776745	43.03967843	-3.5627409	Peljesac-Kotor
18.05649042	42.72896979	-4.6140424	Peljesac-Kotor
17.70009343	42.97131966	-7.7177766	Peljesac-Kotor
18.39041468	42.57421048	-6.0683195	Peljesac-Kotor
18.37021382	42.63486057	-10.1314221	Peljesac-Kotor
17.76241876	42.87653895	-2.5723184	Peljesac-Kotor
17.70903563	42.94025125	-5.4173347	Peljesac-Kotor
18.54813618	42.43234883	-1.5079922	Peljesac-Kotor
18.2522969	42.5949715	-1.7286111	Peljesac-Kotor
17.46912441	43.10349765	-9.3971028	Peljesac-Kotor
17.73016885	42.93876644	-6.0435879	Peljesac-Kotor
18.26055849	42.62575715	-4.3757725	Peljesac-Kotor
18.15503107	42.6614998	-2.757802	Peljesac-Kotor
18.5374956	42.430705	-1.0000003	Peljesac-Kotor
17.6371053	42.97309606	-5.5481115	Peljesac-Kotor
18.71393454	42.42281469	-6.5604209	Peljesac-Kotor
18.46457209	42.54593141	-7.0971266	Peljesac-Kotor
18.32361608	42.59450781	-5.0036933	Peljesac-Kotor
17.59533854	42.96548398	-3.3066343	Peljesac-Kotor
18.51275005	42.49652212	-5.3091272	Peljesac-Kotor
17.82088047	42.88199916	-5.5657716	Peljesac-Kotor
18.16364682	42.66930537	-3.7239359	Peljesac-Kotor
18.83573913	42.39510997	-10.1314221	Peljesac-Kotor
17.96133363	42.73878362	-1.4110613	Peljesac-Kotor
18.49955684	42.44930091	-0.9999993	Peljesac-Kotor
18.04466528	42.6890824	-0.9999007	Peljesac-Kotor
17.61712044	43.03921255	-10.1309651	Peljesac-Kotor
18.41404751	42.57088919	-6.7375083	Peljesac-Kotor
18.49238228	42.51787532	-6.2201827	Peljesac-Kotor
18.50734042	42.53457409	-8.1468467	Peljesac-Kotor
18.03131732	42.6961711	-1.0000003	Peljesac-Kotor
18.76643896	42.39780239	-7.1275641	Peljesac-Kotor
18.44279974	42.59901314	-10.1299798	Peljesac-Kotor
18.56355386	42.49945891	-7.5482304	Peljesac-Kotor
18.33444401	42.63379768	-8.3945437	Peljesac-Kotor
18.48167124	42.46534151	-1.5816536	Peljesac-Kotor
18.49358611	42.56362319	-9.7211858	Peljesac-Kotor
18.39059604	42.50869251	-1.0000008	Peljesac-Kotor
18.24777003	42.70203644	-9.6586834	Peljesac-Kotor
18.31512881	42.60649092	-5.4905546	Peljesac-Kotor
17.59360652	42.95422629	-2.3271482	Peljesac-Kotor
18.34792095	42.53655848	-1.3690608	Peljesac-Kotor
17.721407	42.9765995	-8.9205579	Peljesac-Kotor
18.65777179	42.43431255	-5.4715432	Peljesac-Kotor
18.05366184	42.80091383	-10.1314221	Peljesac-Kotor
18.19654837	42.70309087	-7.7360198	Peljesac-Kotor
18.34177306	42.64361533	-9.4565528	Peljesac-Kotor
17.94818097	42.79816049	-5.3155478	Peljesac-Kotor
17.45723633	43.02950491	-3.1876819	Peljesac-Kotor
17.92035507	42.84113679	-7.3321333	Peljesac-Kotor
18.11124114	42.70613254	-4.9070105	Peljesac-Kotor
17.94186023	42.85979845	-9.6980677	Peljesac-Kotor
18.30453311	42.64857978	-8.0940916	Peljesac-Kotor
17.47966868	43.00434627	-2.0729414	Peljesac-Kotor
17.36626414	43.07186189	-2.5295103	Peljesac-Kotor
17.96850297	42.72951035	-1.0000003	Peljesac-Kotor
18.8108043	42.38248636	-8.0376145	Peljesac-Kotor
17.60126294	42.98528331	-5.141507	Peljesac-Kotor
18.69767306	42.38454665	-2.9875115	Peljesac-Kotor
18.70217813	42.42114438	-5.8967141	Peljesac-Kotor
18.83061122	42.39253312	-9.6901155	Peljesac-Kotor
18.08776644	42.71529993	-4.8282307	Peljesac-Kotor
17.53428345	43.07236817	-9.7245462	Peljesac-Kotor
18.27850716	42.59119611	-2.6669607	Peljesac-Kotor
17.587564	43.00768824	-6.4249224	Peljesac-Kotor
18.18663411	42.6977175	-6.921162	Peljesac-Kotor
17.45516086	43.12083996	-10.1314212	Peljesac-Kotor
17.86249736	42.80944529	-2.283158	Peljesac-Kotor
17.65832819	43.00272378	-8.7745308	Peljesac-Kotor
18.21609424	42.63987887	-3.4083806	Peljesac-Kotor
18.87172927	42.32392129	-7.3858098	Peljesac-Kotor
17.46586237	43.05539099	-5.5521586	Peljesac-Kotor
17.75824791	42.85840597	-1.0000076	Peljesac-Kotor
18.47220728	42.53573154	-6.6686161	Peljesac-Kotor
18.07294668	42.78349758	-9.5683172	Peljesac-Kotor
18.74025952	42.37001716	-3.8730684	Peljesac-Kotor
17.86140001	42.79246305	-1.0000003	Peljesac-Kotor
18.35757673	42.5426741	-2.2413633	Peljesac-Kotor
17.98087511	42.73109609	-1.6383333	Peljesac-Kotor
17.73472029	42.93188484	-5.6265798	Peljesac-Kotor
18.19716121	42.73153439	-10.1314676	Peljesac-Kotor
18.55966335	42.42166588	-0.9999978	Peljesac-Kotor
18.27833527	42.61619747	-4.4972869	Peljesac-Kotor
17.4214346	43.07853874	-5.4201797	Peljesac-Kotor
18.18777006	42.62375715	-1.000054	Peljesac-Kotor
18.0329996	42.75997212	-6.0655607	Peljesac-Kotor
17.62565055	43.02059931	-8.9524949	Peljesac-Kotor
18.8790873	42.33868354	-8.7562383	Peljesac-Kotor
17.41676875	43.123735	-8.7008301	Peljesac-Kotor
17.57969842	43.05643593	-10.1314217	Peljesac-Kotor
17.46354407	43.02149515	-2.8437327	Peljesac-Kotor
18.41080022	42.56483441	-6.1288388	Peljesac-Kotor
18.7333557	42.45310545	-9.6900476	Peljesac-Kotor
17.60848129	42.93069988	-0.9999339	Peljesac-Kotor
17.47422154	43.04450504	-5.0743837	Peljesac-Kotor
17.86209658	42.89194304	-8.2468772	Peljesac-Kotor
18.48665881	42.45564086	-1.0000012	Peljesac-Kotor
18.49408455	42.53501682	-7.5887504	Peljesac-Kotor
17.64939465	42.93735113	-3.0526682	Peljesac-Kotor
18.45461967	42.53586974	-5.8962493	Peljesac-Kotor
18.75146581	42.32409061	-0.9999871	Peljesac-Kotor
17.74489488	42.87121799	-1.4066282	Peljesac-Kotor
17.49326022	43.03101653	-4.777172	Peljesac-Kotor
18.00280734	42.75925987	-4.7552891	Peljesac-Kotor
17.80638099	42.95023257	-10.1314221	Peljesac-Kotor
17.99850999	42.77234471	-5.5982283	Peljesac-Kotor
18.13998125	42.72788277	-7.7629588	Peljesac-Kotor
17.91380698	42.84017789	-6.9530341	Peljesac-Kotor
18.31887174	42.55012062	-1.3062825	Peljesac-Kotor
18.6344993	42.44289696	-5.3940211	Peljesac-Kotor
17.87671376	42.78962083	-1.5005603	Peljesac-Kotor
17.99786081	42.71857372	-1.3633548	Peljesac-Kotor
17.45039003	43.11385231	-9.3875908	Peljesac-Kotor
18.01769293	42.71088389	-1.5854573	Peljesac-Kotor
18.68403286	42.41990331	-5.1585997	Peljesac-Kotor
17.83816183	42.81367149	-1.4318401	Peljesac-Kotor
18.11085272	42.65957636	-1.0000003	Peljesac-Kotor
18.53156751	42.438304	-1.3804885	Peljesac-Kotor
18.26495861	42.58182021	-1.3490862	Peljesac-Kotor
17.65705782	42.95849682	-5.1072364	Peljesac-Kotor
18.40249626	42.55699454	-5.1690217	Peljesac-Kotor
18.44952931	42.47388344	-1.0000003	Peljesac-Kotor
17.6460355	42.96352959	-5.1206232	Peljesac-Kotor
17.82983813	42.90414213	-7.605027	Peljesac-Kotor
17.64214996	42.9226004	-1.5522012	Peljesac-Kotor
18.08394163	42.76206995	-8.3469898	Peljesac-Kotor
18.61919752	42.39737305	-0.9999993	Peljesac-Kotor
17.40790975	43.03472174	-1.4635847	Peljesac-Kotor
18.64457535	42.49457667	-10.1314212	Peljesac-Kotor
18.33910378	42.60295196	-6.3418772	Peljesac-Kotor
17.37950092	43.05358743	-1.6922305	Peljesac-Kotor
18.76616436	42.41017001	-8.027865	Peljesac-Kotor
18.44593545	42.52880865	-4.9778749	Peljesac-Kotor
17.55858674	42.96141812	-1.5478916	Peljesac-Kotor
17.54375794	43.05852021	-8.9445764	Peljesac-Kotor
17.49276076	43.04528988	-5.9309098	Peljesac-Kotor
18.79715688	42.37545054	-6.8907152	Peljesac-Kotor
18.63034433	42.41302831	-2.7147539	Peljesac-Kotor
18.71519327	42.35278731	-1.4489607	Peljesac-Kotor
18.57341462	42.47165302	-5.7068578	Peljesac-Kotor
18.48275746	42.5578268	-8.8026077	Peljesac-Kotor
18.55758391	42.45065409	-3.3895803	Peljesac-Kotor
18.48487286	42.51840562	-5.9278504	Peljesac-Kotor
17.58143769	42.96468451	-2.7012031	Peljesac-Kotor
18.76392291	42.3824227	-5.8767502	Peljesac-Kotor
17.5565131	42.98995761	-3.79476	Peljesac-Kotor
17.83528669	42.87043408	-5.4116173	Peljesac-Kotor
17.7472528	42.94474751	-7.1561118	Peljesac-Kotor
18.20395022	42.71336904	-8.8563767	Peljesac-Kotor
18.32983123	42.65116142	-9.4575032	Peljesac-Kotor
18.59488325	42.48242486	-7.3786798	Peljesac-Kotor
17.95592143	42.81914488	-7.24575	Peljesac-Kotor
18.842868	42.38926435	-10.1315012	Peljesac-Kotor
18.47411619	42.5723238	-9.5102947	Peljesac-Kotor
18.30009004	42.6358612	-6.9525459	Peljesac-Kotor
18.73600961	42.43982085	-8.8309029	Peljesac-Kotor
18.70887861	42.40203666	-4.7938218	Peljesac-Kotor
17.97248595	42.82548779	-8.4601804	Peljesac-Kotor
18.03212527	42.70407788	-1.6525181	Peljesac-Kotor
18.11932152	42.73054797	-7.2407542	Peljesac-Kotor
18.8113629	42.31262425	-3.3770222	Peljesac-Kotor
17.54257475	42.96232256	-0.9996868	Peljesac-Kotor
17.80217552	42.83132004	-0.9999895	Peljesac-Kotor
18.02245822	42.77447958	-6.7639719	Peljesac-Kotor
17.45155806	43.09624285	-8.0814885	Peljesac-Kotor
18.56062233	42.42430003	-1.2568123	Peljesac-Kotor
18.77121553	42.43022199	-9.7404827	Peljesac-Kotor
17.44576318	43.08783365	-7.1841602	Peljesac-Kotor
18.82399275	42.3368226	-5.6544081	Peljesac-Kotor
17.80504174	42.93044925	-8.5538726	Peljesac-Kotor
18.07803771	42.67373396	-0.9999998	Peljesac-Kotor
18.58643715	42.52040145	-10.1314217	Peljesac-Kotor
18.45682536	42.4905529	-2.5822034	Peljesac-Kotor
18.0094504	42.81902282	-9.611114	Peljesac-Kotor
17.89145632	42.78213204	-1.5875479	Peljesac-Kotor
18.04183926	42.78473547	-8.3726719	Peljesac-Kotor
18.16599185	42.67962878	-4.6655938	Peljesac-Kotor
18.33339869	42.58895626	-4.9940464	Peljesac-Kotor
18.16562196	42.69918267	-6.2876638	Peljesac-Kotor
17.49199429	43.0074785	-2.7958472	Peljesac-Kotor
17.9363291	42.77473169	-3.0184246	Peljesac-Kotor
17.79993715	42.87208845	-3.8523771	Peljesac-Kotor
18.76331414	42.32350965	-1.5022947	Peljesac-Kotor
17.42081477	43.11448583	-8.1624583	Peljesac-Kotor
18.58728962	42.47335774	-6.3456863	Peljesac-Kotor
18.10616936	42.75304916	-8.5645308	Peljesac-Kotor
17.43520533	43.12516188	-9.6048203	Peljesac-Kotor
18.75077423	42.40615515	-7.0238838	Peljesac-Kotor
18.77924338	42.37773458	-6.2353494	Peljesac-Kotor
18.74918608	42.34397314	-2.361865	Peljesac-Kotor
18.08766244	42.7733821	-9.3875906	Peljesac-Kotor
17.56870533	42.99742782	-4.8693406	Peljesac-Kotor
17.7599012	42.91440516	-5.3714303	Peljesac-Kotor
17.57997474	43.02201698	-7.3147617	Peljesac-Kotor
18.38544823	42.54017414	-3.1444783	Peljesac-Kotor
18.05319782	42.68454891	-1.0000003	Peljesac-Kotor
18.53034174	42.54795606	-10.1314221	Peljesac-Kotor
17.51958059	42.97291452	-1.0000003	Peljesac-Kotor
18.13766253	42.65416408	-1.5140215	Peljesac-Kotor
18.72658343	42.40392878	-5.7473874	Peljesac-Kotor
17.85131545	42.88000167	-6.8678914	Peljesac-Kotor
18.14646894	42.64384823	-1.0000003	Peljesac-Kotor
17.59154525	43.01466825	-7.1478765	Peljesac-Kotor
17.78825791	42.85941353	-2.3766521	Peljesac-Kotor
17.68611173	42.96644503	-6.8098671	Peljesac-Kotor
18.31493237	42.65981723	-9.4030479	Peljesac-Kotor
18.10100304	42.71842738	-5.5661935	Peljesac-Kotor
18.34286405	42.58020621	-4.6670745	Peljesac-Kotor
17.6610865	42.97297951	-6.4712285	Peljesac-Kotor
17.77510674	42.88806808	-4.0057571	Peljesac-Kotor
17.90159387	42.81205925	-4.300843	Peljesac-Kotor
18.12648004	42.75841302	-9.8287556	Peljesac-Kotor
18.27831463	42.68596593	-9.628718	Peljesac-Kotor
17.48327219	43.03929274	-5.0636548	Peljesac-Kotor
18.23563838	42.59557127	-0.9999998	Peljesac-Kotor
18.24175728	42.71082541	-10.1314226	Peljesac-Kotor
18.73393891	42.34327019	-1.6087625	Peljesac-Kotor
17.85139329	42.92489253	-10.1299949	Peljesac-Kotor
17.84499461	42.83192372	-3.0802515	Peljesac-Kotor
18.66096758	42.4878921	-10.1314217	Peljesac-Kotor
17.35742453	43.06277561	-1.4489602	Peljesac-Kotor
17.86212706	42.9124288	-9.7348274	Peljesac-Kotor
18.42164127	42.52721909	-3.7769979	Peljesac-Kotor
17.488572	43.10215187	-10.1314217	Peljesac-Kotor
18.60220352	42.4394065	-3.9791261	Peljesac-Kotor
18.75646009	42.4397563	-9.7661638	Peljesac-Kotor
18.14867712	42.66132052	-2.5102327	Peljesac-Kotor
18.57132965	42.5185131	-9.3840239	Peljesac-Kotor
18.30322448	42.55402357	-1.0000008	Peljesac-Kotor
18.1986868	42.61844786	-0.9995647	Peljesac-Kotor
17.7883347	42.86500368	-2.8057547	Peljesac-Kotor
18.01266086	42.72216837	-2.2598509	Peljesac-Kotor
18.40613176	42.52533822	-2.9451929	Peljesac-Kotor
18.39152543	42.54188884	-3.5417073	Peljesac-Kotor
17.92880644	42.84559888	-8.0448506	Peljesac-Kotor
18.34712646	42.55301112	-2.6560208	Peljesac-Kotor
18.60225264	42.51262777	-10.1314226	Peljesac-Kotor
18.34349571	42.59956299	-6.2439083	Peljesac-Kotor
18.64386257	42.45757961	-6.9649119	Peljesac-Kotor
18.47776258	42.50287237	-4.4394864	Peljesac-Kotor
18.13482848	42.68263127	-3.7925741	Peljesac-Kotor
17.98842239	42.81662378	-8.4968015	Peljesac-Kotor
18.11321629	42.76525975	-9.8137356	Peljesac-Kotor
18.5075053	42.54063774	-8.6097564	Peljesac-Kotor
18.09741342	42.76362492	-9.0287583	Peljesac-Kotor
17.62346583	43.03619078	-10.131388	Peljesac-Kotor
18.22909667	42.6449059	-4.3253697	Peljesac-Kotor
18.46424217	42.55829753	-8.0140728	Peljesac-Kotor
17.67922741	42.99159761	-8.6856089	Peljesac-Kotor
18.02096979	42.78568903	-7.5803301	Peljesac-Kotor
18.51275569	42.5387724	-8.7008198	Peljesac-Kotor
18.20395548	42.70541222	-8.2138235	Peljesac-Kotor
18.22374636	42.71958176	-10.1312932	Peljesac-Kotor
17.93324539	42.7498394	-1.0000003	Peljesac-Kotor
17.44822161	43.06857264	-5.8068365	Peljesac-Kotor
18.24626719	42.6079105	-2.4003889	Peljesac-Kotor
17.4573522	43.00414066	-1.2130667	Peljesac-Kotor
18.85916262	42.35077398	-8.4754004	Peljesac-Kotor
18.82466263	42.4022223	-10.1314236	Peljesac-Kotor
18.41664765	42.59162486	-8.5026431	Peljesac-Kotor
17.5531551	43.06445285	-9.7870916	Peljesac-Kotor
17.55077789	42.98095845	-2.8395869	Peljesac-Kotor
18.64453841	42.38702523	-0.9999905	Peljesac-Kotor
17.59505157	43.03274379	-8.7653919	Peljesac-Kotor
18.63430245	42.48172834	-8.6844246	Peljesac-Kotor
18.02826381	42.79698456	-8.7696294	Peljesac-Kotor
18.67535251	42.37518788	-1.2706057	Peljesac-Kotor
17.57479489	42.955036	-1.6610745	Peljesac-Kotor
17.89373741	42.89717929	-10.1314221	Peljesac-Kotor
17.93640322	42.82412298	-6.7565979	Peljesac-Kotor
18.69152866	42.43229465	-6.470085	Peljesac-Kotor
18.53159544	42.49159755	-5.6570251	Peljesac-Kotor
18.87008861	42.35749904	-9.5093448	Peljesac-Kotor
18.56130873	42.53274815	-10.1314212	Peljesac-Kotor
17.94249065	42.8652035	-10.1314221	Peljesac-Kotor
18.0988936	42.66923069	-1.3757195	Peljesac-Kotor
17.77346785	42.84983887	-0.9998128	Peljesac-Kotor
17.39515558	43.10154463	-6.0603284	Peljesac-Kotor
18.74045357	42.42286281	-7.7829339	Peljesac-Kotor
18.08266799	42.67577505	-1.3376726	Peljesac-Kotor
18.65071147	42.42614513	-4.5336703	Peljesac-Kotor
17.9299674	42.79988793	-4.6383037	Peljesac-Kotor
17.77738947	42.84756845	-1.0000003	Peljesac-Kotor
17.58179737	43.04531722	-9.2973408	Peljesac-Kotor
17.9340811	42.85254147	-8.8037542	Peljesac-Kotor
17.63189069	43.00864639	-8.2261939	Peljesac-Kotor
17.64526957	43.01762865	-9.4746331	Peljesac-Kotor
18.09127484	42.70811128	-4.3525296	Peljesac-Kotor
18.15196567	42.68228188	-4.3817288	Peljesac-Kotor
17.70790684	42.96194708	-7.205562	Peljesac-Kotor
18.16407778	42.65775033	-2.8101338	Peljesac-Kotor
18.56487866	42.46017288	-4.4486957	Peljesac-Kotor
18.54163708	42.53620737	-9.6334729	Peljesac-Kotor
17.69107423	43.00375131	-10.1314221	Peljesac-Kotor
17.49801454	43.07517656	-8.4610979	Peljesac-Kotor
17.62178667	42.94283885	-2.5010408	Peljesac-Kotor
18.437885	42.5964415	-9.7288484	Peljesac-Kotor
18.5381565	42.44877883	-2.4805178	Peljesac-Kotor
18.26502912	42.60881047	-3.336835	Peljesac-Kotor
18.10152615	42.73213402	-6.7306933	Peljesac-Kotor
18.19965406	42.66407064	-4.7134439	Peljesac-Kotor
17.41224346	43.08764374	-5.7255099	Peljesac-Kotor
18.06561182	42.6973032	-2.5141975	Peljesac-Kotor
18.6927558	42.445771	-7.6564229	Peljesac-Kotor
17.92445306	42.82179252	-6.0502817	Peljesac-Kotor
17.80573276	42.8680783	-3.8355196	Peljesac-Kotor
17.96670431	42.7346589	-1.3301277	Peljesac-Kotor
17.73685108	42.90532158	-3.6780749	Peljesac-Kotor
18.17379058	42.66263039	-3.5839083	Peljesac-Kotor
18.63056613	42.42877563	-4.0590266	Peljesac-Kotor
18.43202211	42.50549554	-2.602753	Peljesac-Kotor
17.78246046	42.87313839	-3.1772886	Peljesac-Kotor
18.12093684	42.72017227	-6.4310588	Peljesac-Kotor
17.82775631	42.89742462	-7.0109453	Peljesac-Kotor
18.13651081	42.73938508	-8.5999785	Peljesac-Kotor
17.83735046	42.90421985	-7.9603125	Peljesac-Kotor
18.20060561	42.72330401	-9.5674326	Peljesac-Kotor
17.63143563	42.95238932	-3.6500675	Peljesac-Kotor
18.44429925	42.48321144	-1.4714646	Peljesac-Kotor
18.30510829	42.6708341	-9.7578421	Peljesac-Kotor
17.73881203	42.94581451	-6.9448153	Peljesac-Kotor
18.07062917	42.79191516	-10.1314226	Peljesac-Kotor
18.45124673	42.59406897	-10.1313279	Peljesac-Kotor
18.3063826	42.56936287	-2.3544944	Peljesac-Kotor
18.13454636	42.69662644	-4.9526668	Peljesac-Kotor
17.98590813	42.79244776	-6.5572984	Peljesac-Kotor
17.35375196	43.05899999	-1.0000003	Peljesac-Kotor
18.40505759	42.57366769	-6.604428	Peljesac-Kotor
18.12906118	42.65171665	-1.0000603	Peljesac-Kotor
18.66873685	42.39145385	-2.2138448	Peljesac-Kotor
18.20036594	42.69283708	-7.0595297	Peljesac-Kotor
17.48478693	43.03710033	-4.9569669	Peljesac-Kotor
18.04249524	42.80683456	-10.1314202	Peljesac-Kotor
18.20650011	42.62170437	-1.5707039	Peljesac-Kotor
18.16329416	42.69050649	-5.4782346	Peljesac-Kotor
18.53297448	42.4328658	-1.0002996	Peljesac-Kotor
18.61014262	42.50070486	-9.4602818	Peljesac-Kotor
18.09002689	42.72101139	-5.3845681	Peljesac-Kotor
18.62679351	42.46383023	-6.904451	Peljesac-Kotor
18.81326485	42.36991138	-7.2544911	Peljesac-Kotor
17.48366224	43.05581998	-6.3523224	Peljesac-Kotor
17.55832144	43.00360716	-4.9844805	Peljesac-Kotor
18.38661301	42.61935308	-9.5366897	Peljesac-Kotor
18.42524366	42.49406076	-1.4399114	Peljesac-Kotor
17.9551544	42.83484012	-8.3988313	Peljesac-Kotor
17.69202159	42.9813329	-8.2749322	Peljesac-Kotor
18.18858155	42.68706516	-6.1326044	Peljesac-Kotor
18.0309837	42.71595935	-2.5352202	Peljesac-Kotor
18.51692248	42.44705958	-1.5050803	Peljesac-Kotor
18.27048357	42.67322221	-8.3278438	Peljesac-Kotor
18.71740146	42.45498168	-9.2925056	Peljesac-Kotor
17.39546415	43.0356655	-0.9999993	Peljesac-Kotor
17.80356416	42.91390462	-7.219351	Peljesac-Kotor
17.86630759	42.82598957	-3.663805	Peljesac-Kotor
18.77210118	42.36887033	-5.2527687	Peljesac-Kotor
17.44340374	43.07848845	-6.3628067	Peljesac-Kotor
18.53931664	42.52080691	-8.3057268	Peljesac-Kotor
18.7704611	42.35097716	-3.8571352	Peljesac-Kotor
18.17341953	42.70850858	-7.3490269	Peljesac-Kotor
17.61694181	42.95924464	-3.6414527	Peljesac-Kotor
18.49727787	42.48112636	-3.4635813	Peljesac-Kotor
18.74836952	42.39334665	-5.9678274	Peljesac-Kotor
17.50684681	43.01222154	-3.7465606	Peljesac-Kotor
18.71157417	42.43789768	-7.6400449	Peljesac-Kotor
18.57988368	42.48013868	-6.6428469	Peljesac-Kotor
17.69386149	42.90221288	-1.6728665	Peljesac-Kotor
17.91647179	42.75968424	-0.9999993	Peljesac-Kotor
18.0091874	42.78117961	-6.7376118	Peljesac-Kotor
18.08693792	42.78326314	-10.1314212	Peljesac-Kotor
18.60037367	42.50581098	-9.5102879	Peljesac-Kotor
17.91663579	42.81355448	-5.080584	Peljesac-Kotor
18.27231028	42.68923807	-9.5911995	Peljesac-Kotor
18.0355371	42.81059528	-10.1321721	Peljesac-Kotor
17.9411362	42.7856814	-4.0595015	Peljesac-Kotor
18.43088432	42.56713978	-7.1960594	Peljesac-Kotor
17.89706579	42.84899287	-6.7948615	Peljesac-Kotor
18.54433482	42.42791651	-1.0000139	Peljesac-Kotor
17.62001128	42.99245649	-6.451981	Peljesac-Kotor
18.45639951	42.4809393	-1.8370296	Peljesac-Kotor
17.68658801	42.89729563	-0.9997171	Peljesac-Kotor
18.52450672	42.5508207	-10.1314221	Peljesac-Kotor
17.81884656	42.91437527	-7.9158719	Peljesac-Kotor
17.87789369	42.79974359	-2.312927	Peljesac-Kotor
18.0677848	42.69448357	-2.3666145	Peljesac-Kotor
18.54554877	42.47067908	-4.5289135	Peljesac-Kotor
18.5799423	42.41339388	-1.0000003	Peljesac-Kotor
17.68336405	42.92829811	-3.4973479	Peljesac-Kotor
17.8507081	42.80500566	-1.40045	Peljesac-Kotor
17.36347676	43.06231822	-1.674395	Peljesac-Kotor
18.6579727	42.38646079	-1.4173587	Peljesac-Kotor
17.51870236	43.07770717	-9.5481712	Peljesac-Kotor
17.949717	42.74741258	-1.5473748	Peljesac-Kotor
18.36579954	42.63763165	-10.1315081	Peljesac-Kotor
17.64509522	42.94690049	-3.7047658	Peljesac-Kotor
18.47084334	42.46341284	-1.0000008	Peljesac-Kotor
18.10240586	42.69640888	-3.7750983	Peljesac-Kotor
17.65783689	43.01970087	-10.1314197	Peljesac-Kotor
18.184361	42.72737363	-9.3214795	Peljesac-Kotor
17.84956557	42.81964355	-2.4072847	Peljesac-Kotor
17.73919468	42.92219447	-5.0753722	Peljesac-Kotor
18.37216683	42.54653092	-3.1278103	Peljesac-Kotor
18.64605817	42.47087717	-8.1700677	Peljesac-Kotor
18.35215436	42.59069859	-5.8757987	Peljesac-Kotor
17.56486853	43.05295605	-9.2850999	Peljesac-Kotor
17.57916734	43.01107475	-6.3857418	Peljesac-Kotor
17.60190195	43.04621999	-10.1314241	Peljesac-Kotor
17.51472758	43.03354532	-5.7958989	Peljesac-Kotor
18.45323319	42.59006878	-9.9183557	Peljesac-Kotor
18.19907074	42.65135052	-3.6657122	Peljesac-Kotor
18.06684018	42.70426727	-3.1110198	Peljesac-Kotor
17.68238218	42.91492782	-2.3359444	Peljesac-Kotor
17.63269037	42.96470863	-4.6967854	Peljesac-Kotor
17.79136949	42.95867259	-10.1314212	Peljesac-Kotor
18.72978774	42.45375852	-9.617512	Peljesac-Kotor
17.87121053	42.87368896	-7.3560875	Peljesac-Kotor
17.85801488	42.83832389	-4.1636575	Peljesac-Kotor
18.80768273	42.36902997	-6.9011992	Peljesac-Kotor
18.13075432	42.71191589	-6.094572	Peljesac-Kotor
18.24326971	42.65945139	-6.0527231	Peljesac-Kotor
18.23958454	42.66100998	-6.031577	Peljesac-Kotor
17.53278968	42.98667656	-2.6291538	Peljesac-Kotor
17.99304549	42.74939781	-3.5772495	Peljesac-Kotor
17.50194909	43.05472531	-7.0534057	Peljesac-Kotor
18.37094819	42.56598176	-4.6382973	Peljesac-Kotor
17.61888311	42.97616588	-5.0879731	Peljesac-Kotor
18.78094657	42.34160561	-3.6481138	Peljesac-Kotor
17.97771619	42.84451668	-10.1314212	Peljesac-Kotor
18.59736524	42.42160391	-2.3002766	Peljesac-Kotor
18.23308648	42.69842508	-8.7921468	Peljesac-Kotor
17.4835818	43.02119045	-3.6043507	Peljesac-Kotor
18.58402458	42.4154712	-1.3176975	Peljesac-Kotor
18.02001952	42.75002323	-4.746974	Peljesac-Kotor
18.46202438	42.5074161	-4.082779	Peljesac-Kotor
18.46216149	42.47599933	-1.6677359	Peljesac-Kotor
18.17954553	42.64837486	-2.6607793	Peljesac-Kotor
18.72656521	42.43241624	-7.8499929	Peljesac-Kotor
18.33000853	42.60471857	-6.0509796	Peljesac-Kotor
17.98984703	42.76132456	-4.3786336	Peljesac-Kotor
17.91729382	42.83444358	-6.6902188	Peljesac-Kotor
17.88992124	42.87533064	-8.3650623	Peljesac-Kotor
17.41464856	43.10554642	-7.2081758	Peljesac-Kotor
18.61722801	42.48855259	-8.6727732	Peljesac-Kotor
18.07339798	42.70257678	-3.2447124	Peljesac-Kotor
17.48784077	43.09643801	-9.6598723	Peljesac-Kotor
17.94954653	42.75997806	-2.4895645	Peljesac-Kotor
18.543729	42.48079148	-5.2684749	Peljesac-Kotor
18.75719678	42.36707381	-4.4347456	Peljesac-Kotor
17.79677219	42.86487631	-3.1761729	Peljesac-Kotor
18.58355074	42.4903906	-7.6092953	Peljesac-Kotor
18.06843608	42.68584256	-1.666294	Peljesac-Kotor
17.42819841	43.03567937	-2.4115674	Peljesac-Kotor
18.05499399	42.68367105	-1.0000003	Peljesac-Kotor
17.84790049	42.85556178	-4.9326942	Peljesac-Kotor
18.21847776	42.70170423	-8.4839578	Peljesac-Kotor
18.86229151	42.33306237	-7.4776012	Peljesac-Kotor
18.59016685	42.49936577	-8.5905022	Peljesac-Kotor
17.84109581	42.84309214	-3.704708	Peljesac-Kotor
18.25633548	42.5825135	-0.9999998	Peljesac-Kotor
17.52354596	43.06204248	-8.4703965	Peljesac-Kotor
17.94674717	42.7419126	-1.0000012	Peljesac-Kotor
18.57583875	42.50217748	-8.250919	Peljesac-Kotor
18.29527045	42.55794944	-1.0000003	Peljesac-Kotor
18.78440376	42.35301428	-4.6487707	Peljesac-Kotor
18.54403079	42.54123442	-10.1314226	Peljesac-Kotor
18.34270964	42.62189232	-7.9029495	Peljesac-Kotor
18.70295542	42.35432865	-1.0000003	Peljesac-Kotor
18.2571781	42.7033269	-10.1314168	Peljesac-Kotor
17.91225771	42.80197246	-4.0105358	Peljesac-Kotor
17.60387661	42.97147533	-4.1241697	Peljesac-Kotor
18.04913149	42.75749743	-6.5421068	Peljesac-Kotor
18.40508653	42.56377963	-5.8128134	Peljesac-Kotor
18.48823621	42.49821442	-4.4785022	Peljesac-Kotor
17.46106543	43.010393	-1.8685725	Peljesac-Kotor
18.25645071	42.68589568	-8.6976446	Peljesac-Kotor
18.08191962	42.71706845	-4.7410987	Peljesac-Kotor
18.74296153	42.45310343	-10.1314265	Peljesac-Kotor
18.75369619	42.32884431	-1.4532327	Peljesac-Kotor
17.71767277	42.949915	-6.5387738	Peljesac-Kotor
18.40263156	42.60932629	-9.3666648	Peljesac-Kotor
18.74709046	42.37991267	-4.9174755	Peljesac-Kotor
17.96991734	42.84152561	-9.5592925	Peljesac-Kotor
18.00182737	42.80727892	-8.3848699	Peljesac-Kotor
18.81341313	42.40206712	-9.6025601	Peljesac-Kotor
18.17155086	42.67914055	-4.8268902	Peljesac-Kotor
18.18246792	42.67360833	-4.8085661	Peljesac-Kotor
17.85826846	42.92042289	-10.1314221	Peljesac-Kotor
17.43487828	43.10393088	-7.9551001	Peljesac-Kotor
18.73364559	42.4142381	-6.8331707	Peljesac-Kotor
18.79403808	42.33398021	-3.847723	Peljesac-Kotor
17.68667586	42.99220392	-9.0013435	Peljesac-Kotor
18.75563677	42.41934823	-8.2214322	Peljesac-Kotor
18.16294259	42.74629369	-10.1314226	Peljesac-Kotor
18.7525777	42.358003	-3.5529929	Peljesac-Kotor
18.68117081	42.47243681	-9.5188545	Peljesac-Kotor
18.8293737	42.38647571	-9.2173086	Peljesac-Kotor
17.76470901	42.86660485	-1.9086743	Peljesac-Kotor
17.9954472	42.73072905	-2.2149073	Peljesac-Kotor
17.71654887	42.91969501	-3.9523803	Peljesac-Kotor
18.68120499	42.38272468	-2.0959978	Peljesac-Kotor
17.55455047	43.04604572	-8.3274883	Peljesac-Kotor
18.56443954	42.48518946	-6.4381792	Peljesac-Kotor
17.88719192	42.80759823	-3.3237349	Peljesac-Kotor
17.46435932	43.01611123	-2.4610127	Peljesac-Kotor
18.44215593	42.5942777	-9.7417053	Peljesac-Kotor
18.51597833	42.46847783	-3.1860713	Peljesac-Kotor
18.49807385	42.46866173	-2.4947947	Peljesac-Kotor
17.82851322	42.85107416	-3.685209	Peljesac-Kotor
18.03252712	42.80512731	-9.5835325	Peljesac-Kotor
18.71789153	42.3450215	-1.0000003	Peljesac-Kotor
18.7193834	42.37893095	-3.5710648	Peljesac-Kotor
18.79566216	42.35258826	-5.1613947	Peljesac-Kotor
18.14015687	42.67024194	-2.9489949	Peljesac-Kotor
18.60803841	42.50580036	-9.8118216	Peljesac-Kotor
17.87323903	42.88393447	-8.1957508	Peljesac-Kotor
17.59902839	43.02066929	-7.9240154	Peljesac-Kotor
18.12480307	42.76316339	-10.1316707	Peljesac-Kotor
18.11461527	42.66671456	-1.7325664	Peljesac-Kotor
18.21467649	42.63010139	-2.5675584	Peljesac-Kotor
17.51149658	43.02212628	-4.7357978	Peljesac-Kotor
18.74039865	42.44964992	-9.7585554	Peljesac-Kotor
18.8012445	42.32307855	-3.5187519	Peljesac-Kotor
17.65837971	42.91713104	-1.668211	Peljesac-Kotor
17.70107079	42.99188872	-9.4865161	Peljesac-Kotor
17.5319928	43.03780877	-6.7984536	Peljesac-Kotor
18.06015562	42.79030697	-9.5702195	Peljesac-Kotor
18.43647055	42.48158158	-0.9999807	Peljesac-Kotor
17.87173128	42.86151506	-6.4978767	Peljesac-Kotor
18.66194975	42.37986692	-1.0000003	Peljesac-Kotor
17.89270924	42.8141143	-4.0590077	Peljesac-Kotor
18.60104441	42.40478302	-0.9999993	Peljesac-Kotor
17.78071972	42.94677042	-8.7569519	Peljesac-Kotor
18.04782883	42.71067251	-2.8215301	Peljesac-Kotor
18.38013071	42.6299683	-10.1314202	Peljesac-Kotor
18.69568977	42.40591219	-4.4737442	Peljesac-Kotor
17.88479746	42.82255408	-4.294536	Peljesac-Kotor
18.50744682	42.56087877	-10.1314231	Peljesac-Kotor
17.84580345	42.89639324	-7.7950916	Peljesac-Kotor
18.80668868	42.35248623	-5.7511944	Peljesac-Kotor
17.73844841	42.97361142	-9.2746441	Peljesac-Kotor
18.11149977	42.68553118	-3.1934436	Peljesac-Kotor
18.3507399	42.6471351	-10.1314187	Peljesac-Kotor
18.34866017	42.61275657	-7.5061597	Peljesac-Kotor
17.7207518	42.98607216	-9.6957757	Peljesac-Kotor
17.49065482	43.06550254	-7.3990962	Peljesac-Kotor
18.07682461	42.72877614	-5.4442304	Peljesac-Kotor
18.26056797	42.67719693	-8.1605515	Peljesac-Kotor
17.46041622	43.00013773	-0.9999827	Peljesac-Kotor
17.77792783	42.91371837	-6.0974263	Peljesac-Kotor
18.33239895	42.65870452	-10.1314221	Peljesac-Kotor
17.80187317	42.94480608	-9.5198069	Peljesac-Kotor
18.7668136	42.32329822	-1.6711695	Peljesac-Kotor
18.22043091	42.66607631	-5.6894199	Peljesac-Kotor
18.73225847	42.38238359	-4.4178631	Peljesac-Kotor
18.6221281	42.40264412	-1.5488377	Peljesac-Kotor
17.908052	42.82986725	-5.9309714	Peljesac-Kotor
18.42142609	42.49047498	-1.0000081	Peljesac-Kotor
17.41885874	43.05947572	-3.841204	Peljesac-Kotor
18.82412161	42.39395565	-9.4965076	Peljesac-Kotor
18.21229121	42.72500761	-10.1312093	Peljesac-Kotor
17.83098066	42.88776942	-6.4646327	Peljesac-Kotor
18.779205	42.39159812	-7.2566887	Peljesac-Kotor
18.32170773	42.54489863	-0.9999988	Peljesac-Kotor
18.54251328	42.49960718	-6.730323	Peljesac-Kotor
18.30917732	42.57597	-2.9709199	Peljesac-Kotor
17.81170555	42.84263729	-2.2739983	Peljesac-Kotor
18.33017297	42.59378696	-5.2537053	Peljesac-Kotor
18.02031393	42.8001276	-8.6648506	Peljesac-Kotor
18.70926439	42.41391263	-5.6884124	Peljesac-Kotor
17.806792	42.89137	-5.6285333	Peljesac-Kotor
18.67759428	42.48110999	-10.1314217	Peljesac-Kotor
17.43640366	43.04814977	-3.7251601	Peljesac-Kotor
17.39112231	43.09190914	-5.1443331	Peljesac-Kotor
17.87057045	42.78660772	-1.0001692	Peljesac-Kotor
17.93565687	42.75496792	-1.4946211	Peljesac-Kotor
18.21863676	42.68886921	-7.4557222	Peljesac-Kotor
18.66792625	42.37614602	-0.9999993	Peljesac-Kotor
17.40354319	43.05360441	-2.729263	Peljesac-Kotor
17.59446279	42.94268732	-1.4256521	Peljesac-Kotor
18.81893613	42.30056776	-2.9922674	Peljesac-Kotor
18.2400412	42.63548631	-4.1398728	Peljesac-Kotor
18.36586483	42.61630237	-8.4711199	Peljesac-Kotor
18.80414602	42.36272452	-6.2886012	Peljesac-Kotor
17.8754123	42.80797228	-2.7908777	Peljesac-Kotor
18.679075	42.45066099	-7.5974524	Peljesac-Kotor
18.17128924	42.73366899	-9.3764151	Peljesac-Kotor
18.66555074	42.4799072	-9.6120716	Peljesac-Kotor
17.75685627	42.95460145	-8.3279312	Peljesac-Kotor
18.25126258	42.66765176	-7.0267776	Peljesac-Kotor
17.92254845	42.87828671	-10.1314212	Peljesac-Kotor
18.38216351	42.60159751	-7.9370264	Peljesac-Kotor
18.28310129	42.68978107	-10.1314221	Peljesac-Kotor
18.16453249	42.63506312	-1.0000022	Peljesac-Kotor
18.29625343	42.60221134	-4.3001488	Peljesac-Kotor
18.09710198	42.72496638	-5.9733641	Peljesac-Kotor
18.51700119	42.53073669	-8.2231822	Peljesac-Kotor
18.81206303	42.32726516	-4.3795778	Peljesac-Kotor
17.51788222	43.04756554	-7.066928	Peljesac-Kotor
18.02424826	42.81722056	-10.1313977	Peljesac-Kotor
17.98685235	42.7663792	-4.628885	Peljesac-Kotor
18.21222627	42.65459643	-4.4428351	Peljesac-Kotor
18.09337878	42.72581497	-5.9004112	Peljesac-Kotor
17.56948263	43.03274798	-7.7994671	Peljesac-Kotor
17.85010053	42.91967047	-9.6875823	Peljesac-Kotor
17.39354554	43.06642643	-3.2859475	Peljesac-Kotor
17.67858467	42.94356934	-4.6142825	Peljesac-Kotor
18.40804004	42.55139975	-4.9934849	Peljesac-Kotor
18.58730481	42.48250369	-7.1232479	Peljesac-Kotor
17.97638513	42.75856695	-3.5741146	Peljesac-Kotor
18.15986749	42.67116719	-3.7373421	Peljesac-Kotor
17.70314883	42.88940588	-0.9999998	Peljesac-Kotor
18.52494358	42.54129475	-9.3837766	Peljesac-Kotor
17.45575986	43.01364397	-1.9039156	Peljesac-Kotor
18.79107387	42.36794968	-6.0574759	Peljesac-Kotor
18.73406178	42.33494229	-1.0000012	Peljesac-Kotor
18.375652	42.51751914	-1.0000008	Peljesac-Kotor
18.76975837	42.41975328	-8.9005823	Peljesac-Kotor
17.83642438	42.80885499	-1.0000003	Peljesac-Kotor
18.44551287	42.58432164	-9.1416719	Peljesac-Kotor
17.64336119	42.99278079	-7.3865044	Peljesac-Kotor
17.62438086	42.93528066	-1.9892776	Peljesac-Kotor
17.69520887	42.93872584	-4.7971493	Peljesac-Kotor
18.13969766	42.64711016	-0.9996634	Peljesac-Kotor
18.69730113	42.42125639	-5.7327952	Peljesac-Kotor
17.96880377	42.77179434	-4.2371121	Peljesac-Kotor
18.47865828	42.4906496	-3.4937815	Peljesac-Kotor
18.13961202	42.75100252	-9.6839353	Peljesac-Kotor
17.87308196	42.91071717	-10.1314314	Peljesac-Kotor
18.75574032	42.44515044	-10.1314197	Peljesac-Kotor
17.66498505	42.98783601	-7.8272302	Peljesac-Kotor
17.91415533	42.87113896	-9.2137119	Peljesac-Kotor
18.15584762	42.64931925	-1.8082586	Peljesac-Kotor
18.44262634	42.57402176	-8.2372141	Peljesac-Kotor
17.54121449	43.00012562	-4.0518944	Peljesac-Kotor
18.24876297	42.61949644	-3.3682244	Peljesac-Kotor
18.24251905	42.65188982	-5.4615531	Peljesac-Kotor
17.86632035	42.79698906	-1.5621538	Peljesac-Kotor
17.74889169	42.95255466	-7.8712969	Peljesac-Kotor
18.73698398	42.45682303	-10.1314221	Peljesac-Kotor
18.77659385	42.33233578	-2.7953631	Peljesac-Kotor
17.44786961	43.00632156	-1.0002273	Peljesac-Kotor
18.56029332	42.47055312	-5.1002292	Peljesac-Kotor
17.46209858	43.07766254	-7.1047371	Peljesac-Kotor
17.41587044	43.02424329	-1.0000003	Peljesac-Kotor
17.89717201	42.80264358	-3.3921975	Peljesac-Kotor
17.57143665	42.98867924	-4.2560918	Peljesac-Kotor
18.41456007	42.50934788	-2.1157461	Peljesac-Kotor
18.58697414	42.51162744	-9.4484658	Peljesac-Kotor
17.75881769	42.97089533	-9.7697537	Peljesac-Kotor
18.78676299	42.2967358	-0.9999998	Peljesac-Kotor
18.01676506	42.70389822	-0.9999998	Peljesac-Kotor
18.46708785	42.58471668	-10.1314202	Peljesac-Kotor
18.48717311	42.54692555	-8.1778928	Peljesac-Kotor
18.16549219	42.63951972	-1.3966516	Peljesac-Kotor
18.26499807	42.69286297	-9.5941499	Peljesac-Kotor
18.00221142	42.71162403	-1.0000003	Peljesac-Kotor
18.60154941	42.49039119	-8.2861131	Peljesac-Kotor
18.09677322	42.66565177	-1.0000003	Peljesac-Kotor
18.82849691	42.30924452	-4.0809044	Peljesac-Kotor
18.75489076	42.42894989	-8.8960633	Peljesac-Kotor
17.42981513	43.02229338	-1.4508645	Peljesac-Kotor
18.43407477	42.60334082	-10.1314593	Peljesac-Kotor
17.44579317	43.01239402	-1.3775667	Peljesac-Kotor
17.5797185	42.94451262	-0.9999993	Peljesac-Kotor
18.08252421	42.75205466	-7.5037398	Peljesac-Kotor
17.68816666	42.95507178	-5.9243097	Peljesac-Kotor
18.21620277	42.72044395	-9.9043968	Peljesac-Kotor
18.35168274	42.5659707	-3.8749713	Peljesac-Kotor
17.54231933	43.01096248	-4.9835819	Peljesac-Kotor
18.37783012	42.52043728	-1.3167464	Peljesac-Kotor
17.74912203	42.96408073	-8.8507608	Peljesac-Kotor
18.2892172	42.65140819	-7.5917447	Peljesac-Kotor
18.39362645	42.5923048	-7.6457278	Peljesac-Kotor
17.79429582	42.85308924	-2.2040296	Peljesac-Kotor
17.84272358	42.92978954	-10.1314304	Peljesac-Kotor
17.96215446	42.73287777	-1.0000003	Peljesac-Kotor
18.05514324	42.68842183	-1.3847644	Peljesac-Kotor
17.98227991	42.80433336	-7.294975	Peljesac-Kotor
17.62741394	43.00010342	-7.3596542	Peljesac-Kotor
18.61815476	42.44213144	-4.762906	Peljesac-Kotor
18.3565311	42.57492803	-4.7847841	Peljesac-Kotor
18.15566291	42.7409849	-9.4246897	Peljesac-Kotor
18.14460259	42.64806717	-1.2655315	Peljesac-Kotor
17.92629714	42.84935389	-8.2121492	Peljesac-Kotor
18.40690634	42.49905607	-0.9999998	Peljesac-Kotor
18.14810414	42.65438584	-1.913127	Peljesac-Kotor
17.65446117	42.97867864	-6.6758638	Peljesac-Kotor
18.46791439	42.52009241	-5.2995837	Peljesac-Kotor
18.00605692	42.79520894	-7.6604356	Peljesac-Kotor
17.82310155	42.89722964	-6.7832888	Peljesac-Kotor
17.4727039	43.08720833	-8.296814	Peljesac-Kotor
17.79594697	42.90351121	-6.0920718	Peljesac-Kotor
17.49945179	43.04067369	-5.8044618	Peljesac-Kotor
18.12313165	42.67487316	-2.7218914	Peljesac-Kotor
17.82016146	42.93450765	-9.5188548	Peljesac-Kotor
18.82575842	42.31966407	-4.6192758	Peljesac-Kotor
17.71700325	42.90424106	-2.7378245	Peljesac-Kotor
17.41826717	43.04736034	-2.8828811	Peljesac-Kotor
18.55578082	42.52691107	-9.4448992	Peljesac-Kotor
17.78794611	42.93636782	-8.2699431	Peljesac-Kotor
18.44290426	42.51773129	-4.0086143	Peljesac-Kotor
18.01996886	42.73211519	-3.3424236	Peljesac-Kotor
17.44414927	43.05647504	-4.6998946	Peljesac-Kotor
17.55660383	42.95560917	-0.9998714	Peljesac-Kotor
18.6014182	42.46831479	-6.4065615	Peljesac-Kotor
18.5702509	42.4502396	-3.7925927	Peljesac-Kotor
17.94988942	42.85155749	-9.4298308	Peljesac-Kotor
18.42197682	42.60931496	-10.1314192	Peljesac-Kotor
18.62995097	42.50053873	-10.1314241	Peljesac-Kotor
18.66637608	42.47016114	-8.8130716	Peljesac-Kotor
18.63886501	42.39727889	-1.6734563	Peljesac-Kotor
17.89992652	42.82016691	-4.8400824	Peljesac-Kotor
18.78448976	42.41587048	-9.2912825	Peljesac-Kotor
17.38575229	43.09188627	-4.9112931	Peljesac-Kotor
17.67874984	43.00966237	-10.1314807	Peljesac-Kotor
18.04691727	42.77163603	-7.557502	Peljesac-Kotor
18.35766011	42.52714083	-1.0000008	Peljesac-Kotor
17.54489943	42.965946	-1.3840252	Peljesac-Kotor
18.59506802	42.49114259	-8.1240244	Peljesac-Kotor
18.79833207	42.35944057	-5.7635576	Peljesac-Kotor
18.7135552	42.46643474	-10.1314168	Peljesac-Kotor
18.36609005	42.63063246	-9.6291995	Peljesac-Kotor
18.22970242	42.71126346	-9.6943855	Peljesac-Kotor
17.77392857	42.95966233	-9.4541724	Peljesac-Kotor
18.52196484	42.45631362	-2.4462859	Peljesac-Kotor
17.98408443	42.78068248	-5.5869412	Peljesac-Kotor
18.21200487	42.71293384	-9.1355208	Peljesac-Kotor
17.6322497	42.934717	-2.2213069	Peljesac-Kotor
17.88479767	42.79809767	-2.5005071	Peljesac-Kotor
17.89684727	42.77119839	-1.0000027	Peljesac-Kotor
18.8278775	42.36427918	-7.6740828	Peljesac-Kotor
17.52260475	43.07592751	-9.5759514	Peljesac-Kotor
18.44995225	42.50478816	-3.3475076	Peljesac-Kotor
17.78744905	42.95443905	-9.636803	Peljesac-Kotor
17.70467959	42.9260281	-4.0640408	Peljesac-Kotor
18.42224879	42.57590002	-7.4716072	Peljesac-Kotor
17.97069841	42.7416566	-2.0424656	Peljesac-Kotor
18.53031472	42.51353687	-7.367263	Peljesac-Kotor
18.84121747	42.31315416	-5.026385	Peljesac-Kotor
17.9669663	42.7910512	-5.6113677	Peljesac-Kotor
18.59512454	42.45436927	-5.0044215	Peljesac-Kotor
18.70289725	42.46493126	-9.6344197	Peljesac-Kotor
17.72190393	42.88323607	-1.3362459	Peljesac-Kotor
18.10637067	42.72811433	-6.5702668	Peljesac-Kotor
17.72530746	42.91659841	-4.0457107	Peljesac-Kotor
17.78464451	42.84281339	-0.9999788	Peljesac-Kotor
18.46201026	42.58025509	-9.5692647	Peljesac-Kotor
17.93913629	42.81324836	-6.0553354	Peljesac-Kotor
17.70068661	42.89693287	-1.4717886	Peljesac-Kotor
18.77440245	42.30687923	-1.0000027	Peljesac-Kotor
18.85269463	42.32391771	-6.3561495	Peljesac-Kotor
18.81284033	42.36047125	-6.6101724	Peljesac-Kotor
18.46733032	42.49216321	-3.1686812	Peljesac-Kotor
18.8456407	42.34014144	-7.0436157	Peljesac-Kotor
18.67595113	42.39423747	-2.7045767	Peljesac-Kotor
17.52715428	43.08059575	-10.1314221	Peljesac-Kotor
17.63601646	43.03017045	-10.1314251	Peljesac-Kotor
18.72243701	42.39171442	-4.6550651	Peljesac-Kotor
18.66855901	42.42126233	-4.7377335	Peljesac-Kotor
17.83144139	42.86123214	-4.561253	Peljesac-Kotor
17.96861477	42.75002148	-2.5833989	Peljesac-Kotor
17.93346873	42.83637483	-7.5532119	Peljesac-Kotor
17.53296698	42.96675109	-1.0000047	Peljesac-Kotor
18.61414166	42.50697839	-10.1319348	Peljesac-Kotor
18.14105708	42.75572719	-10.1316253	Peljesac-Kotor
18.40337986	42.61849546	-10.1314226	Peljesac-Kotor
18.57342468	42.52679574	-10.1314212	Peljesac-Kotor
18.39555854	42.54919263	-4.2722025	Peljesac-Kotor
18.33906889	42.53632493	-0.9999993	Peljesac-Kotor
17.66943943	42.98155332	-7.4909218	Peljesac-Kotor
17.82252448	42.81797423	-1.0000003	Peljesac-Kotor
18.2978618	42.68047936	-10.1314217	Peljesac-Kotor
17.6618477	43.0134103	-9.7775784	Peljesac-Kotor
18.26203248	42.63915619	-5.4296905	Peljesac-Kotor
18.78636399	42.34348577	-4.0586951	Peljesac-Kotor
18.12303296	42.75228526	-9.1940181	Peljesac-Kotor
18.23463308	42.68651949	-7.8932688	Peljesac-Kotor
18.50125627	42.52697783	-7.3007765	Peljesac-Kotor
18.76695564	42.33847701	-2.7737259	Peljesac-Kotor
17.97936733	42.75056209	-3.1002615	Peljesac-Kotor
17.7264658	42.89278032	-2.266271	Peljesac-Kotor
17.39583912	43.04336256	-1.6087603	Peljesac-Kotor
18.6019445	42.49819297	-8.9612083	Peljesac-Kotor
17.50321792	42.98044625	-0.9999998	Peljesac-Kotor
17.59480673	42.93726746	-1.0000008	Peljesac-Kotor
18.19333052	42.70662169	-7.909041	Peljesac-Kotor
18.79589357	42.30089642	-1.7678509	Peljesac-Kotor
18.32423369	42.57984649	-3.9011286	Peljesac-Kotor
18.20903564	42.63043893	-2.3714209	Peljesac-Kotor
18.01854764	42.79078552	-7.8789722	Peljesac-Kotor
18.57654951	42.47079228	-5.7558626	Peljesac-Kotor
17.8712969	42.79143966	-1.3963098	Peljesac-Kotor
17.96649121	42.80257381	-6.4614932	Peljesac-Kotor
17.6656409	42.93819653	-3.7013783	Peljesac-Kotor
17.47037491	43.03307345	-4.0295919	Peljesac-Kotor
17.79134549	42.88799143	-4.7015494	Peljesac-Kotor
17.81492961	42.8284847	-1.4009265	Peljesac-Kotor
18.49829305	42.50657754	-5.5462061	Peljesac-Kotor
18.78871217	42.42462109	-10.1314231	Peljesac-Kotor
17.89317923	42.89094331	-9.6524976	Peljesac-Kotor
18.1974468	42.63892253	-2.6008677	Peljesac-Kotor
17.66978849	42.90438512	-0.9999993	Peljesac-Kotor
17.71153087	42.90807321	-2.7958386	Peljesac-Kotor
17.61730038	42.93021551	-1.3055105	Peljesac-Kotor
