14.281032	41.631	-11.0000003	Pescolanciano-Montagano
14.45907616	41.6436185	-14.9709461	Pescolanciano-Montagano
14.41090184	41.66716442	-23.2690452	Pescolanciano-Montagano
14.51103587	41.64056575	-13.9249525	Pescolanciano-Montagano
14.28101905	41.6319967	-11.340638	Pescolanciano-Montagano
14.65738178	41.63355868	-11.0000003	Pescolanciano-Montagano
14.36194579	41.65558958	-19.4043758	Pescolanciano-Montagano
14.4017688	41.65063712	-17.6747401	Pescolanciano-Montagano
14.73542583	41.65573846	-18.4301789	Pescolanciano-Montagano
14.38331399	41.64420324	-15.5123599	Pescolanciano-Montagano
14.72143886	41.64299683	-14.074557	Pescolanciano-Montagano
14.73654943	41.66721661	-22.3541292	Pescolanciano-Montagano
14.40622894	41.65492081	-19.1121882	Pescolanciano-Montagano
14.30972839	41.65755886	-20.0775775	Pescolanciano-Montagano
14.28099314	41.63399006	-12.0219154	Pescolanciano-Montagano
14.6275365	41.63761619	-12.5652542	Pescolanciano-Montagano
14.47796501	41.6633809	-21.7260775	Pescolanciano-Montagano
14.63217818	41.64649422	-15.570723	Pescolanciano-Montagano
14.4642397	41.66034563	-20.6885565	Pescolanciano-Montagano
14.30287554	41.65687909	-19.845224	Pescolanciano-Montagano
14.66569229	41.65883377	-19.5882767	Pescolanciano-Montagano
14.39466618	41.6448029	-15.7192049	Pescolanciano-Montagano
14.30709179	41.6659682	-22.9524495	Pescolanciano-Montagano
14.2809543	41.63698004	-13.0438314	Pescolanciano-Montagano
14.70381636	41.63468652	-11.2341888	Pescolanciano-Montagano
14.63416881	41.67439595	-25.0953841	Pescolanciano-Montagano
14.36677846	41.67223622	-25.09539	Pescolanciano-Montagano
14.66802254	41.64797615	-15.8636461	Pescolanciano-Montagano
14.66233213	41.66770928	-22.64191	Pescolanciano-Montagano
14.39335057	41.64145694	-14.5737493	Pescolanciano-Montagano
14.45707755	41.63570382	-12.2656361	Pescolanciano-Montagano
14.71010774	41.6373018	-12.1279979	Pescolanciano-Montagano
14.71043818	41.65020011	-16.5366616	Pescolanciano-Montagano
14.28091589	41.63993556	-14.0540008	Pescolanciano-Montagano
14.53763292	41.66328451	-21.5300633	Pescolanciano-Montagano
14.68255621	41.65942969	-19.6921555	Pescolanciano-Montagano
14.62804559	41.66615138	-22.3145687	Pescolanciano-Montagano
14.50943734	41.63266825	-11.2291385	Pescolanciano-Montagano
14.28088866	41.64203188	-14.7705167	Pescolanciano-Montagano
14.70412674	41.63683238	-11.9675897	Pescolanciano-Montagano
14.57353397	41.66199038	-20.9089591	Pescolanciano-Montagano
14.32729794	41.63213183	-11.3865213	Pescolanciano-Montagano
14.35815765	41.64919707	-17.2192234	Pescolanciano-Montagano
14.37909206	41.64692038	-16.4410405	Pescolanciano-Montagano
14.28086232	41.64405941	-15.4635399	Pescolanciano-Montagano
14.56793084	41.63445328	-11.4975789	Pescolanciano-Montagano
14.40995602	41.65035352	-17.5290289	Pescolanciano-Montagano
14.33433953	41.6497212	-17.3987215	Pescolanciano-Montagano
14.55875606	41.64257814	-14.3278375	Pescolanciano-Montagano
14.29982919	41.64149831	-14.5877171	Pescolanciano-Montagano
14.56874979	41.65685125	-19.1517453	Pescolanciano-Montagano
14.37418551	41.6563734	-19.672335	Pescolanciano-Montagano
14.39611931	41.67224805	-25.0954749	Pescolanciano-Montagano
14.29150796	41.65358424	-18.719061	Pescolanciano-Montagano
14.40689834	41.6436632	-15.26092	Pescolanciano-Montagano
14.51347519	41.64392139	-15.0568651	Pescolanciano-Montagano
14.34004041	41.65243566	-18.3266713	Pescolanciano-Montagano
14.73977381	41.67410051	-24.7077659	Pescolanciano-Montagano
14.53010994	41.63297915	-11.2180374	Pescolanciano-Montagano
14.28083035	41.64651646	-16.3033902	Pescolanciano-Montagano
14.67760548	41.64014038	-13.128992	Pescolanciano-Montagano
14.35881667	41.63802524	-13.4006209	Pescolanciano-Montagano
14.64293946	41.63609122	-11.9514388	Pescolanciano-Montagano
14.28080155	41.64873291	-17.0610174	Pescolanciano-Montagano
14.35519471	41.66913642	-24.0356654	Pescolanciano-Montagano
14.67623952	41.65388225	-17.8333226	Pescolanciano-Montagano
14.68944007	41.65891501	-19.5161649	Pescolanciano-Montagano
14.70123759	41.66332212	-21.022409	Pescolanciano-Montagano
14.46867987	41.65652312	-19.3818035	Pescolanciano-Montagano
14.2807703	41.65113831	-17.8832484	Pescolanciano-Montagano
14.46911834	41.65882265	-20.1678765	Pescolanciano-Montagano
14.6304592	41.63982838	-13.302972	Pescolanciano-Montagano
14.51182103	41.65950067	-20.3910797	Pescolanciano-Montagano
14.3778208	41.64192156	-14.7323875	Pescolanciano-Montagano
14.34173969	41.65445459	-19.0167539	Pescolanciano-Montagano
14.29550167	41.67223578	-25.09539	Pescolanciano-Montagano
14.41387177	41.63544457	-12.4108241	Pescolanciano-Montagano
14.65335544	41.65223637	-17.4067949	Pescolanciano-Montagano
14.31433563	41.67047911	-24.4946829	Pescolanciano-Montagano
14.5110706	41.6722113	-24.7401483	Pescolanciano-Montagano
14.62396771	41.64173562	-13.9865689	Pescolanciano-Montagano
14.28073859	41.65357801	-18.7172256	Pescolanciano-Montagano
14.51545634	41.66098351	-20.8759525	Pescolanciano-Montagano
14.50636955	41.67323536	-25.0953743	Pescolanciano-Montagano
14.6192399	41.6437587	-14.6769049	Pescolanciano-Montagano
14.47015074	41.66284706	-21.5436449	Pescolanciano-Montagano
14.41486241	41.66165722	-21.3630474	Pescolanciano-Montagano
14.50897198	41.66480995	-22.2162557	Pescolanciano-Montagano
14.28070955	41.65581149	-19.4807259	Pescolanciano-Montagano
14.54328592	41.65609718	-19.0398779	Pescolanciano-Montagano
14.7126981	41.64785076	-15.7336099	Pescolanciano-Montagano
14.72795083	41.65006381	-16.4902275	Pescolanciano-Montagano
14.56715485	41.6468904	-15.7512017	Pescolanciano-Montagano
14.59642711	41.64361652	-14.6280946	Pescolanciano-Montagano
14.64879731	41.67006244	-23.5268182	Pescolanciano-Montagano
14.6725363	41.66595137	-21.9804554	Pescolanciano-Montagano
14.42112409	41.66932351	-23.9461009	Pescolanciano-Montagano
14.62702533	41.6514763	-17.304823	Pescolanciano-Montagano
14.34585365	41.64309688	-15.1343804	Pescolanciano-Montagano
14.68271153	41.64473962	-14.6706749	Pescolanciano-Montagano
14.72840153	41.65406167	-17.8568196	Pescolanciano-Montagano
14.70899364	41.65505005	-18.1945216	Pescolanciano-Montagano
14.47622206	41.65083116	-17.4359768	Pescolanciano-Montagano
14.2806765	41.65835416	-20.3499417	Pescolanciano-Montagano
14.32725203	41.66067914	-21.1444608	Pescolanciano-Montagano
14.28064099	41.66108574	-21.2837611	Pescolanciano-Montagano
14.42329042	41.64571785	-15.8652952	Pescolanciano-Montagano
14.61070623	41.67287305	-24.6295814	Pescolanciano-Montagano
14.71327026	41.635084	-11.3700042	Pescolanciano-Montagano
14.48614375	41.64788078	-16.4274591	Pescolanciano-Montagano
14.57146801	41.65174867	-17.4082749	Pescolanciano-Montagano
14.50446068	41.6329577	-11.3274637	Pescolanciano-Montagano
14.44213745	41.66957183	-23.9060916	Pescolanciano-Montagano
14.51514384	41.67332199	-25.0954105	Pescolanciano-Montagano
14.51110945	41.64575719	-15.6986248	Pescolanciano-Montagano
14.44894587	41.63455169	-11.8971024	Pescolanciano-Montagano
14.36962526	41.64874455	-17.0645053	Pescolanciano-Montagano
14.28060683	41.66371418	-22.1823416	Pescolanciano-Montagano
14.64050491	41.63402271	-11.2591507	Pescolanciano-Montagano
14.58179741	41.66638174	-22.4102913	Pescolanciano-Montagano
14.38269898	41.6527952	-18.4492664	Pescolanciano-Montagano
14.30608014	41.64988117	-17.4530455	Pescolanciano-Montagano
14.52368123	41.65445957	-18.5970098	Pescolanciano-Montagano
14.56548082	41.6408843	-13.7089378	Pescolanciano-Montagano
14.40404982	41.65681528	-19.7725235	Pescolanciano-Montagano
14.66498019	41.66984717	-23.3569583	Pescolanciano-Montagano
14.28057309	41.66630819	-23.0691766	Pescolanciano-Montagano
14.56664533	41.66238274	-21.0487081	Pescolanciano-Montagano
14.59113063	41.65575101	-18.7759564	Pescolanciano-Montagano
14.34845288	41.64561847	-15.9961558	Pescolanciano-Montagano
14.49766086	41.67323559	-25.0953905	Pescolanciano-Montagano
14.53289402	41.63766189	-12.8015667	Pescolanciano-Montagano
14.56893405	41.64345014	-14.5707208	Pescolanciano-Montagano
14.30577752	41.64769374	-16.7053291	Pescolanciano-Montagano
14.6056945	41.65733154	-19.3162797	Pescolanciano-Montagano
14.39297746	41.63572602	-12.6150926	Pescolanciano-Montagano
14.62305742	41.6399926	-13.3904119	Pescolanciano-Montagano
14.28699401	41.67223524	-25.09539	Pescolanciano-Montagano
14.35246798	41.65590228	-19.5113759	Pescolanciano-Montagano
14.42764305	41.65545592	-19.1674339	Pescolanciano-Montagano
14.61904798	41.63606161	-12.0465526	Pescolanciano-Montagano
14.60943727	41.63300112	-11.0000003	Pescolanciano-Montagano
14.39561463	41.65883774	-20.5144659	Pescolanciano-Montagano
14.67677039	41.67407335	-24.7316224	Pescolanciano-Montagano
14.28052193	41.67024204	-24.4141116	Pescolanciano-Montagano
14.30759578	41.63551546	-12.5427845	Pescolanciano-Montagano
14.45699554	41.65169615	-17.7320195	Pescolanciano-Montagano
14.50560191	41.65250785	-18.009532	Pescolanciano-Montagano
14.63332722	41.66092915	-20.4971151	Pescolanciano-Montagano
14.65198741	41.66150033	-20.5811942	Pescolanciano-Montagano
14.28049603	41.67223467	-25.09539	Pescolanciano-Montagano
14.28424669	41.63100029	-11.0000003	Pescolanciano-Montagano
14.36619876	41.65696621	-19.8749564	Pescolanciano-Montagano
14.68186779	41.63593969	-11.6663612	Pescolanciano-Montagano
14.62576173	41.65906911	-19.907489	Pescolanciano-Montagano
14.69428817	41.63777843	-12.2911712	Pescolanciano-Montagano
14.68257473	41.65767728	-19.0931021	Pescolanciano-Montagano
14.4966162	41.64872344	-16.7156063	Pescolanciano-Montagano
14.31777205	41.6551535	-19.2553468	Pescolanciano-Montagano
14.39076659	41.64392872	-15.4187657	Pescolanciano-Montagano
14.4596439	41.64972095	-17.0565946	Pescolanciano-Montagano
14.42429996	41.64928049	-17.0768013	Pescolanciano-Montagano
14.58599483	41.65754144	-19.3880399	Pescolanciano-Montagano
14.61870621	41.66724586	-22.7057689	Pescolanciano-Montagano
14.36842075	41.65872502	-20.4762127	Pescolanciano-Montagano
14.59255024	41.63782685	-12.6492337	Pescolanciano-Montagano
14.4021444	41.64663495	-16.3048562	Pescolanciano-Montagano
14.39340186	41.6713064	-24.7783031	Pescolanciano-Montagano
14.48385164	41.66833811	-23.4208275	Pescolanciano-Montagano
14.30422458	41.64312433	-15.1434571	Pescolanciano-Montagano
14.69800678	41.6604068	-20.0258215	Pescolanciano-Montagano
14.6059874	41.64520791	-15.1720885	Pescolanciano-Montagano
14.39157581	41.66521359	-22.6947669	Pescolanciano-Montagano
14.53044943	41.63931429	-13.3807991	Pescolanciano-Montagano
14.42643486	41.63261014	-11.3674339	Pescolanciano-Montagano
14.64633407	41.63336611	-11.0000003	Pescolanciano-Montagano
14.53383485	41.670219	-23.9229754	Pescolanciano-Montagano
14.56825548	41.6502187	-16.884765	Pescolanciano-Montagano
14.63582394	41.65498714	-18.4514664	Pescolanciano-Montagano
14.69232871	41.6398111	-12.9858328	Pescolanciano-Montagano
14.58151696	41.67423534	-25.0953934	Pescolanciano-Montagano
14.50719414	41.63690637	-12.676764	Pescolanciano-Montagano
14.40395528	41.67238624	-25.0953831	Pescolanciano-Montagano
14.42949325	41.63435961	-11.9470335	Pescolanciano-Montagano
14.36878582	41.64220514	-14.8292474	Pescolanciano-Montagano
14.60920407	41.65550167	-18.6907973	Pescolanciano-Montagano
14.62953119	41.6481577	-16.1559309	Pescolanciano-Montagano
14.63873677	41.63998689	-13.3077523	Pescolanciano-Montagano
14.53222636	41.63237798	-11.0000003	Pescolanciano-Montagano
14.29625988	41.65866291	-20.4551063	Pescolanciano-Montagano
14.58459969	41.63776327	-12.6275765	Pescolanciano-Montagano
14.45365944	41.64009022	-13.7646351	Pescolanciano-Montagano
14.67044029	41.64145111	-13.6193929	Pescolanciano-Montagano
14.29058987	41.66678572	-23.2321551	Pescolanciano-Montagano
14.61143519	41.66826821	-23.0552283	Pescolanciano-Montagano
14.35007682	41.64797145	-16.8003995	Pescolanciano-Montagano
14.68790507	41.65520272	-18.2470099	Pescolanciano-Montagano
14.74008421	41.64376024	-14.3359088	Pescolanciano-Montagano
14.66611107	41.64587645	-15.1574058	Pescolanciano-Montagano
14.68537667	41.65082343	-16.7501108	Pescolanciano-Montagano
14.32304902	41.63889013	-13.6962928	Pescolanciano-Montagano
14.58185329	41.64416384	-14.8152991	Pescolanciano-Montagano
14.37812804	41.65106449	-17.8575501	Pescolanciano-Montagano
14.50903258	41.66893684	-23.6272742	Pescolanciano-Montagano
14.3560363	41.67146731	-24.8325687	Pescolanciano-Montagano
14.4729609	41.63200126	-11.0000003	Pescolanciano-Montagano
14.62958241	41.65727452	-19.2712047	Pescolanciano-Montagano
14.50647833	41.6696448	-23.8679154	Pescolanciano-Montagano
14.36065204	41.66061689	-21.1229857	Pescolanciano-Montagano
14.41207608	41.66356955	-22.0333153	Pescolanciano-Montagano
14.55566403	41.64911074	-16.5787008	Pescolanciano-Montagano
14.53552511	41.64840185	-16.4560903	Pescolanciano-Montagano
14.57491739	41.67320672	-24.7437283	Pescolanciano-Montagano
14.3197636	41.66328167	-22.0340465	Pescolanciano-Montagano
14.50489982	41.64701594	-16.1323652	Pescolanciano-Montagano
14.45024098	41.65153423	-17.6927065	Pescolanciano-Montagano
14.73765978	41.6536465	-17.7151316	Pescolanciano-Montagano
14.41579315	41.63783762	-13.2170872	Pescolanciano-Montagano
14.44150564	41.6521433	-17.952999	Pescolanciano-Montagano
14.32033904	41.65804938	-20.2453272	Pescolanciano-Montagano
14.3637954	41.66519845	-22.689262	Pescolanciano-Montagano
14.36326306	41.66307145	-21.9621019	Pescolanciano-Montagano
14.66089968	41.67324901	-24.544054	Pescolanciano-Montagano
14.56515584	41.65652835	-19.0570898	Pescolanciano-Montagano
14.72268088	41.67431208	-24.7797113	Pescolanciano-Montagano
14.37298567	41.63100134	-11.0000003	Pescolanciano-Montagano
14.39080051	41.6310002	-11.0000086	Pescolanciano-Montagano
14.60235959	41.67269728	-24.5693812	Pescolanciano-Montagano
14.41489415	41.64875131	-16.9519982	Pescolanciano-Montagano
14.6995389	41.64762958	-15.6580855	Pescolanciano-Montagano
14.62327859	41.67334811	-24.793015	Pescolanciano-Montagano
14.29765877	41.65220578	-18.2477464	Pescolanciano-Montagano
14.43453164	41.65803682	-20.0085687	Pescolanciano-Montagano
14.68410212	41.63745348	-12.1788563	Pescolanciano-Montagano
14.45669236	41.65885853	-20.1803492	Pescolanciano-Montagano
14.53516843	41.67367208	-25.09539	Pescolanciano-Montagano
14.36075205	41.64660698	-16.3338568	Pescolanciano-Montagano
14.31767052	41.64802655	-16.8191199	Pescolanciano-Montagano
14.62492744	41.63736498	-12.4917528	Pescolanciano-Montagano
14.36485594	41.64448182	-15.6074303	Pescolanciano-Montagano
14.68296245	41.66452618	-21.4332572	Pescolanciano-Montagano
14.50835299	41.67265773	-24.8987166	Pescolanciano-Montagano
14.69276565	41.64642916	-15.2478875	Pescolanciano-Montagano
14.71311952	41.63931873	-12.8173504	Pescolanciano-Montagano
14.65600551	41.64694177	-15.5815518	Pescolanciano-Montagano
14.6221422	41.66088461	-20.5315907	Pescolanciano-Montagano
14.38259681	41.66324286	-22.0208326	Pescolanciano-Montagano
14.39328087	41.63352205	-11.8618739	Pescolanciano-Montagano
14.35793586	41.67223608	-25.09539	Pescolanciano-Montagano
14.43369385	41.64802834	-16.5930061	Pescolanciano-Montagano
14.71593459	41.65586611	-18.4734929	Pescolanciano-Montagano
14.33753851	41.65926054	-20.6597545	Pescolanciano-Montagano
14.61588297	41.67423549	-25.0953758	Pescolanciano-Montagano
14.68247762	41.6668516	-22.229307	Pescolanciano-Montagano
14.70626089	41.66498865	-21.592098	Pescolanciano-Montagano
14.5783506	41.66013362	-20.2743255	Pescolanciano-Montagano
14.45405983	41.66681344	-22.898703	Pescolanciano-Montagano
14.52298753	41.66587578	-22.5031663	Pescolanciano-Montagano
14.62934949	41.6679155	-22.9091478	Pescolanciano-Montagano
14.45116234	41.63299946	-11.3529735	Pescolanciano-Montagano
14.63173499	41.67318099	-24.6945365	Pescolanciano-Montagano
14.70888626	41.65932906	-19.6572855	Pescolanciano-Montagano
14.62106942	41.65636219	-18.9851818	Pescolanciano-Montagano
14.70157777	41.63400123	-11.0000003	Pescolanciano-Montagano
14.66517998	41.63918887	-12.8775487	Pescolanciano-Montagano
14.65332352	41.67311448	-24.5431361	Pescolanciano-Montagano
14.35704525	41.63441231	-12.165806	Pescolanciano-Montagano
14.62563358	41.6355518	-11.8708685	Pescolanciano-Montagano
14.735168	41.65169127	-17.0467019	Pescolanciano-Montagano
14.42813199	41.67280776	-25.09539	Pescolanciano-Montagano
14.37699501	41.66830764	-23.7522894	Pescolanciano-Montagano
14.52451693	41.65922063	-20.2192664	Pescolanciano-Montagano
14.51029305	41.66706964	-22.9871087	Pescolanciano-Montagano
14.31345286	41.66225536	-21.6831307	Pescolanciano-Montagano
14.69475466	41.6571381	-18.9084681	Pescolanciano-Montagano
14.66934164	41.65578156	-18.5234139	Pescolanciano-Montagano
14.38899917	41.65552987	-19.3841822	Pescolanciano-Montagano
14.67015836	41.65220426	-17.2959401	Pescolanciano-Montagano
14.45277943	41.66189529	-21.2190042	Pescolanciano-Montagano
14.48051145	41.67323602	-25.09539	Pescolanciano-Montagano
14.61162776	41.65989975	-20.194304	Pescolanciano-Montagano
14.37535313	41.67223611	-25.09539	Pescolanciano-Montagano
14.67937767	41.66547075	-21.7756324	Pescolanciano-Montagano
14.48995293	41.63845172	-13.2046068	Pescolanciano-Montagano
14.65939891	41.66249711	-20.8777845	Pescolanciano-Montagano
14.52532356	41.67350035	-25.0953905	Pescolanciano-Montagano
14.42494404	41.65277891	-18.2685774	Pescolanciano-Montagano
14.56522791	41.64846353	-16.3004171	Pescolanciano-Montagano
14.50300517	41.65045415	-17.3073167	Pescolanciano-Montagano
14.70070091	41.65499833	-18.1769015	Pescolanciano-Montagano
14.56217011	41.66606124	-22.3331781	Pescolanciano-Montagano
14.51651373	41.6721631	-24.6908778	Pescolanciano-Montagano
14.57552174	41.65778372	-19.4711966	Pescolanciano-Montagano
14.2829941	41.67073614	-24.5829627	Pescolanciano-Montagano
14.68234647	41.66184426	-20.5179766	Pescolanciano-Montagano
14.56189346	41.65904777	-19.9377075	Pescolanciano-Montagano
14.49749334	41.63689525	-12.6727254	Pescolanciano-Montagano
14.50400335	41.65497278	-18.8523493	Pescolanciano-Montagano
14.55395494	41.63649241	-12.2766615	Pescolanciano-Montagano
14.32175628	41.666741	-23.2167381	Pescolanciano-Montagano
14.6391762	41.65814841	-19.5119268	Pescolanciano-Montagano
14.51077481	41.64287222	-14.7149034	Pescolanciano-Montagano
14.72223177	41.66875283	-22.879036	Pescolanciano-Montagano
14.5559232	41.64508118	-15.1999854	Pescolanciano-Montagano
14.43892931	41.64326324	-14.9334952	Pescolanciano-Montagano
14.67972504	41.66271933	-20.8329893	Pescolanciano-Montagano
14.68372055	41.63474265	-11.2523768	Pescolanciano-Montagano
14.68587309	41.66844016	-22.7726033	Pescolanciano-Montagano
14.28712177	41.63249772	-11.5116917	Pescolanciano-Montagano
14.39486955	41.63782782	-13.3347733	Pescolanciano-Montagano
14.43282358	41.65180574	-17.8891215	Pescolanciano-Montagano
14.33090452	41.65781333	-20.1648504	Pescolanciano-Montagano
14.40167493	41.63986388	-13.9938018	Pescolanciano-Montagano
14.44121916	41.640986	-14.1417335	Pescolanciano-Montagano
14.47032899	41.6732358	-25.09539	Pescolanciano-Montagano
14.48826954	41.67218166	-24.7349295	Pescolanciano-Montagano
14.39606474	41.67123249	-24.749015	Pescolanciano-Montagano
14.6539926	41.67474167	-25.09539	Pescolanciano-Montagano
14.71940482	41.658325	-19.3140773	Pescolanciano-Montagano
14.54492848	41.65338811	-18.104223	Pescolanciano-Montagano
14.64600098	41.65375785	-17.9706107	Pescolanciano-Montagano
14.60480766	41.65309974	-17.8696669	Pescolanciano-Montagano
14.69622278	41.64329945	-14.1780697	Pescolanciano-Montagano
14.65823448	41.67036613	-23.5744456	Pescolanciano-Montagano
14.63313072	41.65898249	-19.8331103	Pescolanciano-Montagano
14.34672156	41.6597664	-20.8324512	Pescolanciano-Montagano
14.60430714	41.64933272	-16.5819945	Pescolanciano-Montagano
14.33016128	41.65139883	-17.9720814	Pescolanciano-Montagano
14.65077344	41.64166963	-13.8110023	Pescolanciano-Montagano
14.66461301	41.63368451	-11.0000003	Pescolanciano-Montagano
14.62410558	41.65170567	-17.3944194	Pescolanciano-Montagano
14.35297504	41.66719194	-23.3709066	Pescolanciano-Montagano
14.34168754	41.64830787	-16.915668	Pescolanciano-Montagano
14.45313819	41.65428585	-18.6173147	Pescolanciano-Montagano
14.62509354	41.66739121	-22.7551278	Pescolanciano-Montagano
14.61219785	41.63775881	-12.6261087	Pescolanciano-Montagano
14.37292557	41.64559217	-15.9869781	Pescolanciano-Montagano
14.41607256	41.64135935	-14.418866	Pescolanciano-Montagano
14.5054728	41.66755235	-23.1524993	Pescolanciano-Montagano
14.28802047	41.64116046	-14.4724578	Pescolanciano-Montagano
14.36424906	41.64045247	-14.2301932	Pescolanciano-Montagano
14.66537175	41.6347515	-11.3600926	Pescolanciano-Montagano
14.59114026	41.66466739	-21.8240845	Pescolanciano-Montagano
14.71916694	41.65016511	-16.5247319	Pescolanciano-Montagano
14.51595563	41.65094728	-17.4427622	Pescolanciano-Montagano
14.47892342	41.66660091	-22.8269124	Pescolanciano-Montagano
14.57099336	41.63904852	-13.0673441	Pescolanciano-Montagano
14.43445122	41.66261694	-21.5744786	Pescolanciano-Montagano
14.51420757	41.63271536	-11.2234178	Pescolanciano-Montagano
14.51038859	41.66171902	-21.1576073	Pescolanciano-Montagano
14.47816687	41.65763212	-19.7607983	Pescolanciano-Montagano
14.62329058	41.63393674	-11.3200824	Pescolanciano-Montagano
14.29174766	41.63100085	-11.0000003	Pescolanciano-Montagano
14.47174539	41.64062104	-13.9460833	Pescolanciano-Montagano
14.39571885	41.66261877	-21.8065975	Pescolanciano-Montagano
14.62298393	41.64519356	-15.1685377	Pescolanciano-Montagano
14.62587274	41.66118192	-20.6290833	Pescolanciano-Montagano
14.70974863	41.63400139	-11.0000003	Pescolanciano-Montagano
14.54880728	41.67008554	-23.7882611	Pescolanciano-Montagano
14.6875386	41.67367461	-24.5620423	Pescolanciano-Montagano
14.46868372	41.65099468	-17.4919545	Pescolanciano-Montagano
14.2880752	41.64808547	-16.8394923	Pescolanciano-Montagano
14.52436412	41.67174675	-24.5016541	Pescolanciano-Montagano
14.60342338	41.64009287	-13.4237459	Pescolanciano-Montagano
14.60201026	41.66756366	-22.8142484	Pescolanciano-Montagano
14.57621594	41.64068169	-13.6252723	Pescolanciano-Montagano
14.34444794	41.63954736	-13.9211224	Pescolanciano-Montagano
14.56911865	41.63300568	-10.999741	Pescolanciano-Montagano
14.51080916	41.65180575	-17.7674017	Pescolanciano-Montagano
14.42611564	41.65903634	-20.4002298	Pescolanciano-Montagano
14.38695949	41.67152286	-24.8516478	Pescolanciano-Montagano
14.73998861	41.65310722	-17.5308637	Pescolanciano-Montagano
14.31795661	41.63709785	-13.0836575	Pescolanciano-Montagano
14.55920109	41.64689781	-15.8014334	Pescolanciano-Montagano
14.29465331	41.66222976	-21.6745047	Pescolanciano-Montagano
14.39662651	41.63101506	-11.0000233	Pescolanciano-Montagano
14.68764718	41.63399977	-11.0000301	Pescolanciano-Montagano
14.72302554	41.6518971	-17.1168117	Pescolanciano-Montagano
14.61876413	41.66406218	-21.6174237	Pescolanciano-Montagano
14.46772931	41.67144274	-24.4823861	Pescolanciano-Montagano
14.43190079	41.66875508	-23.6876854	Pescolanciano-Montagano
14.43075579	41.64158298	-14.4078541	Pescolanciano-Montagano
14.48255722	41.64032695	-13.8455067	Pescolanciano-Montagano
14.28260805	41.65404207	-18.8757988	Pescolanciano-Montagano
14.68332654	41.67523604	-25.095304	Pescolanciano-Montagano
14.72800965	41.67523512	-25.09539	Pescolanciano-Montagano
14.66170616	41.64248731	-14.0253697	Pescolanciano-Montagano
14.35366178	41.66318283	-22.0002762	Pescolanciano-Montagano
14.52366304	41.65140842	-17.5543566	Pescolanciano-Montagano
14.63842839	41.64449521	-14.8501615	Pescolanciano-Montagano
14.4397458	41.63176635	-11.0000003	Pescolanciano-Montagano
14.69668582	41.6526325	-17.3682543	Pescolanciano-Montagano
14.57316206	41.64646859	-15.602994	Pescolanciano-Montagano
14.44931643	41.65568964	-19.1183985	Pescolanciano-Montagano
14.57138045	41.65972087	-20.1333678	Pescolanciano-Montagano
14.49084276	41.63200126	-11.0000003	Pescolanciano-Montagano
14.6409054	41.65231992	-17.5095748	Pescolanciano-Montagano
14.45798869	41.66600082	-22.6220887	Pescolanciano-Montagano
14.54341956	41.66749347	-22.9342796	Pescolanciano-Montagano
14.37971587	41.63239737	-11.4771873	Pescolanciano-Montagano
14.74004984	41.64711941	-15.4840958	Pescolanciano-Montagano
14.41705145	41.65240962	-18.1893827	Pescolanciano-Montagano
14.68553305	41.63918072	-12.7707547	Pescolanciano-Montagano
14.39035882	41.67223523	-25.0953958	Pescolanciano-Montagano
14.38232002	41.67223583	-25.09539	Pescolanciano-Montagano
14.39801248	41.65517931	-19.249444	Pescolanciano-Montagano
14.73993976	41.65788348	-19.1635797	Pescolanciano-Montagano
14.56051747	41.6705904	-23.8914158	Pescolanciano-Montagano
14.43474816	41.6602143	-20.7515135	Pescolanciano-Montagano
14.61286953	41.63472803	-11.590241	Pescolanciano-Montagano
14.49714882	41.6611708	-20.9706536	Pescolanciano-Montagano
14.55002777	41.66381864	-21.6388963	Pescolanciano-Montagano
14.36992027	41.67075891	-24.590304	Pescolanciano-Montagano
14.68349945	41.65250032	-17.3222382	Pescolanciano-Montagano
14.73976222	41.67523423	-25.09539	Pescolanciano-Montagano
14.58090228	41.65527066	-18.611877	Pescolanciano-Montagano
14.29264743	41.63587153	-12.6646507	Pescolanciano-Montagano
14.326757	41.66857242	-23.8429549	Pescolanciano-Montagano
14.67830055	41.65177125	-17.0995477	Pescolanciano-Montagano
14.56289488	41.67415691	-25.0952542	Pescolanciano-Montagano
14.31791448	41.66006165	-20.9332117	Pescolanciano-Montagano
14.71274265	41.6453741	-14.8870604	Pescolanciano-Montagano
14.55525663	41.66842026	-23.1807669	Pescolanciano-Montagano
14.62394686	41.66583274	-22.2235277	Pescolanciano-Montagano
14.60598852	41.66388081	-21.5552081	Pescolanciano-Montagano
14.71200953	41.64180171	-13.6660106	Pescolanciano-Montagano
14.40845744	41.63288953	-11.5700526	Pescolanciano-Montagano
14.54106492	41.66967057	-23.6924574	Pescolanciano-Montagano
14.67093484	41.64414286	-14.5363277	Pescolanciano-Montagano
14.39608013	41.65365414	-18.7408678	Pescolanciano-Montagano
14.63304754	41.63583218	-11.9218743	Pescolanciano-Montagano
14.61383713	41.64476406	-15.0204888	Pescolanciano-Montagano
14.50925415	41.65564036	-19.0814913	Pescolanciano-Montagano
14.6836998	41.64939888	-16.2621519	Pescolanciano-Montagano
14.44969292	41.64347437	-14.9415379	Pescolanciano-Montagano
14.57124404	41.64207113	-14.1002511	Pescolanciano-Montagano
14.57126472	41.66703228	-22.6331224	Pescolanciano-Montagano
14.44743675	41.67138732	-24.4952332	Pescolanciano-Montagano
14.62920896	41.64393744	-14.7147222	Pescolanciano-Montagano
14.48808193	41.65037853	-17.2812579	Pescolanciano-Montagano
14.31565243	41.65067148	-17.723207	Pescolanciano-Montagano
14.3160606	41.63429802	-12.1267132	Pescolanciano-Montagano
14.3071557	41.66058493	-21.1120653	Pescolanciano-Montagano
14.51432532	41.66970998	-23.8657454	Pescolanciano-Montagano
14.5348584	41.66785071	-23.1073519	Pescolanciano-Montagano
14.43989599	41.65615011	-19.3318796	Pescolanciano-Montagano
14.59246655	41.67340481	-24.8112791	Pescolanciano-Montagano
14.50952849	41.63199858	-11.0000716	Pescolanciano-Montagano
14.68214181	41.65114306	-16.8611989	Pescolanciano-Montagano
14.34396305	41.63285641	-11.6342923	Pescolanciano-Montagano
14.46940888	41.66574011	-22.5327078	Pescolanciano-Montagano
14.55064673	41.66111284	-20.7104014	Pescolanciano-Montagano
14.5686312	41.6688688	-23.2599417	Pescolanciano-Montagano
14.61338284	41.64229728	-14.1773353	Pescolanciano-Montagano
14.39143774	41.66215148	-21.6478885	Pescolanciano-Montagano
14.3841459	41.63888136	-13.6933573	Pescolanciano-Montagano
14.68051376	41.67520239	-25.0953851	Pescolanciano-Montagano
14.29655504	41.65549908	-19.3735422	Pescolanciano-Montagano
14.38934727	41.63750258	-13.2222254	Pescolanciano-Montagano
14.52797758	41.64878897	-16.6333833	Pescolanciano-Montagano
14.62482775	41.65418556	-18.2417324	Pescolanciano-Montagano
14.68755761	41.64845473	-15.9403575	Pescolanciano-Montagano
14.62890016	41.6630211	-21.2394188	Pescolanciano-Montagano
14.56793836	41.65458153	-18.3765795	Pescolanciano-Montagano
14.45292583	41.67204929	-24.690075	Pescolanciano-Montagano
14.71931419	41.67071555	-23.5500355	Pescolanciano-Montagano
14.41573516	41.66527279	-22.5936409	Pescolanciano-Montagano
14.44142912	41.66459282	-22.2084036	Pescolanciano-Montagano
14.45309172	41.6511858	-17.5579268	Pescolanciano-Montagano
14.73368416	41.66084652	-20.1763187	Pescolanciano-Montagano
14.63766738	41.64866637	-16.2802655	Pescolanciano-Montagano
14.67265764	41.66851651	-22.8566585	Pescolanciano-Montagano
14.5814849	41.65090295	-17.1188297	Pescolanciano-Montagano
14.52122456	41.64416946	-15.0950028	Pescolanciano-Montagano
14.5825382	41.66303448	-21.2659605	Pescolanciano-Montagano
14.38535577	41.66950501	-24.1617474	Pescolanciano-Montagano
14.58394619	41.67191278	-24.3012381	Pescolanciano-Montagano
14.49203399	41.65446761	-18.6790472	Pescolanciano-Montagano
14.30981677	41.65230106	-18.2802319	Pescolanciano-Montagano
14.49824311	41.66390035	-21.9037288	Pescolanciano-Montagano
14.51015358	41.64736154	-16.2505473	Pescolanciano-Montagano
14.41862199	41.65509953	-19.0993432	Pescolanciano-Montagano
14.28638488	41.63848622	-13.5584603	Pescolanciano-Montagano
14.44889386	41.64133429	-14.2151341	Pescolanciano-Montagano
14.56852639	41.67368834	-24.9072889	Pescolanciano-Montagano
14.48189907	41.64360458	-14.9657967	Pescolanciano-Montagano
14.49344787	41.66796209	-23.2923553	Pescolanciano-Montagano
14.59802159	41.66291622	-21.2253973	Pescolanciano-Montagano
14.6463797	41.64310324	-14.3270992	Pescolanciano-Montagano
14.59979307	41.63300138	-11.0000003	Pescolanciano-Montagano
14.45655909	41.65669601	-19.4410732	Pescolanciano-Montagano
14.56705836	41.66434402	-21.7167728	Pescolanciano-Montagano
14.40626833	41.63118291	-10.9999989	Pescolanciano-Montagano
14.61687135	41.63300076	-10.9999979	Pescolanciano-Montagano
14.37914337	41.67113013	-24.7173104	Pescolanciano-Montagano
14.70774978	41.66232586	-20.6817706	Pescolanciano-Montagano
14.47425843	41.64581027	-15.719753	Pescolanciano-Montagano
14.61530327	41.65801792	-19.5510125	Pescolanciano-Montagano
14.71008363	41.67179358	-23.9185706	Pescolanciano-Montagano
14.5650374	41.6608922	-20.5496265	Pescolanciano-Montagano
14.65769327	41.65993615	-20.0126065	Pescolanciano-Montagano
14.54641973	41.67386793	-25.09539	Pescolanciano-Montagano
14.73987506	41.66420567	-21.3248726	Pescolanciano-Montagano
14.45243588	41.64933723	-16.9287077	Pescolanciano-Montagano
14.63025498	41.63398321	-11.3068656	Pescolanciano-Montagano
14.29269726	41.67120603	-24.7433714	Pescolanciano-Montagano
14.53415577	41.6561132	-19.0997099	Pescolanciano-Montagano
14.30920939	41.63829383	-13.4923875	Pescolanciano-Montagano
14.54861833	41.64439356	-15.0083765	Pescolanciano-Montagano
14.35614766	41.66559607	-22.8252601	Pescolanciano-Montagano
14.39077147	41.65778768	-20.1561329	Pescolanciano-Montagano
14.43240648	41.64509835	-15.5993548	Pescolanciano-Montagano
14.44911008	41.66276713	-21.538461	Pescolanciano-Montagano
14.47667043	41.67160623	-24.538181	Pescolanciano-Montagano
14.49114139	41.64187308	-14.3739888	Pescolanciano-Montagano
14.48119861	41.6320014	-11.0000003	Pescolanciano-Montagano
14.51134428	41.6341845	-11.7431146	Pescolanciano-Montagano
14.55294129	41.63858452	-12.9975799	Pescolanciano-Montagano
14.37063726	41.65151989	-18.0131903	Pescolanciano-Montagano
14.42750468	41.66376765	-22.0090863	Pescolanciano-Montagano
14.39825084	41.66099088	-21.2345806	Pescolanciano-Montagano
14.52060973	41.63796456	-12.9781029	Pescolanciano-Montagano
14.55974049	41.66211678	-20.9996602	Pescolanciano-Montagano
14.40432594	41.66605464	-22.9289544	Pescolanciano-Montagano
14.33494676	41.63747903	-13.214345	Pescolanciano-Montagano
14.68745444	41.66578018	-21.8629901	Pescolanciano-Montagano
14.29479262	41.66489415	-22.5853817	Pescolanciano-Montagano
14.36577825	41.63397751	-12.0171439	Pescolanciano-Montagano
14.67622285	41.65880548	-19.5161505	Pescolanciano-Montagano
14.3929081	41.6393169	-13.8425882	Pescolanciano-Montagano
14.6405753	41.64685258	-15.643036	Pescolanciano-Montagano
14.39055119	41.66817838	-23.7082264	Pescolanciano-Montagano
14.48828228	41.67323595	-25.09539	Pescolanciano-Montagano
14.72653474	41.67169228	-23.8840667	Pescolanciano-Montagano
14.30534067	41.67045093	-24.4850477	Pescolanciano-Montagano
14.42594013	41.63691025	-12.8397415	Pescolanciano-Montagano
14.62506639	41.64919499	-16.5355117	Pescolanciano-Montagano
14.565509	41.65026434	-16.9141477	Pescolanciano-Montagano
14.564343	41.66902169	-23.3319344	Pescolanciano-Montagano
14.5748077	41.64381962	-14.6978433	Pescolanciano-Montagano
14.63494069	41.64246102	-14.1758619	Pescolanciano-Montagano
14.31144516	41.67223612	-25.09539	Pescolanciano-Montagano
14.69566939	41.6354018	-11.4787454	Pescolanciano-Montagano
14.60517346	41.66129585	-20.6714925	Pescolanciano-Montagano
14.28686097	41.65601497	-19.5501016	Pescolanciano-Montagano
14.46937327	41.66838939	-23.4384466	Pescolanciano-Montagano
14.72937747	41.65869071	-19.4392473	Pescolanciano-Montagano
14.66017546	41.64471418	-14.7954774	Pescolanciano-Montagano
14.66685747	41.67438984	-24.8986409	Pescolanciano-Montagano
14.3441412	41.66684875	-23.2538182	Pescolanciano-Montagano
14.45261495	41.63647853	-12.5326146	Pescolanciano-Montagano
14.56730656	41.67202961	-24.3427738	Pescolanciano-Montagano
14.67559295	41.6355315	-11.5660252	Pescolanciano-Montagano
14.38068036	41.66130276	-21.3575416	Pescolanciano-Montagano
14.28610656	41.65834068	-20.3451698	Pescolanciano-Montagano
14.65933935	41.6360194	-11.8292054	Pescolanciano-Montagano
14.68339102	41.65642638	-18.6642227	Pescolanciano-Montagano
14.65345405	41.6687618	-23.0544945	Pescolanciano-Montagano
14.65667495	41.65535511	-18.4529371	Pescolanciano-Montagano
14.5672264	41.65241773	-17.6393174	Pescolanciano-Montagano
14.44490386	41.64751073	-16.349649	Pescolanciano-Montagano
14.74012109	41.64015181	-13.1025618	Pescolanciano-Montagano
14.59131623	41.67105141	-24.0066673	Pescolanciano-Montagano
14.70818819	41.6676643	-22.5068294	Pescolanciano-Montagano
14.34007912	41.66162707	-21.4687694	Pescolanciano-Montagano
14.45873224	41.64156704	-14.2696505	Pescolanciano-Montagano
14.47598805	41.66062248	-20.7830814	Pescolanciano-Montagano
14.46109495	41.64677891	-16.0510264	Pescolanciano-Montagano
14.68628478	41.64569681	-14.9977313	Pescolanciano-Montagano
14.72391495	41.66144302	-20.3800408	Pescolanciano-Montagano
14.62294903	41.67132681	-24.1013924	Pescolanciano-Montagano
14.67103713	41.67503792	-25.0953914	Pescolanciano-Montagano
14.5099323	41.67076548	-24.2514407	Pescolanciano-Montagano
14.52184829	41.63219716	-10.9999808	Pescolanciano-Montagano
14.37373931	41.63485784	-12.3180472	Pescolanciano-Montagano
14.49364863	41.6518989	-17.8010257	Pescolanciano-Montagano
14.64204738	41.67367007	-24.8002679	Pescolanciano-Montagano
14.41664632	41.63136416	-11.0000003	Pescolanciano-Montagano
14.56443785	41.63390403	-11.329575	Pescolanciano-Montagano
14.71591023	41.65175769	-17.0690928	Pescolanciano-Montagano
14.62564821	41.63880375	-12.9823929	Pescolanciano-Montagano
14.31313025	41.64298207	-15.0948206	Pescolanciano-Montagano
14.5508137	41.64090426	-13.8029271	Pescolanciano-Montagano
14.68268133	41.64759216	-15.6455948	Pescolanciano-Montagano
14.62698391	41.6330263	-11.0000697	Pescolanciano-Montagano
14.59446794	41.65106708	-17.1748084	Pescolanciano-Montagano
14.55713379	41.63281136	-11.0000062	Pescolanciano-Montagano
14.52303995	41.6631459	-21.5697071	Pescolanciano-Montagano
14.48632913	41.67020784	-24.0600755	Pescolanciano-Montagano
14.46395814	41.65269107	-18.0719214	Pescolanciano-Montagano
14.31484371	41.63960401	-13.9402103	Pescolanciano-Montagano
14.53168825	41.65809947	-19.7932841	Pescolanciano-Montagano
14.56675599	41.66742413	-22.7709168	Pescolanciano-Montagano
14.4028149	41.63394141	-11.9631805	Pescolanciano-Montagano
14.59601773	41.66645675	-22.4358021	Pescolanciano-Montagano
14.56868278	41.66576835	-22.1998367	Pescolanciano-Montagano
14.51344661	41.63915523	-13.4285853	Pescolanciano-Montagano
14.48089761	41.63800613	-13.0522738	Pescolanciano-Montagano
14.46233177	41.63351894	-11.5188465	Pescolanciano-Montagano
14.68196824	41.63909426	-12.7441112	Pescolanciano-Montagano
14.51592591	41.64628134	-15.8486204	Pescolanciano-Montagano
14.32174926	41.67057177	-24.5264349	Pescolanciano-Montagano
14.45750565	41.637714	-12.9528016	Pescolanciano-Montagano
14.4705844	41.64851418	-16.6440284	Pescolanciano-Montagano
14.48435625	41.65321349	-18.2503159	Pescolanciano-Montagano
14.55411624	41.65731963	-19.3933678	Pescolanciano-Montagano
14.38278499	41.66647143	-23.1246043	Pescolanciano-Montagano
14.59026852	41.63992856	-13.3675848	Pescolanciano-Montagano
14.36293112	41.67053343	-24.51322	Pescolanciano-Montagano
14.65377699	41.64339332	-14.3821593	Pescolanciano-Montagano
14.54023734	41.65143118	-17.4633233	Pescolanciano-Montagano
14.59100049	41.66217853	-20.9732222	Pescolanciano-Montagano
14.53105445	41.65059446	-17.2320708	Pescolanciano-Montagano
14.45180888	41.6450381	-15.4635238	Pescolanciano-Montagano
14.62640002	41.67425929	-25.0954173	Pescolanciano-Montagano
14.45321686	41.65892414	-20.2031363	Pescolanciano-Montagano
14.57911781	41.65293502	-17.8135061	Pescolanciano-Montagano
14.49675963	41.64576598	-15.7047027	Pescolanciano-Montagano
14.45948373	41.63962826	-13.6069032	Pescolanciano-Montagano
14.32606022	41.65522512	-19.2799394	Pescolanciano-Montagano
14.73991477	41.66032307	-19.997557	Pescolanciano-Montagano
14.62472227	41.64391803	-14.7325679	Pescolanciano-Montagano
14.3960899	41.65015266	-17.5442417	Pescolanciano-Montagano
14.33284176	41.66615082	-23.0152215	Pescolanciano-Montagano
14.32946534	41.67223547	-25.0953895	Pescolanciano-Montagano
14.62516593	41.66458301	-21.7948497	Pescolanciano-Montagano
14.70230707	41.64111854	-13.432556	Pescolanciano-Montagano
14.4519099	41.66741499	-23.1101405	Pescolanciano-Montagano
14.44888507	41.66023398	-20.6740208	Pescolanciano-Montagano
14.54547912	41.6491509	-16.6528385	Pescolanciano-Montagano
14.52323633	41.63378513	-11.5344476	Pescolanciano-Montagano
14.43409178	41.63240285	-11.2510736	Pescolanciano-Montagano
14.3538844	41.64012035	-14.1167691	Pescolanciano-Montagano
14.40310759	41.64864959	-16.9876027	Pescolanciano-Montagano
14.54830944	41.65093581	-17.2460194	Pescolanciano-Montagano
14.39141125	41.64698644	-16.4637874	Pescolanciano-Montagano
14.46983047	41.65349137	-18.3453863	Pescolanciano-Montagano
14.34855358	41.64992361	-17.467728	Pescolanciano-Montagano
14.57179795	41.65461086	-18.3864917	Pescolanciano-Montagano
14.45282248	41.64710047	-16.1623056	Pescolanciano-Montagano
14.64306175	41.66039747	-20.2574405	Pescolanciano-Montagano
14.69833279	41.67523529	-25.09539	Pescolanciano-Montagano
14.7179798	41.6538339	-17.7788177	Pescolanciano-Montagano
14.64881819	41.64831862	-16.0948963	Pescolanciano-Montagano
14.56864665	41.66302674	-21.2631475	Pescolanciano-Montagano
14.33444662	41.65382207	-18.800554	Pescolanciano-Montagano
14.65791411	41.64949208	-16.4417746	Pescolanciano-Montagano
14.45270419	41.65699698	-19.5451931	Pescolanciano-Montagano
14.40968943	41.64621982	-16.1179289	Pescolanciano-Montagano
14.39521093	41.63182258	-11.2819984	Pescolanciano-Montagano
14.51740636	41.65779686	-19.7751138	Pescolanciano-Montagano
14.730105	41.64331644	-14.1839429	Pescolanciano-Montagano
14.69686335	41.66564302	-21.8159171	Pescolanciano-Montagano
14.3421632	41.64147047	-14.5785472	Pescolanciano-Montagano
14.68839908	41.64398035	-14.410974	Pescolanciano-Montagano
14.70064932	41.65872649	-19.4513605	Pescolanciano-Montagano
14.3955402	41.64313167	-15.1463924	Pescolanciano-Montagano
14.60473072	41.63428903	-11.4401136	Pescolanciano-Montagano
14.73739571	41.65817364	-19.2626878	Pescolanciano-Montagano
14.48520993	41.65911391	-20.2673514	Pescolanciano-Montagano
14.40524033	41.66864578	-23.8091834	Pescolanciano-Montagano
14.45405826	41.6557318	-19.1106007	Pescolanciano-Montagano
14.69535191	41.66206024	-20.5911046	Pescolanciano-Montagano
14.30730729	41.65423927	-18.9427886	Pescolanciano-Montagano
14.33185077	41.6713296	-24.7857718	Pescolanciano-Montagano
14.30614745	41.66370593	-22.1790384	Pescolanciano-Montagano
14.39523723	41.66775138	-23.5625164	Pescolanciano-Montagano
14.66519767	41.66438117	-21.4872999	Pescolanciano-Montagano
14.38348723	41.6567553	-19.8030108	Pescolanciano-Montagano
14.44157132	41.66756369	-23.2231795	Pescolanciano-Montagano
14.39488739	41.66082565	-21.1957806	Pescolanciano-Montagano
14.50130262	41.6347365	-11.9349115	Pescolanciano-Montagano
14.35096354	41.6580202	-20.2354163	Pescolanciano-Montagano
14.51436593	41.65554265	-19.0234279	Pescolanciano-Montagano
14.59928297	41.6556265	-18.7333767	Pescolanciano-Montagano
14.64054413	41.66248687	-20.9866207	Pescolanciano-Montagano
14.63057404	41.65310257	-17.8392586	Pescolanciano-Montagano
14.32838238	41.6368842	-13.0107952	Pescolanciano-Montagano
14.5226538	41.64001604	-13.6671097	Pescolanciano-Montagano
14.31475944	41.66795229	-23.6307904	Pescolanciano-Montagano
14.39653361	41.63446834	-12.1817415	Pescolanciano-Montagano
14.33051566	41.64195026	-14.7424425	Pescolanciano-Montagano
14.38975645	41.65319334	-18.5858549	Pescolanciano-Montagano
14.32693901	41.66463312	-22.4961839	Pescolanciano-Montagano
14.740184	41.634	-11.0000003	Pescolanciano-Montagano
14.50511415	41.64370154	-14.999297	Pescolanciano-Montagano
14.50453117	41.64074534	-13.9890616	Pescolanciano-Montagano
14.41912553	41.63297474	-11.5355511	Pescolanciano-Montagano
14.33917881	41.67223481	-25.0954012	Pescolanciano-Montagano
14.34480685	41.66884266	-23.9354583	Pescolanciano-Montagano
14.73635608	41.66320744	-20.9835001	Pescolanciano-Montagano
14.51424242	41.65309603	-18.1878772	Pescolanciano-Montagano
14.69922857	41.64528418	-14.8564105	Pescolanciano-Montagano
14.45961061	41.67323517	-25.0953905	Pescolanciano-Montagano
14.55982935	41.65195272	-17.525277	Pescolanciano-Montagano
14.38579289	41.64888531	-17.1127689	Pescolanciano-Montagano
14.70633363	41.67386804	-24.6278367	Pescolanciano-Montagano
14.48964516	41.66342483	-21.741128	Pescolanciano-Montagano
14.39435912	41.65207583	-18.2049526	Pescolanciano-Montagano
14.68790915	41.66077256	-20.1509808	Pescolanciano-Montagano
14.39642355	41.6366151	-12.9162752	Pescolanciano-Montagano
14.39657584	41.6415674	-14.6077332	Pescolanciano-Montagano
14.45319762	41.63811703	-13.0906907	Pescolanciano-Montagano
14.50985302	41.6732347	-25.09539	Pescolanciano-Montagano
14.56800809	41.64839639	-16.2622651	Pescolanciano-Montagano
14.29754507	41.64917489	-17.2116986	Pescolanciano-Montagano
14.57945803	41.63413828	-11.3887244	Pescolanciano-Montagano
14.59771198	41.63571005	-11.9257435	Pescolanciano-Montagano
14.37760736	41.65911678	-20.6101915	Pescolanciano-Montagano
14.35148739	41.63100098	-11.0000003	Pescolanciano-Montagano
14.5157856	41.66561305	-22.456994	Pescolanciano-Montagano
14.62670369	41.65564328	-18.7304645	Pescolanciano-Montagano
14.54596785	41.67255942	-24.6507782	Pescolanciano-Montagano
14.36564081	41.66811991	-23.6880526	Pescolanciano-Montagano
14.45353867	41.63200003	-11.0000003	Pescolanciano-Montagano
14.53932219	41.64433918	-15.0450831	Pescolanciano-Montagano
14.48970899	41.63444791	-11.8361795	Pescolanciano-Montagano
14.5390676	41.63366174	-11.3979007	Pescolanciano-Montagano
14.41797022	41.65052456	-17.5396733	Pescolanciano-Montagano
14.3343399	41.63978218	-14.0015213	Pescolanciano-Montagano
14.45339856	41.64371931	-15.0054337	Pescolanciano-Montagano
14.30716878	41.64530009	-15.8871358	Pescolanciano-Montagano
14.73985468	41.66619846	-22.0061497	Pescolanciano-Montagano
14.70185273	41.63893195	-12.6852064	Pescolanciano-Montagano
14.51460947	41.66307916	-21.5972318	Pescolanciano-Montagano
14.47953186	41.64768106	-16.3591844	Pescolanciano-Montagano
14.45847057	41.65438316	-18.650413	Pescolanciano-Montagano
14.7401543	41.63690411	-11.9925501	Pescolanciano-Montagano
14.39526947	41.665123	-22.6639354	Pescolanciano-Montagano
14.62424365	41.65707548	-19.2297905	Pescolanciano-Montagano
14.67005508	41.66190047	-20.6105604	Pescolanciano-Montagano
14.47430909	41.6362184	-12.4412904	Pescolanciano-Montagano
14.45434845	41.64547403	-15.6043961	Pescolanciano-Montagano
14.45314569	41.66485202	-22.2292401	Pescolanciano-Montagano
14.55918984	41.65454863	-18.4160299	Pescolanciano-Montagano
14.67961215	41.63740909	-12.1837977	Pescolanciano-Montagano
14.56879756	41.63772812	-12.6149862	Pescolanciano-Montagano
14.32385426	41.6496167	-17.3627466	Pescolanciano-Montagano
14.5749119	41.63639983	-12.1617679	Pescolanciano-Montagano
14.29495916	41.63870586	-13.6333421	Pescolanciano-Montagano
14.32100885	41.64393872	-15.4218778	Pescolanciano-Montagano
14.72395959	41.63482007	-11.279889	Pescolanciano-Montagano
14.40934928	41.6595805	-20.6861793	Pescolanciano-Montagano
14.57674451	41.6711948	-24.0558475	Pescolanciano-Montagano
14.5680096	41.63636757	-12.150972	Pescolanciano-Montagano
14.42481359	41.66543048	-22.5934574	Pescolanciano-Montagano
14.51382863	41.63654116	-12.5329295	Pescolanciano-Montagano
14.42336629	41.63946602	-13.7284119	Pescolanciano-Montagano
14.68866269	41.64131221	-13.4989945	Pescolanciano-Montagano
14.71868718	41.66293997	-20.8917332	Pescolanciano-Montagano
14.68216132	41.65402954	-17.8478966	Pescolanciano-Montagano
14.59647703	41.63383269	-11.2841097	Pescolanciano-Montagano
14.37469978	41.66551779	-22.7984647	Pescolanciano-Montagano
14.73334173	41.67360236	-24.537263	Pescolanciano-Montagano
14.39862965	41.66695738	-23.2718245	Pescolanciano-Montagano
14.64326611	41.67169403	-24.1175228	Pescolanciano-Montagano
14.47519672	41.64257355	-14.6134119	Pescolanciano-Montagano
14.6741056	41.66403478	-21.316066	Pescolanciano-Montagano
14.62603351	41.64033307	-13.5019647	Pescolanciano-Montagano
14.53487483	41.6460651	-15.6613892	Pescolanciano-Montagano
14.29957287	41.63215043	-11.3927616	Pescolanciano-Montagano
14.68885006	41.65292479	-17.4680709	Pescolanciano-Montagano
14.45237254	41.6700168	-23.9969437	Pescolanciano-Montagano
14.40482141	41.66115106	-21.2499918	Pescolanciano-Montagano
14.57193581	41.66468215	-21.8291903	Pescolanciano-Montagano
14.67791677	41.65638207	-18.6775544	Pescolanciano-Montagano
14.55654971	41.67289892	-24.7041077	Pescolanciano-Montagano
14.28390256	41.6342975	-12.1268968	Pescolanciano-Montagano
14.32852226	41.6344398	-12.1753494	Pescolanciano-Montagano
14.72220011	41.63763945	-12.2434637	Pescolanciano-Montagano
14.56516501	41.67332603	-24.7987811	Pescolanciano-Montagano
14.35883021	41.65833192	-20.341866	Pescolanciano-Montagano
14.73996787	41.65513458	-18.223887	Pescolanciano-Montagano
14.46806547	41.63888968	-13.3543704	Pescolanciano-Montagano
14.67746026	41.64337551	-14.2353241	Pescolanciano-Montagano
14.44157229	41.63302702	-11.4199246	Pescolanciano-Montagano
14.72778671	41.66375724	-21.171255	Pescolanciano-Montagano
14.68836598	41.66310762	-20.9493675	Pescolanciano-Montagano
14.29296096	41.64659365	-16.329452	Pescolanciano-Montagano
14.56774479	41.63908017	-13.0789515	Pescolanciano-Montagano
14.42155181	41.6430801	-14.9742391	Pescolanciano-Montagano
14.34788744	41.67223559	-25.09539	Pescolanciano-Montagano
14.47687848	41.66888134	-23.6065638	Pescolanciano-Montagano
14.40016847	41.65857935	-20.398752	Pescolanciano-Montagano
14.43307872	41.66568384	-22.6308978	Pescolanciano-Montagano
14.5845358	41.66935484	-23.4267015	Pescolanciano-Montagano
14.62331918	41.67423088	-25.0955535	Pescolanciano-Montagano
14.51040663	41.65729961	-19.6468424	Pescolanciano-Montagano
14.62187732	41.65904862	-19.9035878	Pescolanciano-Montagano
14.42922281	41.67192579	-24.7874202	Pescolanciano-Montagano
14.29487064	41.6436164	-15.3117574	Pescolanciano-Montagano
14.29911141	41.63450142	-12.1962723	Pescolanciano-Montagano
14.45617696	41.67046502	-24.1483524	Pescolanciano-Montagano
14.50944439	41.64503093	-15.4548585	Pescolanciano-Montagano
14.51096481	41.66398528	-21.9300125	Pescolanciano-Montagano
14.65775919	41.64051739	-13.3756605	Pescolanciano-Montagano
14.64338031	41.65610017	-18.7867848	Pescolanciano-Montagano
14.54485947	41.65925522	-20.1098795	Pescolanciano-Montagano
14.69572585	41.66831454	-22.7292718	Pescolanciano-Montagano
14.4893896	41.6447192	-15.3468123	Pescolanciano-Montagano
14.28413374	41.64325697	-15.1891571	Pescolanciano-Montagano
14.48307903	41.64578245	-15.7102093	Pescolanciano-Montagano
14.6237811	41.66950884	-23.4803714	Pescolanciano-Montagano
14.50166127	41.6718126	-24.608931	Pescolanciano-Montagano
14.67552685	41.63387404	-11.0000018	Pescolanciano-Montagano
14.50353397	41.66003798	-20.5835887	Pescolanciano-Montagano
14.41005361	41.65298666	-18.4283442	Pescolanciano-Montagano
14.55361801	41.65935376	-20.0915261	Pescolanciano-Montagano
14.4495109	41.65796498	-19.8947291	Pescolanciano-Montagano
14.38975031	41.65097893	-17.8289689	Pescolanciano-Montagano
14.35973993	41.64268617	-14.9936937	Pescolanciano-Montagano
14.61888115	41.66961831	-23.5170028	Pescolanciano-Montagano
14.40191705	41.64196498	-14.7103138	Pescolanciano-Montagano
14.62585388	41.67134019	-24.1015155	Pescolanciano-Montagano
14.68243384	41.67100852	-23.6506043	Pescolanciano-Montagano
14.38162517	41.63100104	-11.0000003	Pescolanciano-Montagano
14.49772746	41.66968834	-23.882598	Pescolanciano-Montagano
14.59620554	41.64623148	-15.5219036	Pescolanciano-Montagano
14.36815174	41.63195514	-11.3259554	Pescolanciano-Montagano
14.52849933	41.66129043	-20.902929	Pescolanciano-Montagano
14.34968366	41.63746313	-13.2086458	Pescolanciano-Montagano
14.48656223	41.65572615	-19.1092537	Pescolanciano-Montagano
14.40039917	41.66399894	-22.2498919	Pescolanciano-Montagano
14.33582524	41.63454707	-12.2122474	Pescolanciano-Montagano
14.66755655	41.65006678	-16.5808953	Pescolanciano-Montagano
14.28752478	41.65050265	-17.665761	Pescolanciano-Montagano
14.44956297	41.67318185	-25.0952996	Pescolanciano-Montagano
14.58028297	41.64234025	-14.1920184	Pescolanciano-Montagano
14.37025323	41.66184635	-21.5432777	Pescolanciano-Montagano
14.54012137	41.63887494	-13.1730394	Pescolanciano-Montagano
14.30354041	41.67223606	-25.09539	Pescolanciano-Montagano
14.57094857	41.67054973	-23.8347962	Pescolanciano-Montagano
14.59354434	41.66872593	-23.211599	Pescolanciano-Montagano
14.49383658	41.65944118	-20.379307	Pescolanciano-Montagano
14.58927821	41.63300131	-11.0000003	Pescolanciano-Montagano
14.4905126	41.65729055	-19.6440711	Pescolanciano-Montagano
14.56377635	41.64393894	-14.7623597	Pescolanciano-Montagano
14.56450688	41.64559898	-15.325451	Pescolanciano-Montagano
14.49798046	41.66595414	-22.6059373	Pescolanciano-Montagano
14.57538947	41.6486791	-16.3588195	Pescolanciano-Montagano
14.5313301	41.66522474	-22.2307952	Pescolanciano-Montagano
14.72578925	41.64533242	-14.8729285	Pescolanciano-Montagano
14.58850136	41.65313839	-17.8828815	Pescolanciano-Montagano
14.41562201	41.64398315	-15.318181	Pescolanciano-Montagano
14.31456484	41.6456974	-16.0229508	Pescolanciano-Montagano
14.54603656	41.64211124	-14.2437747	Pescolanciano-Montagano
14.62377579	41.6631047	-21.2912142	Pescolanciano-Montagano
14.34143991	41.65067894	-17.7261514	Pescolanciano-Montagano
14.44197369	41.65917024	-20.3517774	Pescolanciano-Montagano
14.67111306	41.63723064	-12.1731453	Pescolanciano-Montagano
14.61005536	41.65137925	-17.2816257	Pescolanciano-Montagano
14.44867324	41.6391411	-13.4666453	Pescolanciano-Montagano
14.45442659	41.6683317	-23.4181449	Pescolanciano-Montagano
14.48209164	41.63294493	-11.3224681	Pescolanciano-Montagano
14.42016923	41.6631534	-21.8428048	Pescolanciano-Montagano
14.35175154	41.63246598	-11.5006795	Pescolanciano-Montagano
14.37901211	41.63649149	-12.8764481	Pescolanciano-Montagano
14.39454062	41.66996466	-24.3202694	Pescolanciano-Montagano
14.44065572	41.67302522	-25.0953983	Pescolanciano-Montagano
14.67912167	41.67106093	-23.6880618	Pescolanciano-Montagano
14.69830465	41.6499609	-16.4549884	Pescolanciano-Montagano
14.45514847	41.63314041	-11.3890042	Pescolanciano-Montagano
14.6857146	41.67115901	-23.7020008	Pescolanciano-Montagano
14.39444319	41.65542943	-19.3512951	Pescolanciano-Montagano
14.53939945	41.6408775	-13.8616575	Pescolanciano-Montagano
14.53522645	41.67226316	-24.613429	Pescolanciano-Montagano
14.30791575	41.63243522	-11.4900345	Pescolanciano-Montagano
14.28586796	41.66059767	-21.1167454	Pescolanciano-Montagano
14.34016899	41.63100013	-11.0000072	Pescolanciano-Montagano
14.42261846	41.66727265	-23.2361927	Pescolanciano-Montagano
14.55472428	41.67401221	-25.09539	Pescolanciano-Montagano
14.47664874	41.65466631	-18.7469581	Pescolanciano-Montagano
14.64759193	41.64480644	-14.9019276	Pescolanciano-Montagano
14.51120183	41.63778224	-12.9736077	Pescolanciano-Montagano
14.43848628	41.6716991	-24.65491	Pescolanciano-Montagano
14.60797767	41.66592343	-22.253554	Pescolanciano-Montagano
14.63273057	41.65035549	-16.8870273	Pescolanciano-Montagano
14.48571567	41.66149761	-21.082241	Pescolanciano-Montagano
14.52690779	41.64608613	-15.7160826	Pescolanciano-Montagano
14.38798391	41.63197599	-11.3332913	Pescolanciano-Montagano
14.57841012	41.66827199	-23.0567108	Pescolanciano-Montagano
14.73699396	41.64957725	-16.3241295	Pescolanciano-Montagano
14.37867223	41.65444044	-19.0116143	Pescolanciano-Montagano
14.64508485	41.66648966	-22.3277005	Pescolanciano-Montagano
14.71924312	41.67272539	-24.2371849	Pescolanciano-Montagano
14.51012198	41.65007639	-17.1784868	Pescolanciano-Montagano
14.39615266	41.63959384	-13.9352015	Pescolanciano-Montagano
14.28362756	41.66580385	-22.8966551	Pescolanciano-Montagano
14.43664209	41.63533421	-12.2375672	Pescolanciano-Montagano
14.68282506	41.634	-11.0000003	Pescolanciano-Montagano
14.73529438	41.63528871	-11.4402972	Pescolanciano-Montagano
14.3458712	41.66312547	-21.9808221	Pescolanciano-Montagano
14.46406216	41.63690314	-12.6754798	Pescolanciano-Montagano
14.54107614	41.66520986	-22.1676595	Pescolanciano-Montagano
14.73979281	41.6722453	-24.073473	Pescolanciano-Montagano
14.67880346	41.66750995	-22.4759881	Pescolanciano-Montagano
14.64968132	41.63891579	-12.8764486	Pescolanciano-Montagano
14.65182022	41.63424382	-11.2672244	Pescolanciano-Montagano
14.58889985	41.64517574	-15.1610765	Pescolanciano-Montagano
14.51755193	41.66782788	-23.202785	Pescolanciano-Montagano
14.52402461	41.63656925	-12.4811175	Pescolanciano-Montagano
14.57178251	41.6343837	-11.4727821	Pescolanciano-Montagano
14.44518401	41.63690201	-12.7226517	Pescolanciano-Montagano
14.71785248	41.63400133	-11.0000003	Pescolanciano-Montagano
14.2925941	41.66930732	-24.0942122	Pescolanciano-Montagano
14.73551725	41.64458005	-14.6159813	Pescolanciano-Montagano
14.41215744	41.66959346	-24.091827	Pescolanciano-Montagano
14.40789885	41.67137667	-24.7266546	Pescolanciano-Montagano
14.39886424	41.63832354	-13.4843206	Pescolanciano-Montagano
14.68206687	41.67403706	-24.6871116	Pescolanciano-Montagano
14.50957426	41.63961034	-13.6018739	Pescolanciano-Montagano
14.29892751	41.64552542	-15.96422	Pescolanciano-Montagano
14.71576204	41.66120166	-20.297451	Pescolanciano-Montagano
14.58270511	41.6466037	-15.6492796	Pescolanciano-Montagano
14.46036916	41.66298664	-21.5915467	Pescolanciano-Montagano
14.3872249	41.64191451	-14.7301387	Pescolanciano-Montagano
14.60679441	41.66995564	-23.6320745	Pescolanciano-Montagano
14.59512683	41.65365393	-18.0590737	Pescolanciano-Montagano
14.31907256	41.63100125	-11.0000003	Pescolanciano-Montagano
14.62403775	41.6329994	-11.000035	Pescolanciano-Montagano
14.6142604	41.66186776	-20.8671395	Pescolanciano-Montagano
14.3375604	41.63205902	-11.3619368	Pescolanciano-Montagano
14.54019404	41.63251689	-11.0000003	Pescolanciano-Montagano
14.74001513	41.65051284	-16.6440289	Pescolanciano-Montagano
14.6505952	41.63645252	-12.0292567	Pescolanciano-Montagano
14.7293909	41.66918033	-23.0253128	Pescolanciano-Montagano
14.28444245	41.63656151	-12.9006746	Pescolanciano-Montagano
14.58963334	41.64246197	-14.2334969	Pescolanciano-Montagano
14.50496337	41.63867616	-13.2817049	Pescolanciano-Montagano
14.70717107	41.65238213	-17.2825426	Pescolanciano-Montagano
14.41634499	41.67260242	-25.0953905	Pescolanciano-Montagano
14.5519352	41.64719233	-15.9451324	Pescolanciano-Montagano
14.50934665	41.65342519	-18.3238103	Pescolanciano-Montagano
14.442904	41.65003568	-17.2243651	Pescolanciano-Montagano
14.37420583	41.63925173	-13.8198118	Pescolanciano-Montagano
14.64016218	41.66837755	-23.0023695	Pescolanciano-Montagano
14.49476501	41.63306225	-11.3626624	Pescolanciano-Montagano
14.56852624	41.64103548	-13.7455711	Pescolanciano-Montagano
14.49658711	41.63939869	-13.5283607	Pescolanciano-Montagano
14.34129748	41.63577306	-12.6312532	Pescolanciano-Montagano
14.35251189	41.66073686	-21.164097	Pescolanciano-Montagano
14.59890029	41.67051678	-23.8238675	Pescolanciano-Montagano
14.52802086	41.64393586	-14.974606	Pescolanciano-Montagano
14.31956128	41.64125023	-14.5029244	Pescolanciano-Montagano
14.73299358	41.64126288	-13.4821097	Pescolanciano-Montagano
14.56567842	41.63783978	-12.6673836	Pescolanciano-Montagano
14.58638378	41.64932083	-16.5779566	Pescolanciano-Montagano
14.32161592	41.65246781	-18.3373107	Pescolanciano-Montagano
14.39873989	41.6440127	-15.4292318	Pescolanciano-Montagano
14.36992996	41.65335182	-18.6394077	Pescolanciano-Montagano
14.54626574	41.63448801	-11.6374124	Pescolanciano-Montagano
14.43511783	41.63859956	-13.3624481	Pescolanciano-Montagano
14.66260166	41.65405773	-17.9742811	Pescolanciano-Montagano
14.53597651	41.66088224	-20.7188446	Pescolanciano-Montagano
14.67867931	41.64565005	-15.0054346	Pescolanciano-Montagano
14.34702548	41.63497778	-12.3592508	Pescolanciano-Montagano
14.73598156	41.67523456	-25.09539	Pescolanciano-Montagano
14.28399753	41.64568772	-16.0200142	Pescolanciano-Montagano
14.36073935	41.63624786	-12.7931239	Pescolanciano-Montagano
14.64397548	41.66416572	-21.5399742	Pescolanciano-Montagano
14.70369107	41.6705223	-23.4839632	Pescolanciano-Montagano
14.40982156	41.64182918	-14.6167157	Pescolanciano-Montagano
14.67086862	41.67199187	-24.0551204	Pescolanciano-Montagano
14.56755323	41.65906228	-19.9093743	Pescolanciano-Montagano
14.36193517	41.63100135	-11.0000003	Pescolanciano-Montagano
14.46040342	41.63200042	-11.0000091	Pescolanciano-Montagano
14.56226	41.63550008	-11.8883031	Pescolanciano-Montagano
14.30845361	41.64043098	-14.2228519	Pescolanciano-Montagano
14.64501832	41.67458527	-25.09539	Pescolanciano-Montagano
14.60496185	41.6592289	-19.9648878	Pescolanciano-Montagano
14.45350366	41.63493882	-12.004283	Pescolanciano-Montagano
14.6527995	41.6576128	-19.2476383	Pescolanciano-Montagano
14.51337815	41.64796057	-16.4377659	Pescolanciano-Montagano
14.46964372	41.63358264	-11.5405067	Pescolanciano-Montagano
14.30199424	41.63817882	-13.4531116	Pescolanciano-Montagano
14.59464706	41.6742358	-25.09539	Pescolanciano-Montagano
14.5434687	41.63678217	-12.4379866	Pescolanciano-Montagano
14.40943962	41.63900171	-13.6527977	Pescolanciano-Montagano
14.3453584	41.67125455	-24.760078	Pescolanciano-Montagano
14.73680614	41.63400031	-11.0000003	Pescolanciano-Montagano
14.63462013	41.66561127	-22.0899339	Pescolanciano-Montagano
14.73443336	41.67065571	-23.5298465	Pescolanciano-Montagano
14.61593385	41.6497706	-16.7317456	Pescolanciano-Montagano
14.5122068	41.63202647	-11.0000687	Pescolanciano-Montagano
14.30916059	41.6310014	-11.0000003	Pescolanciano-Montagano
14.62428956	41.64673659	-15.6955953	Pescolanciano-Montagano
14.45301637	41.64208466	-14.4473018	Pescolanciano-Montagano
14.45423352	41.64808528	-16.4971243	Pescolanciano-Montagano
14.73496914	41.64720362	-15.5127269	Pescolanciano-Montagano
14.44208166	41.66167972	-21.2088839	Pescolanciano-Montagano
14.46202699	41.66861765	-23.5166336	Pescolanciano-Montagano
14.62699514	41.64578962	-15.3615687	Pescolanciano-Montagano
14.39637646	41.64655293	-16.3123663	Pescolanciano-Montagano
14.50705817	41.64859877	-16.6734152	Pescolanciano-Montagano
14.5081609	41.6589285	-20.2054449	Pescolanciano-Montagano
14.33495263	41.64626639	-16.2178752	Pescolanciano-Montagano
14.41853929	41.67170055	-24.7740218	Pescolanciano-Montagano
14.62593909	41.67353022	-24.8487205	Pescolanciano-Montagano
14.35737646	41.65324	-18.6012324	Pescolanciano-Montagano
14.69815983	41.67216583	-24.0459437	Pescolanciano-Montagano
14.45872676	41.67221731	-24.74741	Pescolanciano-Montagano
14.4530456	41.67323461	-25.09539	Pescolanciano-Montagano
14.38669103	41.6349816	-12.360535	Pescolanciano-Montagano
14.5672372	41.64254504	-14.2652547	Pescolanciano-Montagano
14.71480373	41.66882172	-22.9025282	Pescolanciano-Montagano
14.34078574	41.66468067	-22.5127137	Pescolanciano-Montagano
14.43460007	41.65410177	-18.6632669	Pescolanciano-Montagano
14.44824914	41.63191446	-10.9999779	Pescolanciano-Montagano
14.71936786	41.67523548	-25.09539	Pescolanciano-Montagano
14.54392902	41.66173704	-20.9636785	Pescolanciano-Montagano
14.39328661	41.64936887	-17.2783237	Pescolanciano-Montagano
14.65302686	41.66391222	-21.3993875	Pescolanciano-Montagano
14.65381756	41.66649152	-22.2763114	Pescolanciano-Montagano
14.5648337	41.63294522	-10.9999945	Pescolanciano-Montagano
14.59874031	41.65794103	-19.5245904	Pescolanciano-Montagano
14.72736279	41.63400097	-11.0000003	Pescolanciano-Montagano
14.5665574	41.67016388	-23.7092474	Pescolanciano-Montagano
14.64810177	41.65031892	-16.7827805	Pescolanciano-Montagano
14.36812082	41.6377923	-13.3209671	Pescolanciano-Montagano
14.69002595	41.6752348	-25.09539	Pescolanciano-Montagano
14.63828243	41.63749438	-12.4587264	Pescolanciano-Montagano
14.28579681	41.66350205	-22.1096627	Pescolanciano-Montagano
14.73989579	41.66217849	-20.6318494	Pescolanciano-Montagano
14.31560636	41.66572979	-22.8709608	Pescolanciano-Montagano
14.48701933	41.66527488	-22.3735843	Pescolanciano-Montagano
14.72005777	41.66622493	-22.014776	Pescolanciano-Montagano
14.51182278	41.64919212	-16.8688586	Pescolanciano-Montagano
14.32261679	41.64636511	-16.2512664	Pescolanciano-Montagano
14.70581713	41.65716322	-18.9169104	Pescolanciano-Montagano
14.59866127	41.66035108	-20.3484735	Pescolanciano-Montagano
14.52586632	41.64201848	-14.3322391	Pescolanciano-Montagano
14.61932789	41.64719089	-15.8500516	Pescolanciano-Montagano
14.39065996	41.66004034	-20.9262445	Pescolanciano-Montagano
14.59411584	41.64818754	-16.1905168	Pescolanciano-Montagano
14.50485133	41.64542073	-15.5868746	Pescolanciano-Montagano
14.53388055	41.65328321	-18.1341389	Pescolanciano-Montagano
14.55974858	41.63957583	-13.296015	Pescolanciano-Montagano
14.32062272	41.67223592	-25.09539	Pescolanciano-Montagano
14.73426355	41.63774233	-12.2788626	Pescolanciano-Montagano
14.36292177	41.65119344	-17.9016018	Pescolanciano-Montagano
14.6268131	41.64254547	-14.2537286	Pescolanciano-Montagano
14.2854693	41.66841623	-23.7897298	Pescolanciano-Montagano
14.62781702	41.66945042	-23.44368	Pescolanciano-Montagano
14.34951694	41.65187805	-18.1357908	Pescolanciano-Montagano
14.62603934	41.63361885	-11.2087391	Pescolanciano-Montagano
14.66152704	41.65179433	-17.2071103	Pescolanciano-Montagano
14.69219318	41.67021256	-23.3782474	Pescolanciano-Montagano
14.32951829	41.64829769	-16.9119875	Pescolanciano-Montagano
14.42883212	41.63157655	-11.0000003	Pescolanciano-Montagano
14.6176646	41.65328078	-17.9316919	Pescolanciano-Montagano
14.63463674	41.67034285	-23.7071375	Pescolanciano-Montagano
14.40606816	41.63633724	-12.7622708	Pescolanciano-Montagano
14.39618748	41.65715962	-19.9390681	Pescolanciano-Montagano
14.51724416	41.63509521	-12.0178704	Pescolanciano-Montagano
14.51009179	41.6353839	-12.1570599	Pescolanciano-Montagano
14.73045355	41.66559365	-21.7991239	Pescolanciano-Montagano
14.44465228	41.64493177	-15.4697867	Pescolanciano-Montagano
14.61726435	41.64067654	-13.6234271	Pescolanciano-Montagano
14.433182	41.64985718	-17.2210588	Pescolanciano-Montagano
14.70793713	41.6437498	-14.3318709	Pescolanciano-Montagano
14.39548143	41.64790828	-16.7791103	Pescolanciano-Montagano
14.58350712	41.64076387	-13.6531634	Pescolanciano-Montagano
14.69640062	41.67422924	-24.7514466	Pescolanciano-Montagano
14.56866786	41.66113197	-20.6140098	Pescolanciano-Montagano
14.72316446	41.65648495	-18.6851073	Pescolanciano-Montagano
14.34894607	41.65399557	-18.8596477	Pescolanciano-Montagano
14.57901522	41.6389186	-13.0225399	Pescolanciano-Montagano
14.55219032	41.65421252	-18.3428147	Pescolanciano-Montagano
14.58850656	41.6598098	-20.1634713	Pescolanciano-Montagano
14.63548726	41.63317691	-10.9999881	Pescolanciano-Montagano
14.44954161	41.66588666	-22.6022313	Pescolanciano-Montagano
14.34102395	41.65676201	-19.805588	Pescolanciano-Montagano
14.74017556	41.63482484	-11.2819075	Pescolanciano-Montagano
14.68153623	41.66885899	-22.9191898	Pescolanciano-Montagano
14.71383179	41.66485018	-21.5447462	Pescolanciano-Montagano
14.52771014	41.66857126	-23.3962313	Pescolanciano-Montagano
14.50257236	41.65705624	-19.5642418	Pescolanciano-Montagano
14.51626664	41.64143844	-14.191273	Pescolanciano-Montagano
14.58664258	41.63474761	-11.5968504	Pescolanciano-Montagano
14.5196995	41.64863793	-16.6311796	Pescolanciano-Montagano
14.33058669	41.64426942	-15.5351217	Pescolanciano-Montagano
14.50263004	41.63200099	-10.9999862	Pescolanciano-Montagano
14.72307011	41.64758341	-15.6423018	Pescolanciano-Montagano
14.31748744	41.631882	-11.3009949	Pescolanciano-Montagano
14.29898071	41.6310012	-11.0000003	Pescolanciano-Montagano
14.56925721	41.67423654	-25.0952567	Pescolanciano-Montagano
14.51130721	41.6546782	-18.7467593	Pescolanciano-Montagano
14.48685147	41.63610622	-12.4029315	Pescolanciano-Montagano
14.54782696	41.63264977	-10.9999998	Pescolanciano-Montagano
14.60303349	41.64260697	-14.2830511	Pescolanciano-Montagano
14.54515603	41.64701645	-15.9253109	Pescolanciano-Montagano
14.55547512	41.63365485	-11.2980638	Pescolanciano-Montagano
14.54990662	41.66618821	-22.4495667	Pescolanciano-Montagano
14.69447856	41.63400091	-11.0000003	Pescolanciano-Montagano
14.6872737	41.63567716	-11.5729818	Pescolanciano-Montagano
14.4258136	41.6615055	-21.245953	Pescolanciano-Montagano
14.39812932	41.632385	-11.4595863	Pescolanciano-Montagano
14.50538535	41.66283435	-21.5396165	Pescolanciano-Montagano
14.45010271	41.66867092	-23.5507489	Pescolanciano-Montagano
14.33070054	41.66299656	-21.936774	Pescolanciano-Montagano
14.39949318	41.6695859	-24.1652845	Pescolanciano-Montagano
14.64421025	41.64127802	-13.7162991	Pescolanciano-Montagano
14.60724122	41.67423559	-25.0953914	Pescolanciano-Montagano
14.57876335	41.63300034	-11.0000228	Pescolanciano-Montagano
14.60973842	41.64746777	-15.9445814	Pescolanciano-Montagano
14.33621155	41.66916323	-24.0452171	Pescolanciano-Montagano
14.6788145	41.64890218	-16.1157832	Pescolanciano-Montagano
14.68274593	41.64149215	-13.5606585	Pescolanciano-Montagano
14.64801264	41.65936049	-19.8734881	Pescolanciano-Montagano
14.6572106	41.63859154	-12.7208118	Pescolanciano-Montagano
14.29968914	41.66698802	-23.3011634	Pescolanciano-Montagano
14.70891732	41.67523557	-25.09539	Pescolanciano-Montagano
14.72181123	41.64099178	-13.3892415	Pescolanciano-Montagano
14.60231672	41.63758357	-12.5660926	Pescolanciano-Montagano
14.53205665	41.63576743	-12.1591986	Pescolanciano-Montagano
14.46688424	41.64424316	-15.1842022	Pescolanciano-Montagano
14.32851572	41.6310008	-11.0000003	Pescolanciano-Montagano
14.44556609	41.65389149	-18.5263545	Pescolanciano-Montagano
14.56895364	41.64524246	-15.1829442	Pescolanciano-Montagano
14.72869145	41.63911847	-12.749076	Pescolanciano-Montagano
14.62119499	41.63800522	-12.710533	Pescolanciano-Montagano
14.61670322	41.67198068	-24.3245413	Pescolanciano-Montagano
14.68067492	41.63467674	-11.2437269	Pescolanciano-Montagano
14.73982208	41.66938512	-23.0956058	Pescolanciano-Montagano
14.35984405	41.63219563	-11.408179	Pescolanciano-Montagano
14.66216326	41.67488383	-25.09539	Pescolanciano-Montagano
14.41609577	41.65783819	-20.0504156	Pescolanciano-Montagano
14.39979453	41.65255191	-18.3413839	Pescolanciano-Montagano
