14.7333	37.33	-1	Ragusa-Palagonia
14.72120938	37.05217509	-1.2112959	Ragusa-Palagonia
14.74404174	37.05959965	-9.2518742	Ragusa-Palagonia
14.76408859	37.02271086	-17.0207851	Ragusa-Palagonia
14.75887814	37.17576968	-12.6590266	Ragusa-Palagonia
14.73431356	37.32997042	-1.3622226	Ragusa-Palagonia
14.74314883	36.93825812	-10.9122478	Ragusa-Palagonia
14.72230798	37.02974325	-1.9689443	Ragusa-Palagonia
14.78044495	37.17848671	-20.3185156	Ragusa-Palagonia
14.75835789	37.28692837	-10.660784	Ragusa-Palagonia
14.76737893	36.97498757	-18.977917	Ragusa-Palagonia
14.73669541	37.32990089	-2.2134453	Ragusa-Palagonia
14.73405521	37.00662774	-6.5453007	Ragusa-Palagonia
14.74433208	37.20081709	-7.0551472	Ragusa-Palagonia
14.74865723	36.9955666	-11.9468449	Ragusa-Palagonia
14.76166651	37.05569251	-15.615665	Ragusa-Palagonia
14.7722139	37.20050876	-17.0185214	Ragusa-Palagonia
14.73605383	37.00625032	-7.2660664	Ragusa-Palagonia
14.73877319	37.3298402	-2.9559995	Ragusa-Palagonia
14.73840598	36.99221137	-8.3359423	Ragusa-Palagonia
14.76592249	37.03117054	-17.5380839	Ragusa-Palagonia
14.78045831	37.24284629	-19.2707119	Ragusa-Palagonia
14.77433543	37.0612459	-20.0532646	Ragusa-Palagonia
14.77557466	37.09701199	-19.9110175	Ragusa-Palagonia
14.76660612	37.00641552	-18.1874428	Ragusa-Palagonia
14.7550149	37.29990761	-9.2511196	Ragusa-Palagonia
14.74759568	37.05208193	-10.6449203	Ragusa-Palagonia
14.72397935	37.04035527	-2.3938007	Ragusa-Palagonia
14.77050512	36.96139314	-20.3185156	Ragusa-Palagonia
14.75523696	37.26801682	-9.8548231	Ragusa-Palagonia
14.72362364	37.02627842	-2.4956757	Ragusa-Palagonia
14.74088477	37.32977852	-3.7106294	Ragusa-Palagonia
14.72348057	37.0531187	-2.0078076	Ragusa-Palagonia
14.75526764	37.06218084	-13.2223571	Ragusa-Palagonia
14.76964109	37.32014269	-14.1343274	Ragusa-Palagonia
14.77529725	37.06604194	-20.3185146	Ragusa-Palagonia
14.73104188	37.07497121	-4.3548945	Ragusa-Palagonia
14.77217072	37.23081315	-16.5080146	Ragusa-Palagonia
14.74282741	37.32972177	-4.4048886	Ragusa-Palagonia
14.73594595	37.03381952	-6.7781984	Ragusa-Palagonia
14.77755756	37.13315639	-20.0283613	Ragusa-Palagonia
14.74455045	37.32967142	-5.020666	Ragusa-Palagonia
14.74276492	37.01792286	-9.4752445	Ragusa-Palagonia
14.75003128	37.18342244	-9.3741241	Ragusa-Palagonia
14.76798219	37.19901354	-15.5315234	Ragusa-Palagonia
14.74388507	36.95240685	-10.9446969	Ragusa-Palagonia
14.75305947	37.0335593	-12.900508	Ragusa-Palagonia
14.77090709	37.05514288	-18.9277343	Ragusa-Palagonia
14.77035874	37.08334564	-18.2704521	Ragusa-Palagonia
14.72504429	37.14948902	-1	Ragusa-Palagonia
14.73401751	36.97629013	-7.0260937	Ragusa-Palagonia
14.72053469	37.05033813	-1	Ragusa-Palagonia
14.77053733	37.11819918	-17.7644726	Ragusa-Palagonia
14.76888677	37.28045919	-14.5252307	Ragusa-Palagonia
14.74689851	37.32960279	-5.8598144	Ragusa-Palagonia
14.77645555	37.21461593	-18.3029008	Ragusa-Palagonia
14.73985096	37.11898867	-6.7864995	Ragusa-Palagonia
14.75310758	37.13556523	-11.2531517	Ragusa-Palagonia
14.7611115	36.94450861	-17.2351005	Ragusa-Palagonia
14.75720834	37.30543534	-9.9419829	Ragusa-Palagonia
14.76829039	37.05804894	-17.9448296	Ragusa-Palagonia
14.77670361	37.13750178	-19.6521787	Ragusa-Palagonia
14.7496182	37.32952326	-6.8317773	Ragusa-Palagonia
14.76588726	36.9335141	-19.1231836	Ragusa-Palagonia
14.74436738	37.22991769	-6.5939746	Ragusa-Palagonia
14.76133216	37.11066095	-14.5982353	Ragusa-Palagonia
14.77262967	37.26292004	-16.1476787	Ragusa-Palagonia
14.7453381	36.93580547	-11.7353601	Ragusa-Palagonia
14.75179733	37.32945953	-7.6105549	Ragusa-Palagonia
14.74589532	37.06574896	-9.8140719	Ragusa-Palagonia
14.76727896	36.97989326	-18.8618925	Ragusa-Palagonia
14.73844776	36.95940249	-8.8858789	Ragusa-Palagonia
14.72291535	37.07869779	-1.3897666	Ragusa-Palagonia
14.75387511	37.32939873	-8.3531103	Ragusa-Palagonia
14.73768015	37.19729931	-4.7365483	Ragusa-Palagonia
14.75610632	37.02567887	-14.1184797	Ragusa-Palagonia
14.73957005	36.94903486	-9.4563787	Ragusa-Palagonia
14.75522571	37.24551085	-10.217327	Ragusa-Palagonia
14.73886915	37.24137266	-4.4441284	Ragusa-Palagonia
14.73545192	37.05391553	-6.2741059	Ragusa-Palagonia
14.74563195	37.21959758	-7.2136196	Ragusa-Palagonia
14.75898758	37.12044328	-13.6008042	Ragusa-Palagonia
14.72012503	36.98802469	-1.8670703	Ragusa-Palagonia
14.75583464	37.32934139	-9.0534065	Ragusa-Palagonia
14.75341713	37.12978373	-11.4580337	Ragusa-Palagonia
14.74604094	36.94838683	-11.7813924	Ragusa-Palagonia
14.78029559	37.19349594	-20.0196836	Ragusa-Palagonia
14.7362686	37.30293531	-2.5092597	Ragusa-Palagonia
14.72085466	36.95448404	-2.6737685	Ragusa-Palagonia
14.77395115	37.19326939	-17.7573037	Ragusa-Palagonia
14.76780752	37.14530914	-16.3461464	Ragusa-Palagonia
14.75491138	37.25536542	-9.944624	Ragusa-Palagonia
14.74892034	37.10093533	-10.3215615	Ragusa-Palagonia
14.73513116	37.08069983	-5.7232265	Ragusa-Palagonia
14.75380955	37.07798861	-12.4432025	Ragusa-Palagonia
14.74411413	37.172584	-7.4369902	Ragusa-Palagonia
14.75835161	37.32926773	-9.9529251	Ragusa-Palagonia
14.75612572	36.93692947	-15.5756699	Ragusa-Palagonia
14.74135779	37.04098379	-8.596101	Ragusa-Palagonia
14.74727289	37.26231538	-7.1041984	Ragusa-Palagonia
14.75147608	37.10976097	-11.0909058	Ragusa-Palagonia
14.74639544	37.07405391	-9.8574643	Ragusa-Palagonia
14.73703823	37.07964393	-6.4220136	Ragusa-Palagonia
14.76179691	37.13654176	-14.3418505	Ragusa-Palagonia
14.78273146	37.22841363	-20.3185156	Ragusa-Palagonia
14.76071656	37.32919847	-10.7981101	Ragusa-Palagonia
14.7644229	37.00422674	-17.4426235	Ragusa-Palagonia
14.77387155	37.04787071	-20.1064658	Ragusa-Palagonia
14.74529629	37.26239932	-6.3971103	Ragusa-Palagonia
14.76255783	37.32914455	-11.4561471	Ragusa-Palagonia
14.72818441	37.09800068	-2.9590185	Ragusa-Palagonia
14.75247836	37.27575003	-8.7440084	Ragusa-Palagonia
14.75303989	37.02638362	-13.010684	Ragusa-Palagonia
14.7788753	37.14419975	-20.3185156	Ragusa-Palagonia
14.73950274	37.05425442	-7.7165805	Ragusa-Palagonia
14.76470317	37.32908169	-12.2228507	Ragusa-Palagonia
14.76781913	37.07315175	-17.5294052	Ragusa-Palagonia
14.76244152	36.98528817	-17.0438017	Ragusa-Palagonia
14.75152497	37.30481219	-7.923726	Ragusa-Palagonia
14.73898703	36.93430524	-9.4880732	Ragusa-Palagonia
14.73764302	37.0047911	-7.8580732	Ragusa-Palagonia
14.75161793	37.12472049	-10.8977212	Ragusa-Palagonia
14.73172503	36.97907362	-6.1609111	Ragusa-Palagonia
14.75275655	36.98626306	-13.564582	Ragusa-Palagonia
14.76459832	37.31244824	-12.462823	Ragusa-Palagonia
14.75944479	36.9662459	-16.2835127	Ragusa-Palagonia
14.76816264	36.93344706	-19.9381836	Ragusa-Palagonia
14.76716946	37.32900942	-13.104258	Ragusa-Palagonia
14.74227118	37.29545822	-4.7761635	Ragusa-Palagonia
14.74712791	36.93406607	-12.4039619	Ragusa-Palagonia
14.73434637	37.29892632	-1.889708	Ragusa-Palagonia
14.76664277	37.0664012	-17.2192514	Ragusa-Palagonia
14.73334938	37.30439733	-1.4429677	Ragusa-Palagonia
14.75059134	37.09214848	-11.0620418	Ragusa-Palagonia
14.77809453	37.2830066	-17.7711054	Ragusa-Palagonia
14.77002428	37.32892574	-14.1245171	Ragusa-Palagonia
14.75716969	37.13018978	-12.7922187	Ragusa-Palagonia
14.73984664	36.97323268	-9.1605639	Ragusa-Palagonia
14.76922449	36.93341578	-20.3185156	Ragusa-Palagonia
14.735538	37.02385005	-6.7948005	Ragusa-Palagonia
14.75592267	36.98960392	-14.6421931	Ragusa-Palagonia
14.77338306	37.13966397	-18.4304336	Ragusa-Palagonia
14.73065263	37.05074808	-4.6101474	Ragusa-Palagonia
14.72904939	37.13789343	-2.619435	Ragusa-Palagonia
14.74590518	37.1785078	-7.9803234	Ragusa-Palagonia
14.77252435	37.32885242	-15.0179985	Ragusa-Palagonia
14.7348892	37.25667737	-2.7743222	Ragusa-Palagonia
14.74530559	37.09837495	-9.0715177	Ragusa-Palagonia
14.75258129	37.19478959	-10.0997005	Ragusa-Palagonia
14.78377048	37.25110134	-20.3185156	Ragusa-Palagonia
14.76932343	37.05010976	-18.4440166	Ragusa-Palagonia
14.7868674	37.31799296	-20.3185156	Ragusa-Palagonia
14.77446697	37.32879544	-15.7122578	Ragusa-Palagonia
14.77174153	37.08754027	-18.6960634	Ragusa-Palagonia
14.76411607	37.18568379	-14.3682624	Ragusa-Palagonia
14.72907579	37.19200654	-1.7493466	Ragusa-Palagonia
14.72983758	37.08076332	-3.8302382	Ragusa-Palagonia
14.75493548	37.03994614	-13.4668574	Ragusa-Palagonia
14.76715472	37.03584206	-17.9021923	Ragusa-Palagonia
14.74105285	37.15606933	-6.6121789	Ragusa-Palagonia
14.73960406	37.07386248	-7.433217	Ragusa-Palagonia
14.77651095	37.32873548	-16.4427392	Ragusa-Palagonia
14.76087638	37.0091706	-16.0937231	Ragusa-Palagonia
14.75782101	37.22902094	-11.4129445	Ragusa-Palagonia
14.73018911	37.11040099	-3.4736753	Ragusa-Palagonia
14.76611334	37.05478707	-17.2200078	Ragusa-Palagonia
14.77883549	37.17300191	-19.83329	Ragusa-Palagonia
14.75539881	37.31425095	-9.1492446	Ragusa-Palagonia
14.7860291	37.3200923	-19.9842168	Ragusa-Palagonia
14.76688666	37.23354054	-14.57654	Ragusa-Palagonia
14.72908572	37.22134157	-1.2761943	Ragusa-Palagonia
14.77857181	37.32867498	-17.1792578	Ragusa-Palagonia
14.75664615	37.27323766	-10.2728879	Ragusa-Palagonia
14.75309822	37.28248162	-8.8556943	Ragusa-Palagonia
14.73549094	37.29136259	-2.4239882	Ragusa-Palagonia
14.77316551	37.11912164	-18.6885166	Ragusa-Palagonia
14.780582	37.32861599	-17.897665	Ragusa-Palagonia
14.76208762	36.96910542	-17.1818989	Ragusa-Palagonia
14.73726234	36.98041899	-8.1191745	Ragusa-Palagonia
14.74905376	37.26918176	-7.6282888	Ragusa-Palagonia
14.73909725	36.98039787	-8.7757027	Ragusa-Palagonia
14.73425953	37.12758784	-4.6486338	Ragusa-Palagonia
14.76552767	37.18213193	-14.9304609	Ragusa-Palagonia
14.72432256	37.13362158	-1	Ragusa-Palagonia
14.72665295	37.14461913	-1.6538877	Ragusa-Palagonia
14.76958244	37.25932491	-15.1183642	Ragusa-Palagonia
14.77278887	37.1255231	-18.4492988	Ragusa-Palagonia
14.76273671	37.11791222	-14.9817763	Ragusa-Palagonia
14.74202228	37.19185972	-6.3759809	Ragusa-Palagonia
14.78348748	37.32853068	-18.9360361	Ragusa-Palagonia
14.73380743	37.01767222	-6.276747	Ragusa-Palagonia
14.76079918	37.04983743	-15.4013505	Ragusa-Palagonia
14.76090027	36.98954256	-16.4231191	Ragusa-Palagonia
14.75052168	37.22867661	-8.811925	Ragusa-Palagonia
14.77048277	37.0257595	-19.2569414	Ragusa-Palagonia
14.77454237	37.11452666	-19.2556211	Ragusa-Palagonia
14.75532673	36.97182613	-14.7195427	Ragusa-Palagonia
14.74578824	37.00899267	-10.7018948	Ragusa-Palagonia
14.78608889	37.32845426	-19.8657392	Ragusa-Palagonia
14.73020319	37.02260048	-4.9078486	Ragusa-Palagonia
14.78735582	37.32841705	-20.3185156	Ragusa-Palagonia
14.74775764	37.28170145	-6.9619616	Ragusa-Palagonia
14.73254476	37.03855492	-5.4851411	Ragusa-Palagonia
14.75225984	37.0978344	-11.5655683	Ragusa-Palagonia
14.72878628	37.0123687	-4.5678886	Ragusa-Palagonia
14.77063451	37.27776481	-15.1930727	Ragusa-Palagonia
14.74639997	37.29741257	-6.2175088	Ragusa-Palagonia
14.77561162	37.30083726	-16.5876279	Ragusa-Palagonia
14.76861117	37.21589106	-15.4805864	Ragusa-Palagonia
14.76038679	37.09604037	-14.4991909	Ragusa-Palagonia
14.78615196	37.30272014	-20.3185156	Ragusa-Palagonia
14.73138087	37.14628559	-3.315958	Ragusa-Palagonia
14.76413858	37.09254146	-15.8971425	Ragusa-Palagonia
14.75543586	37.21411957	-10.8041471	Ragusa-Palagonia
14.76298302	37.22520687	-13.3185727	Ragusa-Palagonia
14.74487658	37.00402295	-10.4570175	Ragusa-Palagonia
14.76067527	37.22605803	-12.4805566	Ragusa-Palagonia
14.77616967	37.08510277	-20.3185156	Ragusa-Palagonia
14.76297841	37.29324689	-12.2047392	Ragusa-Palagonia
14.73904444	37.06694345	-7.3458674	Ragusa-Palagonia
14.76073817	36.97569001	-16.5915888	Ragusa-Palagonia
14.75278607	37.14198708	-11.0335545	Ragusa-Palagonia
14.73587297	37.21556559	-3.7940161	Ragusa-Palagonia
14.76285541	37.12291395	-14.9425356	Ragusa-Palagonia
14.72984498	37.25503131	-1	Ragusa-Palagonia
14.75004692	37.02116184	-12.0258923	Ragusa-Palagonia
14.76351146	37.05236623	-16.3295449	Ragusa-Palagonia
14.77869309	37.20884326	-19.1963828	Ragusa-Palagonia
14.75631143	37.11654898	-12.7080776	Ragusa-Palagonia
14.77427039	37.10016445	-19.3933418	Ragusa-Palagonia
14.76306552	37.09803012	-15.4239892	Ragusa-Palagonia
14.77273838	37.26874213	-16.0914589	Ragusa-Palagonia
14.7617594	37.25551069	-12.3873599	Ragusa-Palagonia
14.73923169	37.01329524	-8.2874575	Ragusa-Palagonia
14.76241101	37.02507502	-16.3823691	Ragusa-Palagonia
14.75572026	37.28086795	-9.8180351	Ragusa-Palagonia
14.7592202	37.1292018	-13.541	Ragusa-Palagonia
14.771391	37.23547948	-16.1533388	Ragusa-Palagonia
14.73919741	37.19352605	-5.3398745	Ragusa-Palagonia
14.72785991	37.19555874	-1.2573281	Ragusa-Palagonia
14.75760154	37.15294186	-12.5752618	Ragusa-Palagonia
14.7735279	37.29154102	-15.9990171	Ragusa-Palagonia
14.77110572	37.16537796	-17.1966137	Ragusa-Palagonia
14.72398797	36.97273606	-3.4972578	Ragusa-Palagonia
14.75309895	37.15300535	-10.9656374	Ragusa-Palagonia
14.71937137	37.01019853	-1.2369541	Ragusa-Palagonia
14.78387016	37.31932062	-19.2265673	Ragusa-Palagonia
14.73683958	37.20906815	-4.2449072	Ragusa-Palagonia
14.73110135	37.00439429	-5.5255136	Ragusa-Palagonia
14.75067816	37.17729519	-9.7050291	Ragusa-Palagonia
14.74143955	37.17374002	-6.4627636	Ragusa-Palagonia
14.76318574	37.17073154	-14.2799709	Ragusa-Palagonia
14.74521945	37.1521911	-8.1638867	Ragusa-Palagonia
14.75504051	37.05118344	-13.3208366	Ragusa-Palagonia
14.74022595	36.94407902	-9.7718139	Ragusa-Palagonia
14.77458657	37.05053015	-20.3185156	Ragusa-Palagonia
14.72611611	37.05524798	-2.91525	Ragusa-Palagonia
14.72403696	36.93692783	-4.0977539	Ragusa-Palagonia
14.72241605	37.0916993	-1	Ragusa-Palagonia
14.75200937	37.2008926	-9.7959619	Ragusa-Palagonia
14.74825359	37.0906387	-10.2511923	Ragusa-Palagonia
14.76225935	37.16090204	-14.1094245	Ragusa-Palagonia
14.75094264	36.99384145	-12.7922187	Ragusa-Palagonia
14.75493465	36.98285005	-14.3992021	Ragusa-Palagonia
14.77948947	37.15761292	-20.3185146	Ragusa-Palagonia
14.745487	37.30957572	-5.689268	Ragusa-Palagonia
14.74989106	37.01491809	-12.0721135	Ragusa-Palagonia
14.73464979	37.23626689	-3.0205205	Ragusa-Palagonia
14.74324648	37.11443928	-8.0738969	Ragusa-Palagonia
14.77558166	37.07225661	-20.3185156	Ragusa-Palagonia
14.75093218	36.96572428	-13.2476377	Ragusa-Palagonia
14.76339392	37.27869177	-12.5929947	Ragusa-Palagonia
14.73409256	36.99847934	-6.6914162	Ragusa-Palagonia
14.77492069	37.08812318	-19.8227255	Ragusa-Palagonia
14.77178077	37.04672275	-19.3778711	Ragusa-Palagonia
14.73231708	37.17565287	-3.172956	Ragusa-Palagonia
14.72723505	37.06234084	-3.1997451	Ragusa-Palagonia
14.73095629	37.19437766	-2.3824814	Ragusa-Palagonia
14.76360173	36.97445771	-17.6358086	Ragusa-Palagonia
14.7670743	37.28094963	-13.8702143	Ragusa-Palagonia
14.73376284	37.08542626	-5.1572539	Ragusa-Palagonia
14.76009631	37.23528696	-12.1232397	Ragusa-Palagonia
14.75770507	37.0196486	-14.7885913	Ragusa-Palagonia
14.76914776	37.292265	-14.4233491	Ragusa-Palagonia
14.7572705	36.96571781	-15.5145449	Ragusa-Palagonia
14.72575947	37.10582552	-1.9651718	Ragusa-Palagonia
14.76798891	37.2879219	-14.0822683	Ragusa-Palagonia
14.7253604	37.06254443	-2.526331	Ragusa-Palagonia
14.72781723	36.95265097	-5.1938535	Ragusa-Palagonia
14.77221498	37.01489915	-20.0540195	Ragusa-Palagonia
14.76904477	37.29754873	-14.2984594	Ragusa-Palagonia
14.77566724	37.14294995	-19.1927978	Ragusa-Palagonia
14.74641323	36.95487927	-11.808559	Ragusa-Palagonia
14.74337885	37.0252434	-9.5753271	Ragusa-Palagonia
14.75119931	36.93777942	-13.7996489	Ragusa-Palagonia
14.73419264	37.15464355	-4.1845361	Ragusa-Palagonia
14.72664723	37.11368695	-2.154583	Ragusa-Palagonia
14.75853741	37.14096903	-13.1050127	Ragusa-Palagonia
14.72224912	37.07080162	-1.2799677	Ragusa-Palagonia
14.76684228	37.10239575	-16.702332	Ragusa-Palagonia
14.74781558	37.07042529	-10.4241902	Ragusa-Palagonia
14.75663103	37.0687088	-13.6030673	Ragusa-Palagonia
14.73053169	36.96937161	-5.8922636	Ragusa-Palagonia
14.73331478	37.10628081	-4.6576894	Ragusa-Palagonia
14.78370768	37.32458705	-19.0805468	Ragusa-Palagonia
14.75136162	37.26894451	-8.4561174	Ragusa-Palagonia
14.7511527	37.13026177	-10.6411472	Ragusa-Palagonia
14.74581904	37.03207512	-10.3362768	Ragusa-Palagonia
14.76560066	37.10549065	-16.2080493	Ragusa-Palagonia
14.75474847	37.23183344	-10.2698694	Ragusa-Palagonia
14.75839142	37.03993614	-14.702469	Ragusa-Palagonia
14.76308543	37.32627167	-11.6923462	Ragusa-Palagonia
14.74198331	37.27026643	-5.0863193	Ragusa-Palagonia
14.72819112	37.20307187	-1.2535556	Ragusa-Palagonia
14.75708963	37.00230383	-14.8519799	Ragusa-Palagonia
14.76671398	37.19953401	-15.0700683	Ragusa-Palagonia
14.74131028	37.18587879	-6.219018	Ragusa-Palagonia
14.7323462	36.93450013	-7.1094809	Ragusa-Palagonia
14.72123604	36.97496553	-2.4768095	Ragusa-Palagonia
14.76131533	37.03582746	-15.8148877	Ragusa-Palagonia
14.76445117	37.14489164	-15.153832	Ragusa-Palagonia
14.75356151	37.14708294	-11.2274943	Ragusa-Palagonia
14.77569719	37.28388131	-16.9008178	Ragusa-Palagonia
14.74255962	36.9944768	-9.7842653	Ragusa-Palagonia
14.72555513	37.13104889	-1.4822089	Ragusa-Palagonia
14.77770909	37.11872659	-20.3185156	Ragusa-Palagonia
14.77388055	37.20733592	-17.5022392	Ragusa-Palagonia
14.74134809	37.13971232	-6.9840236	Ragusa-Palagonia
14.77125298	37.03867679	-19.3208964	Ragusa-Palagonia
14.74935183	37.00922156	-11.9723137	Ragusa-Palagonia
14.75824979	36.96096892	-15.9424199	Ragusa-Palagonia
14.72788275	37.13290987	-2.283625	Ragusa-Palagonia
14.78280798	37.24752632	-20.0332666	Ragusa-Palagonia
14.74686301	36.96112704	-11.8674203	Ragusa-Palagonia
14.76754501	36.98560562	-18.8635908	Ragusa-Palagonia
14.73248608	36.95951933	-6.7517866	Ragusa-Palagonia
14.73656587	37.2608368	-3.3053935	Ragusa-Palagonia
14.74350037	37.16385591	-7.3598293	Ragusa-Palagonia
14.73233727	36.99258556	-6.1597793	Ragusa-Palagonia
14.72651697	36.93873634	-4.9553906	Ragusa-Palagonia
14.74273237	37.24949463	-5.6915322	Ragusa-Palagonia
14.76994996	36.94926668	-20.3185156	Ragusa-Palagonia
14.73735918	37.2528307	-3.7187417	Ragusa-Palagonia
14.76274972	37.00949807	-16.7581743	Ragusa-Palagonia
14.74938261	37.28388907	-7.5064243	Ragusa-Palagonia
14.76631831	37.13950903	-15.9088388	Ragusa-Palagonia
14.78227803	37.24042635	-19.9600654	Ragusa-Palagonia
14.75085221	37.16158941	-10.0231056	Ragusa-Palagonia
14.77941017	37.29021329	-18.1210395	Ragusa-Palagonia
14.74364402	37.06480831	-9.0247301	Ragusa-Palagonia
14.72663496	37.16795493	-1.2682705	Ragusa-Palagonia
14.77375877	37.15793824	-18.2659243	Ragusa-Palagonia
14.72781279	37.05245256	-3.56725	Ragusa-Palagonia
14.73781284	37.15609886	-5.4542002	Ragusa-Palagonia
14.76970507	37.04212223	-18.7111557	Ragusa-Palagonia
14.73223739	37.06256864	-4.9840659	Ragusa-Palagonia
14.72972152	37.06506264	-4.0441753	Ragusa-Palagonia
14.75159845	37.2528384	-8.8028696	Ragusa-Palagonia
14.77093684	36.98723254	-20.0498691	Ragusa-Palagonia
14.74832919	37.10698776	-10.0115965	Ragusa-Palagonia
14.76531038	37.04914255	-17.0253134	Ragusa-Palagonia
14.73347376	37.27198687	-2.0202597	Ragusa-Palagonia
14.71794094	36.97957878	-1.2233691	Ragusa-Palagonia
14.73358689	36.98833018	-6.675946	Ragusa-Palagonia
14.7752125	37.17392489	-18.5240078	Ragusa-Palagonia
14.72071756	37.0304175	-1.3893886	Ragusa-Palagonia
14.76083106	37.26804709	-11.851573	Ragusa-Palagonia
14.74780161	37.20294226	-8.2597248	Ragusa-Palagonia
14.73775437	37.0732565	-6.7819716	Ragusa-Palagonia
14.76839665	36.9482656	-19.7793339	Ragusa-Palagonia
14.76268989	37.19048988	-13.780406	Ragusa-Palagonia
14.74994468	37.07523584	-11.1067537	Ragusa-Palagonia
14.72559244	37.02830667	-3.166541	Ragusa-Palagonia
14.75907607	36.95548177	-16.3276582	Ragusa-Palagonia
14.78115642	37.25586496	-19.3073125	Ragusa-Palagonia
14.73929761	37.15301126	-6.0348877	Ragusa-Palagonia
14.76534876	37.09913937	-16.2218213	Ragusa-Palagonia
14.74994403	37.06886918	-11.2103255	Ragusa-Palagonia
14.77287296	37.24036322	-16.6027202	Ragusa-Palagonia
14.73717368	37.08516623	-6.3805088	Ragusa-Palagonia
14.74464963	36.99812384	-10.4721101	Ragusa-Palagonia
14.72934284	37.1509312	-2.5122783	Ragusa-Palagonia
14.75488552	37.18114121	-11.1452396	Ragusa-Palagonia
14.78190221	37.32664618	-18.4017578	Ragusa-Palagonia
14.73654572	37.16656776	-4.8312539	Ragusa-Palagonia
14.76247357	37.23309877	-13.007854	Ragusa-Palagonia
14.74308566	36.96211136	-10.5004088	Ragusa-Palagonia
14.75954946	37.05432794	-14.8812216	Ragusa-Palagonia
14.7727661	37.15272184	-17.9965205	Ragusa-Palagonia
14.78168798	37.32078414	-18.4232646	Ragusa-Palagonia
14.76985209	37.28463367	-14.8018164	Ragusa-Palagonia
14.76067468	37.18693586	-13.1185959	Ragusa-Palagonia
14.75053125	37.14413725	-10.1928972	Ragusa-Palagonia
14.76150741	37.181058	-13.5119467	Ragusa-Palagonia
14.7293508	37.12096226	-3.0024096	Ragusa-Palagonia
14.74190522	37.01240263	-9.2579112	Ragusa-Palagonia
14.7580912	37.31592393	-10.082344	Ragusa-Palagonia
14.78137303	37.25043746	-19.473332	Ragusa-Palagonia
14.76526558	37.17598063	-14.9372534	Ragusa-Palagonia
14.7862268	37.32526006	-19.9683691	Ragusa-Palagonia
14.76453126	37.22097306	-13.9405761	Ragusa-Palagonia
14.72277447	36.98867315	-2.8039419	Ragusa-Palagonia
14.73553917	37.20384965	-3.8653281	Ragusa-Palagonia
14.73385524	37.32662082	-1.2543105	Ragusa-Palagonia
14.74106562	37.07688524	-7.9063696	Ragusa-Palagonia
14.74558542	37.23975306	-6.8687531	Ragusa-Palagonia
14.75035787	37.03695202	-11.8793056	Ragusa-Palagonia
14.75355632	37.24071432	-9.6993686	Ragusa-Palagonia
14.73257956	37.22233638	-2.50775	Ragusa-Palagonia
14.76405992	36.98890671	-17.5633642	Ragusa-Palagonia
14.76323716	36.95073697	-17.8935146	Ragusa-Palagonia
14.72325206	37.11007784	-0.999999	Ragusa-Palagonia
14.71865012	37.00891168	-1	Ragusa-Palagonia
14.76093818	37.31416051	-11.1278832	Ragusa-Palagonia
14.77842823	37.2500393	-18.4283584	Ragusa-Palagonia
14.77809099	37.15768019	-19.8178203	Ragusa-Palagonia
14.75900743	36.94911129	-16.4072714	Ragusa-Palagonia
14.75928016	37.30343023	-10.7149122	Ragusa-Palagonia
14.75267689	37.17727742	-10.4192861	Ragusa-Palagonia
14.78006233	37.18526423	-20.070998	Ragusa-Palagonia
14.75611857	37.16733338	-11.810823	Ragusa-Palagonia
14.7765863	37.11516571	-19.975538	Ragusa-Palagonia
14.73947498	37.21056473	-5.1617822	Ragusa-Palagonia
14.76987334	37.26458048	-15.1364755	Ragusa-Palagonia
14.75794563	37.18227443	-12.2198322	Ragusa-Palagonia
14.71591459	36.94875997	-1	Ragusa-Palagonia
14.78221149	37.28030294	-19.2846757	Ragusa-Palagonia
14.76037337	37.24187076	-12.1147481	Ragusa-Palagonia
14.72881403	36.97245076	-5.227812	Ragusa-Palagonia
14.77188213	37.11282097	-18.3328974	Ragusa-Palagonia
14.76638024	36.97001918	-18.7021001	Ragusa-Palagonia
14.7298812	37.05809593	-4.2147216	Ragusa-Palagonia
14.74790491	37.0227418	-11.2342857	Ragusa-Palagonia
14.74959342	37.24895768	-8.150115	Ragusa-Palagonia
14.77384677	37.31748142	-15.6798086	Ragusa-Palagonia
14.75138542	37.14901514	-10.4185312	Ragusa-Palagonia
14.7791764	37.26885331	-18.3881738	Ragusa-Palagonia
14.76461972	36.9961176	-17.6456186	Ragusa-Palagonia
14.76568753	37.25535307	-13.7924802	Ragusa-Palagonia
14.73645879	36.93437946	-8.5825178	Ragusa-Palagonia
14.72483986	36.99809643	-3.3891567	Ragusa-Palagonia
14.75788051	37.2401437	-11.2527741	Ragusa-Palagonia
14.73004612	36.93791637	-6.2310922	Ragusa-Palagonia
14.77052047	37.1239955	-17.6637299	Ragusa-Palagonia
14.72745442	36.99528598	-4.3697983	Ragusa-Palagonia
14.73040462	37.26733814	-1	Ragusa-Palagonia
14.75033809	36.95340964	-13.2363183	Ragusa-Palagonia
14.72537191	37.15669136	-0.999999	Ragusa-Palagonia
14.74636899	36.98474353	-11.305221	Ragusa-Palagonia
14.75302601	37.26268545	-9.1522631	Ragusa-Palagonia
14.73560819	37.11054623	-5.40779	Ragusa-Palagonia
14.76936139	36.93640723	-20.3185156	Ragusa-Palagonia
14.78016067	37.1722771	-20.3185156	Ragusa-Palagonia
14.73461492	37.13701602	-4.6222216	Ragusa-Palagonia
14.74084773	37.30068741	-4.1811411	Ragusa-Palagonia
14.76260653	37.30990981	-11.7942212	Ragusa-Palagonia
14.74952153	36.93621906	-13.2249987	Ragusa-Palagonia
14.77540604	37.22708486	-17.724289	Ragusa-Palagonia
14.73500023	37.18440457	-3.9890879	Ragusa-Palagonia
14.72589186	37.04234901	-3.0450459	Ragusa-Palagonia
14.7308712	37.16170412	-2.8831777	Ragusa-Palagonia
14.77267196	37.02877486	-19.9902529	Ragusa-Palagonia
14.72908636	37.14404331	-2.5326523	Ragusa-Palagonia
14.73983816	37.22238531	-5.0991474	Ragusa-Palagonia
14.76860128	37.02042668	-18.6715371	Ragusa-Palagonia
14.72192037	36.96961411	-2.8086582	Ragusa-Palagonia
14.75583893	37.07381106	-13.2366955	Ragusa-Palagonia
14.78419235	37.28716232	-19.8793554	Ragusa-Palagonia
14.71727841	36.95490281	-1.3878789	Ragusa-Palagonia
14.75672737	36.95245053	-15.5371836	Ragusa-Palagonia
14.75008442	37.32736984	-7.034018	Ragusa-Palagonia
14.77787981	37.18845753	-19.239208	Ragusa-Palagonia
14.7660231	36.99041871	-18.240644	Ragusa-Palagonia
14.73076683	37.08885052	-4.0307812	Ragusa-Palagonia
14.74871183	37.1685499	-9.1450941	Ragusa-Palagonia
14.77529697	37.25302793	-17.2615122	Ragusa-Palagonia
14.7387328	37.1401417	-6.0426235	Ragusa-Palagonia
14.76812493	37.17605015	-15.9575127	Ragusa-Palagonia
14.76632524	37.21853398	-14.6210634	Ragusa-Palagonia
14.72028989	37.04495814	-1	Ragusa-Palagonia
14.75700502	36.94624557	-15.737915	Ragusa-Palagonia
14.76916857	37.18662039	-16.1576777	Ragusa-Palagonia
14.73806265	37.04737325	-7.3139856	Ragusa-Palagonia
14.73532712	37.01315797	-6.8936567	Ragusa-Palagonia
14.77318175	37.17206429	-17.8289941	Ragusa-Palagonia
14.71870534	36.99144777	-1.3037382	Ragusa-Palagonia
14.77365164	37.09227478	-19.3012763	Ragusa-Palagonia
14.72682113	37.0476437	-3.2910556	Ragusa-Palagonia
14.73278252	37.16690647	-3.4814106	Ragusa-Palagonia
14.75571817	37.01660736	-14.127913	Ragusa-Palagonia
14.76888393	37.24366604	-15.1244004	Ragusa-Palagonia
14.73911868	37.02535039	-8.0505039	Ragusa-Palagonia
14.74801078	37.21569522	-8.1267216	Ragusa-Palagonia
14.77146533	37.06276856	-19.0024433	Ragusa-Palagonia
14.75471297	37.06903315	-12.9122038	Ragusa-Palagonia
14.72706776	37.00126777	-4.134165	Ragusa-Palagonia
14.715289	36.93499999	-1	Ragusa-Palagonia
14.73052587	36.93455354	-6.4574809	Ragusa-Palagonia
14.74518667	36.95893231	-11.3037119	Ragusa-Palagonia
14.72908845	37.20890948	-1.4791894	Ragusa-Palagonia
14.77282311	37.03433482	-19.9532763	Ragusa-Palagonia
14.77186702	37.17518909	-17.3082993	Ragusa-Palagonia
14.75850569	37.07194171	-14.2203547	Ragusa-Palagonia
14.7414964	36.98335599	-9.5854204	Ragusa-Palagonia
14.77777458	37.14961362	-19.8366855	Ragusa-Palagonia
14.75909858	37.16167415	-12.9676701	Ragusa-Palagonia
14.74881009	37.14931602	-9.493544	Ragusa-Palagonia
14.76966478	37.2700528	-14.9727207	Ragusa-Palagonia
14.74890653	37.00376728	-11.9021331	Ragusa-Palagonia
14.76898209	36.96371795	-19.7357539	Ragusa-Palagonia
14.77519266	37.32396934	-16.0518413	Ragusa-Palagonia
14.73530492	37.08979932	-5.6371987	Ragusa-Palagonia
14.73940022	37.09195376	-7.0657124	Ragusa-Palagonia
14.74364349	37.32273373	-4.8123886	Ragusa-Palagonia
14.72081754	37.05655358	-1	Ragusa-Palagonia
14.77073202	37.30200815	-14.8263227	Ragusa-Palagonia
14.72147129	37.04018675	-1.4999414	Ragusa-Palagonia
14.73045256	37.22915755	-1.6372851	Ragusa-Palagonia
14.74554059	37.2523597	-6.6476474	Ragusa-Palagonia
14.75649252	37.04604784	-13.9237856	Ragusa-Palagonia
14.73565249	37.26570653	-2.9001572	Ragusa-Palagonia
14.74572295	37.32557936	-5.5072138	Ragusa-Palagonia
14.73325745	37.25282981	-2.2541933	Ragusa-Palagonia
14.72889508	37.04849827	-4.018518	Ragusa-Palagonia
14.76493721	37.27490365	-13.2057548	Ragusa-Palagonia
14.7501953	37.25640104	-8.2438779	Ragusa-Palagonia
14.75042666	37.11268007	-10.6683133	Ragusa-Palagonia
14.71777805	36.98973509	-1	Ragusa-Palagonia
14.77739186	37.26652996	-17.788998	Ragusa-Palagonia
14.73673865	37.05118433	-6.7785756	Ragusa-Palagonia
14.75744493	37.12257296	-13.0148344	Ragusa-Palagonia
14.7470969	37.00423245	-11.247492	Ragusa-Palagonia
14.75166185	36.9339328	-14.0279243	Ragusa-Palagonia
14.73320754	37.31011717	-1.2973242	Ragusa-Palagonia
14.77381991	37.31179941	-15.765082	Ragusa-Palagonia
14.76076366	37.0627695	-15.1772246	Ragusa-Palagonia
14.74640634	37.08465704	-9.6885217	Ragusa-Palagonia
14.76514273	37.04197206	-17.082665	Ragusa-Palagonia
14.75867391	37.28221392	-10.850557	Ragusa-Palagonia
14.72940033	37.15762531	-2.4239853	Ragusa-Palagonia
14.73370113	37.16192183	-3.8906088	Ragusa-Palagonia
14.76022247	37.21854	-12.4415046	Ragusa-Palagonia
14.7607603	37.04270897	-15.5039804	Ragusa-Palagonia
14.76154307	37.12913686	-14.3720356	Ragusa-Palagonia
14.75794375	37.10507842	-13.4785544	Ragusa-Palagonia
14.74061582	37.25754946	-4.8048422	Ragusa-Palagonia
14.75560933	37.30861405	-9.3182815	Ragusa-Palagonia
14.75066681	37.04832739	-11.8040313	Ragusa-Palagonia
14.773244	37.1471027	-18.2591328	Ragusa-Palagonia
14.76734564	37.23923288	-14.6474751	Ragusa-Palagonia
14.75339655	37.16401987	-10.8924388	Ragusa-Palagonia
14.76228133	36.9624073	-17.3607461	Ragusa-Palagonia
14.74089518	37.06323504	-8.0678603	Ragusa-Palagonia
14.76225898	37.01763137	-16.4497197	Ragusa-Palagonia
14.74304827	36.98790872	-10.0661195	Ragusa-Palagonia
14.76373112	37.32094876	-12.0115544	Ragusa-Palagonia
14.73254549	37.28354915	-1.5010761	Ragusa-Palagonia
14.7325813	36.94537969	-7.0162841	Ragusa-Palagonia
14.77861718	37.13856268	-20.3185156	Ragusa-Palagonia
14.74277716	37.08061957	-8.4572492	Ragusa-Palagonia
14.75470254	37.27645663	-9.5265593	Ragusa-Palagonia
14.7432	37.00782117	-9.7955848	Ragusa-Palagonia
14.75466749	37.22232981	-10.3958925	Ragusa-Palagonia
14.74635016	37.13183999	-8.8994621	Ragusa-Palagonia
14.73751431	37.23726359	-4.0271963	Ragusa-Palagonia
14.74008471	37.27451362	-4.3394243	Ragusa-Palagonia
14.77353152	37.0274941	-20.3185156	Ragusa-Palagonia
14.72301928	37.10496135	-1	Ragusa-Palagonia
14.76686902	37.26113749	-14.1199895	Ragusa-Palagonia
14.78584679	37.29620389	-20.3185156	Ragusa-Palagonia
14.77549352	37.27826176	-16.919665	Ragusa-Palagonia
14.72499055	37.00326201	-3.3589721	Ragusa-Palagonia
14.76429168	37.23576128	-13.613633	Ragusa-Palagonia
14.77968651	37.32473123	-17.6429775	Ragusa-Palagonia
14.73813458	37.14547387	-5.7420918	Ragusa-Palagonia
14.78383657	37.27913921	-19.8838505	Ragusa-Palagonia
14.73210374	37.04849583	-5.1655551	Ragusa-Palagonia
14.75777415	37.29212361	-10.3657065	Ragusa-Palagonia
14.76667997	37.1254985	-16.2669101	Ragusa-Palagonia
14.74692411	36.99727877	-11.2991841	Ragusa-Palagonia
14.73422222	37.14898545	-4.2871665	Ragusa-Palagonia
14.75842266	37.10049306	-13.7245634	Ragusa-Palagonia
14.77168553	37.31130092	-15.0115839	Ragusa-Palagonia
14.73114429	37.20405649	-2.2923027	Ragusa-Palagonia
14.76208907	37.20314379	-13.3593227	Ragusa-Palagonia
14.74154249	37.05928397	-8.3636753	Ragusa-Palagonia
14.73081747	37.09468208	-3.9539975	Ragusa-Palagonia
14.77704184	37.29537441	-17.1894502	Ragusa-Palagonia
14.76611728	36.99870603	-18.138769	Ragusa-Palagonia
14.75732055	37.06423038	-13.922653	Ragusa-Palagonia
14.76699759	37.24442642	-14.4384431	Ragusa-Palagonia
14.76644366	36.96165345	-18.8617041	Ragusa-Palagonia
14.76728554	37.18065652	-15.5824614	Ragusa-Palagonia
14.76275869	37.21198514	-13.4542172	Ragusa-Palagonia
14.74075885	37.16260038	-6.4008838	Ragusa-Palagonia
14.76008327	37.01349703	-15.7394248	Ragusa-Palagonia
14.73303531	37.23991116	-2.3847451	Ragusa-Palagonia
14.76746546	37.07938484	-17.3011298	Ragusa-Palagonia
14.74908701	37.11590494	-10.1370546	Ragusa-Palagonia
14.73584372	37.30897666	-2.2572129	Ragusa-Palagonia
14.74325189	37.24276878	-5.9864018	Ragusa-Palagonia
14.7521635	36.95161562	-13.9185034	Ragusa-Palagonia
14.75633282	37.2037632	-11.2933357	Ragusa-Palagonia
14.71853469	36.97484183	-1.5127714	Ragusa-Palagonia
14.75061211	37.03182979	-12.0538137	Ragusa-Palagonia
14.75322471	37.21643702	-9.9766958	Ragusa-Palagonia
14.73304486	37.24462413	-2.3115459	Ragusa-Palagonia
14.74062773	37.31831695	-3.8094863	Ragusa-Palagonia
14.7481494	37.25154247	-7.5924438	Ragusa-Palagonia
14.73736958	36.96820616	-8.3566948	Ragusa-Palagonia
14.72858803	36.96570629	-5.2568652	Ragusa-Palagonia
14.73098547	37.18834579	-2.4909594	Ragusa-Palagonia
14.74332288	37.28227166	-5.3693046	Ragusa-Palagonia
14.77565464	37.16082528	-18.89604	Ragusa-Palagonia
14.77666192	37.31931043	-16.6540351	Ragusa-Palagonia
14.7720711	37.18311533	-17.2517021	Ragusa-Palagonia
14.7641887	36.96722495	-17.9640722	Ragusa-Palagonia
14.73711821	37.24525905	-3.7557182	Ragusa-Palagonia
14.77484574	37.13590347	-19.0145166	Ragusa-Palagonia
14.74506634	37.21405113	-7.1019345	Ragusa-Palagonia
14.737335	37.32467951	-2.5285024	Ragusa-Palagonia
14.76962265	36.97119932	-19.8423447	Ragusa-Palagonia
14.78169927	37.20587846	-20.3185156	Ragusa-Palagonia
14.74275089	37.2279672	-6.0484716	Ragusa-Palagonia
14.7648795	37.12066881	-15.7024477	Ragusa-Palagonia
14.73931878	37.09785768	-6.9404438	Ragusa-Palagonia
14.75659009	37.19460023	-11.5346285	Ragusa-Palagonia
14.72499753	37.076408	-2.1711845	Ragusa-Palagonia
14.75471365	37.23699522	-10.1732768	Ragusa-Palagonia
14.76408067	37.08480804	-16.00279	Ragusa-Palagonia
14.73212316	37.05577815	-5.0538701	Ragusa-Palagonia
14.74634341	37.01627782	-10.7815082	Ragusa-Palagonia
14.75166602	37.24059996	-9.0262387	Ragusa-Palagonia
14.71940949	36.99741824	-1.4584375	Ragusa-Palagonia
14.75768317	37.24734988	-11.0648712	Ragusa-Palagonia
14.7484477	37.29202139	-7.0383703	Ragusa-Palagonia
14.74675587	37.15979554	-8.5889321	Ragusa-Palagonia
14.76191045	37.08615613	-15.2051464	Ragusa-Palagonia
14.78654263	37.31106047	-20.3185156	Ragusa-Palagonia
14.74277193	37.32780544	-4.4169629	Ragusa-Palagonia
14.74096167	37.30610634	-4.1317124	Ragusa-Palagonia
14.74933346	37.32251194	-6.8468698	Ragusa-Palagonia
14.76697266	37.19280663	-15.2723086	Ragusa-Palagonia
14.77396409	37.06642438	-19.8357421	Ragusa-Palagonia
14.7606164	37.28483266	-11.5014352	Ragusa-Palagonia
14.72231752	36.93479415	-3.5174443	Ragusa-Palagonia
14.75782608	36.94179832	-16.104288	Ragusa-Palagonia
14.74734184	37.24583148	-7.3969936	Ragusa-Palagonia
14.77627214	37.10541859	-20.0227011	Ragusa-Palagonia
14.7813075	37.19732242	-20.3185156	Ragusa-Palagonia
14.77706594	37.23547438	-18.1798964	Ragusa-Palagonia
14.74364287	37.26684031	-5.7345459	Ragusa-Palagonia
14.76294249	37.26267555	-12.6929848	Ragusa-Palagonia
14.75302221	37.08541717	-12.0406076	Ragusa-Palagonia
14.76570116	37.21013904	-14.5352243	Ragusa-Palagonia
14.75142158	37.02679079	-12.4254687	Ragusa-Palagonia
14.74687663	37.22830999	-7.5162263	Ragusa-Palagonia
14.75296185	37.25636573	-9.2322539	Ragusa-Palagonia
14.73957201	37.31279884	-3.5244248	Ragusa-Palagonia
14.75811744	37.02742449	-14.8089663	Ragusa-Palagonia
14.7356049	37.0755713	-5.9760273	Ragusa-Palagonia
14.77863795	37.16497034	-19.894038	Ragusa-Palagonia
14.73217787	37.2344002	-2.168167	Ragusa-Palagonia
14.76172165	36.95596002	-17.26604	Ragusa-Palagonia
14.76210707	37.09304558	-15.1628872	Ragusa-Palagonia
14.75515207	36.94309401	-15.126665	Ragusa-Palagonia
14.72496717	37.08409545	-2.0353525	Ragusa-Palagonia
14.76250778	37.21956989	-13.2408459	Ragusa-Palagonia
14.75688011	37.18716309	-11.7595081	Ragusa-Palagonia
14.75874037	37.22160976	-11.8621378	Ragusa-Palagonia
14.77884929	37.21511691	-19.1495957	Ragusa-Palagonia
14.73572128	37.17087019	-4.4667685	Ragusa-Palagonia
14.75089971	37.08546476	-11.2812617	Ragusa-Palagonia
14.77843881	37.18219667	-19.541248	Ragusa-Palagonia
14.74197928	37.21266092	-6.0220595	Ragusa-Palagonia
14.75486977	37.19644001	-10.8901747	Ragusa-Palagonia
14.74156582	36.93422952	-10.4117398	Ragusa-Palagonia
14.75210381	36.97065509	-13.5860888	Ragusa-Palagonia
14.72653221	37.18220952	-1	Ragusa-Palagonia
14.77007661	37.00947536	-19.378248	Ragusa-Palagonia
14.73421992	37.2105617	-3.2850185	Ragusa-Palagonia
14.7553699	36.93382373	-15.3560727	Ragusa-Palagonia
14.73444281	37.04923799	-5.9896103	Ragusa-Palagonia
14.74839858	36.95986835	-12.4371655	Ragusa-Palagonia
14.72588224	37.02252432	-3.3642548	Ragusa-Palagonia
14.75348773	37.2921855	-8.8345633	Ragusa-Palagonia
14.75043733	36.98381294	-12.7752395	Ragusa-Palagonia
14.75758394	37.15922003	-12.466596	Ragusa-Palagonia
14.76105172	37.16601616	-13.5945786	Ragusa-Palagonia
14.75414231	37.02263054	-13.4661025	Ragusa-Palagonia
14.72646946	37.09346953	-2.4198359	Ragusa-Palagonia
14.72725139	37.00786204	-4.0924716	Ragusa-Palagonia
14.73054427	37.04348117	-4.6897612	Ragusa-Palagonia
14.77161353	37.15964417	-17.4716757	Ragusa-Palagonia
14.77397644	37.24524645	-16.9170239	Ragusa-Palagonia
14.74770561	36.93757132	-12.5533784	Ragusa-Palagonia
14.73829705	36.97543686	-8.5704438	Ragusa-Palagonia
14.74821965	36.97868441	-12.0658872	Ragusa-Palagonia
14.78065052	37.2039699	-19.9751601	Ragusa-Palagonia
14.72660469	37.15086998	-1.5350332	Ragusa-Palagonia
14.75216092	37.18296163	-10.142337	Ragusa-Palagonia
14.74057451	37.11020392	-7.1880559	Ragusa-Palagonia
14.72856613	37.16417858	-2.0195048	Ragusa-Palagonia
14.75713504	37.11062737	-13.0989753	Ragusa-Palagonia
14.77345206	37.07158065	-19.568414	Ragusa-Palagonia
14.73403753	37.26779334	-2.2896621	Ragusa-Palagonia
14.7357372	37.31847286	-2.0613867	Ragusa-Palagonia
14.71922981	36.93701632	-2.3768222	Ragusa-Palagonia
14.74795263	37.01712975	-11.3429526	Ragusa-Palagonia
14.74587118	36.97656204	-11.2606974	Ragusa-Palagonia
14.72810797	37.0580988	-3.580833	Ragusa-Palagonia
14.74759526	37.01105848	-11.3142767	Ragusa-Palagonia
14.76217228	37.29992146	-11.8057293	Ragusa-Palagonia
14.77215593	36.99745233	-20.3185156	Ragusa-Palagonia
14.72629252	37.01586681	-3.6193193	Ragusa-Palagonia
14.74248987	37.00111399	-9.6510732	Ragusa-Palagonia
14.75718413	37.08359561	-13.5577902	Ragusa-Palagonia
14.75298345	37.21075688	-9.9831102	Ragusa-Palagonia
14.74552007	37.20639159	-7.3886938	Ragusa-Palagonia
14.71941063	37.02563011	-1	Ragusa-Palagonia
14.72170499	36.94970925	-3.0556108	Ragusa-Palagonia
14.73904933	37.28802191	-3.7498847	Ragusa-Palagonia
14.75660101	37.25406591	-10.56908	Ragusa-Palagonia
14.76685284	36.93506777	-19.4431464	Ragusa-Palagonia
14.75357743	37.19981161	-10.3736308	Ragusa-Palagonia
14.77062645	36.9816949	-20.0294941	Ragusa-Palagonia
14.7404546	37.10294799	-7.2634253	Ragusa-Palagonia
14.75640864	37.28632636	-9.9748313	Ragusa-Palagonia
14.73253037	37.25749855	-1.9187617	Ragusa-Palagonia
14.77766826	37.22529802	-18.5613613	Ragusa-Palagonia
14.74736888	37.31162163	-6.3269301	Ragusa-Palagonia
14.76785853	37.13289114	-16.5672529	Ragusa-Palagonia
14.74905417	37.30618618	-7.0189253	Ragusa-Palagonia
14.77322055	37.02070264	-20.3185156	Ragusa-Palagonia
14.76992084	37.22858762	-15.7409336	Ragusa-Palagonia
14.74558756	37.26804963	-6.4091845	Ragusa-Palagonia
14.73963819	37.1718986	-5.8492495	Ragusa-Palagonia
14.74055536	37.19782577	-5.7549209	Ragusa-Palagonia
14.77502598	37.12761186	-19.2144931	Ragusa-Palagonia
14.77915258	37.15025411	-20.3185156	Ragusa-Palagonia
14.76905025	37.21075247	-15.721313	Ragusa-Palagonia
14.72986146	36.94360125	-6.0724311	Ragusa-Palagonia
14.76035064	36.97045834	-16.5385771	Ragusa-Palagonia
14.74578965	37.28676767	-6.1767754	Ragusa-Palagonia
14.75156841	37.01004095	-12.7514687	Ragusa-Palagonia
14.73023388	37.17293137	-2.4730366	Ragusa-Palagonia
14.72134711	36.99266876	-2.2285371	Ragusa-Palagonia
14.75507134	37.08155466	-12.8359873	Ragusa-Palagonia
14.74149734	37.28080444	-4.7414531	Ragusa-Palagonia
14.74361755	37.07209925	-8.8964434	Ragusa-Palagonia
14.73144776	36.98677077	-5.9364091	Ragusa-Palagonia
14.75387086	36.93750454	-14.7597265	Ragusa-Palagonia
14.75257424	36.96123068	-13.9083159	Ragusa-Palagonia
14.76667792	37.29756755	-13.4532739	Ragusa-Palagonia
14.72167397	36.93745836	-3.2438906	Ragusa-Palagonia
14.77071006	37.31614459	-14.5825774	Ragusa-Palagonia
14.75605769	36.9599114	-15.1757163	Ragusa-Palagonia
14.74428815	37.29832261	-5.448541	Ragusa-Palagonia
14.75153815	37.07470211	-11.6849886	Ragusa-Palagonia
14.77248844	37.00471523	-20.3185156	Ragusa-Palagonia
14.75304731	36.99598049	-13.5098715	Ragusa-Palagonia
14.7325592	37.19825556	-2.8919506	Ragusa-Palagonia
14.76021005	36.98372184	-16.2714384	Ragusa-Palagonia
14.77968604	37.30647272	-17.9478476	Ragusa-Palagonia
14.73141555	37.11639974	-3.8143906	Ragusa-Palagonia
14.74261707	37.10264936	-8.041071	Ragusa-Palagonia
14.74841856	37.25809794	-7.5818789	Ragusa-Palagonia
14.72762559	37.18107381	-1.4090097	Ragusa-Palagonia
14.73520696	36.94396788	-7.9784367	Ragusa-Palagonia
14.77196598	37.06800955	-19.0956406	Ragusa-Palagonia
14.75021011	37.04299603	-11.7278137	Ragusa-Palagonia
14.75881416	37.03396232	-14.9512138	Ragusa-Palagonia
14.75120855	37.0803069	-11.4757675	Ragusa-Palagonia
14.72355824	37.11681251	-1	Ragusa-Palagonia
14.73183135	37.08154158	-4.5301572	Ragusa-Palagonia
14.73651671	37.12465502	-5.502875	Ragusa-Palagonia
14.76654406	37.30273451	-13.3193276	Ragusa-Palagonia
14.78278055	37.31176474	-18.963957	Ragusa-Palagonia
14.78205764	37.21370362	-20.3185156	Ragusa-Palagonia
14.73758557	37.28491924	-3.2782397	Ragusa-Palagonia
14.77585289	37.20532551	-18.2395122	Ragusa-Palagonia
14.74215874	37.22057415	-5.9573505	Ragusa-Palagonia
14.76961384	37.30884152	-14.3131745	Ragusa-Palagonia
14.7717498	37.28955718	-15.3975903	Ragusa-Palagonia
14.74911448	37.13782855	-9.7895478	Ragusa-Palagonia
14.75459567	37.09738026	-12.4077348	Ragusa-Palagonia
14.75773295	37.0782525	-13.8411538	Ragusa-Palagonia
14.73233569	36.9991064	-6.0529995	Ragusa-Palagonia
14.72696199	37.08127723	-2.7941318	Ragusa-Palagonia
14.7704751	37.17972193	-16.7370449	Ragusa-Palagonia
14.73738135	37.039237	-7.2030549	Ragusa-Palagonia
14.72266707	36.9812785	-2.8858183	Ragusa-Palagonia
14.72776767	37.03762581	-3.7925068	Ragusa-Palagonia
14.73462475	37.10319063	-5.1761201	Ragusa-Palagonia
14.73881212	37.16456799	-5.6734209	Ragusa-Palagonia
14.75245856	37.04215852	-12.5452661	Ragusa-Palagonia
14.78413571	37.25908022	-20.3185156	Ragusa-Palagonia
14.76540983	36.97583379	-18.2598867	Ragusa-Palagonia
14.76588776	37.11038334	-16.2306884	Ragusa-Palagonia
14.73452158	37.31368361	-1.7070879	Ragusa-Palagonia
14.77449778	37.29645889	-16.2631377	Ragusa-Palagonia
14.74279794	37.05334715	-8.9092723	Ragusa-Palagonia
14.75425445	37.04631625	-13.1193505	Ragusa-Palagonia
14.78054699	37.23317851	-19.4605029	Ragusa-Palagonia
14.73317383	37.32728982	-1	Ragusa-Palagonia
14.76420297	37.19664623	-14.2203549	Ragusa-Palagonia
14.75014219	37.1961345	-9.2065958	Ragusa-Palagonia
14.76474961	37.29385077	-12.8269311	Ragusa-Palagonia
14.7256305	37.16237989	-1	Ragusa-Palagonia
14.72815945	37.11197314	-2.7228188	Ragusa-Palagonia
14.76957738	37.09068229	-17.8712529	Ragusa-Palagonia
14.77107066	37.25789745	-15.6730171	Ragusa-Palagonia
14.73575497	37.19193208	-4.1362402	Ragusa-Palagonia
14.72495775	36.98800419	-3.5955488	Ragusa-Palagonia
14.77495746	37.05862577	-20.3185156	Ragusa-Palagonia
14.72646454	36.96856188	-4.4509209	Ragusa-Palagonia
14.78499151	37.30879632	-19.8027275	Ragusa-Palagonia
14.76320263	37.30474755	-12.0930544	Ragusa-Palagonia
14.74202614	37.03002211	-9.0137885	Ragusa-Palagonia
14.74083684	37.04740305	-8.3051914	Ragusa-Palagonia
14.71808956	36.98600427	-1.1720546	Ragusa-Palagonia
14.72402514	37.07222695	-1.8915957	Ragusa-Palagonia
14.74494918	37.05253876	-9.6914458	Ragusa-Palagonia
14.73420981	36.95641515	-7.4188789	Ragusa-Palagonia
14.75891331	37.11275773	-13.6996599	Ragusa-Palagonia
14.75234998	37.29963325	-8.304437	Ragusa-Palagonia
14.76860657	37.22110484	-15.3938037	Ragusa-Palagonia
14.75919036	37.19828875	-12.4032069	Ragusa-Palagonia
14.7332621	37.26250309	-2.0987402	Ragusa-Palagonia
14.72763354	36.98366768	-4.6229765	Ragusa-Palagonia
14.72454763	37.11678318	-1.3540156	Ragusa-Palagonia
14.74855813	37.04130539	-11.1648601	Ragusa-Palagonia
14.74944776	37.24158865	-8.218031	Ragusa-Palagonia
14.74237869	37.15102659	-7.1679648	Ragusa-Palagonia
14.74356788	37.17831664	-7.1485329	Ragusa-Palagonia
14.74416298	37.0135462	-10.046499	Ragusa-Palagonia
14.74399077	37.21826795	-6.6491567	Ragusa-Palagonia
14.75803611	37.00798213	-15.0976123	Ragusa-Palagonia
14.73817893	37.267532	-3.7725088	Ragusa-Palagonia
14.76070749	36.94997723	-17.001165	Ragusa-Palagonia
14.72205511	37.08376231	-1	Ragusa-Palagonia
14.74695505	37.17262162	-8.4512124	Ragusa-Palagonia
14.76286484	36.93523757	-18.0138779	Ragusa-Palagonia
14.75480632	37.1416861	-11.7602628	Ragusa-Palagonia
14.76597669	37.29036604	-13.3231027	Ragusa-Palagonia
14.71998331	37.03821977	-1	Ragusa-Palagonia
14.74751437	37.15463235	-8.9439843	Ragusa-Palagonia
14.72652968	37.13853224	-1.7087851	Ragusa-Palagonia
14.73341256	37.11660267	-4.5246855	Ragusa-Palagonia
14.733235	37.09145464	-4.8704951	Ragusa-Palagonia
14.72383277	37.10190858	-1.3403379	Ragusa-Palagonia
14.73844318	37.32118942	-2.9820346	Ragusa-Palagonia
14.74127183	36.99004735	-9.3960084	Ragusa-Palagonia
14.76268941	37.14276134	-14.5591836	Ragusa-Palagonia
14.76928519	37.00421933	-19.18129	Ragusa-Palagonia
14.73371488	36.9829171	-6.8098928	Ragusa-Palagonia
14.75329027	37.05634311	-12.6109189	Ragusa-Palagonia
14.76969651	37.17165724	-16.5906464	Ragusa-Palagonia
14.75861009	37.3092635	-10.3785361	Ragusa-Palagonia
14.76017165	37.32665385	-10.6460522	Ragusa-Palagonia
14.77000994	37.07809751	-18.2315888	Ragusa-Palagonia
14.74325583	37.28843079	-5.2448154	Ragusa-Palagonia
14.74705127	37.11968103	-9.3480896	Ragusa-Palagonia
14.76832516	36.99441266	-18.9984804	Ragusa-Palagonia
14.74879635	37.05752511	-10.9852583	Ragusa-Palagonia
14.7492004	37.02622175	-11.6406539	Ragusa-Palagonia
14.73801523	36.94313792	-8.9964321	Ragusa-Palagonia
14.76655047	37.1167514	-16.3635034	Ragusa-Palagonia
14.73769187	36.99729792	-7.9976799	Ragusa-Palagonia
14.76324818	37.03678082	-16.4902812	Ragusa-Palagonia
14.74794298	37.02984194	-11.1320337	Ragusa-Palagonia
14.76535694	37.13148478	-15.6964106	Ragusa-Palagonia
14.7520165	37.32505934	-7.7620466	Ragusa-Palagonia
14.75304601	37.30900228	-8.3968789	Ragusa-Palagonia
14.7604768	37.11541058	-14.2150727	Ragusa-Palagonia
14.72424334	37.05804848	-2.2002382	Ragusa-Palagonia
14.74441299	37.07861727	-9.0745362	Ragusa-Palagonia
14.76370998	37.11362971	-15.3994629	Ragusa-Palagonia
14.77866565	37.19776581	-19.3676836	Ragusa-Palagonia
14.76439523	37.21528023	-13.9849106	Ragusa-Palagonia
14.74103209	37.25188452	-5.0455693	Ragusa-Palagonia
14.76483388	37.19094288	-14.5388088	Ragusa-Palagonia
14.76057536	37.14262742	-13.8060634	Ragusa-Palagonia
14.7667643	37.01498114	-18.1038676	Ragusa-Palagonia
14.77133566	37.00086764	-19.9693125	Ragusa-Palagonia
14.74932847	37.13045901	-9.9861287	Ragusa-Palagonia
14.74913967	37.15995758	-9.4378899	Ragusa-Palagonia
14.75437554	37.11853016	-11.9840105	Ragusa-Palagonia
14.72179392	37.07801813	-1	Ragusa-Palagonia
14.77737461	37.1114178	-20.3185146	Ragusa-Palagonia
14.74854678	37.0632819	-10.8020716	Ragusa-Palagonia
14.75431552	37.00196027	-13.8656792	Ragusa-Palagonia
14.72757627	37.17503137	-1.4895664	Ragusa-Palagonia
14.75310833	37.22447785	-9.8040743	Ragusa-Palagonia
14.75409207	37.17211035	-11.0090291	Ragusa-Palagonia
14.73722839	37.06037303	-6.8038559	Ragusa-Palagonia
14.72367816	36.95769215	-3.631393	Ragusa-Palagonia
14.75572747	37.10826717	-12.6345005	Ragusa-Palagonia
14.7454764	37.10573012	-9.0126563	Ragusa-Palagonia
14.75862789	37.21146639	-11.9874063	Ragusa-Palagonia
14.74021143	37.21710533	-5.3183671	Ragusa-Palagonia
14.76815262	37.301552	-13.9132209	Ragusa-Palagonia
14.7183507	37.00232821	-1	Ragusa-Palagonia
14.75490087	37.13441173	-11.912698	Ragusa-Palagonia
14.73228602	37.21649152	-2.4979394	Ragusa-Palagonia
14.75845515	37.19010146	-12.2741655	Ragusa-Palagonia
14.7386912	37.01953986	-7.9923974	Ragusa-Palagonia
14.7353109	37.11844206	-5.1731015	Ragusa-Palagonia
14.74143459	37.20587778	-5.9379189	Ragusa-Palagonia
14.77145735	37.19131328	-16.8985351	Ragusa-Palagonia
14.75434885	36.95128149	-14.705582	Ragusa-Palagonia
14.75518616	37.00789751	-14.0799941	Ragusa-Palagonia
14.74574498	37.18947479	-7.7445017	Ragusa-Palagonia
14.76902165	37.2366148	-15.2887216	Ragusa-Palagonia
14.73303236	37.02461009	-5.886604	Ragusa-Palagonia
14.7267288	37.16219102	-1.3954267	Ragusa-Palagonia
14.73455772	37.09622605	-5.2655434	Ragusa-Palagonia
14.72282972	37.03587423	-2.0557275	Ragusa-Palagonia
14.74177902	36.9485251	-10.2547768	Ragusa-Palagonia
14.74335035	37.25668293	-5.7952939	Ragusa-Palagonia
14.73144835	37.26730603	-1.373164	Ragusa-Palagonia
14.76372611	37.25669323	-13.0702998	Ragusa-Palagonia
14.77514698	37.18318168	-18.349311	Ragusa-Palagonia
14.76366136	37.13472787	-15.0376191	Ragusa-Palagonia
14.77743037	37.30279361	-17.2041601	Ragusa-Palagonia
14.77057504	36.99392126	-19.8110283	Ragusa-Palagonia
14.76545199	36.98441464	-18.1346186	Ragusa-Palagonia
14.71901443	36.94538472	-2.1636386	Ragusa-Palagonia
14.75878543	37.00022652	-15.4922832	Ragusa-Palagonia
14.74639941	37.04011996	-10.4124944	Ragusa-Palagonia
14.75750631	37.19962786	-11.7798829	Ragusa-Palagonia
14.75404909	37.20787868	-10.4106078	Ragusa-Palagonia
14.77884641	37.27439105	-18.1798964	Ragusa-Palagonia
14.75370297	37.31732788	-8.4927168	Ragusa-Palagonia
14.75194744	37.15705005	-10.4883345	Ragusa-Palagonia
14.734492	37.19820558	-3.5830966	Ragusa-Palagonia
14.77969264	37.29583983	-18.1278271	Ragusa-Palagonia
14.75907877	37.25508991	-11.4370927	Ragusa-Palagonia
14.76339787	37.18009141	-14.2029987	Ragusa-Palagonia
14.75733084	37.14431018	-12.6194087	Ragusa-Palagonia
14.75894505	37.06122788	-14.5523921	Ragusa-Palagonia
14.7650856	37.0185749	-17.4448872	Ragusa-Palagonia
14.77244981	37.32113355	-15.1202509	Ragusa-Palagonia
14.74092091	37.08927532	-7.6528142	Ragusa-Palagonia
14.76509912	37.24127684	-13.8119106	Ragusa-Palagonia
14.73739339	37.2032273	-4.5377036	Ragusa-Palagonia
14.77541691	37.23984459	-17.5195947	Ragusa-Palagonia
14.72374179	37.01445213	-2.7303652	Ragusa-Palagonia
14.76371824	37.12746892	-15.1764707	Ragusa-Palagonia
14.77493822	37.07478232	-20.0472275	Ragusa-Palagonia
14.73857439	37.30614347	-3.2789814	Ragusa-Palagonia
14.75080906	37.29057866	-7.9052465	Ragusa-Palagonia
14.73272779	37.15142013	-3.7136479	Ragusa-Palagonia
14.77984773	37.16544098	-20.3185156	Ragusa-Palagonia
14.77651392	37.09262189	-20.3185156	Ragusa-Palagonia
14.72999419	36.99564322	-5.2721464	Ragusa-Palagonia
14.73407641	37.27821666	-2.1342089	Ragusa-Palagonia
14.77695144	37.10217681	-20.3185156	Ragusa-Palagonia
14.74218543	37.31050087	-4.4954443	Ragusa-Palagonia
14.7796912	37.22611997	-19.2703359	Ragusa-Palagonia
14.74991796	37.31176565	-7.234372	Ragusa-Palagonia
14.78436967	37.26419063	-20.3185156	Ragusa-Palagonia
14.73663169	37.14855563	-5.1549902	Ragusa-Palagonia
14.76095057	37.28029379	-11.6946092	Ragusa-Palagonia
14.75009487	36.94447936	-13.2951794	Ragusa-Palagonia
14.73161166	37.29372065	-0.999999	Ragusa-Palagonia
14.77256681	37.21593814	-16.892498	Ragusa-Palagonia
14.75661192	37.21076806	-11.2788091	Ragusa-Palagonia
14.7667489	37.08994196	-16.8725009	Ragusa-Palagonia
14.72196544	36.96053258	-2.9726015	Ragusa-Palagonia
14.7583793	37.21610964	-11.8228971	Ragusa-Palagonia
14.75219481	37.23366607	-9.3280918	Ragusa-Palagonia
14.76425722	36.95876075	-18.1270722	Ragusa-Palagonia
14.75431015	36.97615382	-14.2852526	Ragusa-Palagonia
14.77351834	37.22761366	-17.041538	Ragusa-Palagonia
14.76816509	37.25499481	-14.6829431	Ragusa-Palagonia
14.77117561	37.09295053	-18.4053422	Ragusa-Palagonia
14.71902087	37.01706218	-1	Ragusa-Palagonia
14.77794565	37.12389471	-20.3185156	Ragusa-Palagonia
14.75280895	37.07188676	-12.1851193	Ragusa-Palagonia
14.76682617	37.22544668	-14.6870937	Ragusa-Palagonia
14.7490649	36.9675749	-12.5496053	Ragusa-Palagonia
14.72819469	37.21875594	-1	Ragusa-Palagonia
14.74084566	36.96263836	-9.6906912	Ragusa-Palagonia
14.75232957	37.28691564	-8.5089546	Ragusa-Palagonia
14.77158475	37.28230525	-15.4583335	Ragusa-Palagonia
14.7536689	37.09155818	-12.1715359	Ragusa-Palagonia
14.73267133	37.29019854	-1.4369423	Ragusa-Palagonia
14.78316229	37.25397504	-20.0543964	Ragusa-Palagonia
14.7239475	37.12537392	-1	Ragusa-Palagonia
14.73915503	37.06178907	-7.4694389	Ragusa-Palagonia
14.72026617	37.02230452	-1.359958	Ragusa-Palagonia
14.76165853	37.07768616	-15.2534428	Ragusa-Palagonia
14.74447673	36.94749064	-11.2365499	Ragusa-Palagonia
14.7685383	37.08583058	-17.5792114	Ragusa-Palagonia
14.73662162	37.06806362	-6.4616298	Ragusa-Palagonia
14.73819468	37.30080406	-3.2321943	Ragusa-Palagonia
14.742581	37.13246006	-7.5426381	Ragusa-Palagonia
14.74149139	37.26243554	-5.0380224	Ragusa-Palagonia
14.78333031	37.27412877	-19.7849941	Ragusa-Palagonia
14.74984998	37.26381296	-7.9999438	Ragusa-Palagonia
14.7309881	37.28016519	-1	Ragusa-Palagonia
14.75778548	36.93543944	-16.1937114	Ragusa-Palagonia
14.77583421	37.31420495	-16.4438711	Ragusa-Palagonia
14.75505995	37.03465459	-13.5977856	Ragusa-Palagonia
14.71675507	36.94657299	-1.3361875	Ragusa-Palagonia
14.73946275	37.2473088	-4.5595879	Ragusa-Palagonia
14.75841314	37.0472859	-14.5901237	Ragusa-Palagonia
14.72850525	37.10528122	-2.9552451	Ragusa-Palagonia
14.7693097	37.19304494	-16.1031562	Ragusa-Palagonia
14.78500541	37.31496165	-19.704625	Ragusa-Palagonia
14.77021318	36.95501644	-20.3185156	Ragusa-Palagonia
14.77245184	37.07597651	-19.1390312	Ragusa-Palagonia
14.76877697	37.10351192	-17.3754614	Ragusa-Palagonia
14.74138403	37.09570584	-7.713562	Ragusa-Palagonia
14.75239538	37.06411027	-12.1641773	Ragusa-Palagonia
14.71946781	37.01593742	-1.1780927	Ragusa-Palagonia
14.71889484	36.95101176	-2.0293154	Ragusa-Palagonia
14.77317811	37.27746826	-16.1059848	Ragusa-Palagonia
14.71970289	37.03205569	-1	Ragusa-Palagonia
14.75234953	37.11464937	-11.3233324	Ragusa-Palagonia
14.75549512	37.26172219	-10.0495175	Ragusa-Palagonia
14.73344323	37.04430504	-5.7126616	Ragusa-Palagonia
14.75564947	37.16041012	-11.7561123	Ragusa-Palagonia
14.7365537	37.29591242	-2.7277236	Ragusa-Palagonia
14.74427388	36.97122529	-10.7766032	Ragusa-Palagonia
14.72618574	37.17459112	-1	Ragusa-Palagonia
14.74040756	37.32670676	-3.5913974	Ragusa-Palagonia
14.75867241	37.32119478	-10.2019528	Ragusa-Palagonia
14.77219952	37.29661197	-15.4402148	Ragusa-Palagonia
14.73131829	37.00975877	-5.5157031	Ragusa-Palagonia
14.77910715	37.23648506	-18.8922675	Ragusa-Palagonia
14.7587241	37.26867994	-11.0890198	Ragusa-Palagonia
14.73734832	37.02397353	-7.4400085	Ragusa-Palagonia
14.75891913	37.27658766	-11.0297808	Ragusa-Palagonia
14.7712956	37.03195398	-19.446164	Ragusa-Palagonia
14.77647767	37.22123929	-18.2025351	Ragusa-Palagonia
14.77280854	37.05941467	-19.5374755	Ragusa-Palagonia
14.74763738	37.12623549	-9.450719	Ragusa-Palagonia
14.73012083	37.16742847	-2.5220879	Ragusa-Palagonia
14.76553228	37.2652463	-13.5757129	Ragusa-Palagonia
14.78205467	37.29969215	-18.9066045	Ragusa-Palagonia
14.74734543	36.97183175	-11.8651562	Ragusa-Palagonia
14.77322623	37.05360041	-19.7819746	Ragusa-Palagonia
14.77105865	37.10598041	-18.1504658	Ragusa-Palagonia
14.74461588	37.01986303	-10.10536	Ragusa-Palagonia
14.75361729	37.15825529	-11.0652489	Ragusa-Palagonia
14.77436645	37.04572478	-20.3185156	Ragusa-Palagonia
14.77413677	37.04071029	-20.3185156	Ragusa-Palagonia
14.743961	37.08491175	-8.810416	Ragusa-Palagonia
14.74522743	37.24529931	-6.650666	Ragusa-Palagonia
14.74773756	37.04675113	-10.7826402	Ragusa-Palagonia
14.7700615	36.9766355	-19.9102617	Ragusa-Palagonia
14.76097744	37.27474889	-11.7945985	Ragusa-Palagonia
14.73781655	36.98572714	-8.2308603	Ragusa-Palagonia
14.72969274	37.18165345	-2.1379824	Ragusa-Palagonia
14.75788972	36.9724082	-15.6266074	Ragusa-Palagonia
14.7287969	36.97844319	-5.1240503	Ragusa-Palagonia
14.73786916	36.93681004	-9.0473696	Ragusa-Palagonia
14.76756887	37.04994236	-17.819561	Ragusa-Palagonia
14.74061472	37.03325436	-8.4564946	Ragusa-Palagonia
14.76456684	37.20197403	-14.2633691	Ragusa-Palagonia
14.74756598	37.32568859	-6.1631757	Ragusa-Palagonia
14.74452501	37.14382985	-8.0520131	Ragusa-Palagonia
14.76069977	37.09015895	-14.7070913	Ragusa-Palagonia
14.75205635	37.10554204	-11.3671007	Ragusa-Palagonia
14.74153052	37.1684108	-6.5819946	Ragusa-Palagonia
14.76740672	37.0418793	-17.8935146	Ragusa-Palagonia
14.76477464	37.30020246	-12.7299619	Ragusa-Palagonia
14.72928093	37.02795673	-4.490916	Ragusa-Palagonia
14.77137765	37.22532612	-16.3144521	Ragusa-Palagonia
14.75061333	37.24550723	-8.5704438	Ragusa-Palagonia
14.7758637	37.07841875	-20.3185156	Ragusa-Palagonia
14.76663229	37.27242611	-13.8513413	Ragusa-Palagonia
14.76104319	37.32129826	-11.0463832	Ragusa-Palagonia
14.73613181	37.00018214	-7.3928442	Ragusa-Palagonia
14.74926795	37.20888397	-8.6866567	Ragusa-Palagonia
14.73575309	36.9603116	-7.907313	Ragusa-Palagonia
14.77441056	37.17846821	-18.1632949	Ragusa-Palagonia
14.76932389	37.20458353	-15.9197812	Ragusa-Palagonia
14.76607618	37.14504643	-15.7318779	Ragusa-Palagonia
14.73242905	37.31128823	-1	Ragusa-Palagonia
14.74116243	37.0837111	-7.8297749	Ragusa-Palagonia
14.74741491	37.2680288	-7.0619389	Ragusa-Palagonia
14.77426992	37.10698054	-19.2816562	Ragusa-Palagonia
14.73126299	37.28621328	-1.0000234	Ragusa-Palagonia
14.75569417	37.32642286	-9.0518973	Ragusa-Palagonia
14.75959063	37.06809891	-14.6708681	Ragusa-Palagonia
14.74358019	37.30871802	-5.0229296	Ragusa-Palagonia
14.74667193	37.14760177	-8.7575918	Ragusa-Palagonia
14.74514388	37.31613962	-5.4575966	Ragusa-Palagonia
14.74019768	36.99597191	-8.9153094	Ragusa-Palagonia
14.73539861	37.32536885	-1.8259423	Ragusa-Palagonia
14.75667066	37.22295339	-11.1010939	Ragusa-Palagonia
14.74596702	37.02463289	-10.5105959	Ragusa-Palagonia
14.72402521	36.9647017	-3.6413921	Ragusa-Palagonia
14.75884652	36.98764074	-15.7198037	Ragusa-Palagonia
14.72112419	37.063291	-1	Ragusa-Palagonia
14.72274841	37.06379261	-1.5723847	Ragusa-Palagonia
14.74962165	37.12290378	-10.2140268	Ragusa-Palagonia
14.73487365	37.14297571	-4.6176938	Ragusa-Palagonia
14.73275967	36.96843951	-6.7042448	Ragusa-Palagonia
14.72275803	37.0992181	-1	Ragusa-Palagonia
14.7259176	37.16869439	-1	Ragusa-Palagonia
14.7154345	36.93820053	-1	Ragusa-Palagonia
14.78422634	37.29514218	-19.7578271	Ragusa-Palagonia
14.73847389	37.03354598	-7.686395	Ragusa-Palagonia
14.75641785	36.97907796	-14.9912089	Ragusa-Palagonia
14.78021276	37.26471093	-18.8258588	Ragusa-Palagonia
14.76814215	37.11576693	-16.9483408	Ragusa-Palagonia
14.75308369	36.94340021	-14.3818457	Ragusa-Palagonia
14.71714124	36.97572973	-1	Ragusa-Palagonia
14.72365394	36.94391406	-3.8470288	Ragusa-Palagonia
14.75986831	37.2502886	-11.7972397	Ragusa-Palagonia
14.75884994	36.97894102	-15.8631831	Ragusa-Palagonia
14.764088	37.24895072	-13.3257417	Ragusa-Palagonia
14.77822878	37.31275146	-17.3228261	Ragusa-Palagonia
14.73175878	36.93776799	-6.8461152	Ragusa-Palagonia
14.77478365	37.08208469	-19.8725312	Ragusa-Palagonia
14.76060323	37.21206142	-12.6831746	Ragusa-Palagonia
14.76886094	37.14137141	-16.7868501	Ragusa-Palagonia
14.74960881	37.2985846	-7.3434157	Ragusa-Palagonia
14.72871093	37.23010123	-1	Ragusa-Palagonia
14.71930391	37.00409883	-1.312039	Ragusa-Palagonia
14.7310171	37.17844465	-2.6632041	Ragusa-Palagonia
14.7297789	37.03814882	-4.5029902	Ragusa-Palagonia
14.77213983	37.0992207	-18.6473886	Ragusa-Palagonia
14.73337908	37.07950273	-5.1165039	Ragusa-Palagonia
14.77528887	37.2723548	-16.9430586	Ragusa-Palagonia
14.73115024	37.03139039	-5.1032978	Ragusa-Palagonia
14.75488838	36.96573226	-14.6623794	Ragusa-Palagonia
14.71806793	36.9961102	-1	Ragusa-Palagonia
14.77099515	37.13019527	-17.7320239	Ragusa-Palagonia
14.76272881	36.94153622	-17.8621972	Ragusa-Palagonia
14.73718187	37.0927148	-6.2605224	Ragusa-Palagonia
14.7321889	37.30612767	-1	Ragusa-Palagonia
14.73486855	36.99429689	-7.0370366	Ragusa-Palagonia
14.72944903	37.24632198	-1	Ragusa-Palagonia
14.78198064	37.22733886	-20.0679804	Ragusa-Palagonia
14.72054002	36.94353419	-2.7394209	Ragusa-Palagonia
14.75682139	36.99698796	-14.8429248	Ragusa-Palagonia
14.72392554	37.09157755	-1.5414472	Ragusa-Palagonia
14.72595005	37.06894152	-2.633018	Ragusa-Palagonia
14.72137966	37.01407332	-1.8919726	Ragusa-Palagonia
14.73688194	36.95082469	-8.4657387	Ragusa-Palagonia
14.76148358	37.07094561	-15.3009848	Ragusa-Palagonia
14.74068684	37.14824746	-6.6087841	Ragusa-Palagonia
14.77192315	37.32594413	-14.8519799	Ragusa-Palagonia
14.73459077	37.22084119	-3.2503056	Ragusa-Palagonia
14.78462991	37.2698744	-20.3185156	Ragusa-Palagonia
14.74791295	37.30104851	-6.6970756	Ragusa-Palagonia
14.73652727	37.14213682	-5.2221523	Ragusa-Palagonia
14.74596052	37.30295221	-5.9684809	Ragusa-Palagonia
14.77384804	37.32641283	-15.5311464	Ragusa-Palagonia
14.73166532	37.10196371	-4.1385039	Ragusa-Palagonia
14.77300123	37.25722394	-16.3733134	Ragusa-Palagonia
14.73366566	37.17954528	-3.5913979	Ragusa-Palagonia
14.74688189	37.11154245	-9.4201558	Ragusa-Palagonia
14.74129842	37.24200992	-5.3011982	Ragusa-Palagonia
14.72715643	37.19593193	-1	Ragusa-Palagonia
14.77159753	37.27239465	-15.6245322	Ragusa-Palagonia
14.76784811	37.15096538	-16.2682304	Ragusa-Palagonia
14.72525282	36.95282835	-4.2737714	Ragusa-Palagonia
14.76097526	37.12213934	-14.2833667	Ragusa-Palagonia
14.72468103	37.14150334	-1	Ragusa-Palagonia
14.75052341	37.05669646	-11.6161286	Ragusa-Palagonia
14.72001385	36.96303976	-2.2338203	Ragusa-Palagonia
14.758762	37.20561177	-12.1307859	Ragusa-Palagonia
14.77285448	37.01270917	-20.3185156	Ragusa-Palagonia
14.77433427	37.21997684	-17.4577158	Ragusa-Palagonia
14.75271051	37.04805491	-12.5390405	Ragusa-Palagonia
14.75209637	36.97774302	-13.4676108	Ragusa-Palagonia
14.77761068	37.32553262	-16.8887255	Ragusa-Palagonia
14.73607985	37.15990729	-4.7731479	Ragusa-Palagonia
14.7448188	36.93413394	-11.5768878	Ragusa-Palagonia
14.75151616	37.18868855	-9.8186953	Ragusa-Palagonia
14.73007851	37.1025689	-3.5615898	Ragusa-Palagonia
14.77658654	37.1792533	-18.9277334	Ragusa-Palagonia
14.75749719	37.29819382	-10.1657306	Ragusa-Palagonia
14.73672371	37.10007277	-5.9769707	Ragusa-Palagonia
14.75577874	37.29310216	-9.6371118	Ragusa-Palagonia
14.73381545	37.190539	-3.4661298	Ragusa-Palagonia
14.77406776	37.28165807	-16.3552021	Ragusa-Palagonia
14.75323316	37.0149507	-13.2665034	Ragusa-Palagonia
14.73552059	36.98385183	-7.4403855	Ragusa-Palagonia
14.77493361	37.21138281	-17.8122031	Ragusa-Palagonia
14.72786468	37.03213067	-3.916643	Ragusa-Palagonia
14.73807352	37.17337481	-5.2662978	Ragusa-Palagonia
14.77600239	37.30704412	-16.6234731	Ragusa-Palagonia
14.72405095	37.0197138	-2.7552685	Ragusa-Palagonia
14.74384649	37.23535816	-6.3193838	Ragusa-Palagonia
14.76312597	37.27037349	-12.632992	Ragusa-Palagonia
14.72342366	36.99438371	-2.9431709	Ragusa-Palagonia
14.72868727	37.0186985	-4.429414	Ragusa-Palagonia
14.7441725	37.13185971	-8.121062	Ragusa-Palagonia
14.74604403	37.25770399	-6.740467	Ragusa-Palagonia
14.72733224	36.94732308	-5.1071655	Ragusa-Palagonia
14.76699178	36.94227765	-19.3748535	Ragusa-Palagonia
14.75713919	36.98685371	-15.1221377	Ragusa-Palagonia
14.78137036	37.26164837	-19.2892021	Ragusa-Palagonia
14.74489165	37.15766185	-7.9576843	Ragusa-Palagonia
14.74252976	37.3030982	-4.7414531	Ragusa-Palagonia
14.73582255	36.93824093	-8.2919853	Ragusa-Palagonia
14.73589944	36.97378353	-7.7399734	Ragusa-Palagonia
14.74352262	37.13801204	-7.7886474	Ragusa-Palagonia
14.7740498	37.30344746	-15.9865654	Ragusa-Palagonia
14.7603252	36.93367789	-17.1309609	Ragusa-Palagonia
14.7360584	36.99199572	-7.5000017	Ragusa-Palagonia
14.75139614	37.16932362	-10.0913995	Ragusa-Palagonia
14.72989934	36.98332982	-5.4387309	Ragusa-Palagonia
14.76591051	36.95364494	-18.8020883	Ragusa-Palagonia
14.74915819	37.05139538	-11.2146656	Ragusa-Palagonia
14.75593933	37.09318753	-12.9563505	Ragusa-Palagonia
14.77756701	37.12743419	-20.125332	Ragusa-Palagonia
14.77598786	37.24562801	-17.6290166	Ragusa-Palagonia
14.74344527	37.09552779	-8.4530988	Ragusa-Palagonia
14.77416531	37.19945066	-17.7327783	Ragusa-Palagonia
14.74094574	37.02336452	-8.7360844	Ragusa-Palagonia
14.73597662	37.01893283	-7.0317541	Ragusa-Palagonia
14.74985864	37.3173164	-7.1208003	Ragusa-Palagonia
14.73893308	37.2310474	-4.6349795	Ragusa-Palagonia
14.73761399	37.10710902	-6.1805312	Ragusa-Palagonia
14.76683071	37.08455072	-16.9898457	Ragusa-Palagonia
14.77706971	37.19989589	-18.7628471	Ragusa-Palagonia
14.73810024	37.27425347	-3.6351665	Ragusa-Palagonia
14.77247341	37.2494684	-16.3114336	Ragusa-Palagonia
14.75662263	37.08863823	-13.2748042	Ragusa-Palagonia
14.75432233	36.95790491	-14.5878598	Ragusa-Palagonia
14.73980477	37.23806815	-4.8320088	Ragusa-Palagonia
14.7387646	37.08004435	-7.0325088	Ragusa-Palagonia
14.77972707	37.17914136	-20.0513779	Ragusa-Palagonia
14.74004857	36.98645311	-9.0171843	Ragusa-Palagonia
14.75966677	37.08118276	-14.4844753	Ragusa-Palagonia
14.72207463	36.99873332	-2.3900283	Ragusa-Palagonia
14.78498568	37.27764354	-20.3185156	Ragusa-Palagonia
14.7170724	36.93877419	-1.5765371	Ragusa-Palagonia
14.73928882	37.12401029	-6.5038906	Ragusa-Palagonia
14.76247962	36.99415303	-16.9124961	Ragusa-Palagonia
14.76464951	37.16559537	-14.8866928	Ragusa-Palagonia
14.74157425	37.32286271	-4.0717197	Ragusa-Palagonia
14.73948728	36.9662338	-9.146226	Ragusa-Palagonia
14.76217181	37.15431347	-14.1856416	Ragusa-Palagonia
14.72424105	37.10863089	-1.3769375	Ragusa-Palagonia
14.74257034	36.97726732	-10.0687598	Ragusa-Palagonia
14.75736756	37.2613475	-10.7241564	Ragusa-Palagonia
14.7283615	36.98927478	-4.7920136	Ragusa-Palagonia
14.74159677	37.07190847	-8.1772817	Ragusa-Palagonia
14.71785085	36.96469279	-1.4333457	Ragusa-Palagonia
14.76818112	37.31181963	-13.7521074	Ragusa-Palagonia
14.72544	36.94272325	-4.5052544	Ragusa-Palagonia
14.74320074	36.93418149	-10.9973323	Ragusa-Palagonia
14.74271136	37.12558926	-7.7011103	Ragusa-Palagonia
14.72290994	37.08607718	-1.2678925	Ragusa-Palagonia
14.74803152	36.94639822	-12.5258344	Ragusa-Palagonia
14.78310426	37.23655036	-20.3185156	Ragusa-Palagonia
14.77708153	37.16927328	-19.2676943	Ragusa-Palagonia
14.73315993	37.18500372	-3.3219951	Ragusa-Palagonia
14.73067499	37.27328255	-1	Ragusa-Palagonia
14.76617389	37.0739257	-16.9287207	Ragusa-Palagonia
14.73195362	37.30107117	-1	Ragusa-Palagonia
14.74240048	37.19997247	-6.3789995	Ragusa-Palagonia
14.77800065	37.25833037	-18.1402783	Ragusa-Palagonia
14.74503181	37.07019319	-9.4329843	Ragusa-Palagonia
14.73481796	37.0394527	-6.2831616	Ragusa-Palagonia
14.73647304	37.02857315	-7.0521289	Ragusa-Palagonia
14.78171011	37.29341508	-18.8884931	Ragusa-Palagonia
14.74080516	37.22616994	-5.3828886	Ragusa-Palagonia
14.71983311	36.96954768	-2.0632734	Ragusa-Palagonia
14.75354959	36.93387729	-14.7040727	Ragusa-Palagonia
14.75189556	37.31685882	-7.8554321	Ragusa-Palagonia
14.74264168	36.94414876	-10.6347328	Ragusa-Palagonia
14.73525696	37.2854457	-2.4383388	Ragusa-Palagonia
14.76629209	36.94771259	-19.0356464	Ragusa-Palagonia
14.74092621	37.13146316	-6.9676103	Ragusa-Palagonia
14.77510723	37.26630334	-16.9770171	Ragusa-Palagonia
14.72008589	36.98161897	-1.957248	Ragusa-Palagonia
14.78353868	37.26316746	-20.0385488	Ragusa-Palagonia
14.74398811	37.18612286	-7.1715493	Ragusa-Palagonia
14.72586669	36.96354215	-4.3188608	Ragusa-Palagonia
14.73879621	37.18279465	-5.3711914	Ragusa-Palagonia
14.72173622	37.05790609	-1.3063798	Ragusa-Palagonia
14.74880499	36.98715262	-12.1370114	Ragusa-Palagonia
14.74203583	37.06676425	-8.4180073	Ragusa-Palagonia
14.75016823	36.96036263	-13.0619987	Ragusa-Palagonia
14.74719593	36.99148899	-11.4908601	Ragusa-Palagonia
14.75402583	37.32501686	-8.4798881	Ragusa-Palagonia
14.74804421	37.17925012	-8.7323117	Ragusa-Palagonia
14.74997856	37.09675438	-10.7679249	Ragusa-Palagonia
14.76094607	37.26165384	-11.9968392	Ragusa-Palagonia
14.73350518	37.31941878	-1.2490283	Ragusa-Palagonia
14.7465256	37.05791369	-10.1672399	Ragusa-Palagonia
14.75903064	37.26110949	-11.321823	Ragusa-Palagonia
14.74863799	37.08246082	-10.5219156	Ragusa-Palagonia
14.75556122	37.12778028	-12.256809	Ragusa-Palagonia
14.78343871	37.24385213	-20.3185156	Ragusa-Palagonia
14.76613062	37.24885816	-14.0566005	Ragusa-Palagonia
14.76031896	37.15483167	-13.5152473	Ragusa-Palagonia
14.74703611	37.10038935	-9.6571102	Ragusa-Palagonia
14.72585953	37.03466094	-3.1586181	Ragusa-Palagonia
14.73718349	37.01193295	-7.577351	Ragusa-Palagonia
14.73109489	37.22332973	-1.9613984	Ragusa-Palagonia
14.72668121	37.15667269	-1.4680595	Ragusa-Palagonia
14.76847694	36.93998142	-19.9436543	Ragusa-Palagonia
14.72831954	36.93706403	-5.6273886	Ragusa-Palagonia
14.76004581	37.02585814	-15.5239775	Ragusa-Palagonia
14.73212105	37.10916493	-4.1841587	Ragusa-Palagonia
14.73770007	37.31292854	-2.854125	Ragusa-Palagonia
14.76320574	37.02985281	-16.5883828	Ragusa-Palagonia
14.75234486	37.24686654	-9.1666009	Ragusa-Palagonia
14.73918644	37.13390866	-6.3061777	Ragusa-Palagonia
14.73899194	37.10301045	-6.7397124	Ragusa-Palagonia
14.74269121	37.2771997	-5.2263027	Ragusa-Palagonia
14.75518424	37.15107259	-11.7421507	Ragusa-Palagonia
14.7283657	37.04317884	-3.9158886	Ragusa-Palagonia
14.78558555	37.29062571	-20.3185156	Ragusa-Palagonia
14.72933167	37.19881354	-1.7301045	Ragusa-Palagonia
14.77181627	36.99003226	-20.3185156	Ragusa-Palagonia
14.76396048	37.07314756	-16.1503203	Ragusa-Palagonia
14.7811448	37.27247978	-19.0316845	Ragusa-Palagonia
14.75354147	37.11059562	-11.8153502	Ragusa-Palagonia
14.7627323	37.06404847	-15.8599746	Ragusa-Palagonia
14.7286815	37.09324142	-3.214083	Ragusa-Palagonia
14.76628778	37.02374471	-17.7901298	Ragusa-Palagonia
14.77806572	37.21967132	-18.7952968	Ragusa-Palagonia
14.74315928	37.1078941	-8.1493603	Ragusa-Palagonia
14.7781056	37.14141316	-20.0891093	Ragusa-Palagonia
14.73643921	37.22418225	-3.8560839	Ragusa-Palagonia
14.77113218	36.97508634	-20.3185146	Ragusa-Palagonia
14.73923078	37.25279883	-4.3875317	Ragusa-Palagonia
14.73157177	37.0170135	-5.4881591	Ragusa-Palagonia
14.73508083	36.9664972	-7.5660317	Ragusa-Palagonia
14.7345633	37.0624858	-5.8168003	Ragusa-Palagonia
14.74429311	36.98223549	-10.6037922	Ragusa-Palagonia
14.73010988	37.23455854	-1.4271211	Ragusa-Palagonia
14.74582209	37.14045343	-8.5704438	Ragusa-Palagonia
14.74506137	37.04602387	-9.837844	Ragusa-Palagonia
14.77513726	37.15243614	-18.8483086	Ragusa-Palagonia
14.72793582	36.9605016	-5.1083916	Ragusa-Palagonia
14.75168607	37.02012627	-12.6288413	Ragusa-Palagonia
14.7167537	36.96721083	-1	Ragusa-Palagonia
14.77210539	37.02101013	-19.91479	Ragusa-Palagonia
14.78108451	37.314059	-18.3202578	Ragusa-Palagonia
14.74750345	37.19333513	-8.3097192	Ragusa-Palagonia
14.78532461	37.28504728	-20.3185312	Ragusa-Palagonia
14.76990996	37.32697847	-14.1162163	Ragusa-Palagonia
14.74581678	37.09120361	-9.3711057	Ragusa-Palagonia
14.75751046	36.93376075	-16.1227763	Ragusa-Palagonia
14.73911337	37.20276559	-5.1595185	Ragusa-Palagonia
14.771494	37.20809819	-16.6374336	Ragusa-Palagonia
14.73098832	37.1543192	-3.0450454	Ragusa-Palagonia
14.73614579	37.27257452	-2.9646777	Ragusa-Palagonia
14.74482814	36.99181361	-10.6388833	Ragusa-Palagonia
14.76513076	37.06708627	-16.6676181	Ragusa-Palagonia
14.77114875	37.24177822	-15.9639253	Ragusa-Palagonia
14.7403154	36.93756266	-9.9100998	Ragusa-Palagonia
14.76070524	37.10354001	-14.4905124	Ragusa-Palagonia
14.76384386	37.15748487	-14.731239	Ragusa-Palagonia
14.74097801	36.95559501	-9.8529366	Ragusa-Palagonia
14.77295926	37.04067303	-19.8981875	Ragusa-Palagonia
14.76945893	37.11135659	-17.4909199	Ragusa-Palagonia
14.7694155	37.13165299	-17.14379	Ragusa-Palagonia
14.72672627	36.97539673	-4.4331865	Ragusa-Palagonia
14.74228727	36.9701977	-10.08291	Ragusa-Palagonia
14.71749532	36.98351648	-1	Ragusa-Palagonia
14.76785158	37.26848738	-14.3509062	Ragusa-Palagonia
14.78073404	37.18480036	-20.3185156	Ragusa-Palagonia
14.73490817	37.24916201	-2.9031757	Ragusa-Palagonia
14.76296952	37.04545701	-16.2487993	Ragusa-Palagonia
14.76954922	37.13720909	-17.1007763	Ragusa-Palagonia
14.74428553	37.30439102	-5.346666	Ragusa-Palagonia
14.76799121	37.24887538	-14.7206745	Ragusa-Palagonia
14.74732964	37.31885178	-6.1926064	Ragusa-Palagonia
14.76351075	36.93358411	-18.2719609	Ragusa-Palagonia
14.75135966	37.28079005	-8.2625546	Ragusa-Palagonia
14.76483528	37.01208857	-17.4614892	Ragusa-Palagonia
14.72928101	37.00453264	-4.8723813	Ragusa-Palagonia
14.76500929	37.22903863	-13.9796284	Ragusa-Palagonia
14.74061878	37.00835307	-8.8639946	Ragusa-Palagonia
14.75642631	37.10033602	-13.0137026	Ragusa-Palagonia
14.72327194	37.00398923	-2.7326294	Ragusa-Palagonia
14.75782505	37.16820431	-12.4062257	Ragusa-Palagonia
14.74810051	37.22302492	-8.039373	Ragusa-Palagonia
14.72791336	36.93463014	-5.5217402	Ragusa-Palagonia
14.72719979	37.07385808	-2.999768	Ragusa-Palagonia
14.74452889	37.27227724	-5.9624438	Ragusa-Palagonia
14.78061272	37.21251201	-19.8219707	Ragusa-Palagonia
14.76121094	37.14826303	-13.9411421	Ragusa-Palagonia
14.72482409	37.04738833	-2.5813261	Ragusa-Palagonia
14.74435349	37.10217695	-8.6693	Ragusa-Palagonia
14.76850672	37.12106208	-16.9921093	Ragusa-Palagonia
14.72755037	37.20459248	-1	Ragusa-Palagonia
14.75788561	36.98286793	-15.4541743	Ragusa-Palagonia
14.76867573	37.27442691	-14.5482417	Ragusa-Palagonia
14.77001592	37.06990704	-18.3676093	Ragusa-Palagonia
14.74517525	37.11450036	-8.762119	Ragusa-Palagonia
14.74740573	37.09562406	-9.8668972	Ragusa-Palagonia
14.77062396	37.01705169	-19.4499375	Ragusa-Palagonia
14.74669389	37.23458281	-7.3487922	Ragusa-Palagonia
14.72211016	37.04745304	-1.6101181	Ragusa-Palagonia
14.77592977	37.18976142	-18.5213662	Ragusa-Palagonia
14.732519	37.15722708	-3.5446098	Ragusa-Palagonia
14.76928168	36.98606467	-19.4771045	Ragusa-Palagonia
14.72142417	37.00636581	-2.0332773	Ragusa-Palagonia
14.74442732	37.22337076	-6.7219785	Ragusa-Palagonia
14.77073486	36.96641066	-20.3185156	Ragusa-Palagonia
14.72503797	37.00856939	-3.2895459	Ragusa-Palagonia
14.75826228	36.99263541	-15.4292714	Ragusa-Palagonia
14.7317476	37.27562684	-1.3448671	Ragusa-Palagonia
14.73580099	37.04494859	-6.545018	Ragusa-Palagonia
14.77229305	37.30469307	-15.3387158	Ragusa-Palagonia
14.77054604	37.24995582	-15.615288	Ragusa-Palagonia
14.72216245	37.02127961	-2.0545937	Ragusa-Palagonia
14.73566254	37.0593223	-6.2612773	Ragusa-Palagonia
14.72722498	37.08841415	-2.772059	Ragusa-Palagonia
14.76031526	36.99627368	-16.1039101	Ragusa-Palagonia
14.72375181	37.03243415	-2.4413427	Ragusa-Palagonia
14.73149235	36.97341235	-6.1699668	Ragusa-Palagonia
14.73923256	37.04296177	-7.8041174	Ragusa-Palagonia
14.7655602	37.16046871	-15.2957021	Ragusa-Palagonia
14.75070574	37.21374561	-9.1209459	Ragusa-Palagonia
14.76392206	37.05769529	-16.3891601	Ragusa-Palagonia
14.73641802	37.23110503	-3.7359091	Ragusa-Palagonia
14.75417061	37.10360935	-12.1541794	Ragusa-Palagonia
14.76024391	36.9609495	-16.6559218	Ragusa-Palagonia
14.74201288	37.14473967	-7.139666	Ragusa-Palagonia
14.74578651	37.16619596	-8.1384184	Ragusa-Palagonia
14.73991079	37.18878026	-5.6719116	Ragusa-Palagonia
14.73273548	37.09791977	-4.5867539	Ragusa-Palagonia
14.7362294	37.17803995	-4.531666	Ragusa-Palagonia
14.76862339	37.06580691	-17.9369052	Ragusa-Palagonia
14.7824017	37.22121532	-20.3185156	Ragusa-Palagonia
14.7531119	37.12251717	-11.4674665	Ragusa-Palagonia
14.73576033	37.15219371	-4.7844668	Ragusa-Palagonia
14.74180313	37.23496748	-5.5960713	Ragusa-Palagonia
14.72786124	37.2114266	-1	Ragusa-Palagonia
14.75775247	37.09423553	-13.5872209	Ragusa-Palagonia
14.76132913	37.19541142	-13.2140564	Ragusa-Palagonia
14.74676812	37.21041983	-7.7688383	Ragusa-Palagonia
14.76523635	37.28352584	-13.1721933	Ragusa-Palagonia
14.73981118	37.00302383	-8.6621312	Ragusa-Palagonia
14.72094957	37.03505309	-1.3969345	Ragusa-Palagonia
14.75115112	37.22237245	-9.1394343	Ragusa-Palagonia
14.76520652	36.93738027	-18.8164267	Ragusa-Palagonia
14.74355479	37.20696498	-6.6774555	Ragusa-Palagonia
14.76459465	37.07873065	-16.2857763	Ragusa-Palagonia
14.77829933	37.13162039	-20.3185156	Ragusa-Palagonia
14.73361477	37.22836494	-2.7794165	Ragusa-Palagonia
14.75704751	37.05248594	-14.0169824	Ragusa-Palagonia
14.77514139	37.16738384	-18.6055073	Ragusa-Palagonia
14.77976549	37.31876263	-17.7708872	Ragusa-Palagonia
14.73371992	36.95078171	-7.3354924	Ragusa-Palagonia
14.78038317	37.28013313	-18.6349541	Ragusa-Palagonia
14.73909968	37.28057106	-3.8892885	Ragusa-Palagonia
14.77133114	37.21996711	-16.3853877	Ragusa-Palagonia
14.72606229	36.95836157	-4.4731826	Ragusa-Palagonia
14.75979665	37.17205895	-13.0476609	Ragusa-Palagonia
14.77152208	36.98360467	-20.3185156	Ragusa-Palagonia
14.73335862	37.2048929	-3.0695713	Ragusa-Palagonia
14.76808206	37.02792261	-18.3632714	Ragusa-Palagonia
14.76787652	37.15888764	-16.149	Ragusa-Palagonia
14.77055128	37.14948794	-17.2581162	Ragusa-Palagonia
14.77845846	37.2312258	-18.746623	Ragusa-Palagonia
14.77364768	37.28637566	-16.1280766	Ragusa-Palagonia
14.71914461	36.95761558	-2.0112031	Ragusa-Palagonia
14.76067703	37.29161441	-11.4104958	Ragusa-Palagonia
14.72476162	36.98067913	-3.6445986	Ragusa-Palagonia
14.75938231	37.13653099	-13.479309	Ragusa-Palagonia
14.76537345	37.03580292	-17.26604	Ragusa-Palagonia
14.73370816	37.05461055	-5.6394629	Ragusa-Palagonia
14.76283169	36.97901683	-17.2858486	Ragusa-Palagonia
14.75685131	37.03214344	-14.2792163	Ragusa-Palagonia
14.77981158	37.2583914	-18.7858637	Ragusa-Palagonia
14.7547016	37.28680707	-9.3575429	Ragusa-Palagonia
14.74768234	37.03432854	-10.9656379	Ragusa-Palagonia
14.74550828	36.94233226	-11.6897049	Ragusa-Palagonia
14.7471078	37.27439144	-6.8487556	Ragusa-Palagonia
14.76860774	36.95499831	-19.7446211	Ragusa-Palagonia
14.72546308	37.12477586	-1.5512578	Ragusa-Palagonia
14.74386317	37.03320484	-9.6186241	Ragusa-Palagonia
14.73327371	37.03088028	-5.8707563	Ragusa-Palagonia
14.76356839	37.31561015	-12.0424943	Ragusa-Palagonia
14.77199063	37.00785598	-20.0891093	Ragusa-Palagonia
14.73085211	37.2480484	-1.4729629	Ragusa-Palagonia
14.73962435	37.29509512	-3.8374067	Ragusa-Palagonia
14.74208407	37.11905394	-7.5833881	Ragusa-Palagonia
14.74393588	37.03875383	-9.5541032	Ragusa-Palagonia
14.76025691	37.07455064	-14.803684	Ragusa-Palagonia
14.77244303	37.08292483	-19.0222519	Ragusa-Palagonia
14.74325842	37.1556128	-7.407559	Ragusa-Palagonia
14.74053169	36.97811865	-9.3258275	Ragusa-Palagonia
14.74372674	37.19476815	-6.9374253	Ragusa-Palagonia
14.71567216	36.94342809	-1	Ragusa-Palagonia
14.74083307	37.01707711	-8.7983418	Ragusa-Palagonia
14.76624667	37.18778623	-15.0949707	Ragusa-Palagonia
14.76468898	36.94347744	-18.5315537	Ragusa-Palagonia
14.77168104	37.13653228	-17.8735171	Ragusa-Palagonia
14.74575226	37.29172175	-6.080917	Ragusa-Palagonia
14.7697936	37.15409613	-16.9121181	Ragusa-Palagonia
14.7614213	37.00202439	-16.4053847	Ragusa-Palagonia
14.76239705	37.24126144	-12.8473056	Ragusa-Palagonia
14.75766398	37.32495605	-9.7793602	Ragusa-Palagonia
14.76919226	37.03419325	-18.6575771	Ragusa-Palagonia
14.76272147	37.28561934	-12.2400351	Ragusa-Palagonia
14.75068439	37.15332439	-10.0978135	Ragusa-Palagonia
14.72822433	37.18629418	-1.5380507	Ragusa-Palagonia
14.73286693	37.32069657	-1	Ragusa-Palagonia
14.72984757	37.12880481	-3.0524033	Ragusa-Palagonia
14.726836	37.18888829	-1	Ragusa-Palagonia
14.73369302	37.17306862	-3.7064785	Ragusa-Palagonia
14.73095751	36.95083819	-6.3465507	Ragusa-Palagonia
14.73195817	37.12514944	-3.8659887	Ragusa-Palagonia
14.71622121	36.95550294	-1	Ragusa-Palagonia
14.75111623	37.11960266	-10.8018832	Ragusa-Palagonia
14.7293687	37.21504562	-1.4795664	Ragusa-Palagonia
14.73438396	37.027938	-6.3156103	Ragusa-Palagonia
14.76011235	36.93972883	-16.9558872	Ragusa-Palagonia
14.76966284	36.94299393	-20.3185156	Ragusa-Palagonia
14.7269014	37.12257268	-2.1010058	Ragusa-Palagonia
14.76605689	37.31562696	-12.9304104	Ragusa-Palagonia
14.71892967	36.93489338	-2.304	Ragusa-Palagonia
14.76826561	37.22945231	-15.1357207	Ragusa-Palagonia
14.74835541	36.95291506	-12.5352673	Ragusa-Palagonia
14.76081457	37.20570176	-12.8623994	Ragusa-Palagonia
14.77365827	37.18603703	-17.7708867	Ragusa-Palagonia
14.74440935	37.12016849	-8.3961242	Ragusa-Palagonia
14.75622174	37.05822885	-13.6279707	Ragusa-Palagonia
14.72805744	37.06825232	-3.3974565	Ragusa-Palagonia
14.74292431	37.31760069	-4.6410869	Ragusa-Palagonia
14.75452382	37.18979879	-10.8748937	Ragusa-Palagonia
14.78205805	37.23382611	-19.989499	Ragusa-Palagonia
14.73044474	37.23991829	-1.4595693	Ragusa-Palagonia
14.767586	37.32620502	-13.299707	Ragusa-Palagonia
14.78100881	37.19080067	-20.3185156	Ragusa-Palagonia
14.76773239	37.1662609	-15.9771328	Ragusa-Palagonia
14.75102911	37.13801415	-10.4706009	Ragusa-Palagonia
14.74521817	37.12558767	-8.5968559	Ragusa-Palagonia
14.75910069	37.14793627	-13.1925498	Ragusa-Palagonia
14.76779945	37.32018692	-13.4762905	Ragusa-Palagonia
14.7339308	36.93673914	-7.6397968	Ragusa-Palagonia
14.74586729	37.19931591	-7.6279109	Ragusa-Palagonia
14.71650884	36.9618274	-1	Ragusa-Palagonia
14.7450739	37.28080429	-6.0182856	Ragusa-Palagonia
14.73046919	36.9624194	-5.9831963	Ragusa-Palagonia
14.76405502	37.28932606	-12.654504	Ragusa-Palagonia
14.73430137	36.93444276	-7.8097771	Ragusa-Palagonia
14.74091174	37.29205252	-4.3475356	Ragusa-Palagonia
14.74781754	37.14030348	-9.2858325	Ragusa-Palagonia
14.76390082	37.20681924	-13.9464245	Ragusa-Palagonia
14.77044044	37.20041066	-16.386707	Ragusa-Palagonia
14.74287835	37.04699014	-9.0417098	Ragusa-Palagonia
14.76132705	37.24813412	-12.3532131	Ragusa-Palagonia
14.75654356	37.17534831	-11.8319526	Ragusa-Palagonia
14.73888663	37.25974747	-4.1517104	Ragusa-Palagonia
14.78103606	37.21901677	-19.8667763	Ragusa-Palagonia
14.73312317	37.14318373	-3.9888994	Ragusa-Palagonia
14.72147582	37.07102034	-0.999999	Ragusa-Palagonia
14.75028512	37.2364362	-8.6010063	Ragusa-Palagonia
14.74889454	37.23247497	-8.1689809	Ragusa-Palagonia
14.73255964	37.29575174	-1.3046826	Ragusa-Palagonia
14.77512863	37.29033247	-16.5906499	Ragusa-Palagonia
14.7571774	37.23462829	-11.091661	Ragusa-Palagonia
14.75008735	36.97562706	-12.7837287	Ragusa-Palagonia
14.75399927	37.25026475	-9.7020107	Ragusa-Palagonia
14.76899185	37.12631427	-17.0796464	Ragusa-Palagonia
14.75083961	37.00156863	-12.6292186	Ragusa-Palagonia
14.76852041	37.01201935	-18.7802041	Ragusa-Palagonia
14.75543202	37.3207612	-9.0526519	Ragusa-Palagonia
14.72493004	36.93471758	-4.4531845	Ragusa-Palagonia
14.75970236	37.29785845	-10.9584692	Ragusa-Palagonia
14.77687829	37.2756334	-17.4569614	Ragusa-Palagonia
14.76747814	37.09616854	-17.0313505	Ragusa-Palagonia
14.75013435	37.27581048	-7.9061809	Ragusa-Palagonia
14.76532724	37.06095203	-16.838165	Ragusa-Palagonia
14.76619997	37.17067895	-15.357582	Ragusa-Palagonia
14.77330147	37.16475167	-17.9912392	Ragusa-Palagonia
14.78201395	37.28799637	-19.0877363	Ragusa-Palagonia
14.76366987	37.10579898	-15.5130351	Ragusa-Palagonia
14.76755146	37.10885105	-16.8502387	Ragusa-Palagonia
14.73716288	37.1874043	-4.7127773	Ragusa-Palagonia
14.75443148	37.02972331	-13.4536516	Ragusa-Palagonia
14.72994988	36.95465588	-5.923958	Ragusa-Palagonia
14.73776033	37.21462403	-4.4833701	Ragusa-Palagonia
14.75093346	37.20556046	-9.3356381	Ragusa-Palagonia
14.73693904	37.27846098	-3.1522021	Ragusa-Palagonia
14.77123803	37.14307692	-17.6082646	Ragusa-Palagonia
14.72911213	37.23891597	-1	Ragusa-Palagonia
14.73082965	37.25669968	-1.3244902	Ragusa-Palagonia
14.74122252	37.28676417	-4.5464018	Ragusa-Palagonia
14.75039803	37.10409418	-10.79811	Ragusa-Palagonia
14.73152051	37.13812495	-3.4985781	Ragusa-Palagonia
14.77320024	37.13239109	-18.4840122	Ragusa-Palagonia
14.77551625	37.26089674	-17.2113296	Ragusa-Palagonia
14.73155352	37.21075064	-2.3296572	Ragusa-Palagonia
14.73772238	37.21945032	-4.3913051	Ragusa-Palagonia
14.77937639	37.30109867	-17.9270957	Ragusa-Palagonia
14.74566382	36.96584964	-11.3614411	Ragusa-Palagonia
14.76570404	37.32626997	-12.6269549	Ragusa-Palagonia
14.73741255	37.11576025	-5.9677265	Ragusa-Palagonia
14.73409568	37.07049085	-5.5192871	Ragusa-Palagonia
14.73013902	37.26149777	-1	Ragusa-Palagonia
14.74671631	37.18425103	-8.1765271	Ragusa-Palagonia
14.76583395	37.30695904	-12.9954028	Ragusa-Palagonia
14.75316542	37.27014482	-9.0805732	Ragusa-Palagonia
14.74962242	36.93399278	-13.2974433	Ragusa-Palagonia
14.77413138	37.23557201	-17.130395	Ragusa-Palagonia
14.73835735	37.22420451	-4.5407216	Ragusa-Palagonia
14.78223669	37.30597368	-18.8666093	Ragusa-Palagonia
14.78720929	37.32528991	-20.3185156	Ragusa-Palagonia
14.74054925	37.17912181	-6.0571499	Ragusa-Palagonia
14.7397664	37.2662814	-4.3596108	Ragusa-Palagonia
14.77385925	37.03465086	-20.3185156	Ragusa-Palagonia
14.73190146	37.06932947	-4.7539038	Ragusa-Palagonia
14.76020105	37.01983516	-15.6779218	Ragusa-Palagonia
14.73650734	37.13458165	-5.3379882	Ragusa-Palagonia
14.71650256	36.93496448	-1.434667	Ragusa-Palagonia
14.76987976	37.06216804	-18.4455263	Ragusa-Palagonia
14.78455043	37.30217667	-19.7559404	Ragusa-Palagonia
14.72769023	37.02454424	-3.9777685	Ragusa-Palagonia
14.76148491	37.30576682	-11.4629387	Ragusa-Palagonia
14.77821881	37.24353065	-18.4598623	Ragusa-Palagonia
14.76199334	37.17445689	-13.7932348	Ragusa-Palagonia
14.76433593	37.15046754	-15.0215825	Ragusa-Palagonia
14.75815604	37.01307631	-15.0572392	Ragusa-Palagonia
14.76715841	37.20514339	-15.1372299	Ragusa-Palagonia
14.78281039	37.26801226	-19.6993437	Ragusa-Palagonia
14.72630549	37.10053904	-2.2462714	Ragusa-Palagonia
14.75499716	36.99475244	-14.2271467	Ragusa-Palagonia
14.75576173	37.22741318	-10.7037814	Ragusa-Palagonia
14.75904958	37.08726959	-14.1645127	Ragusa-Palagonia
14.77643664	37.12197888	-19.8106513	Ragusa-Palagonia
14.73514882	37.24184046	-3.1080571	Ragusa-Palagonia
14.75678178	37.13827659	-12.5216839	Ragusa-Palagonia
14.74336032	37.08928878	-8.5244111	Ragusa-Palagonia
14.76954728	37.097271	-17.7527758	Ragusa-Palagonia
14.73756571	37.28974889	-3.1914467	Ragusa-Palagonia
14.74889284	37.18866256	-8.8821057	Ragusa-Palagonia
