19.212147	40.52099999	-1.0000002	Sazani
19.22011744	40.5266577	-1.6514758	Sazani
20.04820447	40.0827512	-14.4324905	Sazani
19.50505323	40.32227069	-9.4826277	Sazani
19.75541283	40.11609154	-8.2145071	Sazani
19.34541852	40.47982457	-7.9245723	Sazani
19.27461951	40.45050429	-2.8007971	Sazani
19.72050761	40.12344731	-7.4506455	Sazani
19.41743215	40.30522064	-4.5588181	Sazani
19.44167963	40.38561257	-9.6427583	Sazani
19.8038653	40.17238673	-13.6037551	Sazani
19.39591703	40.3883286	-7.6295777	Sazani
19.35322715	40.48755321	-8.6355678	Sazani
19.34558159	40.30984543	-1.4187156	Sazani
19.23277271	40.53563898	-2.6857781	Sazani
19.58546661	40.32011622	-13.066154	Sazani
19.46328173	40.25836168	-4.3723332	Sazani
19.62081954	40.12754229	-3.9047759	Sazani
19.70590604	40.1074839	-5.898285	Sazani
19.69416046	40.03874315	-1.0000002	Sazani
19.27085529	40.44029014	-2.2761203	Sazani
19.33950247	40.40799596	-5.1835928	Sazani
19.57339041	40.25646467	-9.1056565	Sazani
19.40365865	40.57030471	-14.1571238	Sazani
19.8018867	39.99967221	-1.1746218	Sazani
19.49390686	40.17061744	-0.9999607	Sazani
19.49573539	40.26843303	-6.3797058	Sazani
19.64876181	40.07322707	-1.6353288	Sazani
19.44920081	40.3104094	-6.294694	Sazani
19.54261115	40.23360867	-6.5354363	Sazani
19.34143935	40.37963677	-4.3492195	Sazani
19.33554042	40.42273529	-5.4457641	Sazani
19.34596253	40.4936047	-8.4147104	Sazani
19.24826488	40.54663057	-3.9517905	Sazani
19.88292108	40.0731016	-8.9824653	Sazani
19.31801881	40.45289206	-5.4352412	Sazani
19.83113224	40.01434746	-3.1079519	Sazani
19.26466327	40.55826145	-5.2916804	Sazani
19.61297918	40.28162062	-12.179509	Sazani
19.67951197	40.12997063	-6.3880903	Sazani
19.3181261	40.43271363	-4.7679197	Sazani
19.66482349	40.2328096	-11.662039	Sazani
19.8403483	40.14051236	-12.8072141	Sazani
19.28755468	40.4489651	-3.5363865	Sazani
19.9623744	40.0218339	-7.4207302	Sazani
19.89182099	40.00765118	-4.3423808	Sazani
19.78376749	40.05265958	-4.6183784	Sazani
19.30149906	40.5622806	-7.6650333	Sazani
19.27666557	40.56677192	-6.2722519	Sazani
19.48140472	40.19823144	-1.9768752	Sazani
19.60738896	40.2668585	-11.1314568	Sazani
19.87227754	40.02339047	-4.9607265	Sazani
19.52338212	40.21318278	-4.5931716	Sazani
19.86196958	40.10257673	-10.5878791	Sazani
19.75273981	40.19581269	-13.2571477	Sazani
19.3388346	40.35855647	-3.491759	Sazani
19.28702466	40.57411563	-7.1184991	Sazani
19.41909408	40.41990515	-10.2009348	Sazani
19.82160568	39.98979429	-1.00005	Sazani
19.55503867	40.13987142	-1.8483479	Sazani
19.2975629	40.45266554	-4.2407317	Sazani
19.42777231	40.26927113	-3.259177	Sazani
19.45363029	40.37197786	-9.5346669	Sazani
19.29689132	40.58110885	-7.9244477	Sazani
19.75494724	40.02033931	-1.3780344	Sazani
19.53131862	40.14241971	-1.0000002	Sazani
19.27610353	40.54310137	-5.5565525	Sazani
19.61634327	40.25074305	-10.6328135	Sazani
19.79788578	40.10185967	-8.7014351	Sazani
19.69014124	40.11772415	-5.985932	Sazani
19.67941455	40.18299514	-9.4712828	Sazani
19.30774556	40.5888005	-8.8109924	Sazani
19.27171045	40.4117638	-1.3744187	Sazani
19.65793404	40.15866083	-7.2053926	Sazani
19.95166905	40.08563368	-11.8864587	Sazani
19.55144801	40.18768172	-4.3857803	Sazani
19.50929741	40.30303009	-8.7271965	Sazani
19.52095451	40.16898734	-2.0602703	Sazani
19.74070317	40.16429601	-10.8023599	Sazani
19.54994341	40.29630875	-10.2391057	Sazani
19.434843	40.24470547	-2.3717419	Sazani
19.76006447	40.04073476	-3.0490286	Sazani
19.39731857	40.26363448	-1.5620666	Sazani
19.32041015	40.59777285	-9.8452949	Sazani
19.50209988	40.21913347	-4.0061562	Sazani
19.56779965	40.31144875	-11.8307844	Sazani
19.62349846	40.08992987	-1.7945535	Sazani
19.7984752	40.02670705	-3.0984045	Sazani
19.69049654	40.09968246	-4.8413923	Sazani
19.55798349	40.37244623	-14.4324968	Sazani
19.63016729	40.10869895	-3.2364607	Sazani
19.33307607	40.60674391	-10.8795964	Sazani
19.54363722	40.17749614	-3.4866013	Sazani
19.39747832	40.49566129	-11.4739831	Sazani
19.87583298	40.03669664	-6.0573448	Sazani
19.40143511	40.45551919	-10.3641306	Sazani
19.45775962	40.38514642	-10.3741985	Sazani
19.34393364	40.6144324	-11.7661404	Sazani
19.87788609	40.01330583	-4.3668367	Sazani
19.42298618	40.53996258	-14.4326213	Sazani
19.58725878	40.25914408	-9.8465503	Sazani
19.53410919	40.19248756	-3.920043	Sazani
19.69195534	40.1757237	-9.586719	Sazani
19.23499681	40.4723357	-1.0000442	Sazani
19.71900309	40.05426915	-2.8872356	Sazani
19.73309362	40.10907749	-6.9678381	Sazani
19.64482878	40.15143266	-6.2512646	Sazani
19.34986964	40.46723368	-7.7623918	Sazani
19.54783269	40.30848961	-10.7926116	Sazani
19.35886443	40.62500248	-12.9851404	Sazani
19.40917703	40.30887621	-4.3550801	Sazani
19.60282736	40.08923929	-1.0000002	Sazani
19.77939356	40.04349106	-3.8078191	Sazani
19.37622214	40.38912915	-6.6856068	Sazani
19.65575169	40.06734369	-1.5100525	Sazani
19.40912882	40.48864524	-11.9159978	Sazani
19.54144963	40.28987779	-9.5233942	Sazani
19.74935041	40.13479466	-9.221035	Sazani
19.70824999	40.13172787	-7.5391041	Sazani
19.75721157	40.13581845	-9.5671919	Sazani
19.38064896	40.40987451	-7.6343838	Sazani
19.37149327	40.63394057	-14.0160828	Sazani
19.68041203	40.15874292	-8.1496598	Sazani
19.75120786	40.19253729	-12.9952136	Sazani
19.72839802	40.0650773	-3.9294336	Sazani
19.37659458	40.63755034	-14.4324905	Sazani
19.66953557	40.13451138	-6.3192803	Sazani
19.59454834	40.14514845	-3.7965076	Sazani
19.68889111	40.15046142	-8.0385189	Sazani
19.9690254	40.0394585	-8.9289477	Sazani
19.24345673	40.48200572	-1.7970622	Sazani
19.54456246	40.19955783	-4.7548508	Sazani
19.32923592	40.53589583	-8.6061717	Sazani
19.68166776	40.07782642	-3.1102795	Sazani
19.58119355	40.32912101	-13.3646887	Sazani
19.40830235	40.40067199	-8.8160305	Sazani
19.60406713	40.11827595	-2.6836789	Sazani
19.6863919	40.08826346	-3.9589455	Sazani
19.29651412	40.48236571	-5.0599702	Sazani
19.25524837	40.42920169	-1.0000002	Sazani
19.7118249	40.24713671	-14.4325378	Sazani
19.40342128	40.54247716	-13.3423601	Sazani
19.56537802	40.3408565	-13.2120041	Sazani
19.56859649	40.28993657	-10.7083328	Sazani
19.35749829	40.40507022	-6.1303705	Sazani
19.71995818	40.05744294	-3.1325754	Sazani
19.61237259	40.09186482	-1.5175198	Sazani
19.7048433	40.24559409	-14.0538635	Sazani
19.35482955	40.49656243	-9.0293401	Sazani
19.54432267	40.34400131	-12.3873972	Sazani
19.68938161	40.13958681	-7.3619542	Sazani
19.80014816	40.14278344	-11.538626	Sazani
19.36106914	40.58003429	-11.8268567	Sazani
19.62696408	40.28238899	-12.8205696	Sazani
19.44736721	40.25166073	-3.2994846	Sazani
19.48236361	40.3663996	-10.6095	Sazani
19.7299833	40.17351552	-11.0076741	Sazani
19.39241979	40.60382998	-14.43249	Sazani
19.26388838	40.55110335	-5.0381411	Sazani
19.46138066	40.47319455	-14.4324704	Sazani
19.76967872	40.09031071	-7.0311684	Sazani
19.27912409	40.43783418	-2.6754729	Sazani
19.66625173	40.08105655	-2.7699797	Sazani
19.54533311	40.13199596	-1.0000139	Sazani
19.94603097	40.04027737	-8.33246	Sazani
19.38090931	40.26770956	-0.9999919	Sazani
19.23072476	40.48785317	-1.1846946	Sazani
19.43517917	40.3256944	-6.3994899	Sazani
19.55003495	40.20917618	-5.515894	Sazani
19.85784312	39.9916386	-2.1736648	Sazani
19.87545548	40.11437925	-11.8563879	Sazani
19.41709683	40.2839364	-3.4885154	Sazani
19.67745738	40.23666062	-12.4067009	Sazani
19.79274441	40.13343748	-10.6665022	Sazani
19.85502976	39.98264239	-1.4205959	Sazani
19.55806234	40.2814499	-9.7932488	Sazani
19.7623571	40.2026393	-14.0428913	Sazani
19.6788689	40.14333655	-7.2192815	Sazani
19.28232258	40.42054773	-2.2835945	Sazani
19.58939798	40.27053942	-10.5622966	Sazani
19.63343323	40.19020342	-7.9547082	Sazani
19.5259839	40.37618856	-13.1283088	Sazani
19.43159252	40.51742619	-14.1797937	Sazani
19.63301674	40.30181278	-14.1437717	Sazani
19.7145882	40.09062066	-5.1086597	Sazani
19.3068745	40.50011805	-6.2059294	Sazani
19.58096754	40.34384142	-14.0856848	Sazani
19.33863844	40.54434471	-9.4255848	Sazani
19.97035608	40.10656459	-13.9867444	Sazani
19.69562989	40.12972793	-6.9547912	Sazani
19.69965297	40.15810966	-8.9184213	Sazani
19.37136359	40.38167037	-6.1513675	Sazani
19.67566645	40.11120211	-5.0444429	Sazani
19.48085794	40.2968024	-7.0945727	Sazani
19.34407985	40.3027439	-0.9999997	Sazani
19.29415601	40.51966599	-5.9889408	Sazani
19.52335284	40.29224759	-8.8480973	Sazani
19.9743492	40.06920624	-11.3061863	Sazani
19.37513946	40.44491378	-8.4842474	Sazani
19.93629242	40.125551	-14.43249	Sazani
19.59607661	40.22717344	-8.47229	Sazani
19.64342186	40.1681925	-7.1346576	Sazani
19.58874235	40.13501714	-2.9842341	Sazani
19.44845223	40.35581391	-8.49911	Sazani
19.67979143	40.19841187	-10.3538498	Sazani
19.72091314	40.20980329	-12.7131316	Sazani
19.37540019	40.27973008	-1.3393796	Sazani
19.88181447	40.10296119	-11.1843935	Sazani
19.43429158	40.35352821	-7.7226191	Sazani
19.5293922	40.22371234	-5.4273518	Sazani
19.31957573	40.49371585	-6.8003168	Sazani
19.36687086	40.60911412	-13.0187204	Sazani
19.22966129	40.50294551	-1.5538796	Sazani
19.79821443	40.08291425	-7.2938558	Sazani
19.385	40.60080487	-13.890782	Sazani
19.43517288	40.48623541	-13.346991	Sazani
19.5036658	40.16297858	-1.0000002	Sazani
19.24721173	40.44632356	-0.9999997	Sazani
19.77441947	40.02999207	-2.6564197	Sazani
19.61893177	40.29740896	-13.2994753	Sazani
19.24438215	40.49981689	-2.3663406	Sazani
19.50870083	40.21473379	-4.0492168	Sazani
19.49482917	40.35434848	-10.5958203	Sazani
19.56201889	40.11958787	-1.0000515	Sazani
19.45302934	40.23806701	-2.8872268	Sazani
19.34188391	40.58762468	-10.8693127	Sazani
19.3960711	40.579239	-13.9491521	Sazani
19.49474586	40.25918273	-5.8390533	Sazani
19.47177593	40.38190725	-10.8728713	Sazani
19.51833777	40.27569765	-7.7545304	Sazani
19.61905791	40.19510031	-7.6289321	Sazani
19.63188049	40.07631037	-1.2233088	Sazani
19.36738234	40.49797338	-9.804917	Sazani
19.72058449	40.07625704	-4.3826111	Sazani
19.32379582	40.35184982	-2.3980422	Sazani
19.57634154	40.22152633	-7.319149	Sazani
19.51116043	40.40617679	-13.9107087	Sazani
19.9448906	40.02607474	-7.2377126	Sazani
20.01991649	40.06268531	-12.1221013	Sazani
19.52054628	40.24813179	-6.3679567	Sazani
19.49191516	40.20859111	-2.9940749	Sazani
19.75323292	40.20846919	-13.9892229	Sazani
19.45279481	40.33519708	-7.6904703	Sazani
19.3851292	40.48962595	-10.5559602	Sazani
19.53315104	40.25054807	-7.0467117	Sazani
19.51919694	40.36769709	-12.3916213	Sazani
19.59011274	40.33683284	-14.1653996	Sazani
19.91996883	40.12655404	-14.0406726	Sazani
19.68764699	40.04673252	-1.2912849	Sazani
19.23737687	40.51291585	-2.313865	Sazani
19.35690275	40.37765004	-5.1813457	Sazani
19.90673482	39.99464229	-3.7961616	Sazani
19.21542469	40.51402203	-0.9999997	Sazani
19.75188257	40.14388555	-9.8961728	Sazani
19.50838679	40.2774233	-7.4139181	Sazani
19.40268278	40.33929486	-5.541759	Sazani
19.73240964	40.1872688	-11.9269089	Sazani
19.67765586	40.05516878	-1.4890271	Sazani
19.37505624	40.51054534	-10.6698469	Sazani
19.47041605	40.45747271	-14.432781	Sazani
19.38513985	40.29701295	-2.6454831	Sazani
19.46521441	40.193116	-1.0008259	Sazani
19.78002153	40.10015467	-8.0437952	Sazani
19.52993577	40.34879331	-11.9549285	Sazani
19.70899893	40.0328533	-0.999987	Sazani
19.77317125	40.01851361	-1.7625447	Sazani
19.73636887	40.21890342	-13.8708445	Sazani
19.49930346	40.38232886	-12.1851037	Sazani
19.80208025	40.180933	-14.0889963	Sazani
19.77119439	40.0935416	-7.2998374	Sazani
19.82169658	40.08526027	-8.1408377	Sazani
19.9550592	40.10526003	-13.4513933	Sazani
19.29858693	40.35381848	-1.0000002	Sazani
19.40598582	40.46743984	-11.0261208	Sazani
19.4500466	40.42325908	-11.8819988	Sazani
19.46605824	40.22160498	-2.5690813	Sazani
19.59581832	40.21943399	-8.0255741	Sazani
19.53945188	40.24341661	-6.9373338	Sazani
19.53365034	40.39531656	-14.4331042	Sazani
19.86583132	40.00215881	-3.1886638	Sazani
19.33427867	40.57540916	-10.0518193	Sazani
19.82265108	40.05877339	-6.1875708	Sazani
19.39901891	40.44513161	-9.8771948	Sazani
19.75283955	40.07833804	-5.6543044	Sazani
19.91575444	40.07482302	-10.0503481	Sazani
19.84477087	40.11074014	-10.7064431	Sazani
19.35171812	40.42592011	-6.4909829	Sazani
19.81562473	39.99502407	-1.2199641	Sazani
20.00816827	40.06035535	-11.6116667	Sazani
19.4705845	40.2730844	-5.4414936	Sazani
19.44901744	40.2398314	-2.7910325	Sazani
19.4665923	40.28870374	-6.0292085	Sazani
19.24222735	40.45693959	-1.0000002	Sazani
19.57547265	40.26704054	-9.7746357	Sazani
19.72075583	40.17909668	-10.9803401	Sazani
19.89026079	40.1117966	-12.0868674	Sazani
19.37997934	40.53615596	-11.7237444	Sazani
19.5995615	40.3341085	-14.432491	Sazani
19.85847193	40.15552703	-14.4324905	Sazani
19.58441655	40.22013519	-7.5888644	Sazani
19.29404485	40.49467095	-5.2627168	Sazani
19.31393131	40.50872074	-6.886053	Sazani
19.73516259	40.05928591	-3.7242732	Sazani
20.0128441	40.07980816	-13.2004787	Sazani
19.49813349	40.42202624	-14.0769504	Sazani
19.69040417	40.18899569	-10.2679983	Sazani
19.9916994	40.10046747	-14.1411946	Sazani
19.32807644	40.35090809	-2.6118923	Sazani
19.87410411	39.96972168	-1.0000002	Sazani
19.56940055	40.19347921	-5.4620581	Sazani
19.83746232	40.14292143	-12.8671946	Sazani
19.98793567	40.07279715	-11.9634304	Sazani
19.93083716	40.06057815	-9.4164475	Sazani
19.68723011	40.25741799	-13.9822707	Sazani
19.45325105	40.48733173	-14.43249	Sazani
19.48588116	40.41115041	-12.9687683	Sazani
19.8602424	40.15463187	-14.4324905	Sazani
19.88817616	40.13823489	-14.0047483	Sazani
19.78581971	40.14806859	-11.3774109	Sazani
19.38212679	40.3893148	-7.0311397	Sazani
19.80829366	40.12298968	-10.5345603	Sazani
19.54099517	40.27526669	-8.7175431	Sazani
19.5217782	40.33399616	-10.8421352	Sazani
19.41555973	40.42864286	-10.2868833	Sazani
19.27760339	40.52798822	-5.2136062	Sazani
19.59120884	40.34121049	-14.4326457	Sazani
19.72565038	40.236859	-14.432491	Sazani
19.71045756	40.04002068	-1.5775935	Sazani
19.73945157	40.06881672	-4.5595754	Sazani
19.26001243	40.43258686	-1.3895339	Sazani
19.53803957	40.30433935	-10.1311091	Sazani
19.58890688	40.19464141	-6.3427726	Sazani
19.57951064	40.2741657	-10.3360334	Sazani
19.58070881	40.10569174	-0.9999993	Sazani
20.01848942	40.06891942	-12.5475349	Sazani
19.99993807	40.04850703	-10.4900549	Sazani
19.62659042	40.31223052	-14.4325344	Sazani
19.31717409	40.37308985	-2.7222971	Sazani
19.46159231	40.45048045	-13.6875828	Sazani
19.64104123	40.21378815	-9.5984711	Sazani
19.91187368	40.06163787	-8.9533104	Sazani
19.28445261	40.37838988	-1.0000115	Sazani
19.45948566	40.43235707	-12.7710583	Sazani
19.50170917	40.16993735	-1.2974026	Sazani
19.31146907	40.4446634	-4.7803801	Sazani
19.35428388	40.50014403	-9.1138606	Sazani
19.38454192	40.51465261	-11.3575937	Sazani
19.36249976	40.39329189	-6.0274784	Sazani
19.27645994	40.5136022	-4.7296538	Sazani
19.59423871	40.16793806	-5.0646011	Sazani
19.57010958	40.32570373	-12.6822854	Sazani
19.65402044	40.06046804	-1.0000422	Sazani
19.59235931	40.33007392	-13.9019089	Sazani
19.63264667	40.30737399	-14.4329006	Sazani
19.99357173	40.05931379	-11.116134	Sazani
19.41963625	40.54582509	-14.4324905	Sazani
19.36678881	40.3338656	-3.5916306	Sazani
19.8381255	40.12453515	-11.5482856	Sazani
19.542332	40.16768448	-2.8805276	Sazani
19.48886827	40.18327386	-1.476887	Sazani
19.36652034	40.53210254	-10.7822104	Sazani
19.63612626	40.14380535	-5.4587473	Sazani
19.41298223	40.45603783	-11.0514888	Sazani
19.85173068	40.1371226	-12.8790456	Sazani
19.57791493	40.12516118	-1.9776345	Sazani
19.35041595	40.36678732	-4.4387392	Sazani
19.51454894	40.41357475	-14.4324905	Sazani
19.26782213	40.47671477	-3.1383889	Sazani
19.29932315	40.46050725	-4.6032546	Sazani
19.49288672	40.36349087	-10.9588418	Sazani
19.59844656	40.28895421	-11.9566174	Sazani
20.03128924	40.08137194	-13.8452395	Sazani
19.61900354	40.1140081	-3.0681872	Sazani
19.76289992	40.05142707	-3.929543	Sazani
19.72466355	40.11656346	-7.1587241	Sazani
19.70229222	40.0750117	-3.6550054	Sazani
19.4376096	40.3707685	-8.7237865	Sazani
19.65013728	40.19061801	-8.6762792	Sazani
19.28762007	40.38615278	-1.4431062	Sazani
19.50051262	40.24658171	-5.4123664	Sazani
19.66917621	40.13644511	-6.4268201	Sazani
19.66175987	40.25752797	-12.9239133	Sazani
19.31555236	40.47202769	-5.9297169	Sazani
19.69548081	40.09316585	-4.6004824	Sazani
19.54514506	40.35574461	-13.0073865	Sazani
19.42564258	40.49493532	-13.0842224	Sazani
19.25947636	40.44414373	-1.6892502	Sazani
19.59609256	40.30126154	-12.5145388	Sazani
19.92954809	40.09179451	-11.7142993	Sazani
19.85996377	40.08118775	-8.930881	Sazani
19.73460776	40.0838064	-5.3710232	Sazani
19.50680481	40.39108241	-12.9663508	Sazani
19.38437426	40.50323385	-10.9662615	Sazani
19.3339148	40.35716674	-3.1626565	Sazani
19.6511758	40.17568425	-7.8799628	Sazani
19.28171769	40.48554756	-4.2444753	Sazani
19.91711548	40.08531689	-10.8741374	Sazani
19.56470604	40.13150093	-1.7820637	Sazani
19.76712487	40.20602262	-14.4324905	Sazani
19.6031513	40.10348938	-1.8143484	Sazani
19.44149455	40.2191819	-1.3693982	Sazani
19.31705441	40.3351783	-1.3232195	Sazani
19.58447269	40.18037644	-5.3554836	Sazani
19.78700578	40.02181193	-2.4045412	Sazani
19.88817305	39.98291631	-2.3886892	Sazani
19.37284956	40.27528187	-1.0000334	Sazani
19.77211646	40.203155	-14.4326804	Sazani
19.79849208	40.11606154	-9.7358422	Sazani
19.2274556	40.48840013	-1.0000007	Sazani
19.78963263	40.10765436	-8.8734044	Sazani
19.29621016	40.43947381	-3.7215046	Sazani
19.52571122	40.28890051	-8.786322	Sazani
19.80362146	40.15245323	-12.2929558	Sazani
19.24660376	40.46343987	-1.4554455	Sazani
19.43388729	40.4172053	-10.8271267	Sazani
19.8158486	40.17427309	-14.1505945	Sazani
19.45119922	40.39863945	-10.728271	Sazani
19.98450554	40.04542494	-9.81801	Sazani
19.28441066	40.44991816	-3.3842673	Sazani
19.66265822	40.12825742	-5.6697602	Sazani
19.44594883	40.45472959	-12.9209045	Sazani
19.74725619	40.06363959	-4.3955364	Sazani
19.64250087	40.29966743	-14.4324914	Sazani
19.84704012	39.99910392	-2.423176	Sazani
19.71282245	40.16016676	-9.5305467	Sazani
19.79012823	40.16321178	-12.518697	Sazani
19.41373441	40.27150887	-2.7164206	Sazani
19.55169484	40.36794252	-13.9166008	Sazani
19.57562755	40.11380162	-1.2434612	Sazani
19.59588868	40.3128128	-13.1270203	Sazani
19.38690079	40.2752706	-1.6536819	Sazani
19.30902634	40.46035432	-5.1628223	Sazani
19.83232136	40.10892887	-10.2148984	Sazani
19.39672485	40.35574597	-6.0690848	Sazani
19.74165343	40.11891435	-7.9127929	Sazani
19.35920374	40.43726346	-7.3040732	Sazani
19.76601955	40.12442241	-9.1333614	Sazani
19.31228976	40.34485741	-1.4970823	Sazani
19.63814941	40.10019924	-2.9829656	Sazani
19.42722881	40.43562023	-11.1969392	Sazani
19.61924694	40.10092733	-2.3432488	Sazani
19.76537384	40.1453114	-10.4749595	Sazani
19.32511963	40.46651737	-6.3024234	Sazani
19.76203017	40.08736604	-6.5729431	Sazani
19.62345004	40.16389208	-6.0581764	Sazani
19.4154668	40.55471412	-14.4324919	Sazani
19.60706731	40.08679145	-1.0006394	Sazani
19.92035433	40.02942412	-6.7864655	Sazani
19.67180839	40.1513969	-7.3770839	Sazani
19.5118831	40.23856286	-5.4761291	Sazani
19.37792075	40.29059754	-1.9929099	Sazani
19.73795129	40.22771593	-14.43249	Sazani
19.81485366	40.17913181	-14.4328044	Sazani
19.90507002	40.03465025	-6.740289	Sazani
19.53278832	40.26698323	-7.9147922	Sazani
19.53965429	40.31973144	-10.9678918	Sazani
19.41833199	40.34779678	-6.6928638	Sazani
19.66835869	40.2693355	-13.8638513	Sazani
19.88686274	40.05689842	-7.8834227	Sazani
19.38001891	40.35808065	-5.3999795	Sazani
19.44202861	40.49476808	-14.0295554	Sazani
19.66264889	40.27693851	-14.051758	Sazani
19.42337334	40.44906915	-11.4219311	Sazani
19.93942257	40.07937412	-11.0679328	Sazani
19.70621362	40.12061565	-6.7522234	Sazani
19.48003586	40.35433419	-9.9071711	Sazani
19.44868376	40.22638115	-2.0695637	Sazani
19.80480468	40.16573903	-13.2025896	Sazani
19.80309547	40.01333933	-2.2309621	Sazani
19.46185788	40.41039708	-11.8049695	Sazani
19.744733	40.05106654	-3.3832185	Sazani
19.79859894	40.11086316	-9.3953163	Sazani
19.67731154	40.27279639	-14.4325154	Sazani
19.48246041	40.44425883	-14.4324914	Sazani
19.43480341	40.42670688	-11.3362908	Sazani
19.27190583	40.50242902	-4.1289602	Sazani
19.32981126	40.4821469	-7.0949339	Sazani
19.90073468	40.09295997	-10.9772952	Sazani
19.60849199	40.09327244	-1.4633367	Sazani
19.36101422	40.37431652	-5.3049888	Sazani
19.60047459	40.25260348	-10.0546457	Sazani
19.81018333	40.09271064	-8.3687704	Sazani
19.35208276	40.6104255	-12.1502258	Sazani
19.36102112	40.51414269	-9.9284055	Sazani
19.42293258	40.25798105	-2.4746321	Sazani
19.4545723	40.26680581	-4.3849902	Sazani
19.75135143	40.08072351	-5.7622032	Sazani
19.47531259	40.20235125	-1.9374377	Sazani
19.48649298	40.22765975	-3.7842995	Sazani
19.63868969	40.08705691	-2.1589729	Sazani
19.74263019	40.1886354	-12.431072	Sazani
19.40506326	40.32286056	-4.8475488	Sazani
19.98596331	40.03858617	-9.348293	Sazani
19.2584139	40.42366044	-1.0001921	Sazani
19.64499796	40.27450198	-13.1614265	Sazani
20.00199824	40.10042386	-14.432491	Sazani
19.52434336	40.40420436	-14.4324905	Sazani
19.56130703	40.30091711	-10.9815937	Sazani
19.83555183	40.1494738	-13.2269123	Sazani
19.33162389	40.31465836	-0.9999997	Sazani
19.47166688	40.42276147	-12.871593	Sazani
19.46535083	40.19974305	-1.3626174	Sazani
19.56861756	40.32019686	-12.3370359	Sazani
19.42253899	40.22857356	-0.9999529	Sazani
19.52354686	40.3069228	-9.5835073	Sazani
19.36906185	40.4615539	-8.6867439	Sazani
19.61448531	40.18105996	-6.6486009	Sazani
19.77029335	40.009416	-1.0000144	Sazani
19.4388081	40.43356044	-11.8005674	Sazani
19.22276901	40.51895689	-1.5922888	Sazani
19.67231899	40.17106022	-8.5037254	Sazani
19.43510403	40.505052	-13.9707473	Sazani
19.56006996	40.31412981	-11.638532	Sazani
19.63536638	40.10792311	-3.3787595	Sazani
19.41397554	40.24473016	-1.4012942	Sazani
19.50493064	40.20052723	-3.1096843	Sazani
19.61344223	40.32287482	-14.4324836	Sazani
19.64223839	40.26148222	-12.3303078	Sazani
19.8477479	40.03860815	-5.3970403	Sazani
19.65820917	40.12064433	-5.0205476	Sazani
19.66206723	40.14360491	-6.5318635	Sazani
19.28376987	40.46207917	-3.6948953	Sazani
20.00165159	40.07055373	-12.1880066	Sazani
19.56602094	40.16428766	-3.6797807	Sazani
19.62752254	40.15374192	-5.6577165	Sazani
19.49993826	40.42754882	-14.4324924	Sazani
19.48072341	40.34085538	-9.2706249	Sazani
19.41956992	40.31577899	-5.1812214	Sazani
19.58086737	40.24225475	-8.6479019	Sazani
19.38057074	40.32209463	-3.660876	Sazani
19.96063525	40.02971554	-7.9603386	Sazani
19.69728948	40.2129261	-11.9013035	Sazani
19.55725551	40.21783654	-6.2993469	Sazani
19.3529036	40.35849774	-4.148667	Sazani
19.88864432	40.14377356	-14.43249	Sazani
19.88484513	40.02553512	-5.4804004	Sazani
19.50678089	40.26593214	-6.7260181	Sazani
19.38686122	40.39807501	-7.6019407	Sazani
19.88453281	39.9964989	-3.3001052	Sazani
19.25291385	40.43417594	-0.9999997	Sazani
19.88844857	40.12523248	-13.0399241	Sazani
19.46419696	40.24601021	-3.8006733	Sazani
19.36643863	40.38214694	-5.8846706	Sazani
19.52450356	40.38767959	-13.6290896	Sazani
19.38416141	40.36988162	-6.1731879	Sazani
19.72107727	40.1001011	-5.9569816	Sazani
19.37474383	40.43343588	-8.0780834	Sazani
19.85221431	40.15250991	-14.0147893	Sazani
19.73008932	40.06215696	-3.7938877	Sazani
19.79048189	40.16938906	-12.9280764	Sazani
19.46718676	40.32000695	-7.6075272	Sazani
19.54093048	40.38228441	-14.1260305	Sazani
19.39248716	40.37622813	-6.8750348	Sazani
19.85725689	40.09420325	-9.8268596	Sazani
19.94565733	40.09517042	-12.4276907	Sazani
19.65553355	40.28239456	-14.0450476	Sazani
19.33166129	40.40027156	-4.4706196	Sazani
19.76596267	40.18027385	-12.7408396	Sazani
19.44860325	40.34199625	-7.8288443	Sazani
19.47717629	40.1837115	-0.9999265	Sazani
19.27786941	40.38983697	-1.0000022	Sazani
19.87161883	40.12521862	-12.5573996	Sazani
19.50703095	40.23081677	-4.8484819	Sazani
19.60983974	40.14205401	-4.261571	Sazani
19.69435735	40.05458441	-2.0410124	Sazani
19.69718829	40.0652302	-2.8360574	Sazani
19.82247331	40.14837663	-12.6929836	Sazani
19.70007301	40.1549492	-8.7349346	Sazani
19.26326502	40.51194103	-3.8728738	Sazani
19.83040314	40.13345166	-11.9944724	Sazani
19.71967694	40.23400546	-14.0224372	Sazani
19.45710763	40.28018696	-5.1657505	Sazani
19.71117939	40.22512537	-13.1678635	Sazani
19.93521086	40.01089011	-5.8254109	Sazani
19.73988666	40.20113076	-13.0187185	Sazani
19.32928803	40.44491773	-5.8231024	Sazani
19.52761301	40.32099601	-10.4699057	Sazani
19.61099035	40.29741568	-12.9569358	Sazani
19.54146236	40.33195233	-11.6574228	Sazani
19.38392065	40.54914953	-12.3390144	Sazani
19.32660266	40.37999581	-3.5001223	Sazani
19.3169236	40.32871509	-0.9999997	Sazani
19.34826636	40.39184456	-5.1529883	Sazani
19.64864363	40.12184352	-4.7476626	Sazani
19.97265082	40.11164651	-14.4324895	Sazani
19.55588437	40.19908954	-5.2134358	Sazani
19.48131106	40.21323539	-2.7832751	Sazani
19.2971574	40.54267916	-6.8349466	Sazani
19.40490414	40.29884279	-3.6600203	Sazani
19.75881242	40.07490716	-5.5685215	Sazani
19.85325522	40.14967299	-13.8615354	Sazani
19.27865999	40.39722427	-1.2924739	Sazani
19.47643854	40.24403148	-4.2272019	Sazani
20.02273106	40.09249582	-14.4324905	Sazani
19.38717534	40.61500767	-14.4324905	Sazani
19.57073834	40.36045852	-14.43249	Sazani
19.58147781	40.35036213	-14.4324968	Sazani
19.42986522	40.31312701	-5.5292717	Sazani
19.58042148	40.33168896	-13.4587732	Sazani
19.56469838	40.35471237	-13.8666516	Sazani
19.4941005	40.40140581	-12.8764202	Sazani
19.79378012	40.06867751	-6.1024025	Sazani
19.36971021	40.37110219	-5.5552991	Sazani
19.35602703	40.32671633	-2.7361492	Sazani
19.42928235	40.45841665	-12.0767717	Sazani
19.28541083	40.55590491	-6.4954901	Sazani
19.73966859	40.18407203	-12.0348699	Sazani
19.42298518	40.33077771	-6.0766203	Sazani
19.89891175	40.02010169	-5.4761694	Sazani
19.66796646	40.2797413	-14.4324905	Sazani
19.9740327	40.05889906	-10.5261533	Sazani
19.83723161	40.05593775	-6.3923122	Sazani
19.35023913	40.4151133	-6.0443198	Sazani
19.80367125	39.99665386	-0.9999993	Sazani
19.93265682	40.10351822	-12.6801799	Sazani
19.42926501	40.22226792	-1.0008118	Sazani
19.66012602	40.20980979	-10.1727322	Sazani
19.67273315	40.12204767	-5.6346099	Sazani
19.72823292	40.16036193	-10.0992524	Sazani
19.59069882	40.15952511	-4.4437839	Sazani
19.83404052	40.06872519	-7.2574854	Sazani
19.80498748	40.18465763	-14.4325603	Sazani
19.39775356	40.59246003	-14.4325286	Sazani
19.52483133	40.15485313	-1.4277112	Sazani
19.37422916	40.63021424	-14.0765286	Sazani
19.30506275	40.34255394	-1.0002258	Sazani
19.7364936	40.03920608	-2.2608699	Sazani
19.65325335	40.27013272	-13.2763298	Sazani
19.35768209	40.34459406	-3.6906948	Sazani
19.9314364	39.99985081	-4.8920649	Sazani
19.6992665	40.16461073	-9.2676916	Sazani
19.85394914	40.07194877	-8.0678336	Sazani
19.59009419	40.27932251	-11.0734165	Sazani
19.40018563	40.53204571	-12.8440818	Sazani
19.63605336	40.24359721	-11.0658989	Sazani
19.3044191	40.40117269	-2.9196267	Sazani
19.72889963	40.14515063	-9.1468063	Sazani
19.67957742	40.22128498	-11.6310347	Sazani
19.34258297	40.36522935	-3.935239	Sazani
19.77628224	40.08683256	-6.9598285	Sazani
19.62759529	40.25987728	-11.6150652	Sazani
19.52302914	40.18703559	-3.1468767	Sazani
19.82822028	40.03075144	-4.2511865	Sazani
19.51656289	40.22440347	-4.9159682	Sazani
19.41432306	40.47381044	-11.7225317	Sazani
19.99629918	40.08532746	-13.1400315	Sazani
19.68067112	40.14109887	-7.1448208	Sazani
19.31393569	40.41740323	-4.0137219	Sazani
19.78673225	40.00865611	-1.4130481	Sazani
19.60655804	40.15514776	-4.8606101	Sazani
19.23169481	40.52770968	-2.3914182	Sazani
19.63090806	40.2693294	-12.2744641	Sazani
19.91187046	40.04858127	-7.9767557	Sazani
19.87218109	39.98346417	-1.9723855	Sazani
19.36892017	40.35322176	-4.6410425	Sazani
19.81925457	40.12836532	-11.2727034	Sazani
19.69030347	40.14743536	-7.8995477	Sazani
19.54444919	40.19192853	-4.3321164	Sazani
19.33403051	40.49063644	-7.5978734	Sazani
19.60756458	40.16829486	-5.6417952	Sazani
19.47396677	40.30903427	-7.3795933	Sazani
19.69361518	40.23979458	-13.2584319	Sazani
19.61023915	40.2232619	-8.8435443	Sazani
19.883833	39.96600001	-1.0000002	Sazani
19.45238615	40.3236367	-7.0983193	Sazani
19.53826609	40.37069025	-13.4275715	Sazani
19.52353994	40.39665165	-14.0245149	Sazani
19.60354346	40.20289197	-7.418422	Sazani
19.35125496	40.37067113	-4.6203801	Sazani
20.01444824	40.08932868	-13.9585754	Sazani
19.82915509	40.13498894	-12.055029	Sazani
19.34587724	40.5269081	-9.367499	Sazani
19.70588216	40.14454458	-8.2763097	Sazani
19.94632181	40.1137011	-13.8328547	Sazani
19.46515456	40.3427639	-8.6409417	Sazani
19.29424256	40.53106715	-6.3222018	Sazani
19.85642793	40.12163382	-11.8547112	Sazani
19.43386705	40.47261583	-12.8166575	Sazani
19.59426443	40.33839457	-14.4324905	Sazani
19.66522123	40.06255367	-1.531821	Sazani
19.69987114	40.04065326	-1.3224285	Sazani
19.41352517	40.5379712	-13.8172375	Sazani
19.31096723	40.52572868	-7.1938889	Sazani
19.87586239	40.13587929	-13.4762659	Sazani
19.59993657	40.27698201	-11.3664599	Sazani
19.29141326	40.36629111	-0.9999988	Sazani
19.29759138	40.42259613	-3.2382761	Sazani
19.34393838	40.45046228	-6.8584476	Sazani
19.26080899	40.49706212	-3.2942292	Sazani
19.83492782	40.16826982	-14.4324949	Sazani
19.67017906	40.07516399	-2.5308454	Sazani
19.64075994	40.11623501	-4.1029646	Sazani
19.67563776	40.08377896	-3.2839944	Sazani
19.52071163	40.17601244	-2.4443181	Sazani
19.45269875	40.20324262	-1.0000154	Sazani
19.29400016	40.57211108	-7.4883125	Sazani
19.38071466	40.57514384	-12.890302	Sazani
19.35470756	40.29257545	-1.0000017	Sazani
19.39064444	40.59020344	-13.9319324	Sazani
19.41671761	40.38176051	-8.2829281	Sazani
19.72246997	40.05013734	-2.6773801	Sazani
19.80709596	40.05257325	-5.2791448	Sazani
19.57093205	40.20297136	-6.0598664	Sazani
19.41387671	40.4393445	-10.5463015	Sazani
19.81839719	40.10397977	-9.4465181	Sazani
19.74901143	40.21949317	-14.4324905	Sazani
19.97312956	40.08186447	-12.2182287	Sazani
19.53689273	40.21006988	-5.0016208	Sazani
19.41918719	40.41562552	-10.0602051	Sazani
19.33050461	40.33363088	-1.8781487	Sazani
19.31575184	40.58226339	-9.1135393	Sazani
19.26898623	40.40528476	-1.0000002	Sazani
19.30908105	40.48853169	-6.0078002	Sazani
19.46402524	40.24890306	-3.9389607	Sazani
19.36113923	40.45233844	-7.9194105	Sazani
19.33902076	40.43380115	-6.0170672	Sazani
19.26644541	40.53486516	-4.7275151	Sazani
19.42999195	40.5277835	-14.432491	Sazani
19.33793002	40.60123487	-11.0185388	Sazani
19.43682146	40.33732942	-7.0472858	Sazani
19.74908936	40.10497959	-7.2654119	Sazani
19.89865762	40.08146275	-10.0579045	Sazani
19.98211406	40.09324208	-13.3264045	Sazani
19.69593059	40.03784806	-1.0000002	Sazani
19.89341868	40.04440545	-7.1367966	Sazani
19.41437233	40.54209651	-14.0026472	Sazani
19.69276492	40.2244552	-12.3605608	Sazani
19.83171302	40.16576791	-14.1554475	Sazani
19.43079684	40.42689463	-11.1131457	Sazani
19.81368445	40.07291469	-6.9884725	Sazani
19.39198995	40.2572962	-1.0000002	Sazani
19.82706193	40.04544537	-5.3168674	Sazani
19.59055104	40.12010467	-2.2215163	Sazani
19.36470578	40.47505458	-8.8844379	Sazani
19.62437908	40.2464464	-10.7391672	Sazani
19.2654316	40.46241386	-2.5802063	Sazani
19.87610018	40.08671857	-9.8059597	Sazani
19.43397226	40.30069035	-5.1042527	Sazani
19.73976467	40.09495426	-6.2812864	Sazani
19.97453814	40.03047326	-8.4147347	Sazani
19.43519231	40.22960586	-1.6408904	Sazani
19.95570586	40.06585633	-10.5223799	Sazani
19.3312308	40.32241122	-1.3618376	Sazani
19.58151291	40.30482958	-12.0717302	Sazani
19.36795009	40.62027038	-13.4057439	Sazani
19.78315199	40.09988709	-8.1326549	Sazani
19.91866088	39.99076919	-3.8476865	Sazani
19.37465615	40.51509828	-10.7933074	Sazani
19.65820812	40.28737765	-14.432467	Sazani
19.72447769	40.19913407	-12.2623035	Sazani
19.82288321	40.17478674	-14.4324885	Sazani
19.91777515	40.0198156	-5.9941575	Sazani
19.63608224	40.07046544	-0.9999504	Sazani
19.39456334	40.29135976	-2.8080422	Sazani
19.77289351	40.06681875	-5.3661882	Sazani
19.37400977	40.40013946	-6.9241147	Sazani
19.56316501	40.1749837	-4.1616836	Sazani
19.39652325	40.47767772	-10.8185227	Sazani
19.41311837	40.52047403	-13.2094753	Sazani
19.66666806	40.22161164	-11.1096277	Sazani
19.5693697	40.20999495	-6.3891164	Sazani
19.85462388	40.01810811	-4.0609648	Sazani
19.56299367	40.27043241	-9.4155093	Sazani
19.57873986	40.28083453	-10.6605295	Sazani
19.78492717	40.18769789	-13.9027522	Sazani
19.40956587	40.4999758	-12.3193918	Sazani
19.89820648	39.97622431	-2.175342	Sazani
20.01021459	40.05580078	-11.3295849	Sazani
19.70894247	40.20497679	-11.9413933	Sazani
19.95684874	40.11769074	-14.4324895	Sazani
19.40593911	40.41454429	-9.2586302	Sazani
19.65072882	40.22212265	-10.4720039	Sazani
19.40789669	40.558047	-14.0643552	Sazani
19.4405936	40.2778123	-4.279206	Sazani
19.55428699	40.24129558	-7.456707	Sazani
19.74488305	40.17547274	-11.670925	Sazani
19.72044136	40.17287798	-10.6176797	Sazani
19.70890272	40.04708177	-2.061199	Sazani
19.24931646	40.53614097	-3.7142815	Sazani
19.38654792	40.34867065	-5.2446667	Sazani
19.39176829	40.30951998	-3.5700959	Sazani
19.48696569	40.31747196	-8.4027719	Sazani
19.88892514	39.96962251	-1.416407	Sazani
19.49737667	40.29372216	-7.7112076	Sazani
19.64761594	40.25179824	-12.0104299	Sazani
19.36735845	40.28646036	-1.2939846	Sazani
19.4176646	40.3690068	-7.701766	Sazani
19.83492634	40.09570059	-9.300022	Sazani
19.8689318	40.14748965	-14.1466374	Sazani
19.69982061	40.04406247	-1.5476672	Sazani
19.78065489	40.12679962	-9.8058432	Sazani
19.59691679	40.09363646	-0.9999997	Sazani
19.75390048	40.01568305	-1.0000251	Sazani
19.85630219	40.027241	-4.7917434	Sazani
19.61211998	40.31022524	-13.6945329	Sazani
19.86259708	40.04419582	-6.23951	Sazani
19.44640234	40.29080943	-5.1934575	Sazani
19.60320468	40.23376241	-9.1401398	Sazani
19.54557295	40.15350616	-2.2189978	Sazani
19.40739626	40.35941717	-6.7497354	Sazani
19.90254686	40.13845658	-14.43249	Sazani
19.5199816	40.25930558	-6.9442918	Sazani
19.67837115	40.20879498	-10.8783923	Sazani
19.30482155	40.38595227	-2.4347712	Sazani
19.44624403	40.49951427	-14.432512	Sazani
19.88210541	39.97146773	-1.3593205	Sazani
19.29268412	40.403994	-2.3325627	Sazani
19.3530009	40.53792542	-10.1210815	Sazani
19.35038659	40.55091991	-10.3347644	Sazani
19.42357485	40.29173163	-4.1763379	Sazani
19.38302477	40.47136537	-9.8245508	Sazani
19.34211977	40.5018702	-8.4168489	Sazani
19.40653058	40.40664271	-9.025936	Sazani
19.77958038	40.17789922	-13.0804236	Sazani
19.87616231	40.04792187	-6.9060952	Sazani
19.47120426	40.19390638	-1.3028435	Sazani
19.42142906	40.50754955	-13.2605056	Sazani
19.31604064	40.54559678	-8.0764244	Sazani
19.333779	40.34204304	-2.4444128	Sazani
19.32655478	40.50312347	-7.4988118	Sazani
19.22229356	40.49939539	-1.0000017	Sazani
19.56741286	40.18408209	-4.8507182	Sazani
19.45675278	40.44227513	-13.12951	Sazani
19.6327373	40.22804067	-10.0526643	Sazani
19.30317329	40.5779997	-8.2199637	Sazani
19.39498568	40.56136125	-13.368383	Sazani
19.94516238	40.05609939	-9.4910166	Sazani
19.75033605	40.12569608	-8.6624787	Sazani
19.65759544	40.12821043	-5.4797446	Sazani
19.92775727	40.1161212	-13.4828489	Sazani
19.73991396	40.12713578	-8.3882393	Sazani
19.70796981	40.05184896	-2.3440002	Sazani
19.3937127	40.39754146	-7.9781053	Sazani
19.5393017	40.29772194	-9.8526099	Sazani
19.70828783	40.17779553	-10.3859487	Sazani
19.47698511	40.25669668	-4.9287239	Sazani
19.39246567	40.53518867	-12.4612751	Sazani
19.38089576	40.61642699	-14.0884924	Sazani
19.51117069	40.34706859	-10.9958743	Sazani
19.45001387	40.44163955	-12.7205701	Sazani
19.72042458	40.03212357	-1.2720085	Sazani
19.42251371	40.41006775	-9.9435183	Sazani
19.5818436	40.29204007	-11.3981682	Sazani
19.37888989	40.3824843	-6.5442634	Sazani
19.4375298	40.44366381	-12.0630964	Sazani
19.48584691	40.39159164	-12.0079255	Sazani
19.83354101	39.99179433	-1.4907878	Sazani
19.57271103	40.14588723	-2.9253181	Sazani
19.48311427	40.28634108	-6.6815144	Sazani
19.50952406	40.38169614	-12.6341462	Sazani
19.71281031	40.06468308	-3.3523645	Sazani
19.39347785	40.52389738	-12.1843103	Sazani
19.5133455	40.15578406	-0.999906	Sazani
19.62223823	40.30468676	-13.8375525	Sazani
19.4026611	40.53047041	-12.9365686	Sazani
19.76963848	40.10562857	-8.0339776	Sazani
19.65212489	40.13420324	-5.5878242	Sazani
19.48513934	40.26090122	-5.5133359	Sazani
19.75855209	40.0931978	-6.8305066	Sazani
19.51664687	40.28440019	-8.1472909	Sazani
19.7559843	40.03134441	-2.2303332	Sazani
19.33164949	40.3669437	-3.3573747	Sazani
19.40286605	40.58156759	-14.4324905	Sazani
19.46132884	40.23595423	-3.1349289	Sazani
19.45460521	40.46289258	-13.6955495	Sazani
19.77304192	40.14044452	-10.4278901	Sazani
19.78827866	40.03493828	-3.4224997	Sazani
19.91565737	40.00503347	-4.8282585	Sazani
19.39906767	40.51209934	-12.1147536	Sazani
19.59087011	40.23355926	-8.6005554	Sazani
19.48393111	40.25441885	-5.1120205	Sazani
19.40751736	40.24269938	-1.0000085	Sazani
19.9057122	40.11465311	-12.7425383	Sazani
19.40829249	40.57000521	-14.4324905	Sazani
19.98655148	40.10632908	-14.4325295	Sazani
19.78593524	40.11732771	-9.3738403	Sazani
19.39720479	40.43291032	-9.3640405	Sazani
19.60545819	40.12840601	-3.3112278	Sazani
19.85905075	40.0572906	-7.1173415	Sazani
19.3267577	40.52170049	-8.0457744	Sazani
19.46794123	40.29976641	-6.6399673	Sazani
19.54363237	40.38593032	-14.4324568	Sazani
19.83718131	40.08033941	-8.2157761	Sazani
19.78680475	40.00310371	-0.9999988	Sazani
19.81138706	40.11413164	-10.0054394	Sazani
19.85652675	39.97644412	-0.9999993	Sazani
19.63712082	40.12407766	-4.3914949	Sazani
19.49500491	40.34102654	-9.943916	Sazani
19.38504936	40.3348095	-4.4945486	Sazani
19.42031189	40.53060507	-13.9649558	Sazani
19.50970723	40.16603036	-1.4247048	Sazani
19.30815051	40.47648655	-5.604196	Sazani
19.61281813	40.24059138	-9.9259309	Sazani
19.71622975	40.10744621	-6.2659536	Sazani
19.81387883	40.00472112	-1.8949402	Sazani
19.4875115	40.37693537	-11.3674304	Sazani
19.44329244	40.21085814	-1.0000002	Sazani
19.47270285	40.45358472	-14.4324905	Sazani
19.9166861	40.13304773	-14.4325061	Sazani
19.38098601	40.52417946	-11.4410349	Sazani
19.39616825	40.40653601	-8.4244444	Sazani
19.60417923	40.32387943	-14.0832449	Sazani
19.25702012	40.52149602	-3.7649944	Sazani
19.38085412	40.62847658	-14.4324905	Sazani
19.31559402	40.34203277	-1.5910325	Sazani
19.92713273	40.037526	-7.5862184	Sazani
19.80556831	40.03768625	-4.1222378	Sazani
19.66942686	40.05213165	-0.9999993	Sazani
19.42267644	40.39564108	-9.2433514	Sazani
19.71460557	40.18952531	-11.3094363	Sazani
19.37912605	40.58760882	-13.1513728	Sazani
19.7779266	40.15334168	-11.4433066	Sazani
19.56498847	40.25993152	-8.9359819	Sazani
19.49555532	40.1940479	-2.3532571	Sazani
19.32723285	40.41225643	-4.6137803	Sazani
19.66535407	40.24472278	-12.3540203	Sazani
19.90323864	40.13068356	-13.8708625	Sazani
20.04178976	40.07820194	-13.9086233	Sazani
19.35004045	40.56695155	-10.7746672	Sazani
19.70013144	40.19882397	-11.2271621	Sazani
19.52285842	40.20158245	-3.9356033	Sazani
19.3670886	40.41465292	-7.006844	Sazani
19.62141635	40.07872048	-0.9999973	Sazani
19.64817704	40.06365459	-1.0001243	Sazani
19.78850019	40.1939376	-14.4324983	Sazani
19.36366186	40.59740519	-12.4853035	Sazani
19.46793553	40.4502031	-14.0428542	Sazani
19.84451304	40.15781899	-14.0886799	Sazani
19.93536165	40.04625131	-8.4741299	Sazani
19.59770019	40.18221894	-6.0119929	Sazani
19.6557248	40.09308078	-3.1609338	Sazani
19.42480813	40.23715452	-1.5305681	Sazani
19.36483304	40.28288058	-1.0007053	Sazani
19.69798726	40.08554711	-4.1908999	Sazani
19.77603659	40.16558055	-12.1616311	Sazani
19.31662439	40.40227081	-3.6646843	Sazani
19.55215333	40.26097936	-8.4351539	Sazani
19.81941251	40.15831438	-13.2338362	Sazani
19.64951443	40.23403074	-11.0907412	Sazani
19.34142178	40.35281555	-3.3313767	Sazani
19.53373645	40.29653938	-9.5443259	Sazani
19.66389145	40.19553822	-9.5277938	Sazani
19.43388516	40.21847276	-1.0000071	Sazani
19.89598296	40.0678034	-8.9597998	Sazani
19.38397123	40.56280736	-12.7349578	Sazani
19.62451356	40.13901399	-4.7040093	Sazani
19.43445577	40.40043134	-10.030831	Sazani
19.2951123	40.46889694	-4.5864758	Sazani
19.96088656	40.0927467	-12.68222	Sazani
19.38681932	40.4557515	-9.5237842	Sazani
19.77338616	40.19376109	-13.875011	Sazani
19.50765973	40.18202853	-2.2139885	Sazani
19.64103274	40.29045319	-13.864926	Sazani
19.7709471	40.15582537	-11.3514529	Sazani
19.32889666	40.47647953	-6.8542223	Sazani
19.55535136	40.25360512	-8.1769021	Sazani
19.55705723	40.31680312	-11.6337373	Sazani
19.58585227	40.20628919	-6.8700441	Sazani
19.84084845	39.98243862	-0.9999993	Sazani
19.33955012	40.48801721	-7.858385	Sazani
19.34660191	40.51513916	-9.0733467	Sazani
19.90776034	40.10486621	-12.0689001	Sazani
19.53387904	40.18274476	-3.3746453	Sazani
19.63203261	40.25354414	-11.457842	Sazani
19.50523265	40.28339116	-7.5657706	Sazani
19.67774257	40.06985155	-2.4506936	Sazani
19.76249087	40.19957526	-13.855197	Sazani
19.89308108	40.03162821	-6.1715163	Sazani
19.32543107	40.59160189	-9.9754221	Sazani
19.82500554	40.12193604	-10.9786633	Sazani
19.40278066	40.25299212	-1.289218	Sazani
19.53852728	40.14201751	-1.2787244	Sazani
19.33689999	40.56299671	-9.8554802	Sazani
19.45645152	40.34897133	-8.5391312	Sazani
19.31323842	40.56941345	-8.5897771	Sazani
19.64500573	40.20125166	-9.0594955	Sazani
19.55474696	40.32847177	-12.1036052	Sazani
19.73724144	40.02616515	-1.3072683	Sazani
19.57939548	40.15522141	-3.7293264	Sazani
20.03093485	40.07050244	-13.0220788	Sazani
19.62908673	40.17527557	-6.9338323	Sazani
19.50103106	40.37205581	-11.7621518	Sazani
19.74134695	40.07299749	-4.9041521	Sazani
19.36700101	40.56084179	-11.6384602	Sazani
19.55135825	40.30794518	-10.926675	Sazani
19.69714383	40.25805405	-14.43249	Sazani
19.52440356	40.28325159	-8.4248088	Sazani
19.31431862	40.35774222	-2.0442112	Sazani
19.5427761	40.3029592	-10.2829155	Sazani
19.29772183	40.37065549	-1.5118996	Sazani
19.36528115	40.50730501	-9.9930359	Sazani
19.47792949	40.43904176	-13.9640432	Sazani
19.67385018	40.09656345	-4.0393594	Sazani
19.44639373	40.43492879	-12.2833191	Sazani
19.96315088	40.05038263	-9.5779043	Sazani
19.81906074	40.12539772	-11.0676872	Sazani
19.94856841	40.01202565	-6.2924012	Sazani
19.46812112	40.34981953	-9.1280925	Sazani
19.90831002	39.98340957	-3.0014411	Sazani
19.64594884	40.1169181	-4.338187	Sazani
19.44850024	40.47733387	-13.8232019	Sazani
19.6788808	40.25001179	-13.2168498	Sazani
19.62753679	40.2112466	-8.8910621	Sazani
19.38803436	40.42182858	-8.4619127	Sazani
20.04144248	40.08533836	-14.4324905	Sazani
19.32251534	40.56152584	-8.9314653	Sazani
19.3500944	40.5935753	-11.5436658	Sazani
19.32389212	40.48337952	-6.767575	Sazani
19.75564523	40.18726933	-12.8172082	Sazani
19.65659767	40.10869111	-4.194397	Sazani
19.29477861	40.50778003	-5.6850172	Sazani
19.73186399	40.18099077	-11.5512222	Sazani
19.4936165	40.27241771	-6.4817063	Sazani
19.6193278	40.23531347	-9.9011081	Sazani
19.43843917	40.51309185	-14.4324919	Sazani
19.4862374	40.32959123	-8.9692457	Sazani
19.52520886	40.23518376	-5.8753303	Sazani
19.37293261	40.48489206	-9.6901898	Sazani
19.5675748	40.23084909	-7.4538794	Sazani
19.62351748	40.10019005	-2.4544817	Sazani
19.46796429	40.33040077	-8.1586575	Sazani
19.44099616	40.26231389	-3.5303454	Sazani
19.34230466	40.32706268	-2.1094402	Sazani
19.71041671	40.1657565	-9.7983064	Sazani
19.47274044	40.25042265	-4.4107988	Sazani
19.47976412	40.26355859	-5.3977453	Sazani
19.7580483	40.16870961	-11.7124109	Sazani
19.80730961	40.11705112	-10.1071826	Sazani
19.68635053	40.04297177	-0.9999348	Sazani
19.32469522	40.38943568	-3.7045527	Sazani
19.49012794	40.30545312	-7.9546719	Sazani
19.25697691	40.4732097	-2.3726316	Sazani
19.26706789	40.43020899	-1.721136	Sazani
19.42354081	40.48062437	-12.4847986	Sazani
19.71959313	40.13655184	-8.2585804	Sazani
19.5658535	40.24871653	-8.3584919	Sazani
19.25014567	40.51383772	-3.1231721	Sazani
19.43874253	40.22790274	-1.7186135	Sazani
19.71997841	40.17036067	-10.4430498	Sazani
19.54578857	40.25014076	-7.5754658	Sazani
19.30836806	40.33689383	-1.0000002	Sazani
19.35941018	40.31115497	-2.1316877	Sazani
19.37504136	40.42109758	-7.6835032	Sazani
19.36549403	40.54591978	-11.1167624	Sazani
19.46864084	40.36258142	-9.7780881	Sazani
19.37225025	40.30836374	-2.5971682	Sazani
19.38435574	40.52082715	-11.5512939	Sazani
19.57865237	40.16782807	-4.4068147	Sazani
19.73314655	40.13414758	-8.5939805	Sazani
19.73370779	40.02340633	-0.9999958	Sazani
19.8715323	40.15031626	-14.43249	Sazani
19.85011827	40.16004935	-14.4324211	Sazani
19.74156883	40.15145094	-10.0090007	Sazani
19.36048565	40.29593266	-1.4357239	Sazani
19.4732347	40.39871291	-11.765511	Sazani
19.46104353	40.21005382	-1.7294875	Sazani
19.81417579	40.02207419	-3.2008284	Sazani
19.51180735	40.35857763	-11.5956816	Sazani
19.76092845	40.21063125	-14.4324973	Sazani
19.81658784	40.13513644	-11.6202302	Sazani
19.66273426	40.18241213	-8.7413099	Sazani
19.86735088	40.06940022	-8.2603633	Sazani
19.7578371	40.15832109	-11.0378235	Sazani
19.70443811	40.09997054	-5.3608513	Sazani
