14.816656	37.07299999	-1.0000009	Scicli-Giarratana
14.75352098	36.87920252	-20.6961552	Scicli-Giarratana
14.75472597	36.90708489	-16.7077343	Scicli-Giarratana
14.68827398	36.75339931	-6.0117465	Scicli-Giarratana
14.79102851	37.00881362	-6.2425624	Scicli-Giarratana
14.7206812	36.79584713	-16.4609096	Scicli-Giarratana
14.80383977	36.99650598	-16.0837162	Scicli-Giarratana
14.8069349	37.05335451	-1.6693612	Scicli-Giarratana
14.69384961	36.70929949	-16.0152792	Scicli-Giarratana
14.68446386	36.66957759	-17.2247079	Scicli-Giarratana
14.81747429	37.07278621	-1.4677831	Scicli-Giarratana
14.76220773	36.91948674	-16.9546552	Scicli-Giarratana
14.7182444	36.8646564	-4.3060302	Scicli-Giarratana
14.7251279	36.84795462	-10.624957	Scicli-Giarratana
14.81880937	37.0724374	-2.2310106	Scicli-Giarratana
14.74070228	36.93037474	-3.1735014	Scicli-Giarratana
14.7508963	36.93651401	-6.532619	Scicli-Giarratana
14.73132879	36.82364227	-17.7832841	Scicli-Giarratana
14.68027425	36.74996878	-2.3141024	Scicli-Giarratana
14.70654208	36.72218806	-20.6961552	Scicli-Giarratana
14.70208218	36.72632334	-17.667871	Scicli-Giarratana
14.80023099	37.01905547	-7.9544354	Scicli-Giarratana
14.72941316	36.88308157	-7.2889208	Scicli-Giarratana
14.82012292	37.07209419	-2.9819257	Scicli-Giarratana
14.71722407	36.83466407	-8.5541786	Scicli-Giarratana
14.69776945	36.7992588	-3.7478363	Scicli-Giarratana
14.821458	37.07174536	-3.7451513	Scicli-Giarratana
14.71619104	36.85812421	-4.2598676	Scicli-Giarratana
14.67417585	36.70755117	-5.824786	Scicli-Giarratana
14.66356137	36.69734633	-1.7724589	Scicli-Giarratana
14.67766836	36.71686903	-6.2195043	Scicli-Giarratana
14.78327138	36.99885938	-5.169661	Scicli-Giarratana
14.70847136	36.83712253	-3.5174135	Scicli-Giarratana
14.73873519	36.85950787	-15.9983143	Scicli-Giarratana
14.77847342	36.95004686	-16.4818651	Scicli-Giarratana
14.74537473	36.88043893	-16.1775805	Scicli-Giarratana
14.76112275	36.94382858	-9.5772523	Scicli-Giarratana
14.82718123	37.05022201	-12.6390043	Scicli-Giarratana
14.82275001	37.07140777	-4.4837577	Scicli-Giarratana
14.67603065	36.70228378	-7.6336034	Scicli-Giarratana
14.73384855	36.87968869	-10.1833323	Scicli-Giarratana
14.78188842	36.94799334	-18.7611586	Scicli-Giarratana
14.66723293	36.70800369	-2.061744	Scicli-Giarratana
14.74385598	36.90834257	-10.9157831	Scicli-Giarratana
14.7164142	36.83737705	-7.6909203	Scicli-Giarratana
14.76610429	36.93765715	-13.7944223	Scicli-Giarratana
14.82424657	37.07101672	-5.3393095	Scicli-Giarratana
14.73193661	36.88293592	-8.6507252	Scicli-Giarratana
14.67070525	36.6794843	-8.3598993	Scicli-Giarratana
14.80362346	37.00758131	-12.866741	Scicli-Giarratana
14.80906101	37.04958836	-3.7859286	Scicli-Giarratana
14.75039724	36.87572587	-19.5944013	Scicli-Giarratana
14.76095012	36.90387104	-20.6961552	Scicli-Giarratana
14.81692563	37.01150352	-18.3960907	Scicli-Giarratana
14.80864707	37.05348093	-2.4872138	Scicli-Giarratana
14.72055094	36.8233838	-12.0944704	Scicli-Giarratana
14.72260917	36.82668613	-12.6730421	Scicli-Giarratana
14.73920288	36.90764617	-8.5591688	Scicli-Giarratana
14.82628148	37.07048501	-6.5026132	Scicli-Giarratana
14.79378324	37.01055338	-7.1273507	Scicli-Giarratana
14.76962049	36.92980569	-17.7528876	Scicli-Giarratana
14.7354401	36.873531	-12.0106107	Scicli-Giarratana
14.67450143	36.68470689	-9.5639806	Scicli-Giarratana
14.80751603	36.99381574	-18.6715292	Scicli-Giarratana
14.80744834	37.02801857	-9.0350247	Scicli-Giarratana
14.71781811	36.82490841	-10.4041461	Scicli-Giarratana
14.72998145	36.83827266	-14.7461466	Scicli-Giarratana
14.82776726	37.07009674	-7.3520101	Scicli-Giarratana
14.73728274	36.91006164	-7.1550485	Scicli-Giarratana
14.78906525	37.01048834	-4.7938183	Scicli-Giarratana
14.73191054	36.82728305	-17.5244418	Scicli-Giarratana
14.7542567	36.91034703	-15.5559125	Scicli-Giarratana
14.7627523	36.95814448	-6.3702797	Scicli-Giarratana
14.68595907	36.71348856	-11.1604623	Scicli-Giarratana
14.76987802	36.98759644	-1.6543573	Scicli-Giarratana
14.82911308	37.06974505	-8.121391	Scicli-Giarratana
14.67792902	36.74796866	-1.3889208	Scicli-Giarratana
14.69913717	36.82153892	-1.0000009	Scicli-Giarratana
14.69153736	36.78189055	-3.1931215	Scicli-Giarratana
14.76616334	36.98186353	-1.4121962	Scicli-Giarratana
14.76117212	36.97446847	-1.0000009	Scicli-Giarratana
14.81442441	37.04012559	-9.114662	Scicli-Giarratana
14.83091646	37.06927377	-9.1523617	Scicli-Giarratana
14.74988344	36.90764142	-14.1348778	Scicli-Giarratana
14.80081615	36.97471	-20.6961552	Scicli-Giarratana
14.78387874	36.94463587	-20.6961493	Scicli-Giarratana
14.75186899	36.903464	-15.9448422	Scicli-Giarratana
14.78379391	37.01082748	-2.0709784	Scicli-Giarratana
14.70674168	36.81190427	-6.5453139	Scicli-Giarratana
14.73738878	36.84810097	-17.106223	Scicli-Giarratana
14.78319593	36.95987996	-16.0760219	Scicli-Giarratana
14.7005026	36.7205085	-17.7586581	Scicli-Giarratana
14.84337361	37.05743495	-18.6838392	Scicli-Giarratana
14.73129135	36.84486659	-14.3879999	Scicli-Giarratana
14.69499073	36.70909659	-16.6538578	Scicli-Giarratana
14.75791018	36.96716092	-1.4250829	Scicli-Giarratana
14.83282749	37.06877434	-10.2448829	Scicli-Giarratana
14.69248049	36.74463878	-9.6443809	Scicli-Giarratana
14.73831554	36.90979155	-7.7459332	Scicli-Giarratana
14.6767762	36.68944909	-10.0336876	Scicli-Giarratana
14.70372328	36.73593292	-17.0031259	Scicli-Giarratana
14.8137821	37.06233066	-2.5626122	Scicli-Giarratana
14.69725579	36.69379735	-20.2472216	Scicli-Giarratana
14.66421908	36.68597627	-3.8967196	Scicli-Giarratana
14.72149583	36.7805411	-19.3068436	Scicli-Giarratana
14.6833495	36.76841555	-1.0000009	Scicli-Giarratana
14.83476544	37.06826788	-11.3527915	Scicli-Giarratana
14.6936661	36.71208726	-15.4767269	Scicli-Giarratana
14.71777866	36.79396068	-15.2120072	Scicli-Giarratana
14.69302856	36.69651866	-17.5740072	Scicli-Giarratana
14.72886086	36.87853782	-7.7213131	Scicli-Giarratana
14.72311608	36.86901054	-6.1948583	Scicli-Giarratana
14.66919146	36.72136926	-1.0000018	Scicli-Giarratana
14.7371615	36.90782343	-7.4481828	Scicli-Giarratana
14.74698558	36.87127493	-18.4953383	Scicli-Giarratana
14.71848034	36.8028103	-14.20431	Scicli-Giarratana
14.67774982	36.74980756	-1.0000009	Scicli-Giarratana
14.75721555	36.91667678	-15.2543231	Scicli-Giarratana
14.81962441	37.04758002	-9.6143269	Scicli-Giarratana
14.83676798	37.0677445	-12.4976305	Scicli-Giarratana
14.7396533	36.87171869	-14.5349503	Scicli-Giarratana
14.73376581	36.82412236	-19.0035165	Scicli-Giarratana
14.79868818	36.97228325	-20.3168505	Scicli-Giarratana
14.8441309	37.05161141	-20.6961552	Scicli-Giarratana
14.70167739	36.74983251	-13.6955538	Scicli-Giarratana
14.69661362	36.71375321	-16.7742518	Scicli-Giarratana
14.78121678	36.95259165	-17.1354599	Scicli-Giarratana
14.83821066	37.06736744	-13.3224071	Scicli-Giarratana
14.69598241	36.7783433	-6.1186923	Scicli-Giarratana
14.68938257	36.67029069	-19.7298124	Scicli-Giarratana
14.73970683	36.85271201	-17.5993964	Scicli-Giarratana
14.6657723	36.67775915	-6.0052089	Scicli-Giarratana
14.81689491	37.05980961	-4.821516	Scicli-Giarratana
14.71226243	36.85891523	-2.0494354	Scicli-Giarratana
14.74266601	36.8878661	-13.5547601	Scicli-Giarratana
14.75134136	36.89887495	-16.3980077	Scicli-Giarratana
14.68254268	36.73470344	-5.957122	Scicli-Giarratana
14.83958872	37.06700724	-14.1102533	Scicli-Giarratana
14.80423513	37.05094499	-1.0000009	Scicli-Giarratana
14.66345986	36.68846664	-3.1042572	Scicli-Giarratana
14.72545257	36.84203778	-11.7420986	Scicli-Giarratana
14.68561	36.72330442	-9.4064491	Scicli-Giarratana
14.78298654	36.9643228	-14.7242191	Scicli-Giarratana
14.6942073	36.73253404	-12.4953223	Scicli-Giarratana
14.68350418	36.69904193	-12.1144788	Scicli-Giarratana
14.84120365	37.06658514	-15.0335106	Scicli-Giarratana
14.67152586	36.71543936	-3.1850853	Scicli-Giarratana
14.66255121	36.67880223	-4.1290726	Scicli-Giarratana
14.66652695	36.71240004	-0.9999989	Scicli-Giarratana
14.67434089	36.67497136	-10.9981068	Scicli-Giarratana
14.74950838	36.91554417	-11.7286236	Scicli-Giarratana
14.84230178	37.0662981	-15.6613256	Scicli-Giarratana
14.70654125	36.81955341	-5.2454447	Scicli-Giarratana
14.66856728	36.71373281	-1.8770946	Scicli-Giarratana
14.75586321	36.92223324	-13.0196557	Scicli-Giarratana
14.74742155	36.88389891	-16.7107611	Scicli-Giarratana
14.65711369	36.68031953	-1.0000009	Scicli-Giarratana
14.84344299	37.06599981	-16.3137606	Scicli-Giarratana
14.8119008	37.03780652	-8.5076205	Scicli-Giarratana
14.72885215	36.8000758	-20.1447001	Scicli-Giarratana
14.67136575	36.69986044	-5.5308847	Scicli-Giarratana
14.75968022	36.95883829	-4.643789	Scicli-Giarratana
14.68095305	36.69188365	-11.8752013	Scicli-Giarratana
14.77449652	36.94056859	-17.1608461	Scicli-Giarratana
14.84491794	37.06561426	-17.1570018	Scicli-Giarratana
14.73098506	36.84900846	-13.5639926	Scicli-Giarratana
14.83042081	37.04010809	-17.0923739	Scicli-Giarratana
14.76235384	36.97501728	-1.4350849	Scicli-Giarratana
14.6719409	36.69322883	-6.8719164	Scicli-Giarratana
14.7087671	36.80434978	-8.8005632	Scicli-Giarratana
14.7838913	36.97172741	-13.0962089	Scicli-Giarratana
14.66417751	36.67489412	-5.6039765	Scicli-Giarratana
14.68087827	36.67434641	-14.573036	Scicli-Giarratana
14.71673658	36.83039038	-8.9746842	Scicli-Giarratana
14.84630675	37.06525121	-17.9510038	Scicli-Giarratana
14.82675127	37.04706216	-13.3116356	Scicli-Giarratana
14.67870443	36.70809049	-8.1490895	Scicli-Giarratana
14.79723488	37.0131632	-8.115236	Scicli-Giarratana
14.69208693	36.75634171	-7.5655106	Scicli-Giarratana
14.71353524	36.82816923	-7.6189921	Scicli-Giarratana
14.69905884	36.74599189	-12.9196359	Scicli-Giarratana
14.76933272	36.97465209	-5.0169384	Scicli-Giarratana
14.84746947	37.06494726	-18.6157489	Scicli-Giarratana
14.79734647	37.0341635	-2.275245	Scicli-Giarratana
14.66446132	36.70536243	-1.0000009	Scicli-Giarratana
14.68317386	36.76253711	-1.8455497	Scicli-Giarratana
14.71419068	36.77831913	-15.7853881	Scicli-Giarratana
14.79000036	36.9570648	-20.258954	Scicli-Giarratana
14.69456109	36.750342	-9.8371067	Scicli-Giarratana
14.7545059	36.9055572	-17.0092894	Scicli-Giarratana
14.84897669	37.06455323	-19.4774559	Scicli-Giarratana
14.70703025	36.73713344	-18.5665087	Scicli-Giarratana
14.79637952	37.00126504	-11.0288821	Scicli-Giarratana
14.79813401	37.02609418	-4.9330761	Scicli-Giarratana
14.70821346	36.79168334	-10.4802364	Scicli-Giarratana
14.77959665	36.96128943	-13.8857863	Scicli-Giarratana
14.73414503	36.87346168	-11.3347103	Scicli-Giarratana
14.85057004	37.0641367	-20.3884013	Scicli-Giarratana
14.68836274	36.73714116	-8.6568803	Scicli-Giarratana
14.82286141	37.03190974	-15.6255487	Scicli-Giarratana
14.85110833	37.06399598	-20.6961552	Scicli-Giarratana
14.81499255	37.07004688	-1.0000009	Scicli-Giarratana
14.68294667	36.70165609	-11.4097229	Scicli-Giarratana
14.72085042	36.89201518	-1.3208329	Scicli-Giarratana
14.80579859	37.04255753	-4.1329193	Scicli-Giarratana
14.79740671	36.96865769	-20.6961552	Scicli-Giarratana
14.70290533	36.79984389	-6.3872059	Scicli-Giarratana
14.75549449	36.9604998	-2.0904052	Scicli-Giarratana
14.77425081	36.9646096	-10.2883528	Scicli-Giarratana
14.83540741	37.05041482	-16.6846024	Scicli-Giarratana
14.71829307	36.78463103	-16.9530985	Scicli-Giarratana
14.82198831	37.03451728	-14.458591	Scicli-Giarratana
14.69164714	36.79600592	-0.9999755	Scicli-Giarratana
14.78838143	36.98943473	-10.362208	Scicli-Giarratana
14.6806848	36.73468532	-4.9738534	Scicli-Giarratana
14.80508274	37.0439401	-3.3881586	Scicli-Giarratana
14.67029921	36.68350099	-7.5170424	Scicli-Giarratana
14.77514924	36.93074877	-20.2447206	Scicli-Giarratana
14.68932393	36.70012584	-15.0404345	Scicli-Giarratana
14.74280667	36.90666937	-10.6264958	Scicli-Giarratana
14.68383304	36.76053155	-2.5156806	Scicli-Giarratana
14.78197301	36.99949601	-4.3437309	Scicli-Giarratana
14.69954548	36.71207161	-18.5988241	Scicli-Giarratana
14.7426561	36.89270413	-12.7769157	Scicli-Giarratana
14.83622534	37.04900552	-17.4878358	Scicli-Giarratana
14.69255652	36.79250152	-2.0378661	Scicli-Giarratana
14.79542719	36.99398351	-12.5980349	Scicli-Giarratana
14.75557085	36.90990076	-16.3368427	Scicli-Giarratana
14.70326042	36.72405058	-18.6565253	Scicli-Giarratana
14.77327164	36.92580839	-20.6961552	Scicli-Giarratana
14.82326373	37.02045758	-19.04083	Scicli-Giarratana
14.73451865	36.91580479	-4.1806215	Scicli-Giarratana
14.6759389	36.71493222	-5.6101825	Scicli-Giarratana
14.76897193	36.96228192	-8.3098895	Scicli-Giarratana
14.76488257	36.91533782	-19.4536044	Scicli-Giarratana
14.83067728	37.05307905	-13.5793803	Scicli-Giarratana
14.79080326	36.95693341	-20.6961552	Scicli-Giarratana
14.69357465	36.72736068	-12.9861874	Scicli-Giarratana
14.66969153	36.70089629	-4.4787567	Scicli-Giarratana
14.68366262	36.71781247	-9.2500724	Scicli-Giarratana
14.8214673	37.06838246	-4.6937982	Scicli-Giarratana
14.68008723	36.679913	-13.283361	Scicli-Giarratana
14.68552907	36.70429967	-12.3702927	Scicli-Giarratana
14.81400143	37.05391247	-5.0346342	Scicli-Giarratana
14.75327619	36.92384643	-11.2766228	Scicli-Giarratana
14.79402435	36.96265273	-20.6961552	Scicli-Giarratana
14.72726272	36.84694317	-11.919056	Scicli-Giarratana
14.66022855	36.68905397	-1.2939032	Scicli-Giarratana
14.70799199	36.82720042	-4.8236351	Scicli-Giarratana
14.81011713	37.02238642	-11.9467534	Scicli-Giarratana
14.74323265	36.89789267	-12.2541215	Scicli-Giarratana
14.77445376	36.94835876	-14.9515683	Scicli-Giarratana
14.78123911	36.99378374	-5.580891	Scicli-Giarratana
14.66104717	36.68504272	-2.3552645	Scicli-Giarratana
14.73503218	36.82438068	-19.6367313	Scicli-Giarratana
14.71280996	36.83458746	-6.2248925	Scicli-Giarratana
14.80012673	36.99294609	-15.2320106	Scicli-Giarratana
14.71636294	36.78359877	-16.0944892	Scicli-Giarratana
14.77262908	36.9658965	-9.1185089	Scicli-Giarratana
14.7676669	36.98600129	-1.0000009	Scicli-Giarratana
14.69971146	36.80287333	-4.2167826	Scicli-Giarratana
14.78304733	36.9622906	-15.3251059	Scicli-Giarratana
14.75550522	36.93159692	-10.2116071	Scicli-Giarratana
14.67717826	36.69668654	-9.1177396	Scicli-Giarratana
14.795435	36.96895466	-19.6297929	Scicli-Giarratana
14.76510334	36.9637154	-5.9786649	Scicli-Giarratana
14.77591817	36.95559735	-13.6497787	Scicli-Giarratana
14.7049341	36.72063843	-20.0902665	Scicli-Giarratana
14.71949564	36.77225489	-19.5697802	Scicli-Giarratana
14.72944831	36.88618633	-6.8119047	Scicli-Giarratana
14.73141316	36.90220474	-5.2966083	Scicli-Giarratana
14.71195818	36.79666456	-11.6959379	Scicli-Giarratana
14.84050838	37.04518044	-20.6961552	Scicli-Giarratana
14.79812858	36.99531449	-13.5711093	Scicli-Giarratana
14.69590906	36.68767572	-20.4868837	Scicli-Giarratana
14.74421498	36.921974	-7.2839196	Scicli-Giarratana
14.73087532	36.87008128	-10.1398585	Scicli-Giarratana
14.74814603	36.94255118	-3.4658661	Scicli-Giarratana
14.68356595	36.75039594	-3.992891	Scicli-Giarratana
14.67407266	36.70100492	-6.7919008	Scicli-Giarratana
14.80487452	37.00481138	-14.2679765	Scicli-Giarratana
14.70474557	36.80487763	-6.5803207	Scicli-Giarratana
14.69153994	36.70336914	-15.7124877	Scicli-Giarratana
14.66946948	36.67350742	-8.6353375	Scicli-Giarratana
14.72920694	36.91769776	-0.9999921	Scicli-Giarratana
14.68882133	36.69025771	-16.3139525	Scicli-Giarratana
14.7726782	36.9516872	-13.1319848	Scicli-Giarratana
14.7144683	36.83793427	-6.5695477	Scicli-Giarratana
14.7990606	36.97852483	-18.749621	Scicli-Giarratana
14.72390627	36.90417804	-1.0000009	Scicli-Giarratana
14.7197652	36.76610182	-20.6961552	Scicli-Giarratana
14.71022946	36.83424024	-4.9115868	Scicli-Giarratana
14.71985507	36.86531894	-5.0546386	Scicli-Giarratana
14.70180067	36.72976197	-16.9688886	Scicli-Giarratana
14.68518665	36.7727502	-1.282747	Scicli-Giarratana
14.79351902	37.00122019	-9.6155291	Scicli-Giarratana
14.68322756	36.72907873	-7.2192916	Scicli-Giarratana
14.70423006	36.81324412	-5.0011659	Scicli-Giarratana
14.68981508	36.75887262	-5.9555829	Scicli-Giarratana
14.75952393	36.93370423	-11.6236136	Scicli-Giarratana
14.75700559	36.8941601	-20.1553768	Scicli-Giarratana
14.73661928	36.89390257	-9.3835607	Scicli-Giarratana
14.7342638	36.86101066	-13.3862655	Scicli-Giarratana
14.66179207	36.67551916	-4.2375556	Scicli-Giarratana
14.78333676	36.95182529	-18.4076308	Scicli-Giarratana
14.70424033	36.7801489	-10.2125687	Scicli-Giarratana
14.77309612	36.99470945	-1.2615868	Scicli-Giarratana
14.72876586	36.83170179	-15.1504545	Scicli-Giarratana
14.70357205	36.74163062	-16.0121635	Scicli-Giarratana
14.77721921	37.00296607	-1.0000009	Scicli-Giarratana
14.71266823	36.83812395	-5.5843593	Scicli-Giarratana
14.73275228	36.89827115	-6.6349472	Scicli-Giarratana
14.81657061	37.0397986	-10.276139	Scicli-Giarratana
14.73448599	36.89884303	-7.4631854	Scicli-Giarratana
14.73885766	36.91132607	-7.6036569	Scicli-Giarratana
14.71494531	36.75824017	-19.3943622	Scicli-Giarratana
14.72326617	36.80444715	-16.4930258	Scicli-Giarratana
14.78119103	36.94282334	-19.8652216	Scicli-Giarratana
14.72320034	36.78911756	-18.8496303	Scicli-Giarratana
14.65810641	36.67648481	-2.1263739	Scicli-Giarratana
14.69187108	36.67485027	-20.341663	Scicli-Giarratana
14.77716786	37.00106966	-1.5066376	Scicli-Giarratana
14.70060167	36.75738676	-11.9179021	Scicli-Giarratana
14.75439232	36.9614509	-1.2739003	Scicli-Giarratana
14.74190571	36.88290016	-13.9444516	Scicli-Giarratana
14.72594049	36.87476088	-6.7749711	Scicli-Giarratana
14.72027831	36.77077988	-20.22087	Scicli-Giarratana
14.71508361	36.76615924	-18.2023988	Scicli-Giarratana
14.73111983	36.9080798	-4.202933	Scicli-Giarratana
14.70923392	36.78997522	-11.2919406	Scicli-Giarratana
14.7095502	36.82409546	-6.135997	Scicli-Giarratana
14.81086774	37.00034698	-18.5088046	Scicli-Giarratana
14.73875988	36.88362369	-12.160257	Scicli-Giarratana
14.78783518	37.0129553	-3.4881781	Scicli-Giarratana
14.67801338	36.73336439	-3.7668866	Scicli-Giarratana
14.72435739	36.81479073	-15.4589784	Scicli-Giarratana
14.73579174	36.83794577	-17.8809901	Scicli-Giarratana
14.74400835	36.87477728	-16.3568456	Scicli-Giarratana
14.72337802	36.79932074	-17.3524242	Scicli-Giarratana
14.69234084	36.75334876	-8.1783219	Scicli-Giarratana
14.78058646	36.96530583	-13.2516239	Scicli-Giarratana
14.69720175	36.72304384	-15.6013129	Scicli-Giarratana
14.69198173	36.72700201	-12.1979568	Scicli-Giarratana
14.69041525	36.73756489	-9.6786183	Scicli-Giarratana
14.80425042	37.01878886	-10.0327258	Scicli-Giarratana
14.78950479	36.98804889	-11.3112409	Scicli-Giarratana
14.82569767	37.05713007	-9.9605965	Scicli-Giarratana
14.69073725	36.78430166	-2.3833466	Scicli-Giarratana
14.76574836	36.97066839	-4.3483461	Scicli-Giarratana
14.73264281	36.83850239	-16.1214144	Scicli-Giarratana
14.69944348	36.72229339	-16.9111835	Scicli-Giarratana
14.79939929	37.01992195	-7.2966146	Scicli-Giarratana
14.71157732	36.82307109	-7.3735526	Scicli-Giarratana
14.68129463	36.73911926	-4.589163	Scicli-Giarratana
14.67992557	36.72546289	-6.0440585	Scicli-Giarratana
14.73739218	36.82562853	-20.6962245	Scicli-Giarratana
14.72245502	36.82912697	-12.2114646	Scicli-Giarratana
14.68997578	36.66813271	-20.382247	Scicli-Giarratana
14.8426869	37.06417555	-16.4491718	Scicli-Giarratana
14.74110675	36.88622319	-12.9900346	Scicli-Giarratana
14.81767904	37.03900334	-11.0517711	Scicli-Giarratana
14.76933828	36.98345281	-2.5487645	Scicli-Giarratana
14.7739463	36.99715228	-1.0000009	Scicli-Giarratana
14.74042712	36.86043034	-16.7484603	Scicli-Giarratana
14.80253361	37.0379096	-3.8097807	Scicli-Giarratana
14.79174148	36.98168259	-14.2141183	Scicli-Giarratana
14.70512837	36.80141264	-7.3243121	Scicli-Giarratana
14.72002234	36.81862126	-12.5568731	Scicli-Giarratana
14.67609631	36.70872655	-6.6626425	Scicli-Giarratana
14.74938604	36.86546745	-20.6961542	Scicli-Giarratana
14.78262844	36.95693202	-16.6207431	Scicli-Giarratana
14.75142008	36.95365683	-1.9794179	Scicli-Giarratana
14.7502889	36.93335061	-7.1181181	Scicli-Giarratana
14.71597827	36.78835343	-15.1303954	Scicli-Giarratana
14.70575496	36.84220377	-1.2650507	Scicli-Giarratana
14.76315686	36.91657722	-18.2450033	Scicli-Giarratana
14.7107997	36.83926984	-4.4098944	Scicli-Giarratana
14.84596142	37.062616	-18.5188065	Scicli-Giarratana
14.70832645	36.82450141	-5.4224022	Scicli-Giarratana
14.75989306	36.90036179	-20.6961552	Scicli-Giarratana
14.75154389	36.88517814	-18.6930712	Scicli-Giarratana
14.6817554	36.68015216	-14.1333346	Scicli-Giarratana
14.71379941	36.81832605	-9.2950818	Scicli-Giarratana
14.70519242	36.7613473	-13.7217157	Scicli-Giarratana
14.74431778	36.89336683	-13.552452	Scicli-Giarratana
14.712415	36.75167935	-19.0995917	Scicli-Giarratana
14.70016452	36.77446482	-8.9577083	Scicli-Giarratana
14.68231716	36.71181285	-9.4913591	Scicli-Giarratana
14.81568287	37.04718155	-7.7617055	Scicli-Giarratana
14.79633776	36.97748731	-17.6836434	Scicli-Giarratana
14.80607856	37.03069265	-7.6016659	Scicli-Giarratana
14.8156228	37.06079778	-3.9101835	Scicli-Giarratana
14.81803524	37.02717436	-14.5487951	Scicli-Giarratana
14.73759736	36.86742046	-14.1306381	Scicli-Giarratana
14.7864226	36.97132522	-14.4710929	Scicli-Giarratana
14.74077925	36.90205611	-10.2879682	Scicli-Giarratana
14.7293259	36.85253685	-12.1202492	Scicli-Giarratana
14.73473352	36.83073496	-18.4711019	Scicli-Giarratana
14.77600454	36.99454381	-2.7580331	Scicli-Giarratana
14.7377248	36.92575269	-2.9865419	Scicli-Giarratana
14.79369299	36.97202111	-17.9002245	Scicli-Giarratana
14.78306804	37.01335392	-1.0000009	Scicli-Giarratana
14.73265666	36.91127135	-4.5083778	Scicli-Giarratana
14.68699079	36.75877455	-4.4722157	Scicli-Giarratana
14.68215523	36.71719091	-8.5493644	Scicli-Giarratana
14.73056171	36.91269465	-3.0804061	Scicli-Giarratana
14.79394697	36.96397162	-20.2872294	Scicli-Giarratana
14.8152033	37.05361377	-5.7174599	Scicli-Giarratana
14.78569755	37.01802339	-1.0000009	Scicli-Giarratana
14.7056951	36.7988804	-8.0206024	Scicli-Giarratana
14.81142175	37.01624626	-14.3210636	Scicli-Giarratana
14.75138995	36.94693896	-3.8509403	Scicli-Giarratana
14.75694486	36.90966443	-17.0885316	Scicli-Giarratana
14.724901	36.81899387	-15.0919833	Scicli-Giarratana
14.69598771	36.79896877	-2.8461308	Scicli-Giarratana
14.70962723	36.74128032	-19.2820321	Scicli-Giarratana
14.725001	36.86083422	-8.5006959	Scicli-Giarratana
14.8321356	37.04758799	-15.8475155	Scicli-Giarratana
14.69813581	36.77604282	-7.6289872	Scicli-Giarratana
14.74272901	36.87711157	-15.3054867	Scicli-Giarratana
14.80775754	37.00373472	-16.0073544	Scicli-Giarratana
14.69426846	36.72511537	-13.7132526	Scicli-Giarratana
14.68416373	36.74670004	-4.9007621	Scicli-Giarratana
14.71736039	36.81141938	-12.2656621	Scicli-Giarratana
14.75644513	36.9376812	-8.9715571	Scicli-Giarratana
14.81908217	37.07007119	-3.0311664	Scicli-Giarratana
14.70308672	36.71393888	-20.180286	Scicli-Giarratana
14.69644142	36.76960462	-7.7582433	Scicli-Giarratana
14.71595942	36.79596518	-13.9321422	Scicli-Giarratana
14.72315134	36.81589872	-14.644973	Scicli-Giarratana
14.7958006	36.98131826	-16.3399184	Scicli-Giarratana
14.77026443	36.92046942	-20.6961552	Scicli-Giarratana
14.81779213	37.04879584	-8.3598991	Scicli-Giarratana
14.74350745	36.92965156	-4.7753529	Scicli-Giarratana
14.71884276	36.85624708	-5.9663549	Scicli-Giarratana
14.7608798	36.91532859	-17.4601381	Scicli-Giarratana
14.71484599	36.87069703	-1.5385663	Scicli-Giarratana
14.75162501	36.93001132	-8.7220853	Scicli-Giarratana
14.68434852	36.7680236	-1.5928085	Scicli-Giarratana
14.69881923	36.70679582	-19.0497147	Scicli-Giarratana
14.70132792	36.70745648	-20.2807489	Scicli-Giarratana
14.68756628	36.71481192	-11.8021223	Scicli-Giarratana
14.7068096	36.74128632	-17.7855868	Scicli-Giarratana
14.71867945	36.82227547	-11.2727748	Scicli-Giarratana
14.77383319	36.93122634	-19.4543739	Scicli-Giarratana
14.72396467	36.80923773	-16.1167992	Scicli-Giarratana
14.70664854	36.84095455	-1.9386464	Scicli-Giarratana
14.69296171	36.80049132	-1.0000009	Scicli-Giarratana
14.77646478	36.98804783	-4.8111273	Scicli-Giarratana
14.74949136	36.93631057	-5.8892245	Scicli-Giarratana
14.72675687	36.82467447	-15.1920067	Scicli-Giarratana
14.77410682	36.95093933	-14.0540827	Scicli-Giarratana
14.70381299	36.71312359	-20.6961571	Scicli-Giarratana
14.69259178	36.76859084	-5.8771063	Scicli-Giarratana
14.74054123	36.92776787	-3.8251669	Scicli-Giarratana
14.68252286	36.75351318	-2.9411454	Scicli-Giarratana
14.68783331	36.74703077	-6.7955546	Scicli-Giarratana
14.7606017	36.94026506	-10.3183591	Scicli-Giarratana
14.67392629	36.71160833	-5.0592699	Scicli-Giarratana
14.72300383	36.84507997	-9.9571342	Scicli-Giarratana
14.71181239	36.8510063	-3.0734823	Scicli-Giarratana
14.73694037	36.91102658	-6.73037	Scicli-Giarratana
14.76470173	36.92532662	-16.5582313	Scicli-Giarratana
14.74775859	36.8911704	-15.7282616	Scicli-Giarratana
14.72284231	36.8975022	-1.5014442	Scicli-Giarratana
14.71546036	36.86869108	-2.1848466	Scicli-Giarratana
14.7186388	36.80979853	-13.198152	Scicli-Giarratana
14.70113942	36.79562065	-6.1067572	Scicli-Giarratana
14.73343632	36.90279352	-6.2756464	Scicli-Giarratana
14.66186155	36.69500427	-1.2338915	Scicli-Giarratana
14.75347416	36.92137453	-12.06947	Scicli-Giarratana
14.69393817	36.69158065	-18.8288671	Scicli-Giarratana
14.67197964	36.70434732	-5.1569652	Scicli-Giarratana
14.75897938	36.9054193	-19.2959091	Scicli-Giarratana
14.71370712	36.79388444	-13.0592772	Scicli-Giarratana
14.76657368	36.9413761	-12.9838793	Scicli-Giarratana
14.74341809	36.8456515	-20.6961552	Scicli-Giarratana
14.76240382	36.92947146	-14.2483571	Scicli-Giarratana
14.70960378	36.79919496	-10.0494599	Scicli-Giarratana
14.73655283	36.82500452	-20.3484472	Scicli-Giarratana
14.75877714	36.95313296	-5.7947782	Scicli-Giarratana
14.82904386	37.06749547	-8.7184308	Scicli-Giarratana
14.68857901	36.66849886	-19.5820917	Scicli-Giarratana
14.72595138	36.89621424	-3.3561337	Scicli-Giarratana
14.82117148	37.0541222	-8.5491671	Scicli-Giarratana
14.84309681	37.05371941	-19.5890165	Scicli-Giarratana
14.71533553	36.81812291	-10.1433245	Scicli-Giarratana
14.72214606	36.79371413	-17.5724721	Scicli-Giarratana
14.67573916	36.67186436	-12.2268085	Scicli-Giarratana
14.67690834	36.73817021	-2.4125829	Scicli-Giarratana
14.74143077	36.93461393	-2.3464169	Scicli-Giarratana
14.79123464	37.01146554	-5.6008983	Scicli-Giarratana
14.83136028	37.06757314	-9.8509597	Scicli-Giarratana
14.79213868	36.9850914	-13.4547372	Scicli-Giarratana
14.73660117	36.85378892	-15.77981	Scicli-Giarratana
14.81139156	36.99348564	-20.6961552	Scicli-Giarratana
14.69423936	36.75952315	-8.1998681	Scicli-Giarratana
14.78085739	37.00802652	-1.3933466	Scicli-Giarratana
14.83048976	37.06371684	-10.4997401	Scicli-Giarratana
14.73193028	36.88682317	-8.0267572	Scicli-Giarratana
14.71090514	36.83138138	-5.7209696	Scicli-Giarratana
14.6697011	36.68593378	-6.8192138	Scicli-Giarratana
14.72174969	36.77653856	-20.0814208	Scicli-Giarratana
14.72252392	36.78561675	-19.0404227	Scicli-Giarratana
14.78990695	36.97466856	-15.2693261	Scicli-Giarratana
14.66739748	36.67746377	-6.9157711	Scicli-Giarratana
14.69946234	36.73901126	-14.2495114	Scicli-Giarratana
14.73770607	36.83332084	-19.6351737	Scicli-Giarratana
14.6945772	36.74325196	-10.9788725	Scicli-Giarratana
14.81900222	37.02000034	-17.0452494	Scicli-Giarratana
14.74672656	36.93863642	-3.8574813	Scicli-Giarratana
14.77763052	36.96901767	-10.7357479	Scicli-Giarratana
14.74347156	36.90184399	-11.7497921	Scicli-Giarratana
14.65905889	36.68695049	-1.0000009	Scicli-Giarratana
14.74153028	36.91499849	-7.9034586	Scicli-Giarratana
14.73972517	36.90942259	-8.5522379	Scicli-Giarratana
14.79481822	37.02676263	-3.0927162	Scicli-Giarratana
14.69032804	36.78991365	-1.2692694	Scicli-Giarratana
14.72756431	36.91031931	-1.9596102	Scicli-Giarratana
14.82858173	37.02515358	-20.3727196	Scicli-Giarratana
14.72391793	36.78447608	-19.9621298	Scicli-Giarratana
14.79219901	36.99395278	-10.9973371	Scicli-Giarratana
14.7797475	36.98488334	-7.3362372	Scicli-Giarratana
14.74976853	36.91038606	-13.3070204	Scicli-Giarratana
14.83595821	37.0630364	-13.4158869	Scicli-Giarratana
14.69693985	36.73089806	-14.2071952	Scicli-Giarratana
14.73988993	36.92009349	-5.65514	Scicli-Giarratana
14.68596904	36.76721837	-2.5814628	Scicli-Giarratana
14.74919978	36.86753307	-20.2674159	Scicli-Giarratana
14.7141783	36.83377663	-7.0796537	Scicli-Giarratana
14.69846683	36.80451103	-3.2996801	Scicli-Giarratana
14.69922835	36.73133545	-15.3520341	Scicli-Giarratana
14.70248616	36.83088208	-1.3231581	Scicli-Giarratana
14.79026969	37.0151665	-4.0809862	Scicli-Giarratana
14.70284414	36.78004768	-9.4878118	Scicli-Giarratana
14.76806013	36.95387909	-10.2141076	Scicli-Giarratana
14.6713665	36.72717225	-1.2277362	Scicli-Giarratana
14.74430643	36.90688061	-11.388183	Scicli-Giarratana
14.75095289	36.89149384	-17.37089	Scicli-Giarratana
14.74397563	36.93374351	-3.8597894	Scicli-Giarratana
14.72230845	36.80711603	-15.5674608	Scicli-Giarratana
14.76505927	36.94828292	-10.2887325	Scicli-Giarratana
14.83960954	37.0638119	-15.0177382	Scicli-Giarratana
14.7411776	36.93895924	-1.0000009	Scicli-Giarratana
14.6988969	36.81732175	-1.5301044	Scicli-Giarratana
14.79714348	37.03677162	-1.4423934	Scicli-Giarratana
14.84861244	37.05956627	-20.6961552	Scicli-Giarratana
14.67789753	36.68384957	-11.5041673	Scicli-Giarratana
14.76862735	36.96527252	-7.298538	Scicli-Giarratana
14.68237387	36.72431344	-7.5274291	Scicli-Giarratana
14.75579198	36.93443406	-9.5578255	Scicli-Giarratana
14.83460448	37.04493409	-17.8229013	Scicli-Giarratana
14.82566872	37.03957583	-14.873287	Scicli-Giarratana
14.71587327	36.81035441	-11.6413094	Scicli-Giarratana
14.7936042	36.98243592	-14.931183	Scicli-Giarratana
14.79655654	37.01401012	-7.5393544	Scicli-Giarratana
14.72668131	36.81238854	-17.0691972	Scicli-Giarratana
14.74832612	36.90473194	-13.8632819	Scicli-Giarratana
14.8185121	37.00952735	-19.7417382	Scicli-Giarratana
14.72177836	36.89710831	-1.0000009	Scicli-Giarratana
14.69505417	36.76407426	-7.9053873	Scicli-Giarratana
14.75387894	36.94924787	-4.4433607	Scicli-Giarratana
14.8228391	37.03836331	-13.8032704	Scicli-Giarratana
14.77472233	36.9949336	-2.0094257	Scicli-Giarratana
14.71062618	36.76044593	-16.7496146	Scicli-Giarratana
14.75943963	36.90036383	-20.4553388	Scicli-Giarratana
14.82572388	37.01892949	-20.6961552	Scicli-Giarratana
14.67795845	36.74417781	-2.0101962	Scicli-Giarratana
14.71010593	36.73541437	-20.4738046	Scicli-Giarratana
14.82288978	37.04859067	-10.958099	Scicli-Giarratana
14.75541282	36.90619521	-17.2985697	Scicli-Giarratana
14.67776761	36.67426214	-12.9315614	Scicli-Giarratana
14.72166323	36.8821661	-3.3241078	Scicli-Giarratana
14.67904356	36.69450546	-10.4503076	Scicli-Giarratana
14.67189333	36.71905128	-2.8045853	Scicli-Giarratana
14.73159307	36.89328308	-6.8165206	Scicli-Giarratana
14.66533799	36.67459005	-6.2687216	Scicli-Giarratana
14.79781383	37.0074875	-9.9971421	Scicli-Giarratana
14.67515812	36.73790067	-1.5266415	Scicli-Giarratana
14.67958718	36.69937481	-9.979254	Scicli-Giarratana
14.81998061	37.04025827	-11.8467342	Scicli-Giarratana
14.68778924	36.77935549	-1.6089647	Scicli-Giarratana
14.67421339	36.67226424	-11.3527915	Scicli-Giarratana
14.69170112	36.69585041	-16.972351	Scicli-Giarratana
14.71687158	36.759349	-20.2395282	Scicli-Giarratana
14.74793361	36.86878023	-19.3966708	Scicli-Giarratana
14.82009395	37.05458824	-7.8813441	Scicli-Giarratana
14.83800233	37.05626034	-16.3368417	Scicli-Giarratana
14.75901999	36.91506986	-16.6053554	Scicli-Giarratana
14.83002113	37.04889903	-14.4256996	Scicli-Giarratana
14.84810226	37.06076528	-20.1052704	Scicli-Giarratana
14.75342568	36.93919531	-7.0407953	Scicli-Giarratana
14.69822803	36.71224512	-17.8717597	Scicli-Giarratana
14.8409328	37.04700285	-20.3960966	Scicli-Giarratana
14.83481951	37.04278734	-18.5326552	Scicli-Giarratana
14.77460114	36.93829566	-17.8515609	Scicli-Giarratana
14.77451503	36.96133324	-11.3399043	Scicli-Giarratana
14.71354612	36.7848546	-14.3991622	Scicli-Giarratana
14.67262368	36.73277591	-1.0000009	Scicli-Giarratana
14.80979158	37.01050239	-15.1212196	Scicli-Giarratana
14.71968174	36.82728767	-11.0234999	Scicli-Giarratana
14.82783501	37.03918885	-16.0615961	Scicli-Giarratana
14.80359331	37.01464415	-10.8688507	Scicli-Giarratana
14.72665797	36.87279315	-7.469724	Scicli-Giarratana
14.68003707	36.6707379	-14.6888275	Scicli-Giarratana
14.79637666	36.97407359	-18.6617191	Scicli-Giarratana
14.74679018	36.89579099	-14.4766708	Scicli-Giarratana
14.72628164	36.86834363	-7.9805927	Scicli-Giarratana
14.73249927	36.80896512	-20.6961552	Scicli-Giarratana
14.81892384	37.05563688	-7.0038651	Scicli-Giarratana
14.77399351	36.94465631	-15.761723	Scicli-Giarratana
14.71326735	36.86882567	-0.9999999	Scicli-Giarratana
14.7839285	36.9458533	-20.3791679	Scicli-Giarratana
14.70196605	36.74374901	-14.8211613	Scicli-Giarratana
14.73311555	36.82569175	-18.4142304	Scicli-Giarratana
14.75412074	36.89177872	-19.0056327	Scicli-Giarratana
14.69027543	36.79142371	-0.9999833	Scicli-Giarratana
14.81243851	37.01150491	-16.1591151	Scicli-Giarratana
14.70029814	36.77956791	-8.2133317	Scicli-Giarratana
14.79434809	37.0292254	-2.1669579	Scicli-Giarratana
14.78642114	37.01281241	-2.8234335	Scicli-Giarratana
14.71909826	36.84999887	-7.099653	Scicli-Giarratana
14.68501132	36.67302276	-16.978121	Scicli-Giarratana
14.76917393	36.94762391	-12.5253241	Scicli-Giarratana
14.71153814	36.81358818	-8.8322992	Scicli-Giarratana
14.75635298	36.90143884	-18.6465243	Scicli-Giarratana
14.66931328	36.71008799	-2.842663	Scicli-Giarratana
14.74018422	36.87660785	-14.0360082	Scicli-Giarratana
14.66464231	36.67981642	-5.0831054	Scicli-Giarratana
14.74273803	36.86845572	-16.6922948	Scicli-Giarratana
14.76484423	36.94169166	-12.0329232	Scicli-Giarratana
14.70942817	36.80928386	-8.3822113	Scicli-Giarratana
14.67463111	36.73944627	-1.0000009	Scicli-Giarratana
14.81640967	37.03359119	-11.937906	Scicli-Giarratana
14.68808298	36.7648011	-4.0894496	Scicli-Giarratana
14.74203083	36.90208881	-10.9465583	Scicli-Giarratana
14.8204568	37.0601596	-6.4983817	Scicli-Giarratana
14.78936797	36.963604	-18.1075726	Scicli-Giarratana
14.77051216	36.99105241	-0.999997	Scicli-Giarratana
14.73296391	36.92437231	-1.0000009	Scicli-Giarratana
14.72270636	36.83542162	-11.3420338	Scicli-Giarratana
14.83279468	37.03148363	-20.6961552	Scicli-Giarratana
14.72884567	36.90251097	-3.8859481	Scicli-Giarratana
14.7017141	36.75657707	-12.6376579	Scicli-Giarratana
14.69859556	36.77384248	-8.2244882	Scicli-Giarratana
14.81521055	37.04898892	-7.0190604	Scicli-Giarratana
14.7373825	36.87125474	-13.4043422	Scicli-Giarratana
14.72578939	36.91043365	-1.0000009	Scicli-Giarratana
14.8367965	37.04001255	-20.2968466	Scicli-Giarratana
14.67004391	36.72164727	-1.4085556	Scicli-Giarratana
14.72895343	36.86990496	-9.1485105	Scicli-Giarratana
14.75742541	36.92890718	-11.9244415	Scicli-Giarratana
14.76690334	36.92337231	-18.2048993	Scicli-Giarratana
14.75404451	36.91274084	-14.7780724	Scicli-Giarratana
14.69833645	36.78205497	-6.7749743	Scicli-Giarratana
14.75901389	36.90437721	-19.5882411	Scicli-Giarratana
14.70406622	36.76863438	-11.9598331	Scicli-Giarratana
14.66590851	36.70123851	-2.4133524	Scicli-Giarratana
14.82531898	37.0318497	-16.8673305	Scicli-Giarratana
14.75676176	36.94349072	-7.497808	Scicli-Giarratana
14.81312635	37.02896663	-11.59899	Scicli-Giarratana
14.80082885	37.0125073	-10.0908142	Scicli-Giarratana
14.78603427	36.96104125	-17.1650809	Scicli-Giarratana
14.74769798	36.9369948	-4.8028583	Scicli-Giarratana
14.67897174	36.72675991	-5.3306532	Scicli-Giarratana
14.71978252	36.83043007	-10.58651	Scicli-Giarratana
14.70125104	36.77288978	-9.7859468	Scicli-Giarratana
14.71227934	36.82849777	-6.9015873	Scicli-Giarratana
14.68151708	36.74389483	-3.9442289	Scicli-Giarratana
14.72594748	36.83746212	-12.7353698	Scicli-Giarratana
14.68586607	36.70978478	-11.6944344	Scicli-Giarratana
14.74023601	36.90605241	-9.3616333	Scicli-Giarratana
14.69934008	36.74286789	-13.5682245	Scicli-Giarratana
14.82727177	37.06696643	-7.9838642	Scicli-Giarratana
14.72012371	36.88343297	-2.3052548	Scicli-Giarratana
14.71863818	36.87196195	-3.3481493	Scicli-Giarratana
14.71369523	36.8108285	-10.4095303	Scicli-Giarratana
14.70082703	36.70308424	-20.6961552	Scicli-Giarratana
14.69426246	36.79826786	-2.0378837	Scicli-Giarratana
14.73115047	36.91166519	-3.6466708	Scicli-Giarratana
14.8066782	37.01900827	-11.1812197	Scicli-Giarratana
14.83257688	37.0453002	-16.7096073	Scicli-Giarratana
14.82780887	37.0336139	-17.6132455	Scicli-Giarratana
14.67943044	36.75402248	-1.2185028	Scicli-Giarratana
14.69445113	36.7162497	-15.227015	Scicli-Giarratana
14.78388301	36.9689274	-13.8782848	Scicli-Giarratana
14.83118992	37.03805557	-18.0517924	Scicli-Giarratana
14.75348708	36.90669877	-16.196827	Scicli-Giarratana
14.73157649	36.81812602	-18.7757787	Scicli-Giarratana
14.81319399	37.0081027	-17.490914	Scicli-Giarratana
14.81844487	37.01604305	-17.8786815	Scicli-Giarratana
14.68508917	36.69869527	-13.011577	Scicli-Giarratana
14.8110353	37.05062993	-4.4776024	Scicli-Giarratana
14.76188192	36.90903607	-19.7267313	Scicli-Giarratana
14.72682679	36.89469079	-4.0636757	Scicli-Giarratana
14.68436171	36.75505192	-3.6712885	Scicli-Giarratana
14.77007727	36.98121635	-3.5451127	Scicli-Giarratana
14.82017704	37.0142714	-19.2395243	Scicli-Giarratana
14.80383495	37.04408173	-2.7264911	Scicli-Giarratana
14.71593946	36.8007126	-13.1808407	Scicli-Giarratana
14.73149212	36.80792201	-20.3235819	Scicli-Giarratana
14.72088824	36.86117273	-6.2648749	Scicli-Giarratana
14.70871581	36.77391613	-13.5835153	Scicli-Giarratana
14.78508102	36.95700148	-17.8240556	Scicli-Giarratana
14.81397536	37.00385993	-19.0716063	Scicli-Giarratana
14.74163889	36.90674162	-9.9956034	Scicli-Giarratana
14.79790917	37.0289711	-4.0130824	Scicli-Giarratana
14.72421981	36.83148474	-12.7746574	Scicli-Giarratana
14.71213747	36.80434217	-10.5934123	Scicli-Giarratana
14.82730794	37.02665969	-19.3151122	Scicli-Giarratana
14.67481775	36.72741865	-3.0203944	Scicli-Giarratana
14.71448172	36.82292485	-8.9402051	Scicli-Giarratana
14.77430474	36.93573791	-18.4222494	Scicli-Giarratana
14.68497332	36.7738117	-1.0000009	Scicli-Giarratana
14.80819827	36.98781477	-20.6961552	Scicli-Giarratana
14.74583419	36.90953426	-11.5867634	Scicli-Giarratana
14.72696216	36.82918203	-14.5965485	Scicli-Giarratana
14.73081262	36.91534665	-2.4610546	Scicli-Giarratana
14.7457951	36.94715759	-0.9999999	Scicli-Giarratana
14.69577509	36.73213021	-13.392036	Scicli-Giarratana
14.80503211	37.03878185	-4.8103602	Scicli-Giarratana
14.70990216	36.76225923	-16.0756371	Scicli-Giarratana
14.72096648	36.85702924	-6.968089	Scicli-Giarratana
14.79442554	36.99994112	-10.4264567	Scicli-Giarratana
14.68785954	36.67366671	-18.3926283	Scicli-Giarratana
14.71042261	36.79629823	-10.9365534	Scicli-Giarratana
14.68774658	36.71021195	-12.6284943	Scicli-Giarratana
14.74105294	36.91807339	-6.8022875	Scicli-Giarratana
14.74993424	36.90675277	-14.3933856	Scicli-Giarratana
14.70590008	36.77972806	-11.1606396	Scicli-Giarratana
14.80523672	36.99626029	-16.8490575	Scicli-Giarratana
14.74709695	36.90837044	-12.5407186	Scicli-Giarratana
14.78707143	37.01662582	-2.0771337	Scicli-Giarratana
14.7866607	36.95116096	-20.251452	Scicli-Giarratana
14.80217775	37.02371185	-7.6174469	Scicli-Giarratana
14.8388893	37.05132174	-18.1652758	Scicli-Giarratana
14.70718786	36.76239171	-14.6139093	Scicli-Giarratana
14.81272194	37.03241327	-10.4303029	Scicli-Giarratana
14.79357728	37.03108693	-1.2600468	Scicli-Giarratana
14.69457426	36.71943836	-14.782692	Scicli-Giarratana
14.69630784	36.70263119	-18.3633881	Scicli-Giarratana
14.71852969	36.84207233	-8.0636874	Scicli-Giarratana
14.67703896	36.7195097	-5.4627938	Scicli-Giarratana
14.75157058	36.95147126	-2.6680111	Scicli-Giarratana
14.75807381	36.90182536	-19.4974589	Scicli-Giarratana
14.67509499	36.6807578	-10.4960858	Scicli-Giarratana
14.73664634	36.88983175	-10.0479212	Scicli-Giarratana
14.68164877	36.67031548	-15.6120849	Scicli-Giarratana
14.70742463	36.73138899	-19.694036	Scicli-Giarratana
14.72167562	36.80924363	-14.8990612	Scicli-Giarratana
14.69256679	36.77762092	-4.4214374	Scicli-Giarratana
14.69936316	36.73513869	-14.8157755	Scicli-Giarratana
14.82307189	37.04641679	-11.6590052	Scicli-Giarratana
14.84009129	37.06186216	-15.8051996	Scicli-Giarratana
14.67019373	36.69185688	-6.1567767	Scicli-Giarratana
14.81435095	37.02280493	-13.9394508	Scicli-Giarratana
14.68321749	36.66990428	-16.5107221	Scicli-Giarratana
14.74259168	36.86422705	-17.2901044	Scicli-Giarratana
14.68723595	36.66885093	-18.8127099	Scicli-Giarratana
14.70137519	36.81138467	-3.773619	Scicli-Giarratana
14.74319583	36.91282295	-9.3448949	Scicli-Giarratana
14.67686796	36.72391175	-4.6687904	Scicli-Giarratana
14.75746886	36.96789139	-1.0000009	Scicli-Giarratana
14.7454024	36.88561381	-15.3658832	Scicli-Giarratana
14.7451338	36.94070704	-2.481828	Scicli-Giarratana
14.70369258	36.77426527	-10.8619264	Scicli-Giarratana
14.72258319	36.84917622	-9.0798475	Scicli-Giarratana
14.75980366	36.92331512	-14.6807494	Scicli-Giarratana
14.71593485	36.76313696	-19.1371005	Scicli-Giarratana
14.66896591	36.69198975	-5.4829911	Scicli-Giarratana
14.79228156	37.01569802	-4.9346146	Scicli-Giarratana
14.70461022	36.73423794	-17.744809	Scicli-Giarratana
14.72542139	36.79584941	-18.9804364	Scicli-Giarratana
14.68142756	36.71883746	-7.8998068	Scicli-Giarratana
14.73745882	36.84460063	-17.7024931	Scicli-Giarratana
14.71602336	36.87798243	-0.999996	Scicli-Giarratana
14.76153394	36.93015016	-13.6240043	Scicli-Giarratana
14.80082782	37.03151327	-4.7541908	Scicli-Giarratana
14.70784996	36.75504212	-16.1394965	Scicli-Giarratana
14.6725909	36.67268944	-10.4233792	Scicli-Giarratana
14.83393804	37.03453933	-20.4084061	Scicli-Giarratana
14.73520768	36.81818883	-20.6961552	Scicli-Giarratana
14.80817708	37.02607903	-9.9426993	Scicli-Giarratana
14.76339148	36.90826511	-20.6961552	Scicli-Giarratana
14.74401187	36.92439593	-6.5026132	Scicli-Giarratana
14.78639461	36.95377679	-19.3843602	Scicli-Giarratana
14.78393359	37.00672544	-3.2919862	Scicli-Giarratana
14.77233324	36.98120752	-4.6722558	Scicli-Giarratana
14.78490804	36.99387362	-7.384704	Scicli-Giarratana
14.82303739	37.06136025	-7.4474135	Scicli-Giarratana
14.79794102	36.98792061	-15.5528373	Scicli-Giarratana
14.77726539	36.96353258	-12.0937055	Scicli-Giarratana
14.72689009	36.91277914	-1.2092724	Scicli-Giarratana
14.72608731	36.90986201	-1.2492792	Scicli-Giarratana
14.70129966	36.79282077	-6.6287465	Scicli-Giarratana
14.68073236	36.69563003	-11.1729486	Scicli-Giarratana
14.72038301	36.84969359	-7.8299879	Scicli-Giarratana
14.6874467	36.6935222	-15.0731337	Scicli-Giarratana
14.71231387	36.74598379	-19.9560067	Scicli-Giarratana
14.73313835	36.91679297	-3.2148554	Scicli-Giarratana
14.71536834	36.81262335	-11.0188801	Scicli-Giarratana
14.71788494	36.81706463	-11.6636214	Scicli-Giarratana
14.79018274	37.00118693	-7.961745	Scicli-Giarratana
14.69350911	36.80026573	-1.3262196	Scicli-Giarratana
14.78393178	36.9948293	-6.6299462	Scicli-Giarratana
14.70144032	36.82938627	-0.9999999	Scicli-Giarratana
14.7159135	36.7769069	-16.9254208	Scicli-Giarratana
14.6945167	36.80579176	-1.0000009	Scicli-Giarratana
14.75200273	36.90708715	-15.3474149	Scicli-Giarratana
14.75404221	36.94599433	-5.4385551	Scicli-Giarratana
14.72764526	36.79440264	-20.3884013	Scicli-Giarratana
14.70970662	36.85426021	-1.4368163	Scicli-Giarratana
14.7308342	36.89670844	-5.8671044	Scicli-Giarratana
14.7262595	36.79344828	-19.8005936	Scicli-Giarratana
14.67162776	36.70739143	-4.4945248	Scicli-Giarratana
14.80210182	37.00139533	-13.8448168	Scicli-Giarratana
14.68911814	36.77123361	-3.6114716	Scicli-Giarratana
14.7461225	36.85616813	-20.4507225	Scicli-Giarratana
14.78155066	36.95104153	-17.7371156	Scicli-Giarratana
14.68733275	36.75553037	-5.1717738	Scicli-Giarratana
14.81036861	37.06066791	-1.3281415	Scicli-Giarratana
14.71861387	36.77593198	-18.5141898	Scicli-Giarratana
14.70206037	36.80952477	-4.4279769	Scicli-Giarratana
14.6752602	36.69063931	-9.0415708	Scicli-Giarratana
14.78719798	36.96655945	-16.1958529	Scicli-Giarratana
14.72690582	36.82080809	-15.8744428	Scicli-Giarratana
14.80737529	36.99682863	-17.7555809	Scicli-Giarratana
14.81131954	37.0413555	-7.2219848	Scicli-Giarratana
14.75474866	36.90139562	-17.8025121	Scicli-Giarratana
14.80334789	37.04537716	-2.1202186	Scicli-Giarratana
14.7458473	36.89006889	-14.8904054	Scicli-Giarratana
14.69407072	36.78371049	-4.2467885	Scicli-Giarratana
14.76738733	36.93425224	-15.3905033	Scicli-Giarratana
14.74014503	36.89354789	-11.3102832	Scicli-Giarratana
14.75797821	36.89400421	-20.6961552	Scicli-Giarratana
14.78724739	37.00511794	-5.3950892	Scicli-Giarratana
14.68166363	36.68459806	-13.390497	Scicli-Giarratana
14.71481157	36.83230717	-7.650559	Scicli-Giarratana
14.77122694	36.93731541	-16.4445556	Scicli-Giarratana
14.74193159	36.84512292	-19.9919794	Scicli-Giarratana
14.83945089	37.05477842	-17.4747567	Scicli-Giarratana
14.73322827	36.81450903	-20.21837	Scicli-Giarratana
14.71413707	36.85881931	-3.0592484	Scicli-Giarratana
14.81952902	37.03747962	-12.4014579	Scicli-Giarratana
14.8248059	37.01810022	-20.471496	Scicli-Giarratana
14.66647317	36.69260847	-4.0605975	Scicli-Giarratana
14.82914163	37.0317248	-18.8077089	Scicli-Giarratana
14.71767145	36.77108851	-18.7880902	Scicli-Giarratana
14.77024815	36.9379884	-15.7674999	Scicli-Giarratana
14.81301292	37.02422739	-12.8730871	Scicli-Giarratana
14.74656994	36.92051729	-8.8673063	Scicli-Giarratana
14.67626897	36.74280754	-1.3323729	Scicli-Giarratana
14.74693968	36.92771844	-7.0296395	Scicli-Giarratana
14.70595764	36.74728668	-16.3741542	Scicli-Giarratana
14.72875489	36.89689903	-4.7338065	Scicli-Giarratana
14.79561271	37.02016691	-5.3404633	Scicli-Giarratana
14.72350551	36.84156959	-10.7838335	Scicli-Giarratana
14.80255451	36.98018419	-20.0252528	Scicli-Giarratana
14.70493886	36.79465351	-8.2775663	Scicli-Giarratana
14.72657189	36.86106122	-9.2977749	Scicli-Giarratana
14.77253816	36.98979684	-2.3625722	Scicli-Giarratana
14.70623987	36.76888898	-13.0727431	Scicli-Giarratana
14.67483323	36.72182825	-3.9215307	Scicli-Giarratana
14.71092676	36.77001798	-15.3797318	Scicli-Giarratana
14.76135125	36.90464171	-20.6961552	Scicli-Giarratana
14.78786625	36.99589526	-8.2921937	Scicli-Giarratana
14.79974439	36.98832382	-16.3387631	Scicli-Giarratana
14.69211871	36.71279488	-14.5419196	Scicli-Giarratana
14.73952355	36.89642212	-10.5216676	Scicli-Giarratana
14.76660606	36.93508548	-14.7669198	Scicli-Giarratana
14.79983483	37.00153019	-12.6768964	Scicli-Giarratana
14.6630467	36.69295857	-2.1835009	Scicli-Giarratana
14.6920728	36.75977809	-7.0092509	Scicli-Giarratana
14.73279315	36.85180105	-14.0771698	Scicli-Giarratana
14.8224491	37.01311698	-20.6961552	Scicli-Giarratana
14.75125836	36.90793756	-14.7396764	Scicli-Giarratana
14.72813654	36.80719881	-18.6526786	Scicli-Giarratana
14.66828347	36.69396391	-4.8118983	Scicli-Giarratana
14.68746215	36.67989244	-17.2093202	Scicli-Giarratana
14.75166784	36.87304736	-20.6961552	Scicli-Giarratana
14.76531696	36.95456218	-8.6545717	Scicli-Giarratana
14.81299912	36.99788988	-20.2610692	Scicli-Giarratana
14.78011671	37.00811247	-1.0000009	Scicli-Giarratana
14.69903411	36.79710295	-4.7566962	Scicli-Giarratana
14.71795439	36.76626032	-19.7098085	Scicli-Giarratana
14.82417978	37.06029668	-8.315275	Scicli-Giarratana
14.82892748	37.06528889	-9.2798866	Scicli-Giarratana
14.83019719	37.05743639	-12.1169791	Scicli-Giarratana
14.71418166	36.79902554	-12.5095552	Scicli-Giarratana
14.68567231	36.73918474	-6.9023065	Scicli-Giarratana
14.74176521	36.86975298	-15.9690761	Scicli-Giarratana
14.72469296	36.82259114	-14.4199271	Scicli-Giarratana
14.7519218	36.88082824	-19.588246	Scicli-Giarratana
14.80108362	37.04414995	-1.3360272	Scicli-Giarratana
14.72810875	36.91333602	-1.6770556	Scicli-Giarratana
14.83397699	37.03873942	-19.2489501	Scicli-Giarratana
14.71385114	36.8457047	-5.0015512	Scicli-Giarratana
14.68631201	36.71705661	-10.7772952	Scicli-Giarratana
14.66787426	36.71698959	-1.0000419	Scicli-Giarratana
14.73950961	36.88021403	-13.1023639	Scicli-Giarratana
14.71700119	36.86544808	-3.5201078	Scicli-Giarratana
14.73086697	36.8118106	-19.3843602	Scicli-Giarratana
14.69579667	36.74322437	-11.6305383	Scicli-Giarratana
14.69009737	36.75478586	-6.758046	Scicli-Giarratana
14.74999801	36.92408162	-9.5759059	Scicli-Giarratana
14.71232533	36.86250376	-1.5098114	Scicli-Giarratana
14.71021966	36.8428367	-3.5328026	Scicli-Giarratana
14.72652216	36.81692324	-16.276829	Scicli-Giarratana
14.69455267	36.75738493	-8.7076591	Scicli-Giarratana
14.68865457	36.73453783	-9.227761	Scicli-Giarratana
14.71525174	36.86466406	-2.7172592	Scicli-Giarratana
14.71581203	36.77234952	-17.5997811	Scicli-Giarratana
14.74662031	36.85628482	-20.6961552	Scicli-Giarratana
14.69077249	36.74319789	-8.968095	Scicli-Giarratana
14.73987856	36.86901187	-15.0865956	Scicli-Giarratana
14.80079444	36.98290318	-18.384161	Scicli-Giarratana
14.67973457	36.75640069	-0.9999979	Scicli-Giarratana
14.76491941	36.92881351	-15.6874843	Scicli-Giarratana
14.70431351	36.83428584	-1.7632567	Scicli-Giarratana
14.7249172	36.90351251	-1.6424335	Scicli-Giarratana
14.74685685	36.88624842	-16.0360145	Scicli-Giarratana
14.81385822	37.04875654	-6.410287	Scicli-Giarratana
14.83495696	37.06455324	-12.4910907	Scicli-Giarratana
14.77053739	36.96053468	-9.5809069	Scicli-Giarratana
14.74535159	36.90795058	-11.771325	Scicli-Giarratana
14.8145036	37.01666014	-15.7409564	Scicli-Giarratana
14.79511538	37.01698319	-5.9863588	Scicli-Giarratana
14.68882545	36.70793857	-13.5555343	Scicli-Giarratana
14.69800272	36.78468892	-6.1771679	Scicli-Giarratana
14.6696971	36.71740477	-1.9025292	Scicli-Giarratana
14.70221227	36.82065882	-2.7718847	Scicli-Giarratana
14.77866948	36.94735191	-17.336266	Scicli-Giarratana
14.75192279	36.9110464	-14.1956471	Scicli-Giarratana
14.73898801	36.8388348	-19.4347548	Scicli-Giarratana
14.66010505	36.67596118	-3.2712128	Scicli-Giarratana
14.70703444	36.78695424	-10.6080337	Scicli-Giarratana
14.74107159	36.84704101	-19.229329	Scicli-Giarratana
14.80997371	37.02611839	-10.827102	Scicli-Giarratana
14.72420853	36.87546428	-5.7440028	Scicli-Giarratana
14.70865768	36.83416434	-4.0899037	Scicli-Giarratana
14.76767436	36.95097925	-10.8357677	Scicli-Giarratana
14.83767775	37.06292337	-14.3045219	Scicli-Giarratana
14.74074476	36.83677276	-20.6961552	Scicli-Giarratana
14.73587317	36.91043066	-6.3487431	Scicli-Giarratana
14.80305295	37.02175796	-8.6022545	Scicli-Giarratana
14.69077629	36.71265897	-13.8514342	Scicli-Giarratana
14.75337674	36.90585228	-16.3630014	Scicli-Giarratana
14.79843557	36.97499772	-19.4286005	Scicli-Giarratana
14.71727847	36.84974433	-6.1748568	Scicli-Giarratana
14.70826029	36.84889629	-1.525872	Scicli-Giarratana
14.71183215	36.73975507	-20.6961552	Scicli-Giarratana
14.70926798	36.78378172	-12.2998925	Scicli-Giarratana
14.77726401	36.99425047	-3.4681688	Scicli-Giarratana
14.66773478	36.71518639	-1.2085429	Scicli-Giarratana
14.84384379	37.05261727	-20.2706884	Scicli-Giarratana
14.76820256	36.95869823	-8.9323187	Scicli-Giarratana
14.70065909	36.71027554	-19.4778739	Scicli-Giarratana
14.73223877	36.86350214	-11.9139561	Scicli-Giarratana
14.70951172	36.84548156	-2.7349545	Scicli-Giarratana
14.74732414	36.93053693	-6.4299071	Scicli-Giarratana
14.72706068	36.90264341	-2.9180668	Scicli-Giarratana
14.72513862	36.82740941	-13.9064247	Scicli-Giarratana
14.82691721	37.05496868	-11.1750645	Scicli-Giarratana
14.80193066	37.02815579	-6.2464052	Scicli-Giarratana
14.78287337	37.00725195	-2.6157001	Scicli-Giarratana
14.75888417	36.94899871	-7.0088607	Scicli-Giarratana
14.81583881	37.0226346	-14.7288349	Scicli-Giarratana
14.71848408	36.87663234	-2.520871	Scicli-Giarratana
14.75570547	36.94506562	-6.5287714	Scicli-Giarratana
14.76240033	36.96816739	-3.3812343	Scicli-Giarratana
14.7602385	36.9094455	-18.7923212	Scicli-Giarratana
14.84377509	37.0633173	-17.2324017	Scicli-Giarratana
14.70415166	36.75510107	-14.1671874	Scicli-Giarratana
14.65665578	36.67686487	-1.2954423	Scicli-Giarratana
14.79905911	37.00658115	-10.872313	Scicli-Giarratana
14.71449112	36.85056106	-4.5656962	Scicli-Giarratana
14.68893616	36.72419114	-11.0304208	Scicli-Giarratana
14.73642638	36.93052193	-1.0000009	Scicli-Giarratana
14.70243519	36.79128928	-7.4735224	Scicli-Giarratana
14.77151065	36.96784291	-8.0144472	Scicli-Giarratana
14.82708941	37.04497213	-14.0667831	Scicli-Giarratana
14.67228393	36.71254992	-4.0390795	Scicli-Giarratana
14.74823986	36.90719596	-13.4239652	Scicli-Giarratana
14.80870711	36.99258853	-19.609789	Scicli-Giarratana
14.69695634	36.77627611	-6.9657807	Scicli-Giarratana
14.79875496	37.0243383	-5.7355404	Scicli-Giarratana
14.73571903	36.88449119	-10.4087609	Scicli-Giarratana
14.78208926	36.98307181	-9.0123345	Scicli-Giarratana
14.82085173	37.01109529	-20.4676483	Scicli-Giarratana
14.79057073	37.0249878	-1.4739384	Scicli-Giarratana
14.82032262	37.04603042	-10.3972202	Scicli-Giarratana
14.68129663	36.75574114	-1.934411	Scicli-Giarratana
14.79036688	37.01888698	-3.0850224	Scicli-Giarratana
14.69927075	36.69991522	-20.3633964	Scicli-Giarratana
14.70178373	36.78084015	-8.7984459	Scicli-Giarratana
14.7264104	36.78822201	-20.6961503	Scicli-Giarratana
14.73507992	36.84121973	-16.9804291	Scicli-Giarratana
14.71527297	36.84437216	-5.9686635	Scicli-Giarratana
14.69709631	36.75956799	-9.7090086	Scicli-Giarratana
14.69844713	36.74784462	-12.2987413	Scicli-Giarratana
14.68105545	36.71274071	-8.6738329	Scicli-Giarratana
14.73012028	36.80086197	-20.6961552	Scicli-Giarratana
14.69562813	36.78212217	-5.3269989	Scicli-Giarratana
14.71011277	36.85834561	-1.0000009	Scicli-Giarratana
14.68394103	36.68912673	-13.8948266	Scicli-Giarratana
14.75607882	36.88769717	-20.6961552	Scicli-Giarratana
14.70548869	36.7257467	-19.5682431	Scicli-Giarratana
14.69302039	36.73655982	-11.2219967	Scicli-Giarratana
14.69214691	36.76391899	-6.3872059	Scicli-Giarratana
14.80014402	37.01583106	-8.8163345	Scicli-Giarratana
14.68684238	36.78002205	-1.0000009	Scicli-Giarratana
14.75849227	36.94394563	-8.2328554	Scicli-Giarratana
14.72426336	36.88857125	-3.6809081	Scicli-Giarratana
14.76572725	36.95211379	-9.5462788	Scicli-Giarratana
14.83737511	37.04510469	-19.1558544	Scicli-Giarratana
14.72942353	36.82356141	-16.7834813	Scicli-Giarratana
14.74266184	36.90865489	-10.2325727	Scicli-Giarratana
14.82407895	37.02503401	-18.1619989	Scicli-Giarratana
14.79502287	36.9902213	-13.452432	Scicli-Giarratana
14.70655503	36.83687587	-2.5411034	Scicli-Giarratana
14.71066891	36.78235949	-13.2708595	Scicli-Giarratana
14.70725956	36.8175649	-5.9375028	Scicli-Giarratana
14.82625859	37.02290289	-19.8467558	Scicli-Giarratana
14.70433296	36.76430132	-12.7936498	Scicli-Giarratana
14.8044283	37.02198262	-9.2246836	Scicli-Giarratana
14.80465546	36.98532419	-19.6290184	Scicli-Giarratana
14.71921625	36.76573757	-20.4630321	Scicli-Giarratana
14.68454862	36.69439491	-13.3954982	Scicli-Giarratana
14.74562225	36.90465051	-12.4422351	Scicli-Giarratana
14.69234033	36.7958246	-1.3957821	Scicli-Giarratana
14.67836689	36.70272211	-8.8076788	Scicli-Giarratana
14.80982111	37.00321736	-17.1812377	Scicli-Giarratana
14.7336794	36.83287902	-17.5693871	Scicli-Giarratana
14.74927133	36.89675539	-15.6386283	Scicli-Giarratana
14.72631111	36.89040878	-4.4737553	Scicli-Giarratana
14.75014391	36.95487898	-0.999995	Scicli-Giarratana
14.77529991	36.96916228	-9.5332052	Scicli-Giarratana
14.75723683	36.95893026	-3.3997001	Scicli-Giarratana
14.76060891	36.90483587	-20.2714569	Scicli-Giarratana
14.75704829	36.90576737	-18.2341337	Scicli-Giarratana
14.81336874	37.0358105	-9.7994114	Scicli-Giarratana
14.684502	36.67873194	-15.8159711	Scicli-Giarratana
14.69480371	36.68799289	-19.849452	Scicli-Giarratana
14.82236755	37.01546832	-19.9952489	Scicli-Giarratana
14.72578876	36.78953745	-20.1602714	Scicli-Giarratana
14.69974555	36.72747115	-16.2441317	Scicli-Giarratana
14.81916258	37.03100296	-14.036393	Scicli-Giarratana
14.74854951	36.90799055	-13.3716474	Scicli-Giarratana
14.70635792	36.79023402	-9.723953	Scicli-Giarratana
14.77272548	36.9770413	-6.0375702	Scicli-Giarratana
14.77046778	36.94066528	-15.1250663	Scicli-Giarratana
14.73331589	36.9119745	-4.6560985	Scicli-Giarratana
14.71436242	36.74815585	-20.6961513	Scicli-Giarratana
14.68216396	36.67415361	-15.2870214	Scicli-Giarratana
14.81303393	37.05829798	-3.3216073	Scicli-Giarratana
14.73247612	36.83467268	-16.6445936	Scicli-Giarratana
14.68821115	36.77644613	-2.2975614	Scicli-Giarratana
14.70220496	36.70777595	-20.6961786	Scicli-Giarratana
14.81148103	37.00771695	-16.7453837	Scicli-Giarratana
14.74695807	36.875542	-17.7994354	Scicli-Giarratana
14.80986008	37.04181209	-6.3664325	Scicli-Giarratana
14.73921943	36.90086955	-9.6501513	Scicli-Giarratana
14.69669406	36.73813133	-12.9207899	Scicli-Giarratana
14.69162583	36.71948974	-13.2093068	Scicli-Giarratana
14.74042498	36.91082598	-8.5261552	Scicli-Giarratana
14.71316742	36.76972637	-16.615454	Scicli-Giarratana
14.71681112	36.81897821	-10.7942209	Scicli-Giarratana
14.78367532	36.9799543	-10.678429	Scicli-Giarratana
14.80768723	37.03085633	-8.3575846	Scicli-Giarratana
14.78118201	37.00058423	-3.6439784	Scicli-Giarratana
14.69840358	36.75742002	-10.7459421	Scicli-Giarratana
14.68208089	36.70436468	-10.5264763	Scicli-Giarratana
14.72117267	36.87039352	-4.9430756	Scicli-Giarratana
14.76168895	36.93940313	-11.1025506	Scicli-Giarratana
14.72239988	36.85745003	-7.6613012	Scicli-Giarratana
14.74103616	36.89135492	-12.1331362	Scicli-Giarratana
14.80629252	37.03691871	-5.9613519	Scicli-Giarratana
14.68210898	36.73025752	-6.4372157	Scicli-Giarratana
14.72697799	36.85821428	-9.9679056	Scicli-Giarratana
14.77787363	36.98793926	-5.5439642	Scicli-Giarratana
14.79172063	36.97099912	-17.203934	Scicli-Giarratana
14.71220012	36.8474951	-3.8397855	Scicli-Giarratana
14.71732404	36.87161972	-2.7057157	Scicli-Giarratana
14.66716467	36.67411141	-7.3150795	Scicli-Giarratana
14.71776793	36.88378157	-1.0000009	Scicli-Giarratana
14.68146537	36.76215371	-1.0000009	Scicli-Giarratana
14.69572036	36.68569281	-20.6961552	Scicli-Giarratana
14.72138267	36.81886195	-13.2423913	Scicli-Giarratana
14.72173951	36.87469365	-4.5572318	Scicli-Giarratana
14.76793338	36.92205345	-19.0889169	Scicli-Giarratana
14.79298589	36.96706973	-18.938119	Scicli-Giarratana
14.76550409	36.96093821	-6.9580868	Scicli-Giarratana
14.68322677	36.6950983	-12.5826471	Scicli-Giarratana
14.7081392	36.78482543	-11.5343659	Scicli-Giarratana
14.72010146	36.80930588	-14.0525497	Scicli-Giarratana
14.68598465	36.6852989	-15.5793866	Scicli-Giarratana
14.71393007	36.85403349	-3.7136073	Scicli-Giarratana
14.74946964	36.89100225	-16.6626747	Scicli-Giarratana
14.7433043	36.85654554	-18.8954188	Scicli-Giarratana
14.69491601	36.78935107	-3.7940009	Scicli-Giarratana
14.78554442	37.00616607	-4.2519813	Scicli-Giarratana
14.72473609	36.80477573	-17.2231688	Scicli-Giarratana
14.76669997	36.91528286	-20.3753231	Scicli-Giarratana
14.73209907	36.87837066	-9.4657404	Scicli-Giarratana
14.74941777	36.91263483	-12.5003124	Scicli-Giarratana
14.70463605	36.73056422	-18.3456962	Scicli-Giarratana
14.75131614	36.95600793	-1.2677431	Scicli-Giarratana
14.76777358	36.97010137	-5.5172284	Scicli-Giarratana
14.74384621	36.92670206	-5.7724706	Scicli-Giarratana
14.80539166	37.00350426	-14.8927138	Scicli-Giarratana
14.8120266	36.99909407	-19.4382177	Scicli-Giarratana
14.76878258	36.96862448	-6.4349076	Scicli-Giarratana
14.75851227	36.91014322	-17.7355761	Scicli-Giarratana
14.76931319	36.94435087	-13.5139765	Scicli-Giarratana
14.70966842	36.73783622	-19.854453	Scicli-Giarratana
14.71663769	36.84341474	-6.8455648	Scicli-Giarratana
14.75866064	36.92424304	-13.8502025	Scicli-Giarratana
14.70801864	36.76784994	-14.1827675	Scicli-Giarratana
14.7743164	36.97058641	-8.6430314	Scicli-Giarratana
14.69345978	36.68177418	-20.1056552	Scicli-Giarratana
14.76168888	36.959065	-5.581664	Scicli-Giarratana
14.67118331	36.6730583	-9.6170679	Scicli-Giarratana
14.68168862	36.76107923	-1.2900565	Scicli-Giarratana
14.78068304	36.93896409	-20.6961552	Scicli-Giarratana
14.69837047	36.75239279	-11.5312842	Scicli-Giarratana
14.76811096	36.91998674	-19.7578954	Scicli-Giarratana
14.73766327	36.82947564	-20.2268358	Scicli-Giarratana
14.71154864	36.79000047	-12.5175918	Scicli-Giarratana
14.73261986	36.90840761	-4.9461552	Scicli-Giarratana
14.68459328	36.71344801	-10.4418686	Scicli-Giarratana
14.77500379	36.98792404	-4.1175287	Scicli-Giarratana
14.7196353	36.88998733	-1.0000009	Scicli-Giarratana
14.72744869	36.83344285	-14.1739267	Scicli-Giarratana
14.7584975	36.92765947	-12.8094221	Scicli-Giarratana
14.68894354	36.71494561	-12.5114796	Scicli-Giarratana
14.68590362	36.66920017	-18.0494843	Scicli-Giarratana
14.72458725	36.82904906	-13.3563131	Scicli-Giarratana
14.78596003	37.00032617	-6.0983036	Scicli-Giarratana
14.67106076	36.72758193	-1.0000009	Scicli-Giarratana
14.83593187	37.05664102	-15.1981581	Scicli-Giarratana
14.75338853	36.88669663	-19.4289843	Scicli-Giarratana
14.71066802	36.80571294	-9.5984104	Scicli-Giarratana
14.7925676	36.96431872	-19.5020761	Scicli-Giarratana
14.8348877	37.05210824	-15.9502284	Scicli-Giarratana
14.74695621	36.87951069	-17.1646962	Scicli-Giarratana
14.79205567	36.96769234	-18.2995331	Scicli-Giarratana
14.69551982	36.80391034	-1.8267001	Scicli-Giarratana
14.69449806	36.74638307	-10.4364585	Scicli-Giarratana
14.71871843	36.83081829	-9.9602807	Scicli-Giarratana
14.7077701	36.85056131	-1.0000009	Scicli-Giarratana
14.78430608	36.97541206	-12.2683549	Scicli-Giarratana
14.81663534	37.01808086	-16.4045477	Scicli-Giarratana
14.78570474	36.99002302	-8.8626853	Scicli-Giarratana
14.74587665	36.91323283	-10.5666711	Scicli-Giarratana
14.72079783	36.87574593	-3.8897953	Scicli-Giarratana
14.72984543	36.9099903	-3.2219725	Scicli-Giarratana
14.69709966	36.81215372	-1.3808446	Scicli-Giarratana
14.68345627	36.74137181	-5.3766239	Scicli-Giarratana
14.6732365	36.71728803	-3.800598	Scicli-Giarratana
14.74622516	36.86313212	-19.3924364	Scicli-Giarratana
14.77713258	36.93807444	-19.1758583	Scicli-Giarratana
14.68947572	36.78496132	-1.6085829	Scicli-Giarratana
14.70121972	36.79894738	-5.6309037	Scicli-Giarratana
14.68471456	36.71641064	-10.0325358	Scicli-Giarratana
14.73338748	36.92023839	-2.3718056	Scicli-Giarratana
14.68759291	36.72411038	-10.3302837	Scicli-Giarratana
14.75087582	36.92283685	-10.3631755	Scicli-Giarratana
14.70475668	36.78585175	-9.5753274	Scicli-Giarratana
14.73871205	36.9164294	-6.0963773	Scicli-Giarratana
14.79197675	37.02917215	-1.0000009	Scicli-Giarratana
14.73670795	36.90241454	-8.0713812	Scicli-Giarratana
14.74804925	36.92704888	-7.7709381	Scicli-Giarratana
14.70276274	36.76266669	-12.2214227	Scicli-Giarratana
14.68423985	36.70950381	-10.8727114	Scicli-Giarratana
14.75049838	36.94337845	-4.4064345	Scicli-Giarratana
14.74483509	36.93819445	-3.038475	Scicli-Giarratana
14.72404647	36.78853932	-19.3881386	Scicli-Giarratana
14.75197631	36.89623635	-17.1562323	Scicli-Giarratana
14.69770966	36.80897935	-2.2002343	Scicli-Giarratana
14.78633092	36.96789086	-15.3897338	Scicli-Giarratana
14.79154769	37.00005453	-8.9600166	Scicli-Giarratana
14.70849297	36.75187334	-16.9869682	Scicli-Giarratana
14.69800341	36.76856407	-8.7534374	Scicli-Giarratana
14.75103154	36.90646574	-15.0212006	Scicli-Giarratana
14.72873416	36.89124967	-5.6247494	Scicli-Giarratana
14.67213871	36.72387647	-2.1640741	Scicli-Giarratana
14.69980488	36.79352773	-5.7231952	Scicli-Giarratana
14.70155547	36.73836854	-15.4632099	Scicli-Giarratana
14.81576599	37.00125281	-20.6961552	Scicli-Giarratana
14.80753076	37.03576504	-6.902307	Scicli-Giarratana
14.68931215	36.72160669	-11.6428454	Scicli-Giarratana
14.68033258	36.70411561	-9.6355324	Scicli-Giarratana
14.78795637	37.00114707	-6.8630685	Scicli-Giarratana
14.7313669	36.88971747	-7.2658392	Scicli-Giarratana
14.82355234	37.04397359	-12.5841862	Scicli-Giarratana
14.71183096	36.78789515	-13.0015214	Scicli-Giarratana
14.77864795	36.95329936	-15.6559393	Scicli-Giarratana
14.73503133	36.81957945	-20.3853241	Scicli-Giarratana
14.81356048	37.05542121	-4.3914315	Scicli-Giarratana
14.70943998	36.73181202	-20.6961552	Scicli-Giarratana
14.80688196	37.0485422	-2.9934667	Scicli-Giarratana
14.73477781	36.85218386	-15.0689022	Scicli-Giarratana
14.71194441	36.74192296	-20.4091757	Scicli-Giarratana
14.69976411	36.79053252	-6.1771356	Scicli-Giarratana
14.78408293	36.9781819	-11.3793352	Scicli-Giarratana
14.80225158	36.98285699	-19.123538	Scicli-Giarratana
14.70923901	36.7436823	-18.691914	Scicli-Giarratana
14.7348546	36.92633561	-1.3916142	Scicli-Giarratana
14.75069676	36.87256063	-20.2587626	Scicli-Giarratana
14.69577272	36.71523721	-16.0906547	Scicli-Giarratana
14.79957199	37.03951186	-1.8840184	Scicli-Giarratana
14.72115579	36.86493751	-5.8055541	Scicli-Giarratana
14.68650133	36.67361244	-17.6786425	Scicli-Giarratana
14.71533394	36.82963261	-8.3476366	Scicli-Giarratana
14.70478231	36.81103488	-5.6393676	Scicli-Giarratana
14.69565419	36.73894789	-12.2383491	Scicli-Giarratana
14.78402014	36.98996795	-8.0382924	Scicli-Giarratana
14.79026177	36.97763414	-14.6134286	Scicli-Giarratana
14.77642042	36.97726193	-7.8176781	Scicli-Giarratana
14.74125553	36.90989823	-9.1985246	Scicli-Giarratana
14.73764156	36.87791101	-12.4791654	Scicli-Giarratana
14.69524128	36.80655221	-1.2665907	Scicli-Giarratana
14.73644846	36.84884449	-16.4886024	Scicli-Giarratana
14.73880051	36.92306507	-4.2775634	Scicli-Giarratana
14.67984393	36.71952011	-6.9500036	Scicli-Giarratana
14.70188343	36.73495916	-16.1821962	Scicli-Giarratana
14.68991256	36.7444702	-8.3083507	Scicli-Giarratana
14.69047734	36.77065467	-4.4252846	Scicli-Giarratana
14.72873905	36.84355167	-13.2439301	Scicli-Giarratana
14.71517987	36.79044941	-14.376392	Scicli-Giarratana
14.76964813	36.93246117	-17.0208217	Scicli-Giarratana
14.74019241	36.84933972	-18.3957059	Scicli-Giarratana
14.82948176	37.04511872	-15.2179696	Scicli-Giarratana
14.8320658	37.03362141	-19.7328905	Scicli-Giarratana
14.80294258	36.98826488	-17.9496537	Scicli-Giarratana
14.73200092	36.85706464	-12.8161542	Scicli-Giarratana
14.70333633	36.79586532	-7.2369904	Scicli-Giarratana
14.70576069	36.75585711	-14.9004076	Scicli-Giarratana
14.70543098	36.8285753	-3.247747	Scicli-Giarratana
14.70073327	36.75121782	-12.9731059	Scicli-Giarratana
14.79497224	37.02182376	-4.556079	Scicli-Giarratana
14.72490477	36.85496976	-9.3862536	Scicli-Giarratana
14.68320885	36.67240339	-16.1160292	Scicli-Giarratana
14.79536185	37.00860677	-8.4606881	Scicli-Giarratana
14.72142916	36.88953536	-2.023661	Scicli-Giarratana
14.77113746	36.92311246	-20.3891727	Scicli-Giarratana
14.71953669	36.78891059	-16.9338539	Scicli-Giarratana
14.71757428	36.78847425	-15.9586322	Scicli-Giarratana
14.66042728	36.67888407	-2.9865419	Scicli-Giarratana
14.74350794	36.94221891	-1.2465868	Scicli-Giarratana
14.81318588	37.01688851	-15.0200463	Scicli-Giarratana
14.76303669	36.97199575	-2.6237792	Scicli-Giarratana
14.68460289	36.68659139	-14.6426649	Scicli-Giarratana
14.70647941	36.82688806	-4.0682924	Scicli-Giarratana
14.73071083	36.85813628	-11.9606024	Scicli-Giarratana
14.74428341	36.88938404	-14.170265	Scicli-Giarratana
14.6966923	36.70895446	-17.5812777	Scicli-Giarratana
14.77961652	37.00247619	-2.3325683	Scicli-Giarratana
14.75770133	36.90472097	-18.8373305	Scicli-Giarratana
14.78953147	36.95917993	-19.4312919	Scicli-Giarratana
14.70767121	36.72769512	-20.4153309	Scicli-Giarratana
14.69666112	36.75097637	-10.8503836	Scicli-Giarratana
14.7265243	36.91287478	-1.0000009	Scicli-Giarratana
14.66882766	36.67695855	-7.755358	Scicli-Giarratana
14.68923153	36.77504123	-3.0634799	Scicli-Giarratana
14.79657588	36.98903615	-14.559183	Scicli-Giarratana
14.80843959	37.0454607	-4.634556	Scicli-Giarratana
14.79140399	37.02294419	-2.4629774	Scicli-Giarratana
14.78769998	37.01966594	-1.5370272	Scicli-Giarratana
14.66664343	36.68800506	-4.8696019	Scicli-Giarratana
14.76444796	36.9214235	-17.5278436	Scicli-Giarratana
14.69433965	36.76641698	-7.1519708	Scicli-Giarratana
14.68880349	36.78653752	-1.0000009	Scicli-Giarratana
14.72961255	36.86178863	-10.7946057	Scicli-Giarratana
14.69624016	36.72612333	-14.5988104	Scicli-Giarratana
14.77131407	36.92969425	-18.6286356	Scicli-Giarratana
14.72898753	36.80582694	-19.3191552	Scicli-Giarratana
14.73186349	36.91235427	-3.8251674	Scicli-Giarratana
14.69100396	36.6696253	-20.6961552	Scicli-Giarratana
14.70237193	36.71745709	-19.2385604	Scicli-Giarratana
14.71249593	36.76173779	-17.5355375	Scicli-Giarratana
14.69226975	36.70781874	-15.405893	Scicli-Giarratana
14.70794729	36.79390711	-9.9932832	Scicli-Giarratana
14.76379314	36.93546226	-13.2585487	Scicli-Giarratana
14.69432418	36.70432411	-17.0440941	Scicli-Giarratana
14.73814761	36.91351414	-6.6334061	Scicli-Giarratana
14.75416835	36.96202888	-1.0000009	Scicli-Giarratana
14.67199267	36.69769841	-6.201785	Scicli-Giarratana
14.67650331	36.67578482	-12.0213837	Scicli-Giarratana
14.7366628	36.83527505	-18.7696229	Scicli-Giarratana
14.78829887	36.98330372	-12.0427337	Scicli-Giarratana
14.68291075	36.70964264	-10.1441049	Scicli-Giarratana
14.68217879	36.68934479	-12.923483	Scicli-Giarratana
14.74934292	36.90299148	-14.6805568	Scicli-Giarratana
14.72974077	36.85047297	-12.6699718	Scicli-Giarratana
14.81823793	37.02477446	-15.3235609	Scicli-Giarratana
14.75353208	36.90357932	-16.8084725	Scicli-Giarratana
14.74061825	36.9234409	-5.0784887	Scicli-Giarratana
14.70005366	36.81564034	-2.4072938	Scicli-Giarratana
14.77107632	36.92543923	-19.7051923	Scicli-Giarratana
14.75296423	36.89338018	-18.1364247	Scicli-Giarratana
14.72554901	36.88583786	-4.799204	Scicli-Giarratana
14.78079293	36.98370628	-8.187943	Scicli-Giarratana
14.77919881	36.94255492	-18.9473505	Scicli-Giarratana
14.79554682	37.01534845	-6.6603363	Scicli-Giarratana
14.69609302	36.78692544	-4.8062206	Scicli-Giarratana
14.67821883	36.68809268	-11.012725	Scicli-Giarratana
14.71473091	36.80373529	-12.0667771	Scicli-Giarratana
14.83355066	37.06602393	-11.3774118	Scicli-Giarratana
14.74671762	36.90759411	-12.553026	Scicli-Giarratana
14.69302263	36.78897493	-2.8495927	Scicli-Giarratana
14.7520858	36.90618997	-15.6243949	Scicli-Giarratana
14.74894189	36.87551678	-18.8557958	Scicli-Giarratana
14.7373677	36.92813958	-2.1382987	Scicli-Giarratana
14.80754239	37.0092797	-14.3433754	Scicli-Giarratana
14.80095169	36.99652651	-14.6382413	Scicli-Giarratana
14.77277871	36.95507518	-12.2310401	Scicli-Giarratana
14.71689119	36.75655641	-20.6961552	Scicli-Giarratana
14.72221284	36.88772206	-2.7287997	Scicli-Giarratana
14.71152395	36.81836257	-8.0798444	Scicli-Giarratana
14.70696913	36.80867217	-7.1704359	Scicli-Giarratana
14.80774801	37.04230768	-5.174662	Scicli-Giarratana
14.69536649	36.77118693	-6.9350055	Scicli-Giarratana
14.67679939	36.73460071	-2.9249911	Scicli-Giarratana
14.83103217	37.05634718	-12.838851	Scicli-Giarratana
14.70355911	36.80529793	-5.8840311	Scicli-Giarratana
14.68539069	36.75996069	-3.4335512	Scicli-Giarratana
14.71307071	36.76637235	-17.1000683	Scicli-Giarratana
14.67323694	36.67872348	-9.8252815	Scicli-Giarratana
14.73044659	36.83377321	-15.7117274	Scicli-Giarratana
14.81554828	37.01267679	-17.3801229	Scicli-Giarratana
14.72831792	36.9091279	-2.5495341	Scicli-Giarratana
14.70435466	36.74797606	-15.4131962	Scicli-Giarratana
14.67752763	36.70913759	-7.359901	Scicli-Giarratana
14.7335211	36.81923745	-19.6359472	Scicli-Giarratana
14.73822008	36.8423533	-18.4653349	Scicli-Giarratana
14.68939332	36.71245831	-13.1481703	Scicli-Giarratana
14.71357187	36.81445177	-9.7786378	Scicli-Giarratana
14.74744377	36.86226436	-20.1775917	Scicli-Giarratana
14.69688501	36.80397836	-2.5418397	Scicli-Giarratana
14.72820526	36.79433831	-20.6961552	Scicli-Giarratana
14.70132082	36.76254313	-11.4758925	Scicli-Giarratana
14.72319091	36.88030813	-4.4310546	Scicli-Giarratana
14.76468778	36.98071158	-1.0000009	Scicli-Giarratana
14.83737918	37.0473649	-18.5234232	Scicli-Giarratana
14.71018863	36.78939588	-11.8905136	Scicli-Giarratana
14.72355507	36.83442071	-11.9521528	Scicli-Giarratana
14.78746891	36.97887357	-12.8730888	Scicli-Giarratana
14.67310326	36.69223086	-7.6459137	Scicli-Giarratana
14.76551927	36.97394895	-3.3131444	Scicli-Giarratana
14.72120235	36.83923911	-9.9340529	Scicli-Giarratana
14.72549101	36.90122621	-2.3117958	Scicli-Giarratana
14.77664162	36.98393557	-6.0540643	Scicli-Giarratana
14.67618867	36.71253283	-6.1179325	Scicli-Giarratana
14.69642503	36.7631249	-8.7845975	Scicli-Giarratana
14.83240875	37.05088446	-15.0583231	Scicli-Giarratana
14.78334489	36.98170476	-10.0221467	Scicli-Giarratana
14.6930102	36.67646061	-20.6961552	Scicli-Giarratana
14.84364469	37.06068395	-17.9067641	Scicli-Giarratana
14.72166277	36.81556129	-13.9063673	Scicli-Giarratana
14.7041026	36.83611101	-1.3616298	Scicli-Giarratana
14.84079743	37.05892129	-16.9827372	Scicli-Giarratana
14.73839285	36.85416047	-16.6709452	Scicli-Giarratana
14.74158297	36.85769238	-17.7990507	Scicli-Giarratana
14.81147759	37.06034399	-1.9717274	Scicli-Giarratana
14.75857594	36.95541555	-5.0538671	Scicli-Giarratana
14.7920557	36.98766214	-12.6915108	Scicli-Giarratana
14.71640448	36.82587169	-9.5024317	Scicli-Giarratana
14.70348194	36.81573779	-4.214474	Scicli-Giarratana
14.81658337	37.00472911	-20.1275829	Scicli-Giarratana
14.72086154	36.83449098	-10.5114762	Scicli-Giarratana
14.69379387	36.69469093	-18.2664501	Scicli-Giarratana
14.66453046	36.6827089	-4.5722362	Scicli-Giarratana
14.82451213	37.05807179	-9.1054292	Scicli-Giarratana
14.76817589	36.93275396	-16.2045082	Scicli-Giarratana
14.73672058	36.92173573	-3.6135878	Scicli-Giarratana
14.70716431	36.80455323	-7.9167357	Scicli-Giarratana
14.80653293	37.01038408	-13.5301398	Scicli-Giarratana
14.66591667	36.69640325	-3.1723475	Scicli-Giarratana
14.73556351	36.8787942	-11.2358455	Scicli-Giarratana
14.6917858	36.70949006	-14.8889235	Scicli-Giarratana
14.75612498	36.92988304	-11.0019538	Scicli-Giarratana
14.78955387	36.96639188	-17.4174379	Scicli-Giarratana
14.71326831	36.80361398	-11.3081669	Scicli-Giarratana
14.68991679	36.70693183	-14.2929821	Scicli-Giarratana
14.68639711	36.73560116	-7.8596093	Scicli-Giarratana
14.74996162	36.88569674	-17.7709682	Scicli-Giarratana
14.73446282	36.84370036	-16.2568261	Scicli-Giarratana
14.71677832	36.87789643	-1.4143114	Scicli-Giarratana
14.71930398	36.885705	-1.5077919	Scicli-Giarratana
14.73533903	36.85873122	-14.320775	Scicli-Giarratana
14.76741848	36.91541623	-20.6961552	Scicli-Giarratana
14.69028047	36.68919558	-17.2558681	Scicli-Giarratana
14.69948433	36.70544764	-19.6128632	Scicli-Giarratana
14.77829735	36.97791253	-8.5707096	Scicli-Giarratana
14.73006525	36.91724782	-1.5547255	Scicli-Giarratana
14.71331596	36.78901632	-13.6108432	Scicli-Giarratana
14.74580661	36.89885339	-13.4658966	Scicli-Giarratana
14.68697632	36.70361753	-13.2466212	Scicli-Giarratana
14.7276724	36.88605926	-5.8901859	Scicli-Giarratana
14.69851229	36.71633255	-17.369349	Scicli-Giarratana
14.81045968	37.01785062	-13.3910744	Scicli-Giarratana
14.69672872	36.69704736	-19.4593759	Scicli-Giarratana
14.7097277	36.81712473	-7.3181571	Scicli-Giarratana
14.8012184	37.03947103	-2.7161049	Scicli-Giarratana
14.71309149	36.82340187	-8.1267765	Scicli-Giarratana
14.79426849	37.02300516	-3.8736381	Scicli-Giarratana
14.72698829	36.8808076	-6.3656635	Scicli-Giarratana
14.81026989	37.05395855	-3.1619608	Scicli-Giarratana
14.78801731	36.95908211	-18.7038427	Scicli-Giarratana
14.77965509	36.99359645	-4.8438256	Scicli-Giarratana
14.75350173	36.93609422	-7.9496268	Scicli-Giarratana
14.81523028	37.06870922	-1.4939423	Scicli-Giarratana
14.78111901	36.99150623	-6.1602328	Scicli-Giarratana
14.76400354	36.96521267	-5.0100145	Scicli-Giarratana
14.73142137	36.8295861	-16.8985297	Scicli-Giarratana
14.69350117	36.75115511	-9.1446649	Scicli-Giarratana
14.69034372	36.70506249	-14.8119286	Scicli-Giarratana
14.73781403	36.88773101	-11.0027231	Scicli-Giarratana
14.73422724	36.9108612	-5.4070224	Scicli-Giarratana
14.73409534	36.9076686	-5.8467157	Scicli-Giarratana
14.72889438	36.87445117	-8.3914433	Scicli-Giarratana
14.78905173	37.02397906	-1.0000009	Scicli-Giarratana
14.79858122	37.032939	-3.2342787	Scicli-Giarratana
14.73545869	36.82768182	-19.3443886	Scicli-Giarratana
14.66312448	36.67517005	-5.0007816	Scicli-Giarratana
14.78655392	36.98393421	-10.995798	Scicli-Giarratana
14.79988691	37.02287587	-6.7103471	Scicli-Giarratana
14.81714204	37.06555786	-3.3312245	Scicli-Giarratana
14.69412823	36.79384715	-2.6572001	Scicli-Giarratana
14.72854715	36.81442442	-17.7432704	Scicli-Giarratana
14.81131706	37.06352116	-1.0000009	Scicli-Giarratana
14.67496325	36.71689081	-4.7799999	Scicli-Giarratana
14.77865101	36.97574419	-9.3558629	Scicli-Giarratana
14.72984913	36.82831661	-16.2661078	Scicli-Giarratana
14.75457751	36.95406172	-3.4400878	Scicli-Giarratana
14.76650436	36.97763987	-2.7680375	Scicli-Giarratana
14.81972607	37.06888183	-3.6859096	Scicli-Giarratana
14.6871019	36.69763751	-14.247203	Scicli-Giarratana
14.70688835	36.83391738	-3.1889301	Scicli-Giarratana
14.71955593	36.87000012	-4.148306	Scicli-Giarratana
14.72821223	36.85573716	-11.0183031	Scicli-Giarratana
14.76278036	36.94898476	-8.9553966	Scicli-Giarratana
14.798161	36.98229676	-17.2416283	Scicli-Giarratana
14.79044292	36.99523533	-9.7619031	Scicli-Giarratana
14.83352324	37.05591978	-14.2002706	Scicli-Giarratana
14.74999103	36.94704152	-3.1246434	Scicli-Giarratana
14.69164343	36.6989207	-16.4622514	Scicli-Giarratana
14.80366299	37.0290455	-6.8599833	Scicli-Giarratana
14.68496845	36.74201088	-6.0771454	Scicli-Giarratana
14.739075	36.83122642	-20.6961552	Scicli-Giarratana
14.81984169	37.0635888	-5.229288	Scicli-Giarratana
14.69610893	36.79376783	-3.7220477	Scicli-Giarratana
14.74052607	36.8647127	-16.1167987	Scicli-Giarratana
14.70929769	36.81248372	-7.8136388	Scicli-Giarratana
14.82301899	37.06735202	-5.7563134	Scicli-Giarratana
14.76840171	36.97639557	-4.0632909	Scicli-Giarratana
14.72736319	36.86829392	-8.5622445	Scicli-Giarratana
14.69069064	36.7311754	-10.8457694	Scicli-Giarratana
14.70344637	36.81981116	-3.5601156	Scicli-Giarratana
14.78529738	36.98717734	-9.4585712	Scicli-Giarratana
14.71929555	36.79538156	-15.7967357	Scicli-Giarratana
14.71069864	36.85201116	-2.3221815	Scicli-Giarratana
14.69621069	36.69933032	-18.8273285	Scicli-Giarratana
14.80745407	37.05666159	-1.0000009	Scicli-Giarratana
14.82555709	37.06739573	-7.0088661	Scicli-Giarratana
14.70539796	36.82042191	-4.5022225	Scicli-Giarratana
14.69179328	36.77152521	-4.9846244	Scicli-Giarratana
14.69791428	36.78881335	-5.4708632	Scicli-Giarratana
14.77970606	36.96988546	-11.526864	Scicli-Giarratana
14.79264013	36.97443565	-16.6972968	Scicli-Giarratana
14.80427978	36.98085721	-20.6961513	Scicli-Giarratana
14.75313134	36.9167366	-13.2008449	Scicli-Giarratana
14.70974222	36.82082831	-6.7480458	Scicli-Giarratana
14.79238544	37.00646371	-7.5785927	Scicli-Giarratana
14.72907776	36.8185041	-17.3885858	Scicli-Giarratana
14.68998641	36.74940471	-7.558973	Scicli-Giarratana
14.7257105	36.80000317	-18.4859154	Scicli-Giarratana
14.67846834	36.67114907	-13.7901908	Scicli-Giarratana
14.76291409	36.90843102	-20.4114833	Scicli-Giarratana
14.81699576	37.0094592	-19.0050546	Scicli-Giarratana
14.67790451	36.71427316	-6.7588859	Scicli-Giarratana
14.7000117	36.78345942	-7.439723	Scicli-Giarratana
14.75338637	36.88181688	-20.2072138	Scicli-Giarratana
14.80021802	37.01367481	-9.4585752	Scicli-Giarratana
14.79527705	37.03503217	-0.999995	Scicli-Giarratana
14.80759129	37.01539257	-12.6515069	Scicli-Giarratana
14.69830436	36.79336473	-4.951515	Scicli-Giarratana
14.70487998	36.7735768	-11.6020709	Scicli-Giarratana
14.77942383	36.97355418	-10.3560584	Scicli-Giarratana
14.73334546	36.84496365	-15.4622475	Scicli-Giarratana
14.7238407	36.78090599	-20.4930399	Scicli-Giarratana
14.79971556	37.04291744	-1.0000009	Scicli-Giarratana
14.74545795	36.86434822	-18.7911654	Scicli-Giarratana
14.70844988	36.76181232	-15.3762694	Scicli-Giarratana
14.70441241	36.83114626	-2.3056532	Scicli-Giarratana
14.68434636	36.733771	-7.0634923	Scicli-Giarratana
14.79438086	36.98085576	-15.7621142	Scicli-Giarratana
14.74324995	36.88297374	-14.6457426	Scicli-Giarratana
14.67266744	36.68266416	-8.9073139	Scicli-Giarratana
14.68037267	36.70806622	-9.0400309	Scicli-Giarratana
14.81457741	37.02866247	-12.4076088	Scicli-Giarratana
14.82167126	37.03857977	-13.1604525	Scicli-Giarratana
14.71068464	36.7561568	-17.4659086	Scicli-Giarratana
14.81683721	37.05379988	-6.4795321	Scicli-Giarratana
14.73133152	36.86641537	-10.9673284	Scicli-Giarratana
14.70310133	36.83504202	-1.0000419	Scicli-Giarratana
14.71836452	36.77961495	-17.7932807	Scicli-Giarratana
14.70044962	36.78838986	-6.8842255	Scicli-Giarratana
14.72783428	36.91439072	-1.2462704	Scicli-Giarratana
14.76021477	36.96872162	-2.1359911	Scicli-Giarratana
14.69320334	36.71943014	-14.0562018	Scicli-Giarratana
14.70012023	36.81095512	-3.1735018	Scicli-Giarratana
14.78318473	36.94732787	-19.5943993	Scicli-Giarratana
14.70090315	36.7174024	-18.4676425	Scicli-Giarratana
14.75531749	36.8881193	-20.2249091	Scicli-Giarratana
14.72331397	36.89325701	-2.4293173	Scicli-Giarratana
14.67323862	36.73301313	-1.2885184	Scicli-Giarratana
14.70711973	36.79577194	-9.2627655	Scicli-Giarratana
14.72457793	36.86780837	-7.1623568	Scicli-Giarratana
14.81090614	37.04692702	-5.4524081	Scicli-Giarratana
14.78418342	37.01401558	-1.3702645	Scicli-Giarratana
14.72227088	36.79039349	-18.1564169	Scicli-Giarratana
14.71622261	36.8049123	-12.6761268	Scicli-Giarratana
14.81099149	37.0334907	-9.2654607	Scicli-Giarratana
14.71987518	36.84213879	-8.7669013	Scicli-Giarratana
14.72622757	36.83406097	-13.4270421	Scicli-Giarratana
14.74627879	36.93183566	-5.5439647	Scicli-Giarratana
14.68811004	36.74287897	-7.6059059	Scicli-Giarratana
14.82889139	37.02455119	-20.6961513	Scicli-Giarratana
14.72467111	36.87979494	-5.2981474	Scicli-Giarratana
14.72836963	36.83865334	-13.8301986	Scicli-Giarratana
14.79526298	37.00590968	-9.1685187	Scicli-Giarratana
14.7755494	36.97920158	-6.8388331	Scicli-Giarratana
14.7560096	36.95385992	-4.2108163	Scicli-Giarratana
14.74374794	36.85099226	-20.0179462	Scicli-Giarratana
14.82360396	37.05167618	-10.4479995	Scicli-Giarratana
14.72647614	36.84797231	-11.3374039	Scicli-Giarratana
14.75992217	36.95260974	-6.5126117	Scicli-Giarratana
14.67743636	36.72901609	-4.1552313	Scicli-Giarratana
14.68919745	36.69458416	-15.8384755	Scicli-Giarratana
14.66611239	36.70863696	-1.366995	Scicli-Giarratana
14.74913121	36.8804335	-18.1710463	Scicli-Giarratana
14.67022142	36.67504495	-8.795369	Scicli-Giarratana
14.70701704	36.73382367	-19.0885331	Scicli-Giarratana
14.69183989	36.73743895	-10.4549238	Scicli-Giarratana
14.77696766	36.95995373	-12.9500267	Scicli-Giarratana
14.78067449	36.98851913	-6.7772787	Scicli-Giarratana
14.73478538	36.8876659	-9.4066421	Scicli-Giarratana
14.72466325	36.78236555	-20.6961552	Scicli-Giarratana
14.80247691	36.99044711	-17.1050692	Scicli-Giarratana
14.67014534	36.71515916	-2.494161	Scicli-Giarratana
14.7909561	37.00672801	-6.7919008	Scicli-Giarratana
14.76201761	36.93505845	-12.4866669	Scicli-Giarratana
14.74689883	36.90487211	-13.0838988	Scicli-Giarratana
14.77447095	36.94287893	-16.499181	Scicli-Giarratana
14.71196669	36.79321152	-12.2391206	Scicli-Giarratana
14.72981642	36.91201401	-2.8834447	Scicli-Giarratana
14.73547062	36.90598539	-6.844891	Scicli-Giarratana
14.67308947	36.68824548	-8.2606491	Scicli-Giarratana
14.73415319	36.86556391	-12.6001478	Scicli-Giarratana
14.81955029	37.00797123	-20.6961552	Scicli-Giarratana
14.70048366	36.82305565	-1.4791317	Scicli-Giarratana
14.73423067	36.89416725	-8.0743627	Scicli-Giarratana
14.68570059	36.74829216	-5.4620238	Scicli-Giarratana
14.72313896	36.82358776	-13.4385883	Scicli-Giarratana
14.74490226	36.85691286	-19.6844188	Scicli-Giarratana
14.68677789	36.73141402	-8.7307409	Scicli-Giarratana
14.81645558	37.02783669	-13.5755297	Scicli-Giarratana
14.67681954	36.70084137	-8.2783446	Scicli-Giarratana
14.73560604	36.9152863	-4.8684476	Scicli-Giarratana
14.77789978	36.93712864	-19.8240624	Scicli-Giarratana
14.69858057	36.69543433	-20.6961552	Scicli-Giarratana
14.6919794	36.73113996	-11.5355195	Scicli-Giarratana
14.7433725	36.93984824	-1.8447802	Scicli-Giarratana
14.75906322	36.91737285	-15.9802333	Scicli-Giarratana
14.74411993	36.8650551	-17.9685043	Scicli-Giarratana
14.67420089	36.73083676	-2.146955	Scicli-Giarratana
14.74263258	36.9095381	-9.9863707	Scicli-Giarratana
14.81352746	37.0060202	-18.2418295	Scicli-Giarratana
14.73473505	36.89186202	-8.7099677	Scicli-Giarratana
14.77138053	36.95910785	-10.4018365	Scicli-Giarratana
14.7074524	36.74694833	-17.2216288	Scicli-Giarratana
14.79183239	36.98977069	-11.9882971	Scicli-Giarratana
14.73598291	36.91190513	-6.0071806	Scicli-Giarratana
14.73285736	36.8553861	-13.5386029	Scicli-Giarratana
14.82026467	37.0248339	-16.3170228	Scicli-Giarratana
14.66100423	36.69358113	-1.0000009	Scicli-Giarratana
14.73295559	36.87325153	-10.7372857	Scicli-Giarratana
14.68462729	36.72617477	-8.4262589	Scicli-Giarratana
14.66263544	36.69914041	-1.0000009	Scicli-Giarratana
14.65614	36.677	-1.0000009	Scicli-Giarratana
14.7135917	36.77398647	-16.1598842	Scicli-Giarratana
14.68820091	36.67052492	-19.0646825	Scicli-Giarratana
14.84647301	37.06090432	-19.2543349	Scicli-Giarratana
14.71836392	36.85997057	-5.1177274	Scicli-Giarratana
14.73765163	36.87495195	-12.9569511	Scicli-Giarratana
14.74015977	36.83666858	-20.4024442	Scicli-Giarratana
14.77996634	37.00098397	-2.9257606	Scicli-Giarratana
14.70956138	36.74845917	-18.0994906	Scicli-Giarratana
14.77233764	36.98628727	-3.2481308	Scicli-Giarratana
14.69148451	36.68722875	-18.2033602	Scicli-Giarratana
14.72836402	36.91239377	-2.0525136	Scicli-Giarratana
14.67936819	36.67479367	-13.6999809	Scicli-Giarratana
14.70740745	36.78026694	-11.8744318	Scicli-Giarratana
14.73534692	36.91277473	-5.4459374	Scicli-Giarratana
14.72084136	36.78225441	-18.6857606	Scicli-Giarratana
14.76364035	36.92924375	-14.9288746	Scicli-Giarratana
14.79592958	36.99773875	-11.7944163	Scicli-Giarratana
14.67688886	36.67156305	-12.8853986	Scicli-Giarratana
14.78117725	36.96905398	-12.4937836	Scicli-Giarratana
14.77913431	36.94595546	-17.960037	Scicli-Giarratana
14.72517834	36.85196185	-10.0117604	Scicli-Giarratana
14.7053359	36.84247121	-0.9999989	Scicli-Giarratana
14.76959041	36.94148263	-14.4580116	Scicli-Giarratana
14.82184951	37.05277685	-9.2646914	Scicli-Giarratana
14.70254818	36.82621921	-2.0829003	Scicli-Giarratana
14.75625985	36.90509807	-18.0125526	Scicli-Giarratana
14.81626346	37.06754281	-2.3362225	Scicli-Giarratana
14.76151731	36.92324291	-15.5555355	Scicli-Giarratana
14.72825432	36.82725232	-15.5871493	Scicli-Giarratana
14.75880914	36.96368975	-2.8476684	Scicli-Giarratana
14.67405402	36.69722017	-7.3727836	Scicli-Giarratana
14.68974794	36.76292009	-5.2735272	Scicli-Giarratana
14.66436038	36.70197697	-1.4747079	Scicli-Giarratana
14.81843729	37.06442024	-4.2960287	Scicli-Giarratana
14.74403113	36.90917232	-10.7865271	Scicli-Giarratana
14.71327239	36.75883113	-18.4120551	Scicli-Giarratana
14.74485788	36.87122461	-17.3747357	Scicli-Giarratana
14.76645815	36.9796953	-2.1679198	Scicli-Giarratana
14.69441135	36.77182828	-6.3256557	Scicli-Giarratana
14.6975842	36.73719778	-13.5424501	Scicli-Giarratana
14.7873408	36.95078483	-20.6961552	Scicli-Giarratana
14.72369022	36.86264179	-7.5166576	Scicli-Giarratana
14.80789418	36.9888374	-20.257412	Scicli-Giarratana
14.6981347	36.70849241	-18.420371	Scicli-Giarratana
14.72967249	36.81310084	-18.5480429	Scicli-Giarratana
14.81051977	37.03760726	-7.8751891	Scicli-Giarratana
14.72934599	36.91301253	-2.3848856	Scicli-Giarratana
14.7604983	36.90398924	-20.4376434	Scicli-Giarratana
14.66812411	36.70065469	-3.6828319	Scicli-Giarratana
14.70709772	36.775397	-12.4882059	Scicli-Giarratana
14.68701211	36.76530114	-3.441246	Scicli-Giarratana
14.77186562	36.97197552	-7.0311781	Scicli-Giarratana
14.68080062	36.72368515	-6.7926698	Scicli-Giarratana
14.72297262	36.8543639	-8.4579953	Scicli-Giarratana
14.83702029	37.0389873	-20.6961552	Scicli-Giarratana
14.74678235	36.91748438	-9.8248007	Scicli-Giarratana
14.722683	36.86337178	-6.8657611	Scicli-Giarratana
14.75007452	36.91865389	-11.1381342	Scicli-Giarratana
14.74814655	36.94738873	-2.1075233	Scicli-Giarratana
14.70235849	36.78650361	-8.1987174	Scicli-Giarratana
14.77406829	36.98201652	-5.3100722	Scicli-Giarratana
14.72143774	36.7861929	-18.3722035	Scicli-Giarratana
14.84029152	37.05069898	-19.0389086	Scicli-Giarratana
14.70242216	36.7481029	-14.3672221	Scicli-Giarratana
14.71459888	36.78279082	-15.2874061	Scicli-Giarratana
14.81738776	37.03203398	-12.8623146	Scicli-Giarratana
14.71673794	36.85356304	-5.2783358	Scicli-Giarratana
14.72227158	36.77442482	-20.6961552	Scicli-Giarratana
14.67009452	36.70719578	-3.7097606	Scicli-Giarratana
14.79987872	37.00516084	-11.6795862	Scicli-Giarratana
14.66752755	36.68404867	-5.9573143	Scicli-Giarratana
14.82421424	37.06736072	-6.3495067	Scicli-Giarratana
14.71498851	36.75196727	-20.4195634	Scicli-Giarratana
14.69951261	36.76627415	-9.9202039	Scicli-Giarratana
14.71917238	36.83509428	-9.5189756	Scicli-Giarratana
14.69360333	36.77465869	-5.4447147	Scicli-Giarratana
14.76052399	36.9630108	-3.8932572	Scicli-Giarratana
14.7398507	36.93477068	-1.5145233	Scicli-Giarratana
14.70174809	36.7673544	-10.9340559	Scicli-Giarratana
14.68863612	36.73061657	-9.8445161	Scicli-Giarratana
14.67492971	36.6947526	-8.2237186	Scicli-Giarratana
14.72692531	36.91364544	-1.0000009	Scicli-Giarratana
14.73820364	36.86275985	-15.1968114	Scicli-Giarratana
14.76947386	36.95078209	-11.7882576	Scicli-Giarratana
14.72015645	36.80100975	-15.3762699	Scicli-Giarratana
14.68679448	36.68225263	-16.4857177	Scicli-Giarratana
14.72114764	36.82900273	-11.535949	Scicli-Giarratana
14.72523666	36.78575749	-20.4575868	Scicli-Giarratana
14.70433631	36.79072211	-8.5729689	Scicli-Giarratana
14.7275981	36.84455009	-12.4791653	Scicli-Giarratana
14.77844971	36.95640917	-14.6840673	Scicli-Giarratana
14.72035968	36.78763852	-17.5701132	Scicli-Giarratana
14.74753731	36.94885863	-1.3908417	Scicli-Giarratana
14.69009291	36.71961661	-12.3752974	Scicli-Giarratana
14.81453568	37.04287015	-8.3999071	Scicli-Giarratana
14.78864733	36.97824081	-13.6382382	Scicli-Giarratana
14.68317935	36.68002616	-14.9104096	Scicli-Giarratana
14.82238882	37.0244237	-17.4909071	Scicli-Giarratana
14.78009843	36.9389068	-20.4207157	Scicli-Giarratana
14.68954174	36.68222435	-17.9513886	Scicli-Giarratana
14.72660643	36.80573608	-18.0675643	Scicli-Giarratana
14.65838217	36.68128832	-1.5235634	Scicli-Giarratana
14.67965253	36.6834961	-12.4928219	Scicli-Giarratana
14.80275255	37.03251156	-5.4333578	Scicli-Giarratana
14.75565231	36.91739888	-14.2720155	Scicli-Giarratana
14.72065127	36.84100258	-9.3600945	Scicli-Giarratana
14.69052375	36.66798905	-20.6961552	Scicli-Giarratana
14.80322763	37.01146513	-11.5790856	Scicli-Giarratana
14.66818755	36.70420791	-3.1619603	Scicli-Giarratana
14.74140314	36.90898407	-9.512432	Scicli-Giarratana
14.70191003	36.80390483	-5.2246713	Scicli-Giarratana
14.77100618	36.9556002	-11.199877	Scicli-Giarratana
14.70330359	36.75805568	-13.2450844	Scicli-Giarratana
14.6791588	36.73874131	-3.5158759	Scicli-Giarratana
14.72884819	36.86477727	-9.9117402	Scicli-Giarratana
14.69665487	36.81307952	-1.0000009	Scicli-Giarratana
14.6797687	36.71451955	-7.7098112	Scicli-Giarratana
14.82081503	37.01857322	-18.3495429	Scicli-Giarratana
14.76561011	36.94635824	-11.1038916	Scicli-Giarratana
14.80584146	36.98944257	-19.0642977	Scicli-Giarratana
14.83865251	37.04517037	-19.7740517	Scicli-Giarratana
14.79122919	36.97467476	-15.9267616	Scicli-Giarratana
14.83132017	37.06161368	-11.5039749	Scicli-Giarratana
14.68004166	36.74509824	-2.9688461	Scicli-Giarratana
14.76452853	36.9569983	-7.5776305	Scicli-Giarratana
14.77746056	36.9332444	-20.6961552	Scicli-Giarratana
14.73765178	36.90137215	-8.7384347	Scicli-Giarratana
14.70505455	36.74181218	-16.7700028	Scicli-Giarratana
14.6925174	36.68581481	-18.9735106	Scicli-Giarratana
14.65919207	36.67919483	-2.2810194	Scicli-Giarratana
14.73021663	36.81847346	-17.9987045	Scicli-Giarratana
14.71140595	36.77775094	-14.3983866	Scicli-Giarratana
14.76187862	36.95041672	-8.1036886	Scicli-Giarratana
14.6905615	36.67705615	-19.3006903	Scicli-Giarratana
14.80331387	36.99809905	-15.3743461	Scicli-Giarratana
