11.13186198	37.056	-3.0000006	Sicily-Tunisia
11.85295208	37.42952677	-7.44594	Sicily-Tunisia
11.66323546	37.39984031	-11.805689	Sicily-Tunisia
11.60026619	37.32805259	-7.4749364	Sicily-Tunisia
12.10569184	37.65919294	-10.1815542	Sicily-Tunisia
11.63561246	37.32576483	-5.2483785	Sicily-Tunisia
11.50215704	37.31697092	-11.9725223	Sicily-Tunisia
11.12723731	37.06134484	-3.7778184	Sicily-Tunisia
11.52806407	37.30644272	-9.4863609	Sicily-Tunisia
11.55140004	37.28571971	-6.1615745	Sicily-Tunisia
12.08339414	37.55405634	-3.8252584	Sicily-Tunisia
12.10908341	37.57768078	-3.612918	Sicily-Tunisia
11.87825609	37.45228528	-8.2894907	Sicily-Tunisia
11.72460868	37.4338551	-13.1005894	Sicily-Tunisia
11.28246088	37.13704976	-3.5126055	Sicily-Tunisia
11.90148323	37.49423956	-11.1332789	Sicily-Tunisia
11.72333736	37.38455643	-7.6892789	Sicily-Tunisia
12.13071607	37.59193453	-3.0000015	Sicily-Tunisia
11.32344072	37.2348172	-12.3439307	Sicily-Tunisia
11.11798695	37.07203353	-5.3334539	Sicily-Tunisia
11.27169221	37.1494986	-5.3245538	Sicily-Tunisia
11.61228288	37.39459825	-13.2789156	Sicily-Tunisia
11.64891906	37.37856222	-10.0257689	Sicily-Tunisia
12.0283949	37.62426171	-13.6064859	Sicily-Tunisia
11.11220495	37.07871336	-6.3057243	Sicily-Tunisia
11.47513491	37.31164504	-12.9911978	Sicily-Tunisia
11.16424462	37.13433514	-9.2811027	Sicily-Tunisia
11.51553311	37.26667836	-6.3576527	Sicily-Tunisia
11.91770947	37.52258396	-13.063564	Sicily-Tunisia
11.67585521	37.42068507	-13.6066021	Sicily-Tunisia
11.97808167	37.49186831	-6.7617526	Sicily-Tunisia
11.63291895	37.36875545	-9.5849318	Sicily-Tunisia
11.21787974	37.15523745	-8.6568537	Sicily-Tunisia
11.9056758	37.42018957	-3.6319771	Sicily-Tunisia
12.02555111	37.5704617	-9.7001131	Sicily-Tunisia
11.10521339	37.08678929	-7.4812902	Sicily-Tunisia
11.32819235	37.24173433	-12.8885304	Sicily-Tunisia
11.80402746	37.41195856	-7.4713454	Sicily-Tunisia
11.09029783	37.13972028	-13.6066016	Sicily-Tunisia
11.09780063	37.09535023	-8.7275651	Sicily-Tunisia
11.64266799	37.37063045	-9.3993165	Sicily-Tunisia
11.23362617	37.19639507	-12.0332904	Sicily-Tunisia
11.35454952	37.2591148	-13.6066021	Sicily-Tunisia
11.95807511	37.55120735	-13.6067852	Sicily-Tunisia
11.21488049	37.12535281	-5.7820235	Sicily-Tunisia
11.5319305	37.29241286	-7.9122223	Sicily-Tunisia
11.42032766	37.28581721	-13.6066021	Sicily-Tunisia
11.35552778	37.21199493	-8.4877898	Sicily-Tunisia
12.11100983	37.61684041	-6.4863671	Sicily-Tunisia
11.83809502	37.47731931	-12.9544532	Sicily-Tunisia
11.43320731	37.25131243	-9.3241874	Sicily-Tunisia
11.09054481	37.10372828	-9.9473252	Sicily-Tunisia
11.85994253	37.44581321	-8.6607145	Sicily-Tunisia
11.92353963	37.47738455	-8.2734242	Sicily-Tunisia
11.22245418	37.2063769	-13.6066021	Sicily-Tunisia
11.67747114	37.33151207	-3.6628941	Sicily-Tunisia
11.37536066	37.19061063	-5.3161485	Sicily-Tunisia
11.8883874	37.48657126	-11.0991685	Sicily-Tunisia
11.17445257	37.12907098	-8.2260008	Sicily-Tunisia
12.01111133	37.54990463	-9.2739149	Sicily-Tunisia
11.08391939	37.11137719	-11.0610184	Sicily-Tunisia
11.37061386	37.26563876	-13.6066021	Sicily-Tunisia
11.37658452	37.21679145	-8.0820524	Sicily-Tunisia
11.07508457	37.12157476	-12.545942	Sicily-Tunisia
11.67485456	37.37196695	-8.249163	Sicily-Tunisia
11.26037408	37.16549783	-7.5343283	Sicily-Tunisia
11.88487673	37.40210071	-3.0000982	Sicily-Tunisia
11.63225273	37.35406985	-8.1726518	Sicily-Tunisia
12.09815783	37.69577098	-13.6066021	Sicily-Tunisia
11.989802	37.58419181	-13.6066026	Sicily-Tunisia
11.86358847	37.46048838	-9.9009202	Sicily-Tunisia
11.63555736	37.33848868	-6.480291	Sicily-Tunisia
11.66225856	37.31813667	-3.0000006	Sicily-Tunisia
11.27181622	37.13040552	-3.3834029	Sicily-Tunisia
11.55687962	37.3504549	-12.1004093	Sicily-Tunisia
11.06877342	37.12885808	-13.6066021	Sicily-Tunisia
11.5396686	37.3401513	-12.0824522	Sicily-Tunisia
11.71236133	37.43396272	-13.6066724	Sicily-Tunisia
11.67015013	37.32277218	-3.0000006	Sicily-Tunisia
11.99371956	37.5578224	-11.2695633	Sicily-Tunisia
11.32193829	37.14806311	-2.9999996	Sicily-Tunisia
12.06288114	37.56171064	-6.0499969	Sicily-Tunisia
11.82390945	37.37883266	-3.0000006	Sicily-Tunisia
11.77143016	37.39594313	-7.0117253	Sicily-Tunisia
11.95565596	37.54875559	-13.6066021	Sicily-Tunisia
12.06444779	37.58211561	-7.4931306	Sicily-Tunisia
11.25081048	37.17654709	-9.1429262	Sicily-Tunisia
11.28578372	37.20734467	-10.9803626	Sicily-Tunisia
11.97331464	37.54751168	-12.1064896	Sicily-Tunisia
11.1377932	37.09554949	-6.7029195	Sicily-Tunisia
11.77536334	37.38022886	-5.1124801	Sicily-Tunisia
11.83791366	37.48386004	-13.6066041	Sicily-Tunisia
12.01349902	37.48176027	-3.8484669	Sicily-Tunisia
12.11836573	37.5792692	-3.0000006	Sicily-Tunisia
12.05539758	37.54647491	-5.4769415	Sicily-Tunisia
11.47675254	37.28096298	-9.9371033	Sicily-Tunisia
11.81950357	37.46824534	-13.085108	Sicily-Tunisia
11.47345808	37.31703299	-13.6066021	Sicily-Tunisia
12.06568292	37.66249685	-13.6066016	Sicily-Tunisia
12.12313805	37.58913207	-3.3839376	Sicily-Tunisia
11.56601895	37.2973517	-6.4549006	Sicily-Tunisia
11.29223016	37.17501077	-7.1973422	Sicily-Tunisia
11.61457787	37.29798378	-3.759588	Sicily-Tunisia
11.43184118	37.26308017	-10.6522193	Sicily-Tunisia
12.03593218	37.63199181	-13.606608	Sicily-Tunisia
11.92314427	37.44552772	-5.1594813	Sicily-Tunisia
11.29173981	37.19752071	-9.6592327	Sicily-Tunisia
11.90475585	37.47423548	-8.9881896	Sicily-Tunisia
11.2865054	37.2318443	-13.6066026	Sicily-Tunisia
11.22142897	37.10119683	-3.0000401	Sicily-Tunisia
11.49877469	37.30749008	-11.2488429	Sicily-Tunisia
11.22672797	37.12561209	-5.2025272	Sicily-Tunisia
11.42468652	37.28078031	-12.8729488	Sicily-Tunisia
11.26790319	37.22448003	-13.6066016	Sicily-Tunisia
11.17599577	37.16853864	-12.1462576	Sicily-Tunisia
12.02516093	37.48783967	-3.3888922	Sicily-Tunisia
11.59946718	37.2865472	-3.5131998	Sicily-Tunisia
11.81436827	37.46487298	-12.9182774	Sicily-Tunisia
11.81640965	37.47182508	-13.6066021	Sicily-Tunisia
11.94913475	37.45090481	-4.2692025	Sicily-Tunisia
11.18010725	37.08812351	-3.7876221	Sicily-Tunisia
11.93375032	37.45503442	-5.5100418	Sicily-Tunisia
11.78793079	37.42841633	-9.9438713	Sicily-Tunisia
12.11587558	37.64493306	-8.2723655	Sicily-Tunisia
11.92493889	37.46805025	-7.2735261	Sicily-Tunisia
11.97873094	37.51079045	-8.6005048	Sicily-Tunisia
11.79500537	37.44068342	-11.0179283	Sicily-Tunisia
11.45304161	37.2480026	-8.1000175	Sicily-Tunisia
11.29843129	37.18524015	-8.0402074	Sicily-Tunisia
11.18938546	37.09823486	-4.3379976	Sicily-Tunisia
12.05164669	37.59625818	-9.6001644	Sicily-Tunisia
11.36322932	37.2339093	-10.5107928	Sicily-Tunisia
11.28417464	37.14954391	-4.7824066	Sicily-Tunisia
11.14815574	37.15270677	-11.9653695	Sicily-Tunisia
11.8429107	37.43022971	-7.9284773	Sicily-Tunisia
12.00328623	37.49359726	-5.5720821	Sicily-Tunisia
11.34509192	37.24199454	-12.1757703	Sicily-Tunisia
11.45249051	37.23861381	-7.1122673	Sicily-Tunisia
11.98395525	37.51599224	-8.8336367	Sicily-Tunisia
11.61744232	37.29179957	-3.0000001	Sicily-Tunisia
12.03899396	37.6113201	-11.7664139	Sicily-Tunisia
12.15044516	37.6352537	-4.7854447	Sicily-Tunisia
12.06176713	37.59431281	-8.6479961	Sicily-Tunisia
11.45681145	37.22750544	-5.7262296	Sicily-Tunisia
11.47954872	37.21733951	-3.6363804	Sicily-Tunisia
11.60919668	37.31946438	-6.1388912	Sicily-Tunisia
11.25790808	37.11960654	-3.0000001	Sicily-Tunisia
12.03276182	37.5960613	-11.0908453	Sicily-Tunisia
11.14647626	37.07182037	-3.8551558	Sicily-Tunisia
11.62130828	37.37062165	-10.3923043	Sicily-Tunisia
11.99327994	37.50518965	-7.2602887	Sicily-Tunisia
11.69676944	37.40506241	-11.0322911	Sicily-Tunisia
11.88372077	37.46812284	-9.5440516	Sicily-Tunisia
11.3999653	37.261173	-11.841045	Sicily-Tunisia
11.41547219	37.18541341	-3.0000001	Sicily-Tunisia
11.9648081	37.47872882	-6.1775618	Sicily-Tunisia
11.6146549	37.35191507	-8.9628989	Sicily-Tunisia
11.33627481	37.25169118	-13.6065885	Sicily-Tunisia
11.63163151	37.38042555	-10.9295384	Sicily-Tunisia
11.52259507	37.34589888	-13.6066021	Sicily-Tunisia
11.2167571	37.14541466	-7.7188341	Sicily-Tunisia
11.22731949	37.20367833	-13.0939718	Sicily-Tunisia
11.51028696	37.3386641	-13.6066754	Sicily-Tunisia
11.65934943	37.35651377	-7.162815	Sicily-Tunisia
11.28293691	37.13941877	-3.7380435	Sicily-Tunisia
11.16883861	37.09695451	-5.2583214	Sicily-Tunisia
11.57546225	37.33711131	-9.7572893	Sicily-Tunisia
12.07117934	37.61590819	-9.5705693	Sicily-Tunisia
12.08854992	37.66935257	-12.3249698	Sicily-Tunisia
11.97046608	37.46916278	-4.9249354	Sicily-Tunisia
11.91403003	37.46216281	-7.2934749	Sicily-Tunisia
11.61754253	37.38653475	-12.1747301	Sicily-Tunisia
11.79101843	37.41215026	-8.0171438	Sicily-Tunisia
11.70137581	37.34962125	-4.704514	Sicily-Tunisia
11.57775798	37.37262822	-13.0569371	Sicily-Tunisia
11.66819457	37.32893267	-3.7511046	Sicily-Tunisia
11.6836144	37.35745163	-6.2880465	Sicily-Tunisia
11.45818478	37.20276103	-3.0000001	Sicily-Tunisia
11.33456964	37.15306592	-3.0000006	Sicily-Tunisia
11.9176479	37.42538979	-3.4844791	Sicily-Tunisia
11.93046281	37.43594471	-3.8165157	Sicily-Tunisia
11.5280291	37.25677498	-4.6926366	Sicily-Tunisia
11.9805043	37.47908805	-5.3654928	Sicily-Tunisia
11.48501778	37.21394643	-3.0000006	Sicily-Tunisia
11.9007858	37.51401613	-13.1293204	Sicily-Tunisia
12.09044953	37.58817819	-5.900796	Sicily-Tunisia
11.22024195	37.20124476	-13.1985006	Sicily-Tunisia
11.26641089	37.14584254	-5.2240929	Sicily-Tunisia
11.54540424	37.25698587	-3.7272725	Sicily-Tunisia
11.82971348	37.4029663	-5.4395184	Sicily-Tunisia
11.84581804	37.41027115	-5.5997218	Sicily-Tunisia
12.04852178	37.55139725	-6.4034993	Sicily-Tunisia
11.39580795	37.23942308	-9.6791208	Sicily-Tunisia
11.35631818	37.25494757	-13.0801387	Sicily-Tunisia
12.03635783	37.53505074	-6.1190033	Sicily-Tunisia
11.75587068	37.42913801	-11.3167911	Sicily-Tunisia
11.56029675	37.32444266	-9.3948957	Sicily-Tunisia
11.73702029	37.35220067	-3.5532564	Sicily-Tunisia
11.60148534	37.38758836	-13.155817	Sicily-Tunisia
11.90514008	37.48520622	-10.0443823	Sicily-Tunisia
11.15668105	37.14470665	-10.7187965	Sicily-Tunisia
12.03931292	37.49749037	-3.000003	Sicily-Tunisia
11.7124108	37.40615553	-10.5229491	Sicily-Tunisia
11.90768557	37.4518042	-6.6250445	Sicily-Tunisia
11.36423921	37.18716547	-5.4241126	Sicily-Tunisia
12.00215462	37.58802127	-12.9151021	Sicily-Tunisia
11.2747163	37.14892224	-5.1213209	Sicily-Tunisia
11.83269255	37.45975539	-11.5273206	Sicily-Tunisia
11.81252	37.44512064	-10.8035867	Sicily-Tunisia
11.62538606	37.39309661	-12.5851676	Sicily-Tunisia
11.7100326	37.33738316	-3.0000006	Sicily-Tunisia
11.77747365	37.38827914	-5.9190252	Sicily-Tunisia
11.80461817	37.43239568	-9.7119899	Sicily-Tunisia
11.34279655	37.22143868	-10.0614626	Sicily-Tunisia
11.36956235	37.19663306	-6.2190277	Sicily-Tunisia
11.96525046	37.48891281	-7.161987	Sicily-Tunisia
11.22623252	37.13687137	-6.3687008	Sicily-Tunisia
12.08381959	37.57644612	-5.5198992	Sicily-Tunisia
11.2734886	37.19624047	-10.3041926	Sicily-Tunisia
11.53699531	37.27971279	-6.3985304	Sicily-Tunisia
11.93476975	37.46191836	-6.1352596	Sicily-Tunisia
11.45782689	37.26748724	-9.7103231	Sicily-Tunisia
12.16102398	37.623	-3.0000006	Sicily-Tunisia
11.61911813	37.34226202	-7.7773902	Sicily-Tunisia
11.66552817	37.33979717	-5.062233	Sicily-Tunisia
11.48738577	37.30992392	-12.1299639	Sicily-Tunisia
11.65907754	37.37429187	-9.1429901	Sicily-Tunisia
11.73598487	37.39366085	-8.1884334	Sicily-Tunisia
11.30310645	37.21987146	-11.5952142	Sicily-Tunisia
11.26469199	37.15484567	-6.2235748	Sicily-Tunisia
12.02201278	37.52130761	-6.2087742	Sicily-Tunisia
12.15720114	37.6274285	-3.6452359	Sicily-Tunisia
11.9904909	37.53246872	-9.5810124	Sicily-Tunisia
11.96907202	37.53799746	-11.7152823	Sicily-Tunisia
11.25872386	37.18397477	-9.6084151	Sicily-Tunisia
11.74296238	37.40513485	-9.1783967	Sicily-Tunisia
12.10266067	37.5927509	-5.2863565	Sicily-Tunisia
11.33093945	37.18711888	-6.8482055	Sicily-Tunisia
11.19324616	37.08987791	-3.2938892	Sicily-Tunisia
11.29755386	37.23054888	-12.9917506	Sicily-Tunisia
11.10387615	37.14657048	-13.6066002	Sicily-Tunisia
11.65618011	37.38880557	-10.867668	Sicily-Tunisia
11.73162196	37.44097609	-13.6066002	Sicily-Tunisia
11.67048926	37.39285231	-10.7389522	Sicily-Tunisia
11.58980699	37.34858501	-10.0511803	Sicily-Tunisia
11.64189131	37.35837745	-8.0734911	Sicily-Tunisia
11.34799753	37.17462507	-4.7611392	Sicily-Tunisia
12.00674542	37.4944518	-5.3669134	Sicily-Tunisia
11.27270075	37.12706834	-3.0000186	Sicily-Tunisia
11.751235	37.36956429	-4.9039364	Sicily-Tunisia
12.00991204	37.50827497	-6.1742098	Sicily-Tunisia
12.03261385	37.58100397	-9.9462196	Sicily-Tunisia
11.76376448	37.37572489	-5.0816055	Sicily-Tunisia
12.06723518	37.64126445	-11.8425638	Sicily-Tunisia
11.46060128	37.23925997	-6.827243	Sicily-Tunisia
11.59098679	37.31737184	-6.970294	Sicily-Tunisia
11.84907161	37.39257736	-3.5082335	Sicily-Tunisia
11.11866988	37.15403219	-13.6065963	Sicily-Tunisia
11.50333359	37.23151456	-3.655713	Sicily-Tunisia
11.82721163	37.45932569	-11.7858001	Sicily-Tunisia
11.47938964	37.22925152	-4.7966588	Sicily-Tunisia
12.09938044	37.68676464	-12.813316	Sicily-Tunisia
11.57512339	37.36006952	-11.9935142	Sicily-Tunisia
11.46751554	37.2410494	-6.6091784	Sicily-Tunisia
12.01852856	37.4759327	-3.0000006	Sicily-Tunisia
11.79964972	37.42006821	-8.5463685	Sicily-Tunisia
12.07423556	37.57898784	-6.4758465	Sicily-Tunisia
11.99932046	37.50204944	-6.5423752	Sicily-Tunisia
12.08791051	37.548002	-2.9992413	Sicily-Tunisia
11.20555262	37.09691311	-3.377899	Sicily-Tunisia
12.08357288	37.60813619	-7.9878637	Sicily-Tunisia
11.65006227	37.32765246	-4.6108817	Sicily-Tunisia
11.20408707	37.17083589	-10.9427984	Sicily-Tunisia
11.23596714	37.21183187	-13.6066026	Sicily-Tunisia
11.95245542	37.50627045	-9.5716729	Sicily-Tunisia
11.54952505	37.36172997	-13.6066021	Sicily-Tunisia
11.22086154	37.17632041	-10.6411705	Sicily-Tunisia
11.71411252	37.42598322	-12.6517594	Sicily-Tunisia
11.53923134	37.35217824	-13.2685167	Sicily-Tunisia
11.68999794	37.3897205	-9.6053718	Sicily-Tunisia
11.44341413	37.24698424	-8.4112999	Sicily-Tunisia
11.70413051	37.36313944	-6.0908302	Sicily-Tunisia
12.14133156	37.64580759	-6.3234007	Sicily-Tunisia
12.15317391	37.62486682	-3.7662164	Sicily-Tunisia
12.05034525	37.53131196	-4.715837	Sicily-Tunisia
12.13062103	37.63213929	-6.1151368	Sicily-Tunisia
11.28759239	37.18685863	-8.6811611	Sicily-Tunisia
11.44799704	37.21624234	-4.89814	Sicily-Tunisia
11.90537193	37.52133846	-13.6066012	Sicily-Tunisia
11.35822995	37.20194351	-7.2850501	Sicily-Tunisia
11.66067186	37.33664688	-4.9091541	Sicily-Tunisia
11.46726702	37.23154915	-5.7046441	Sicily-Tunisia
11.33488619	37.23185008	-11.5299263	Sicily-Tunisia
11.64696522	37.34960468	-6.906765	Sicily-Tunisia
11.25035538	37.2175311	-13.6066012	Sicily-Tunisia
11.08681085	37.12392452	-12.1843785	Sicily-Tunisia
11.10246794	37.13765037	-12.7746456	Sicily-Tunisia
11.86542852	37.39749049	-3.3933277	Sicily-Tunisia
11.46009679	37.30918178	-13.6066021	Sicily-Tunisia
11.72039777	37.36170634	-5.2762762	Sicily-Tunisia
11.54634982	37.31543397	-9.3170676	Sicily-Tunisia
11.3156632	37.18132564	-6.8758292	Sicily-Tunisia
11.24631484	37.16489673	-8.1823223	Sicily-Tunisia
11.53540513	37.26521813	-5.0892794	Sicily-Tunisia
12.04391138	37.60057844	-10.5481456	Sicily-Tunisia
11.99525753	37.50926861	-7.4208333	Sicily-Tunisia
12.06881159	37.54350428	-4.1786046	Sicily-Tunisia
11.70423704	37.39589849	-9.7158571	Sicily-Tunisia
11.4815439	37.25161953	-6.8327215	Sicily-Tunisia
11.37936762	37.23039252	-9.4255572	Sicily-Tunisia
11.72459875	37.39936897	-9.2797091	Sicily-Tunisia
11.12958235	37.07011	-4.545691	Sicily-Tunisia
12.10294271	37.67861853	-11.9012594	Sicily-Tunisia
11.56429006	37.27607645	-4.4993436	Sicily-Tunisia
12.12387654	37.62091751	-5.7820225	Sicily-Tunisia
12.09703751	37.55738845	-3.0000001	Sicily-Tunisia
11.27312438	37.18242199	-8.8214778	Sicily-Tunisia
11.24409364	37.17910221	-9.73466	Sicily-Tunisia
11.15047458	37.09942628	-6.447422	Sicily-Tunisia
11.30182316	37.14009414	-3.0000006	Sicily-Tunisia
11.15831829	37.1668545	-12.879629	Sicily-Tunisia
12.0199315	37.55820466	-9.2073485	Sicily-Tunisia
11.94744275	37.52273251	-11.4725753	Sicily-Tunisia
11.242013	37.11158638	-3.0000001	Sicily-Tunisia
12.04473366	37.56269442	-7.573294	Sicily-Tunisia
11.7883273	37.44872729	-12.1785777	Sicily-Tunisia
11.81859422	37.40837914	-6.4874726	Sicily-Tunisia
11.11085027	37.10915115	-9.4584263	Sicily-Tunisia
11.66389408	37.41025094	-12.9326402	Sicily-Tunisia
12.01672342	37.48360895	-3.7383062	Sicily-Tunisia
11.37735175	37.18403454	-4.5206856	Sicily-Tunisia
11.37257018	37.26242453	-13.1746026	Sicily-Tunisia
11.21318918	37.1161511	-4.9362579	Sicily-Tunisia
11.76462787	37.44836401	-13.0939493	Sicily-Tunisia
11.20288833	37.12844424	-6.7084401	Sicily-Tunisia
11.86788891	37.41222578	-4.926868	Sicily-Tunisia
11.76824471	37.45430624	-13.6066016	Sicily-Tunisia
11.37865866	37.24254036	-10.7654683	Sicily-Tunisia
11.4909092	37.23968468	-5.1493463	Sicily-Tunisia
11.21667445	37.18381202	-11.6145467	Sicily-Tunisia
11.85714925	37.48485421	-12.6470352	Sicily-Tunisia
11.13782127	37.10394424	-7.5519988	Sicily-Tunisia
11.48974522	37.27173309	-8.3088248	Sicily-Tunisia
11.68162744	37.32703955	-2.9999981	Sicily-Tunisia
11.65172822	37.34699677	-6.4162093	Sicily-Tunisia
11.17491762	37.10784161	-6.0507711	Sicily-Tunisia
11.45032404	37.25573028	-9.0016667	Sicily-Tunisia
11.8428116	37.38571196	-3.0000001	Sicily-Tunisia
11.16213648	37.15417055	-11.399149	Sicily-Tunisia
11.43311426	37.27548711	-11.8853158	Sicily-Tunisia
11.91530937	37.50097213	-11.0532894	Sicily-Tunisia
11.52279578	37.27776394	-7.0158697	Sicily-Tunisia
11.76043319	37.35572416	-3.0000011	Sicily-Tunisia
11.18095339	37.12201932	-7.1791611	Sicily-Tunisia
11.70560865	37.3832197	-8.2557922	Sicily-Tunisia
11.93837655	37.44671018	-4.4381241	Sicily-Tunisia
11.40300957	37.24933733	-10.4323548	Sicily-Tunisia
11.60821495	37.36946594	-11.0234522	Sicily-Tunisia
11.40754712	37.27090874	-12.5586475	Sicily-Tunisia
11.14609881	37.08719904	-5.4323358	Sicily-Tunisia
11.76462869	37.41087062	-8.939697	Sicily-Tunisia
11.68296581	37.40071334	-11.1068687	Sicily-Tunisia
11.39720264	37.17798943	-3.0000108	Sicily-Tunisia
11.26872755	37.15584426	-6.1289471	Sicily-Tunisia
11.1981945	37.08947308	-3.0000054	Sicily-Tunisia
11.91390729	37.47369981	-8.4319264	Sicily-Tunisia
11.21526043	37.16424041	-9.7031499	Sicily-Tunisia
11.81459762	37.38199872	-3.7261651	Sicily-Tunisia
11.76429528	37.36196537	-3.5359268	Sicily-Tunisia
11.78696209	37.37468193	-4.030296	Sicily-Tunisia
11.30876305	37.1704568	-5.9936031	Sicily-Tunisia
11.59794276	37.30728777	-5.6019322	Sicily-Tunisia
11.4446888	37.26683698	-10.3935384	Sicily-Tunisia
11.16254761	37.08480042	-4.3484759	Sicily-Tunisia
11.33275926	37.17008257	-4.9227227	Sicily-Tunisia
11.31381345	37.21268516	-10.3561202	Sicily-Tunisia
11.62119573	37.3281176	-6.2935706	Sicily-Tunisia
11.9894078	37.47483818	-4.4639303	Sicily-Tunisia
11.51308986	37.3095607	-10.636754	Sicily-Tunisia
11.72655428	37.34339719	-3.0000006	Sicily-Tunisia
11.28732265	37.13434785	-3.0000006	Sicily-Tunisia
11.89637974	37.47943178	-9.9589558	Sicily-Tunisia
12.08497441	37.62250564	-8.9872057	Sicily-Tunisia
11.12692917	37.1471544	-12.487377	Sicily-Tunisia
11.55213557	37.29982008	-7.4813969	Sicily-Tunisia
11.77115588	37.42610643	-10.3644071	Sicily-Tunisia
11.51135165	37.29090211	-8.9336168	Sicily-Tunisia
11.59056351	37.37838319	-12.8862374	Sicily-Tunisia
11.46301163	37.29247065	-11.8277862	Sicily-Tunisia
11.3400392	37.24852434	-13.1005548	Sicily-Tunisia
11.5320451	37.2485255	-3.6684371	Sicily-Tunisia
11.47517903	37.20965977	-3.0000001	Sicily-Tunisia
11.95926979	37.46076359	-4.6981617	Sicily-Tunisia
11.18899489	37.15823399	-10.4373204	Sicily-Tunisia
11.42780396	37.27245103	-11.8388355	Sicily-Tunisia
12.05576177	37.58266497	-8.2268496	Sicily-Tunisia
11.33921357	37.1615694	-3.7225743	Sicily-Tunisia
12.1363627	37.61940439	-4.6757884	Sicily-Tunisia
12.01446146	37.59929551	-12.7990919	Sicily-Tunisia
11.31306812	37.2277915	-12.0266649	Sicily-Tunisia
11.94777387	37.43731359	-2.9993355	Sicily-Tunisia
12.04547375	37.64177762	-13.6066007	Sicily-Tunisia
11.49842543	37.22183331	-2.9999786	Sicily-Tunisia
11.94644231	37.4605513	-5.369796	Sicily-Tunisia
11.27158644	37.20891035	-11.7598377	Sicily-Tunisia
11.44679376	37.25522686	-9.151818	Sicily-Tunisia
12.09223478	37.68970402	-13.6066012	Sicily-Tunisia
11.75992068	37.39987085	-7.9110704	Sicily-Tunisia
11.33217979	37.20467148	-8.6985576	Sicily-Tunisia
11.35403816	37.19487504	-6.6979866	Sicily-Tunisia
11.61605399	37.39891738	-13.6067086	Sicily-Tunisia
11.82285448	37.43162915	-8.8919116	Sicily-Tunisia
11.60725082	37.37981139	-12.0774845	Sicily-Tunisia
11.15083867	37.13401815	-9.9340654	Sicily-Tunisia
11.42978639	37.19122847	-3.0000011	Sicily-Tunisia
11.27619541	37.22175296	-12.9547374	Sicily-Tunisia
11.84503693	37.43869194	-8.7806098	Sicily-Tunisia
11.22722679	37.11213974	-3.8120689	Sicily-Tunisia
11.35445383	37.16093906	-3.000004	Sicily-Tunisia
11.36901001	37.17461456	-3.858253	Sicily-Tunisia
11.10630402	37.09791665	-8.5527223	Sicily-Tunisia
11.80076665	37.37437723	-3.4397325	Sicily-Tunisia
11.3685293	37.24923486	-11.9301268	Sicily-Tunisia
11.23578911	37.20674592	-13.0627369	Sicily-Tunisia
11.45985538	37.25101533	-8.0056669	Sicily-Tunisia
11.92746383	37.5137396	-11.6609556	Sicily-Tunisia
12.02659088	37.48425882	-2.9999996	Sicily-Tunisia
12.06111161	37.52498814	-3.3712296	Sicily-Tunisia
12.04385641	37.58509382	-9.3634874	Sicily-Tunisia
11.09466494	37.11124724	-10.4983697	Sicily-Tunisia
11.25674343	37.13334356	-4.4515003	Sicily-Tunisia
11.15333843	37.17151536	-13.6066549	Sicily-Tunisia
11.19081488	37.16881731	-11.4167801	Sicily-Tunisia
11.95911595	37.5447518	-13.023273	Sicily-Tunisia
11.27791285	37.15995295	-6.1797711	Sicily-Tunisia
11.93731019	37.53875538	-13.6066026	Sicily-Tunisia
12.13741685	37.64153961	-6.303515	Sicily-Tunisia
11.73781399	37.36415361	-4.8453831	Sicily-Tunisia
11.49872761	37.26698694	-7.3409729	Sicily-Tunisia
11.95124804	37.48443315	-7.4746576	Sicily-Tunisia
11.8148568	37.42292918	-8.250268	Sicily-Tunisia
11.13341723	37.12199045	-9.6056484	Sicily-Tunisia
12.09886277	37.6204657	-7.7290517	Sicily-Tunisia
11.49160051	37.28569859	-9.5517858	Sicily-Tunisia
12.1062863	37.67075185	-11.028148	Sicily-Tunisia
11.23978538	37.19989516	-12.1481939	Sicily-Tunisia
11.51266317	37.2463809	-4.5611615	Sicily-Tunisia
11.22898718	37.16455896	-9.0337469	Sicily-Tunisia
11.48987199	37.32667548	-13.6065982	Sicily-Tunisia
11.24532422	37.19129888	-10.9781534	Sicily-Tunisia
12.07084227	37.53558922	-3.4087955	Sicily-Tunisia
11.40078541	37.21992334	-7.3603085	Sicily-Tunisia
11.93694229	37.49246645	-9.0427783	Sicily-Tunisia
12.07680465	37.56710266	-5.3538277	Sicily-Tunisia
11.25185933	37.21049981	-12.7794805	Sicily-Tunisia
11.97527948	37.56169272	-13.0381529	Sicily-Tunisia
11.13826239	37.05923142	-2.9999991	Sicily-Tunisia
11.41869862	37.27867846	-12.9083336	Sicily-Tunisia
12.06613001	37.60474487	-9.1081807	Sicily-Tunisia
11.92397954	37.46003515	-6.5374962	Sicily-Tunisia
11.56679239	37.3136331	-7.9826153	Sicily-Tunisia
11.78608246	37.46079595	-13.6066021	Sicily-Tunisia
11.95770404	37.49972132	-8.6397254	Sicily-Tunisia
11.35906934	37.2213782	-9.3430629	Sicily-Tunisia
11.50377938	37.25483248	-5.881047	Sicily-Tunisia
11.34502542	37.18312286	-5.8101771	Sicily-Tunisia
11.15329031	37.109731	-7.3476002	Sicily-Tunisia
12.03719853	37.50025803	-3.3811763	Sicily-Tunisia
11.71740582	37.34727434	-3.7982574	Sicily-Tunisia
11.44993895	37.28339241	-11.6932562	Sicily-Tunisia
11.86137637	37.4256502	-6.6029773	Sicily-Tunisia
11.57232151	37.26526692	-3.0000391	Sicily-Tunisia
11.23906632	37.13634619	-5.6593836	Sicily-Tunisia
11.88659121	37.49558557	-12.0829998	Sicily-Tunisia
11.28895191	37.21944837	-12.1570323	Sicily-Tunisia
11.4425048	37.29349706	-13.0906373	Sicily-Tunisia
11.86890077	37.41725619	-5.3655435	Sicily-Tunisia
11.8593373	37.39172458	-3.0000006	Sicily-Tunisia
11.87200189	37.4831241	-11.6609517	Sicily-Tunisia
11.41754386	37.2495374	-9.8180557	Sicily-Tunisia
11.6421773	37.31687055	-4.0170186	Sicily-Tunisia
11.59582213	37.38892908	-13.606588	Sicily-Tunisia
11.7059145	37.33907616	-3.3535538	Sicily-Tunisia
11.7443847	37.34988574	-3.0000006	Sicily-Tunisia
11.98482231	37.46383356	-3.6220343	Sicily-Tunisia
11.64264873	37.40412131	-13.1102442	Sicily-Tunisia
11.4432868	37.19671165	-3.0000011	Sicily-Tunisia
12.05090993	37.60762573	-10.5370411	Sicily-Tunisia
12.07360519	37.59509147	-7.7699375	Sicily-Tunisia
11.9755256	37.5316189	-10.711224	Sicily-Tunisia
12.05336976	37.63485141	-12.4456759	Sicily-Tunisia
11.87628057	37.4736531	-10.4958778	Sicily-Tunisia
11.70072736	37.42699027	-13.3027608	Sicily-Tunisia
11.94614599	37.44103872	-3.4548184	Sicily-Tunisia
11.25553394	37.16026885	-7.2421015	Sicily-Tunisia
11.67503842	37.41699805	-13.2309508	Sicily-Tunisia
11.32416053	37.2230751	-11.0389127	Sicily-Tunisia
11.87931235	37.39898994	-3.0000006	Sicily-Tunisia
12.07228834	37.66090368	-12.9601236	Sicily-Tunisia
11.91674898	37.41995087	-2.9999996	Sicily-Tunisia
11.89984904	37.41048793	-2.999983	Sicily-Tunisia
11.88342146	37.5044894	-13.1314342	Sicily-Tunisia
12.11656935	37.66719369	-9.9384851	Sicily-Tunisia
11.38929173	37.19591578	-5.2771265	Sicily-Tunisia
11.99870852	37.54499957	-9.8871118	Sicily-Tunisia
12.01199582	37.56851739	-10.6323328	Sicily-Tunisia
11.37445652	37.16885699	-2.9999586	Sicily-Tunisia
11.14130343	37.14434117	-11.4676051	Sicily-Tunisia
12.09197789	37.56226583	-3.7778179	Sicily-Tunisia
11.3485527	37.23198642	-10.9461239	Sicily-Tunisia
12.13098553	37.60276105	-3.8153839	Sicily-Tunisia
12.09342408	37.6040393	-6.8906065	Sicily-Tunisia
11.63206399	37.30039453	-3.0000006	Sicily-Tunisia
12.04885338	37.51494508	-3.5783912	Sicily-Tunisia
11.73198988	37.41146196	-10.321962	Sicily-Tunisia
11.3019844	37.1551811	-4.6285562	Sicily-Tunisia
11.42802759	37.2236518	-6.5700607	Sicily-Tunisia
11.42130822	37.20212815	-4.5451383	Sicily-Tunisia
11.34579181	37.20749384	-8.4203771	Sicily-Tunisia
12.14058158	37.60204904	-3.0000015	Sicily-Tunisia
11.9782961	37.52254579	-9.7882257	Sicily-Tunisia
11.46338133	37.2602624	-8.6977097	Sicily-Tunisia
11.60718826	37.39560304	-13.6066021	Sicily-Tunisia
11.47607676	37.21371556	-3.3977491	Sicily-Tunisia
11.83225576	37.4222341	-7.4718975	Sicily-Tunisia
11.56099882	37.36247792	-13.0276578	Sicily-Tunisia
11.54170671	37.24727943	-3.0000006	Sicily-Tunisia
11.7831577	37.41724706	-8.8988176	Sicily-Tunisia
11.78878303	37.39655629	-6.3797493	Sicily-Tunisia
12.0821875	37.63768987	-10.3815338	Sicily-Tunisia
11.72001325	37.37334234	-6.580833	Sicily-Tunisia
11.07517527	37.13208918	-13.6066016	Sicily-Tunisia
11.87882497	37.4080332	-3.9148761	Sicily-Tunisia
11.84302875	37.46762328	-11.7313783	Sicily-Tunisia
11.3147049	37.2430021	-13.6067594	Sicily-Tunisia
11.4136997	37.2110421	-5.8383702	Sicily-Tunisia
12.01901951	37.53989724	-7.8746168	Sicily-Tunisia
11.12619249	37.10943546	-8.7028439	Sicily-Tunisia
12.02320752	37.60913296	-12.8569229	Sicily-Tunisia
11.21363772	37.10590169	-3.8750914	Sicily-Tunisia
11.69755294	37.33283935	-3.0000006	Sicily-Tunisia
11.50564465	37.32621518	-12.6674771	Sicily-Tunisia
12.11688898	37.6091944	-5.4295762	Sicily-Tunisia
11.6548672	37.364869	-8.2690504	Sicily-Tunisia
11.24011423	37.18598451	-10.6367533	Sicily-Tunisia
11.20084394	37.15339964	-9.3415875	Sicily-Tunisia
11.1712037	37.15090159	-10.6041925	Sicily-Tunisia
11.60970772	37.39269017	-13.1824044	Sicily-Tunisia
11.29218614	37.1636716	-5.9698482	Sicily-Tunisia
11.80058154	37.46224172	-13.1823375	Sicily-Tunisia
12.0214621	37.61708058	-13.6065162	Sicily-Tunisia
11.46414872	37.21938683	-4.5305011	Sicily-Tunisia
11.84699967	37.45239768	-10.0186749	Sicily-Tunisia
11.59469848	37.34006687	-8.9510217	Sicily-Tunisia
11.73757922	37.44023337	-13.283984	Sicily-Tunisia
11.4335619	37.27052322	-11.3792149	Sicily-Tunisia
11.69051976	37.38037044	-8.5484404	Sicily-Tunisia
11.76407666	37.38629755	-6.2400113	Sicily-Tunisia
12.10585684	37.56643754	-2.9999986	Sicily-Tunisia
12.09836519	37.63429	-8.8369464	Sicily-Tunisia
11.91437867	37.49027801	-10.0443073	Sicily-Tunisia
11.32440402	37.24686542	-13.6069132	Sicily-Tunisia
11.5801746	37.27733521	-3.7192838	Sicily-Tunisia
12.06679042	37.57369395	-6.6579202	Sicily-Tunisia
11.77439854	37.44140338	-11.9286046	Sicily-Tunisia
11.61820627	37.30945759	-4.6614249	Sicily-Tunisia
11.48332744	37.21296689	-3.0000006	Sicily-Tunisia
11.52445437	37.31870017	-10.8748951	Sicily-Tunisia
11.89552313	37.41187011	-3.3734371	Sicily-Tunisia
12.01104053	37.60625643	-13.6066012	Sicily-Tunisia
12.07811555	37.67523839	-13.6065997	Sicily-Tunisia
11.85374729	37.49272271	-13.6066007	Sicily-Tunisia
11.67200136	37.3235331	-3.0000006	Sicily-Tunisia
12.03046774	37.61692335	-12.8760743	Sicily-Tunisia
11.94787475	37.4718231	-6.4084941	Sicily-Tunisia
11.48681455	37.31938795	-13.0762721	Sicily-Tunisia
11.89437383	37.50118278	-12.2053529	Sicily-Tunisia
11.95486918	37.51691395	-10.4953319	Sicily-Tunisia
11.53458673	37.35294922	-13.6066026	Sicily-Tunisia
11.23982791	37.18923315	-10.990307	Sicily-Tunisia
11.94259511	37.51135887	-10.6080274	Sicily-Tunisia
11.41456985	37.26082726	-11.1648739	Sicily-Tunisia
11.63363857	37.36502084	-9.151829	Sicily-Tunisia
12.01983307	37.47722874	-3.0000006	Sicily-Tunisia
12.10444675	37.68849639	-12.545942	Sicily-Tunisia
12.13224568	37.64873078	-7.2691567	Sicily-Tunisia
11.80990585	37.39502489	-5.3583116	Sicily-Tunisia
11.90347828	37.50334463	-11.9271846	Sicily-Tunisia
11.57259814	37.28731912	-5.113086	Sicily-Tunisia
11.40938268	37.28137613	-13.606606	Sicily-Tunisia
11.57738433	37.32581705	-8.5576934	Sicily-Tunisia
11.52908518	37.33115244	-11.8145741	Sicily-Tunisia
11.82315139	37.47559476	-13.6066192	Sicily-Tunisia
11.83237569	37.41322882	-6.4692429	Sicily-Tunisia
12.03644057	37.57062111	-8.8435703	Sicily-Tunisia
11.54781838	37.27171043	-5.0119373	Sicily-Tunisia
11.93557359	37.47879416	-7.7630444	Sicily-Tunisia
11.38656294	37.27211419	-13.6066021	Sicily-Tunisia
11.38988675	37.20879917	-6.6388328	Sicily-Tunisia
11.96310964	37.52796623	-11.144983	Sicily-Tunisia
11.62504758	37.37785804	-10.9107574	Sicily-Tunisia
11.66763265	37.32568648	-3.4242642	Sicily-Tunisia
11.64700271	37.30917359	-3.0000006	Sicily-Tunisia
11.1911813	37.18799213	-13.3414366	Sicily-Tunisia
11.46011672	37.28155575	-10.9383792	Sicily-Tunisia
11.9782873	37.45398503	-3.0000011	Sicily-Tunisia
11.63590645	37.40614693	-13.606587	Sicily-Tunisia
11.25513642	37.12255894	-3.440838	Sicily-Tunisia
11.83292684	37.39087412	-3.970338	Sicily-Tunisia
11.13557956	37.0629276	-3.5115484	Sicily-Tunisia
11.38742472	37.26416031	-12.7116695	Sicily-Tunisia
11.96592953	37.5368651	-11.874222	Sicily-Tunisia
11.85424056	37.43425873	-7.8401308	Sicily-Tunisia
12.00424002	37.47258814	-3.4402955	Sicily-Tunisia
12.03696633	37.50921487	-4.0871768	Sicily-Tunisia
11.443799	37.22802186	-6.3510234	Sicily-Tunisia
12.00354259	37.52834785	-8.2232011	Sicily-Tunisia
11.55927513	37.25760302	-2.9999971	Sicily-Tunisia
11.38603195	37.17344948	-3.0001344	Sicily-Tunisia
11.89486811	37.45993535	-8.1276278	Sicily-Tunisia
11.91387959	37.4808064	-9.1338389	Sicily-Tunisia
11.47449919	37.30049246	-11.9504249	Sicily-Tunisia
11.42759318	37.29007401	-13.6066749	Sicily-Tunisia
11.13501082	37.16227196	-13.6066026	Sicily-Tunisia
12.06730822	37.52659297	-3.0000001	Sicily-Tunisia
11.52034815	37.24053956	-3.5612657	Sicily-Tunisia
11.66669305	37.3814254	-9.6260878	Sicily-Tunisia
11.75302697	37.44159924	-12.812211	Sicily-Tunisia
11.50062412	37.27912283	-8.404948	Sicily-Tunisia
11.65859125	37.32098195	-3.4828219	Sicily-Tunisia
11.69445483	37.36875383	-7.1028767	Sicily-Tunisia
11.99646477	37.46390093	-2.9999976	Sicily-Tunisia
11.60603044	37.35836829	-10.0754871	Sicily-Tunisia
12.0934391	37.66121812	-11.3087813	Sicily-Tunisia
12.01421266	37.47357952	-3.0000006	Sicily-Tunisia
11.32615333	37.15299384	-3.3535533	Sicily-Tunisia
11.52151014	37.33819992	-12.9250089	Sicily-Tunisia
11.69116514	37.41842176	-12.7385992	Sicily-Tunisia
11.97017004	37.51681638	-9.6595134	Sicily-Tunisia
11.58003749	37.3796581	-13.6066021	Sicily-Tunisia
11.65373259	37.34177425	-5.7665553	Sicily-Tunisia
11.45756479	37.3008634	-12.9471436	Sicily-Tunisia
11.33070735	37.21645207	-10.0396283	Sicily-Tunisia
11.68096395	37.3438478	-4.8881959	Sicily-Tunisia
12.09295849	37.65014572	-10.4909134	Sicily-Tunisia
11.97437928	37.49999446	-7.7663411	Sicily-Tunisia
11.25155096	37.14374997	-5.7715736	Sicily-Tunisia
12.12241986	37.66770012	-9.51422	Sicily-Tunisia
12.10836789	37.6510523	-9.3402063	Sicily-Tunisia
12.00699721	37.53943185	-8.7982748	Sicily-Tunisia
11.96895225	37.45619661	-3.7231451	Sicily-Tunisia
11.9191823	37.52887085	-13.6066021	Sicily-Tunisia
11.60387384	37.28382176	-3.0000001	Sicily-Tunisia
11.51383287	37.23089375	-3.0000001	Sicily-Tunisia
11.59055465	37.29175639	-4.5219298	Sicily-Tunisia
11.55638796	37.33589995	-10.7229229	Sicily-Tunisia
11.56313792	37.26585652	-3.5779044	Sicily-Tunisia
12.00550843	37.48309348	-4.4120069	Sicily-Tunisia
11.24001912	37.11306659	-3.2519068	Sicily-Tunisia
11.87553967	37.40336161	-3.6363985	Sicily-Tunisia
11.31089186	37.20362356	-9.4987534	Sicily-Tunisia
11.90777318	37.43214415	-4.690149	Sicily-Tunisia
11.66107652	37.33327612	-4.5290548	Sicily-Tunisia
11.80653804	37.46823568	-13.6066016	Sicily-Tunisia
11.6948807	37.42760545	-13.6066016	Sicily-Tunisia
11.41207233	37.19174556	-3.8308487	Sicily-Tunisia
11.25602452	37.19992969	-11.4543458	Sicily-Tunisia
11.58746751	37.27417218	-3.0000684	Sicily-Tunisia
11.49944502	37.297669	-10.262484	Sicily-Tunisia
11.82491955	37.46963456	-12.9244239	Sicily-Tunisia
11.32544116	37.17764701	-6.0571319	Sicily-Tunisia
11.22780004	37.19308394	-11.9857801	Sicily-Tunisia
11.19276284	37.10821347	-5.1766346	Sicily-Tunisia
11.63343272	37.30603944	-3.4673536	Sicily-Tunisia
11.47335608	37.2245051	-4.6793966	Sicily-Tunisia
11.8055881	37.45253501	-11.9047117	Sicily-Tunisia
11.14042455	37.16063555	-13.16415	Sicily-Tunisia
11.08280125	37.13255737	-13.2640963	Sicily-Tunisia
11.22427012	37.20719762	-13.6066021	Sicily-Tunisia
11.18092454	37.1404709	-9.0502283	Sicily-Tunisia
11.43028062	37.28521498	-12.9852818	Sicily-Tunisia
11.44645012	37.20430847	-3.6800377	Sicily-Tunisia
11.11240703	37.12586268	-11.0720655	Sicily-Tunisia
11.96198088	37.54622793	-12.9130045	Sicily-Tunisia
11.88931043	37.4196088	-4.4744115	Sicily-Tunisia
12.14607	37.61390668	-3.4817164	Sicily-Tunisia
11.19598844	37.11861924	-6.066047	Sicily-Tunisia
11.97834299	37.52529783	-10.0003582	Sicily-Tunisia
11.56383356	37.37013837	-13.6066021	Sicily-Tunisia
11.64278895	37.39102858	-11.6540467	Sicily-Tunisia
11.20826493	37.19922238	-13.6066949	Sicily-Tunisia
11.23771222	37.17247589	-9.3901972	Sicily-Tunisia
11.65599893	37.41346014	-13.6066021	Sicily-Tunisia
11.7735105	37.36048053	-3.0000269	Sicily-Tunisia
11.90525161	37.46621884	-8.1740394	Sicily-Tunisia
11.96307784	37.44568622	-2.999962	Sicily-Tunisia
11.9732638	37.52837039	-10.6367054	Sicily-Tunisia
11.31237498	37.23843579	-13.2110523	Sicily-Tunisia
11.96650154	37.55997234	-13.6066012	Sicily-Tunisia
11.2764576	37.14069724	-4.1885294	Sicily-Tunisia
12.05529772	37.51410978	-3.0000015	Sicily-Tunisia
11.98475189	37.54253766	-10.8118067	Sicily-Tunisia
11.93426455	37.52951176	-12.8555762	Sicily-Tunisia
11.86202066	37.41180677	-5.1169012	Sicily-Tunisia
11.2279205	37.20006612	-12.6872916	Sicily-Tunisia
11.18975871	37.17809601	-12.411149	Sicily-Tunisia
11.98889636	37.57271672	-12.7978482	Sicily-Tunisia
11.85954035	37.4706803	-11.123994	Sicily-Tunisia
11.12221789	37.09104819	-7.0432149	Sicily-Tunisia
11.74558959	37.38818477	-7.194717	Sicily-Tunisia
12.14487262	37.63394542	-5.1257403	Sicily-Tunisia
11.53924906	37.32538735	-10.6809788	Sicily-Tunisia
11.3170052	37.15704438	-4.1855084	Sicily-Tunisia
11.13319193	37.13370924	-10.804692	Sicily-Tunisia
11.78694162	37.36537209	-3.000005	Sicily-Tunisia
12.08505247	37.67779826	-13.2549815	Sicily-Tunisia
11.24518833	37.18304191	-10.0887448	Sicily-Tunisia
12.01902968	37.58316035	-11.1955323	Sicily-Tunisia
11.20484106	37.19007975	-12.8547481	Sicily-Tunisia
11.57897095	37.30671973	-6.6239222	Sicily-Tunisia
11.33745868	37.1948546	-7.4072426	Sicily-Tunisia
11.39428087	37.22576729	-8.2745743	Sicily-Tunisia
11.82416334	37.45466854	-11.3924747	Sicily-Tunisia
11.11245118	37.14692751	-13.2044337	Sicily-Tunisia
11.23206186	37.18287261	-10.7329088	Sicily-Tunisia
11.57228255	37.34777715	-10.967658	Sicily-Tunisia
11.8308311	37.44203262	-9.7233156	Sicily-Tunisia
11.89372023	37.51498229	-13.6065782	Sicily-Tunisia
11.30054583	37.23740111	-13.6066021	Sicily-Tunisia
11.95133912	37.54640279	-13.6066016	Sicily-Tunisia
11.99085885	37.49842509	-6.7211491	Sicily-Tunisia
11.88787104	37.43480921	-6.0455321	Sicily-Tunisia
11.73578139	37.42559905	-11.7351312	Sicily-Tunisia
11.25335698	37.17068781	-8.4093564	Sicily-Tunisia
11.44536914	37.30052566	-13.6065943	Sicily-Tunisia
12.00275737	37.51753031	-7.4555799	Sicily-Tunisia
12.09639517	37.57613008	-4.4987337	Sicily-Tunisia
11.43541768	37.21195527	-4.9865277	Sicily-Tunisia
11.93097625	37.42791516	-3.0000167	Sicily-Tunisia
12.04071071	37.62904986	-13.0005865	Sicily-Tunisia
11.47633286	37.26593732	-8.5104551	Sicily-Tunisia
11.12389931	37.10057246	-7.9221259	Sicily-Tunisia
11.8687266	37.50110477	-13.6066168	Sicily-Tunisia
11.69186159	37.33601445	-3.5811544	Sicily-Tunisia
11.87312941	37.39674134	-3.0000006	Sicily-Tunisia
11.17287786	37.18137526	-13.6065982	Sicily-Tunisia
11.31972156	37.1935616	-8.0284684	Sicily-Tunisia
11.89108099	37.50986159	-13.2415889	Sicily-Tunisia
11.19291764	37.13577222	-7.9608251	Sicily-Tunisia
11.86859633	37.43625153	-7.2465008	Sicily-Tunisia
11.78223503	37.45536881	-13.1602413	Sicily-Tunisia
11.85976566	37.42163548	-6.296887	Sicily-Tunisia
11.29963363	37.1439763	-3.5148629	Sicily-Tunisia
11.44049334	37.26251108	-10.2124998	Sicily-Tunisia
11.77845305	37.40537213	-7.7729714	Sicily-Tunisia
11.58561656	37.30015507	-5.6129801	Sicily-Tunisia
12.07749067	37.53717336	-3.0000035	Sicily-Tunisia
11.96436583	37.55475753	-13.3767921	Sicily-Tunisia
11.26781683	37.16872231	-7.5641577	Sicily-Tunisia
11.75005156	37.44768522	-13.6066021	Sicily-Tunisia
11.15106381	37.06569357	-3.0000006	Sicily-Tunisia
11.23826725	37.12352357	-4.4009554	Sicily-Tunisia
11.35612181	37.16779457	-3.6717564	Sicily-Tunisia
11.9121399	37.51304657	-12.4199888	Sicily-Tunisia
11.18251964	37.08156652	-2.9999996	Sicily-Tunisia
11.14555162	37.11785682	-8.5665321	Sicily-Tunisia
11.39270481	37.18298219	-3.7345719	Sicily-Tunisia
11.74286629	37.3775967	-6.1311939	Sicily-Tunisia
11.16452845	37.07248899	-3.0000006	Sicily-Tunisia
11.43493118	37.23840227	-7.8574924	Sicily-Tunisia
11.16122217	37.12026276	-8.0094075	Sicily-Tunisia
11.4868485	37.296375	-10.8521993	Sicily-Tunisia
11.18988018	37.18995197	-13.6066016	Sicily-Tunisia
11.40200866	37.20144199	-5.3157745	Sicily-Tunisia
12.03238775	37.54768454	-7.4057435	Sicily-Tunisia
12.00466894	37.57605956	-11.7960216	Sicily-Tunisia
11.62665952	37.3730921	-10.3273941	Sicily-Tunisia
11.87048553	37.49675614	-13.0829127	Sicily-Tunisia
11.43438321	37.19806471	-3.5353013	Sicily-Tunisia
11.83596739	37.44919152	-10.3097067	Sicily-Tunisia
12.07108979	37.55641306	-4.9881854	Sicily-Tunisia
11.12506784	37.08011295	-5.7897569	Sicily-Tunisia
11.75310923	37.41685377	-10.0671998	Sicily-Tunisia
11.26202599	37.16067009	-6.9509592	Sicily-Tunisia
11.88772703	37.44587693	-7.13989	Sicily-Tunisia
11.90112072	37.44240149	-6.0626563	Sicily-Tunisia
12.0808419	37.64966158	-11.4134654	Sicily-Tunisia
11.61716063	37.38407524	-11.9272149	Sicily-Tunisia
11.23287476	37.15116069	-7.4771395	Sicily-Tunisia
11.23433313	37.19266106	-11.6090247	Sicily-Tunisia
12.05501634	37.65156232	-13.6066036	Sicily-Tunisia
12.11805293	37.63484284	-7.3198418	Sicily-Tunisia
11.93098316	37.50167802	-10.2765728	Sicily-Tunisia
11.70637041	37.41325576	-11.5532303	Sicily-Tunisia
12.05780661	37.62088655	-11.0150521	Sicily-Tunisia
12.11562101	37.59696472	-4.5849134	Sicily-Tunisia
12.12356346	37.65731543	-8.6206698	Sicily-Tunisia
11.66745661	37.34812156	-5.9063192	Sicily-Tunisia
11.46362019	37.20863888	-3.3955387	Sicily-Tunisia
11.98669593	37.51813696	-8.7847924	Sicily-Tunisia
11.84846442	37.40054893	-4.4158709	Sicily-Tunisia
11.28462358	37.13308368	-2.999815	Sicily-Tunisia
11.95787543	37.44684313	-3.3955079	Sicily-Tunisia
12.05614558	37.64670134	-13.1414561	Sicily-Tunisia
11.88231244	37.5087119	-13.6058184	Sicily-Tunisia
12.11456045	37.67679528	-10.8400462	Sicily-Tunisia
11.59344139	37.36485164	-11.4159517	Sicily-Tunisia
11.80019632	37.40384265	-6.7266737	Sicily-Tunisia
11.60903997	37.39636395	-13.6066021	Sicily-Tunisia
12.00085812	37.59567933	-13.6066016	Sicily-Tunisia
11.48338734	37.2209581	-3.7693883	Sicily-Tunisia
11.97747502	37.57138029	-13.6066016	Sicily-Tunisia
11.87733441	37.42575728	-5.7361644	Sicily-Tunisia
11.72442084	37.4173028	-11.2743162	Sicily-Tunisia
11.15986184	37.07412588	-3.4043775	Sicily-Tunisia
11.99284333	37.48623257	-5.4066502	Sicily-Tunisia
11.41775323	37.23553245	-8.2997101	Sicily-Tunisia
11.85057219	37.41888044	-6.3620709	Sicily-Tunisia
12.02492379	37.51227528	-5.2831866	Sicily-Tunisia
11.39069995	37.25232618	-11.2930362	Sicily-Tunisia
12.07413264	37.62888448	-10.3392721	Sicily-Tunisia
11.78906479	37.38669716	-5.276276	Sicily-Tunisia
11.8038201	37.37151888	-3.0000001	Sicily-Tunisia
11.21082869	37.13666615	-7.1354686	Sicily-Tunisia
12.13122142	37.65751254	-8.0292971	Sicily-Tunisia
12.03711907	37.52299712	-5.1329205	Sicily-Tunisia
11.36622357	37.20624527	-7.3995427	Sicily-Tunisia
12.01719782	37.49963629	-4.929734	Sicily-Tunisia
11.52603361	37.23806695	-3.0000011	Sicily-Tunisia
11.95107233	37.53785255	-12.7740899	Sicily-Tunisia
11.38031902	37.17651336	-3.5792506	Sicily-Tunisia
11.64003985	37.35761654	-8.0734912	Sicily-Tunisia
12.15389786	37.61569768	-2.9999996	Sicily-Tunisia
