10.381881	45.436	-2	Sirmione
10.37953379	45.43883623	-2.2975424	Sirmione
10.56624018	45.60837979	-13.2288794	Sirmione
10.57497003	45.52323703	-7.4561458	Sirmione
10.60093056	45.59405693	-10.4514628	Sirmione
10.31286915	45.5371382	-12.7711377	Sirmione
10.38206522	45.49970003	-9.0585754	Sirmione
10.6836535	45.61399733	-6.588054	Sirmione
10.32002209	45.52647818	-11.6338435	Sirmione
10.50190751	45.52879979	-10.3571882	Sirmione
10.63033902	45.6611967	-12.3588906	Sirmione
10.6752481	45.64312507	-8.8398989	Sirmione
10.3446419	45.52951323	-12.234749	Sirmione
10.68790843	45.6076963	-5.9756014	Sirmione
10.54840753	45.49757918	-6.6638934	Sirmione
10.3158912	45.53302405	-12.3349057	Sirmione
10.34584042	45.51594222	-10.7051396	Sirmione
10.6463823	45.65355392	-10.9764675	Sirmione
10.67450009	45.55243086	-3.703029	Sirmione
10.37455628	45.44485006	-2.9284765	Sirmione
10.56852872	45.58778714	-11.8717749	Sirmione
10.3713603	45.44871094	-3.3335644	Sirmione
10.41919454	45.4345987	-2.23052	Sirmione
10.40150303	45.45436412	-4.2900942	Sirmione
10.66660815	45.51253999	-2.0001753	Sirmione
10.56468527	45.53566856	-8.7610324	Sirmione
10.65037234	45.60365563	-7.9722672	Sirmione
10.36779645	45.45301576	-3.7852563	Sirmione
10.43806547	45.45121225	-3.9133032	Sirmione
10.6820978	45.54748789	-2.9707163	Sirmione
10.47917819	45.45258823	-3.7765183	Sirmione
10.423704	45.43405141	-2.2150854	Sirmione
10.64155006	45.53516239	-4.7375144	Sirmione
10.59588361	45.54339367	-7.7214137	Sirmione
10.66493305	45.55352365	-4.3445112	Sirmione
10.64304756	45.65757886	-11.3994902	Sirmione
10.33436407	45.53790329	-13.0818295	Sirmione
10.57787605	45.49286386	-5.1546701	Sirmione
10.56108071	45.48074734	-4.9288249	Sirmione
10.65458288	45.52727238	-3.5369599	Sirmione
10.60400325	45.63413477	-12.4586113	Sirmione
10.36428895	45.45725202	-4.2297785	Sirmione
10.53445357	45.52196712	-8.9765717	Sirmione
10.66888244	45.56747903	-4.8677153	Sirmione
10.64054123	45.67803237	-12.8063144	Sirmione
10.36086614	45.46138553	-4.6635451	Sirmione
10.60908046	45.57860223	-9.1087745	Sirmione
10.5513518	45.55028158	-10.349122	Sirmione
10.31941354	45.54114254	-13.2944145	Sirmione
10.61586635	45.57228674	-8.3524505	Sirmione
10.55385134	45.54162033	-9.6249818	Sirmione
10.35778264	45.46510892	-5.0542941	Sirmione
10.3270554	45.53917686	-13.1504506	Sirmione
10.52338564	45.53807107	-10.5774323	Sirmione
10.52790598	45.56838591	-12.585622	Sirmione
10.51579391	45.49898585	-7.4419462	Sirmione
10.6637766	45.65697542	-10.2953493	Sirmione
10.66696312	45.60682083	-7.1485228	Sirmione
10.65627762	45.52153738	-3.1184902	Sirmione
10.55008962	45.59368499	-13.2073696	Sirmione
10.42262395	45.50765811	-9.7146031	Sirmione
10.57744504	45.62099203	-13.3525083	Sirmione
10.35418975	45.46944695	-5.5095712	Sirmione
10.55542875	45.51065353	-7.3283234	Sirmione
10.45882473	45.46685617	-5.3975351	Sirmione
10.35430907	45.5245704	-11.6956284	Sirmione
10.49732176	45.55779625	-13.0162519	Sirmione
10.42271222	45.50145088	-9.091737	Sirmione
10.57498884	45.46542467	-3.2905463	Sirmione
10.35025713	45.47419455	-6.0078652	Sirmione
10.6056498	45.48462985	-3.4590346	Sirmione
10.64108189	45.68436139	-13.1739863	Sirmione
10.59373301	45.49405558	-4.6115329	Sirmione
10.53464647	45.51421472	-8.4097165	Sirmione
10.45881109	45.53638645	-11.8617065	Sirmione
10.38516101	45.4806195	-7.1012414	Sirmione
10.54964254	45.57333285	-11.921417	Sirmione
10.45515497	45.55348368	-13.4716088	Sirmione
10.47202438	45.46323179	-4.869111	Sirmione
10.59496933	45.58693317	-10.3774643	Sirmione
10.34683357	45.47832712	-6.4416323	Sirmione
10.41235723	45.44070152	-2.8520175	Sirmione
10.34239119	45.48368887	-7.0044542	Sirmione
10.47946942	45.44160671	-2.7521406	Sirmione
10.41692873	45.51121894	-10.1089367	Sirmione
10.69837653	45.54783644	-1.9999941	Sirmione
10.49018417	45.44134268	-2.5722319	Sirmione
10.33765033	45.53794342	-13.1202065	Sirmione
10.57355259	45.55002501	-9.2467799	Sirmione
10.61780373	45.51192769	-4.6208625	Sirmione
10.68268212	45.59772676	-5.7033419	Sirmione
10.45346201	45.4766149	-6.3819157	Sirmione
10.36373901	45.47486706	-6.2247492	Sirmione
10.60334158	45.53437766	-6.7750114	Sirmione
10.5706959	45.47061955	-3.8354445	Sirmione
10.4370138	45.45626919	-4.4326587	Sirmione
10.41458309	45.48108974	-7.0438879	Sirmione
10.33865594	45.48819653	-7.4776552	Sirmione
10.42842256	45.46999454	-5.862903	Sirmione
10.52728583	45.45387977	-3.2000278	Sirmione
10.62947048	45.67956403	-13.4715278	Sirmione
10.54740593	45.44825091	-2.3245224	Sirmione
10.63575647	45.64161661	-10.9473527	Sirmione
10.51721883	45.53942832	-10.9200097	Sirmione
10.59620629	45.49030248	-4.2427734	Sirmione
10.54687981	45.46838861	-4.1168552	Sirmione
10.68194745	45.5746167	-4.4640417	Sirmione
10.37180835	45.49673889	-8.793294	Sirmione
10.37583333	45.47363378	-6.2107406	Sirmione
10.33486387	45.4927722	-7.9580253	Sirmione
10.39959476	45.51880226	-10.9446555	Sirmione
10.69143835	45.58346037	-4.3874282	Sirmione
10.65407398	45.5572385	-5.2075498	Sirmione
10.64197966	45.48977797	-2.0001855	Sirmione
10.51826189	45.46957256	-4.7890283	Sirmione
10.33078857	45.49768903	-8.4742437	Sirmione
10.57006837	45.47810149	-4.3998347	Sirmione
10.62510583	45.64866466	-11.9757431	Sirmione
10.67110013	45.62115822	-7.6971165	Sirmione
10.511716	45.43853936	-2	Sirmione
10.65480338	45.59772518	-7.378412	Sirmione
10.7104737	45.57611562	-2.8424394	Sirmione
10.56128594	45.607916	-13.4715283	Sirmione
10.38195399	45.51220122	-10.3343344	Sirmione
10.48145266	45.50740527	-8.838776	Sirmione
10.58977782	45.5038327	-5.473739	Sirmione
10.52321621	45.53253993	-10.1851147	Sirmione
10.5559232	45.59166508	-12.7903847	Sirmione
10.46625108	45.53242092	-11.385154	Sirmione
10.32617524	45.50325421	-9.0585749	Sirmione
10.55830849	45.45970976	-3.1220581	Sirmione
10.55579255	45.59407384	-12.9433422	Sirmione
10.363485	45.48130655	-6.9535946	Sirmione
10.68835207	45.59093264	-4.9869384	Sirmione
10.32142006	45.50898965	-9.6608302	Sirmione
10.517417	45.57228383	-13.2829878	Sirmione
10.5436172	45.47816865	-5.0471247	Sirmione
10.4759265	45.53414055	-11.3459065	Sirmione
10.37212379	45.49028788	-8.0640508	Sirmione
10.44758432	45.50517737	-9.1222063	Sirmione
10.63711837	45.54075931	-5.3141984	Sirmione
10.60126783	45.49143142	-4.1186469	Sirmione
10.37141616	45.50501508	-9.6389854	Sirmione
10.4302205	45.45071896	-3.8910097	Sirmione
10.60851922	45.54135143	-6.9109138	Sirmione
10.31643806	45.51499773	-10.2917644	Sirmione
10.56867394	45.46598383	-3.4715815	Sirmione
10.42480288	45.43836484	-2.6508745	Sirmione
10.54318222	45.49629153	-6.6598603	Sirmione
10.33805039	45.54001235	-13.3299267	Sirmione
10.3541394	45.53839702	-13.1072182	Sirmione
10.65160354	45.54452319	-4.6616853	Sirmione
10.67686764	45.58809723	-5.5163452	Sirmione
10.44165575	45.48467296	-7.3020054	Sirmione
10.62128141	45.51491333	-4.6331926	Sirmione
10.62863391	45.48398272	-2.2928418	Sirmione
10.4897772	45.49806091	-7.8494712	Sirmione
10.67938292	45.58232172	-5.0453427	Sirmione
10.61059967	45.65716297	-13.3176225	Sirmione
10.31093194	45.52163677	-10.9890183	Sirmione
10.3932855	45.47581032	-6.5816656	Sirmione
10.5663102	45.61249839	-13.4715283	Sirmione
10.53721749	45.454844	-3.1103056	Sirmione
10.44502764	45.51968041	-10.5077519	Sirmione
10.6648312	45.58436228	-6.0376792	Sirmione
10.46285438	45.46019526	-4.7202295	Sirmione
10.6391156	45.63710925	-10.4960861	Sirmione
10.30604823	45.52752436	-11.6074052	Sirmione
10.39889057	45.47149673	-6.121684	Sirmione
10.49234826	45.46438875	-4.6823657	Sirmione
10.6482655	45.53779544	-4.4963566	Sirmione
10.60374505	45.57044626	-8.9119882	Sirmione
10.57758383	45.48689368	-4.7356909	Sirmione
10.35996366	45.53013185	-12.2428203	Sirmione
10.43967555	45.48829681	-7.6678399	Sirmione
10.66219343	45.53318009	-3.397517	Sirmione
10.61301508	45.56794629	-8.2564087	Sirmione
10.30270727	45.53155154	-12.0304179	Sirmione
10.69037037	45.59761483	-5.2369423	Sirmione
10.55073663	45.56024602	-11.0266355	Sirmione
10.29894141	45.53609039	-12.5072031	Sirmione
10.57315805	45.47311796	-3.917896	Sirmione
10.65959437	45.66202368	-10.8259077	Sirmione
10.72457884	45.57831042	-2.2536279	Sirmione
10.57655475	45.46823793	-3.4312519	Sirmione
10.62331059	45.50612186	-3.9768208	Sirmione
10.5997839	45.5898324	-10.2881933	Sirmione
10.35299119	45.51944359	-11.1772087	Sirmione
10.59119911	45.5036121	-5.3966479	Sirmione
10.47130548	45.46845895	-5.3653911	Sirmione
10.64723426	45.52310326	-3.7058259	Sirmione
10.62319988	45.57174933	-7.8773385	Sirmione
10.54538076	45.4735464	-4.603051	Sirmione
10.53378741	45.51374893	-8.3917923	Sirmione
10.5778567	45.56517773	-10.0085688	Sirmione
10.64215507	45.58218846	-7.2973185	Sirmione
10.48062576	45.4986516	-8.036892	Sirmione
10.37941311	45.5363045	-12.8029541	Sirmione
10.55921801	45.59713668	-12.9393862	Sirmione
10.29415589	45.54185739	-13.1130434	Sirmione
10.29132407	45.5452696	-13.4715283	Sirmione
10.4712844	45.52634339	-10.7470485	Sirmione
10.47253341	45.52777941	-10.8501814	Sirmione
10.52574401	45.52497288	-9.5389453	Sirmione
10.50152688	45.56153755	-13.1378017	Sirmione
10.61544945	45.54518026	-6.7615804	Sirmione
10.61481059	45.66451005	-13.4715234	Sirmione
10.65429761	45.59268566	-7.1333966	Sirmione
10.63117496	45.57144858	-7.3764312	Sirmione
10.59251382	45.52225911	-6.5295736	Sirmione
10.59176247	45.5103393	-5.8009521	Sirmione
10.57142005	45.5689012	-10.5646611	Sirmione
10.68577662	45.56153618	-3.5154985	Sirmione
10.60357122	45.64870964	-13.2824262	Sirmione
10.59567019	45.51725396	-6.052676	Sirmione
10.68429502	45.62499718	-7.2420633	Sirmione
10.47296748	45.51916189	-10.0548276	Sirmione
10.54322553	45.50234012	-7.1944516	Sirmione
10.62990892	45.67205117	-12.9875566	Sirmione
10.55806974	45.44884366	-2.1653515	Sirmione
10.4067774	45.54558785	-13.4715317	Sirmione
10.59480031	45.49925598	-4.9395793	Sirmione
10.4839964	45.4342176	-2.0001748	Sirmione
10.41792554	45.49616028	-8.5691307	Sirmione
10.48416902	45.46782265	-5.1199441	Sirmione
10.50962202	45.51443564	-8.9322088	Sirmione
10.58905879	45.56542372	-9.4131691	Sirmione
10.56269401	45.53003162	-8.4380398	Sirmione
10.3648321	45.53985123	-13.2172285	Sirmione
10.66501183	45.6380929	-9.0521882	Sirmione
10.56366831	45.58231372	-11.8081211	Sirmione
10.5630698	45.60187293	-13.0125556	Sirmione
10.70981969	45.60135339	-4.4520393	Sirmione
10.60116936	45.51221834	-5.4584863	Sirmione
10.52026496	45.56570448	-12.6951845	Sirmione
10.54838491	45.58239163	-12.5654575	Sirmione
10.39989566	45.49901163	-8.924479	Sirmione
10.61469669	45.52064656	-5.3339255	Sirmione
10.35434072	45.54197374	-13.4715283	Sirmione
10.5440335	45.44382496	-2.0001489	Sirmione
10.65546994	45.61593851	-8.3421471	Sirmione
10.71549224	45.58854769	-3.3604516	Sirmione
10.46783914	45.43607111	-2.2635986	Sirmione
10.39731289	45.44773096	-3.4930337	Sirmione
10.64615677	45.59362432	-7.679637	Sirmione
10.66158385	45.57089806	-5.4984799	Sirmione
10.65994634	45.63717888	-9.2557705	Sirmione
10.70055938	45.5535647	-2.1814306	Sirmione
10.44979104	45.55228897	-13.4715283	Sirmione
10.42675124	45.50123228	-9.0549492	Sirmione
10.43128803	45.43419896	-2.2030483	Sirmione
10.48106709	45.51452833	-9.5066822	Sirmione
10.47465599	45.47242251	-5.6852282	Sirmione
10.57166974	45.61738592	-13.4715283	Sirmione
10.60281044	45.53698429	-6.9615055	Sirmione
10.44274668	45.47643198	-6.4682951	Sirmione
10.52631442	45.55936475	-11.997706	Sirmione
10.6255666	45.67609065	-13.4713154	Sirmione
10.38126891	45.48933542	-8.0041802	Sirmione
10.46591938	45.52865204	-11.0394296	Sirmione
10.46090762	45.53209481	-11.4321948	Sirmione
10.55667388	45.4860778	-5.4880615	Sirmione
10.58088397	45.47253431	-3.569269	Sirmione
10.60002368	45.54252376	-7.4451269	Sirmione
10.51112824	45.52400715	-9.7497794	Sirmione
10.44619134	45.44514324	-3.2655644	Sirmione
10.4146142	45.45399902	-4.281198	Sirmione
10.63076887	45.62537907	-10.3524919	Sirmione
10.64344931	45.50015684	-2.5401606	Sirmione
10.71354689	45.59684718	-3.9788386	Sirmione
10.66861992	45.59073877	-6.1563641	Sirmione
10.41561827	45.51696996	-10.6822304	Sirmione
10.39069652	45.4444633	-3.0529379	Sirmione
10.55587168	45.52525568	-8.364122	Sirmione
10.48855867	45.5054779	-8.5566996	Sirmione
10.42262586	45.52987938	-11.780822	Sirmione
10.41980208	45.49209555	-8.1477985	Sirmione
10.4764632	45.5399459	-11.8493833	Sirmione
10.45813873	45.43314644	-2.0000004	Sirmione
10.40665281	45.44633742	-3.4324082	Sirmione
10.68952105	45.55026697	-2.6713803	Sirmione
10.59451023	45.46057555	-2.1663593	Sirmione
10.54055498	45.53352159	-9.5680726	Sirmione
10.68792629	45.53621957	-1.9999961	Sirmione
10.55246121	45.4781011	-4.8656418	Sirmione
10.32862118	45.5328523	-12.4478266	Sirmione
10.65295831	45.64212542	-9.9465039	Sirmione
10.41803294	45.54734205	-13.4715283	Sirmione
10.69488146	45.6015448	-5.2326438	Sirmione
10.53517806	45.57131213	-12.5036181	Sirmione
10.51705717	45.47751618	-5.5167121	Sirmione
10.64569566	45.57688328	-6.791858	Sirmione
10.49895868	45.52301723	-9.9037055	Sirmione
10.53645069	45.52816529	-9.344467	Sirmione
10.64807148	45.51165486	-2.9754189	Sirmione
10.50571524	45.48474311	-6.3806914	Sirmione
10.4855101	45.48328891	-6.5380313	Sirmione
10.59462976	45.64223441	-13.4715488	Sirmione
10.40752664	45.51374787	-10.4005725	Sirmione
10.71167637	45.57923847	-2.9755258	Sirmione
10.35709456	45.51449341	-10.6574221	Sirmione
10.53023479	45.58258831	-13.4715283	Sirmione
10.62856824	45.61792577	-10.0784633	Sirmione
10.51537842	45.57377579	-13.4715283	Sirmione
10.65382985	45.66372502	-11.2287551	Sirmione
10.70191869	45.58646139	-3.9286521	Sirmione
10.50695995	45.45339139	-3.4488403	Sirmione
10.62584306	45.51918273	-4.6392131	Sirmione
10.55521633	45.48934542	-5.7999438	Sirmione
10.69934286	45.6140171	-5.7820195	Sirmione
10.64938925	45.53249614	-4.1382402	Sirmione
10.55817726	45.56287102	-10.8290444	Sirmione
10.58745719	45.4989848	-5.2160405	Sirmione
10.49221708	45.526655	-10.3596547	Sirmione
10.70119596	45.55921905	-2.4578652	Sirmione
10.67233825	45.60379801	-6.6592419	Sirmione
10.41547701	45.44399614	-3.2582817	Sirmione
10.61454316	45.63390191	-11.8051845	Sirmione
10.328426	45.50816615	-9.6401618	Sirmione
10.57937748	45.61447125	-12.876456	Sirmione
10.37828094	45.48517397	-7.5472671	Sirmione
10.55176779	45.46357029	-3.5934663	Sirmione
10.61324187	45.60382653	-10.238217	Sirmione
10.66465775	45.59515446	-6.6386904	Sirmione
10.58817024	45.55271567	-8.700107	Sirmione
10.52823409	45.52046018	-9.096216	Sirmione
10.40924307	45.52236831	-11.2740249	Sirmione
10.61073197	45.6601087	-13.4712807	Sirmione
10.37236457	45.54080212	-13.2872451	Sirmione
10.68283345	45.60554676	-6.1281939	Sirmione
10.43039176	45.4993897	-8.8335631	Sirmione
10.3218787	45.54247499	-13.471521	Sirmione
10.57479397	45.57809669	-10.9500087	Sirmione
10.43670603	45.44589591	-3.3761347	Sirmione
10.45779922	45.54621649	-12.7754804	Sirmione
10.45093513	45.47400823	-6.176483	Sirmione
10.63195473	45.56280597	-6.8559946	Sirmione
10.50855736	45.54573334	-11.7185356	Sirmione
10.33370642	45.51510259	-10.4833847	Sirmione
10.68515745	45.58558569	-4.8810957	Sirmione
10.49233748	45.47934297	-6.0723925	Sirmione
10.4427936	45.4397278	-2.7255966	Sirmione
10.63873565	45.68719148	-13.4715283	Sirmione
10.58539688	45.45989073	-2.4785781	Sirmione
10.68440867	45.56982861	-4.0519628	Sirmione
10.58477736	45.54281416	-8.2309222	Sirmione
10.55644779	45.54562251	-9.8060163	Sirmione
10.61626156	45.61966792	-10.9218545	Sirmione
10.56667199	45.56346588	-10.4491057	Sirmione
10.51210604	45.49181036	-6.8799714	Sirmione
10.56913926	45.5783806	-11.2759743	Sirmione
10.53737784	45.58805984	-13.4715283	Sirmione
10.68080933	45.53545124	-2.3907695	Sirmione
10.47730678	45.5190703	-9.9834465	Sirmione
10.41722995	45.46448748	-5.3413071	Sirmione
10.68109599	45.62940164	-7.681768	Sirmione
10.57041748	45.50178978	-6.0943501	Sirmione
10.59598935	45.57047515	-9.3370731	Sirmione
10.64810609	45.65716041	-11.1130861	Sirmione
10.49373062	45.56213126	-13.4715283	Sirmione
10.45378453	45.47001744	-5.7641103	Sirmione
10.60998463	45.54924979	-7.3033418	Sirmione
10.66011747	45.5202086	-2.8141621	Sirmione
10.59668682	45.50631926	-5.3003051	Sirmione
10.63550435	45.65422533	-11.6627624	Sirmione
10.63760425	45.62170021	-9.7357746	Sirmione
10.54550399	45.58941332	-13.1585258	Sirmione
10.40345354	45.50779073	-9.807361	Sirmione
10.52690742	45.4591154	-3.6920617	Sirmione
10.4468637	45.48100713	-6.8861348	Sirmione
10.65904901	45.55449977	-4.7554123	Sirmione
10.66669547	45.62511359	-8.1800793	Sirmione
10.46976324	45.51427758	-9.6470509	Sirmione
10.64787405	45.6192285	-8.9792111	Sirmione
10.40782507	45.50366531	-9.3708488	Sirmione
10.59041428	45.54066684	-7.8154749	Sirmione
10.6348234	45.66750381	-12.442727	Sirmione
10.61411097	45.6589815	-13.2061757	Sirmione
10.3036085	45.535972	-12.5422675	Sirmione
10.6583631	45.60157782	-7.3725546	Sirmione
10.59123206	45.46426719	-2.5625976	Sirmione
10.44244044	45.54127564	-12.553582	Sirmione
10.39223741	45.46760934	-5.6976423	Sirmione
10.61807662	45.51932305	-5.0719243	Sirmione
10.36201695	45.54224389	-13.4715283	Sirmione
10.66057538	45.51025914	-2.2092656	Sirmione
10.639682	45.64801964	-11.0682456	Sirmione
10.6551908	45.60630514	-7.82427	Sirmione
10.55193071	45.50186289	-6.8330539	Sirmione
10.69935022	45.57637183	-3.520561	Sirmione
10.62176791	45.52242117	-5.0554135	Sirmione
10.61689252	45.50098255	-3.9627072	Sirmione
10.72485375	45.57447503	-1.9999995	Sirmione
10.57660195	45.51817835	-7.0315086	Sirmione
10.63605937	45.67033321	-12.5558217	Sirmione
10.63957143	45.66177413	-11.8404404	Sirmione
10.61795612	45.47123402	-2	Sirmione
10.66185743	45.58904372	-6.4745655	Sirmione
10.5812144	45.61734073	-12.9236723	Sirmione
10.62293368	45.63129137	-11.1523584	Sirmione
10.56618539	45.51405491	-7.1469415	Sirmione
10.64741094	45.53226384	-4.2441237	Sirmione
10.3825912	45.50387389	-9.4824837	Sirmione
10.50010369	45.5559407	-12.7904062	Sirmione
10.61974033	45.55093148	-6.8713669	Sirmione
10.55424919	45.48364589	-5.3209184	Sirmione
10.43819826	45.4720954	-6.0422575	Sirmione
10.58108443	45.53669215	-8.0194158	Sirmione
10.49390753	45.56029302	-13.3056269	Sirmione
10.48131292	45.43673283	-2.272435	Sirmione
10.62129472	45.47379454	-2	Sirmione
10.33683028	45.53153243	-12.383372	Sirmione
10.49254439	45.50066192	-8.0512385	Sirmione
10.59991912	45.48484699	-3.7020205	Sirmione
10.56735366	45.52170239	-7.6522927	Sirmione
10.3817345	45.51921394	-11.0506328	Sirmione
10.70451958	45.58085091	-3.4598154	Sirmione
10.64575647	45.51684873	-3.4124316	Sirmione
10.42050269	45.51155292	-10.1077827	Sirmione
10.63541836	45.5494936	-5.9172491	Sirmione
10.49878475	45.56465477	-13.4715283	Sirmione
10.47673889	45.55155653	-12.8721879	Sirmione
10.5627871	45.48018811	-4.8392031	Sirmione
10.39021347	45.45018681	-3.69782	Sirmione
10.4458689	45.43511324	-2.2442172	Sirmione
10.68211766	45.62027189	-7.0589582	Sirmione
10.60214879	45.52924895	-6.5042542	Sirmione
10.35950721	45.53474287	-12.7150127	Sirmione
10.54855126	45.54789307	-10.2878474	Sirmione
10.62543889	45.56315108	-7.2710048	Sirmione
10.66508597	45.51087765	-2	Sirmione
10.44535777	45.47875749	-6.696156	Sirmione
10.63755453	45.50425768	-3.1072329	Sirmione
10.55303799	45.47087851	-4.2149909	Sirmione
10.70788011	45.57671177	-3.028955	Sirmione
10.41851839	45.52046671	-10.9650109	Sirmione
10.61259233	45.57732247	-8.8270551	Sirmione
10.58638308	45.50943693	-6.0078652	Sirmione
10.66884599	45.62643083	-8.1265381	Sirmione
10.3769857	45.4904897	-8.1372557	Sirmione
10.58418469	45.51059698	-6.1835224	Sirmione
10.49507959	45.4580407	-4.0528884	Sirmione
10.6519857	45.52673007	-3.663375	Sirmione
10.66835157	45.5484643	-3.8599062	Sirmione
10.62783578	45.52882972	-5.1073979	Sirmione
10.3612885	45.51734649	-10.9334548	Sirmione
10.50005105	45.44091038	-2.3891811	Sirmione
10.63649125	45.61683822	-9.5373986	Sirmione
10.54899529	45.55567216	-10.8193291	Sirmione
10.62131357	45.56381955	-7.5565102	Sirmione
10.67825226	45.6150669	-6.9327399	Sirmione
10.36202357	45.46493477	-5.0787163	Sirmione
10.37212874	45.53502544	-12.6985449	Sirmione
10.67779136	45.53980949	-2.8126416	Sirmione
10.4531322	45.541033	-12.3761333	Sirmione
10.65938313	45.51777935	-2.7241386	Sirmione
10.51285879	45.56352897	-12.8319687	Sirmione
10.55937221	45.58750142	-12.3530566	Sirmione
10.60142715	45.46637491	-2.3100893	Sirmione
10.4363376	45.48965432	-7.8396581	Sirmione
10.40492739	45.5306989	-12.1140087	Sirmione
10.34697081	45.53967033	-13.2629355	Sirmione
10.67080269	45.55650922	-4.1509118	Sirmione
10.67550967	45.62209516	-7.5128301	Sirmione
10.52754468	45.58052747	-13.4715283	Sirmione
10.5927502	45.49900456	-5.0079604	Sirmione
10.48566474	45.54877245	-12.4483891	Sirmione
10.39074208	45.4599492	-4.8119782	Sirmione
10.68168207	45.56472237	-3.9387326	Sirmione
10.54309995	45.56730752	-11.8563315	Sirmione
10.60750181	45.53015331	-6.2973139	Sirmione
10.56089454	45.59111461	-12.4879331	Sirmione
10.5094507	45.5687234	-13.3420258	Sirmione
10.48482516	45.55643758	-13.1439511	Sirmione
10.57762659	45.52597449	-7.5011805	Sirmione
10.58415513	45.45282449	-2	Sirmione
10.35028385	45.4786744	-6.5170261	Sirmione
10.581714	45.57823499	-10.5805678	Sirmione
10.56389036	45.54883847	-9.6462108	Sirmione
10.39189966	45.54329375	-13.4715283	Sirmione
10.47029053	45.45230128	-3.8787951	Sirmione
10.53872817	45.44940175	-2.5987617	Sirmione
10.59375317	45.61116359	-11.8235971	Sirmione
10.41446351	45.50724603	-9.712422	Sirmione
10.58839681	45.55569891	-8.8677642	Sirmione
10.69558123	45.55830928	-2.7432128	Sirmione
10.50238296	45.55168583	-12.3745659	Sirmione
10.63503632	45.68414625	-13.4715278	Sirmione
10.53979131	45.56424462	-11.8153269	Sirmione
10.53239149	45.48002706	-5.4344023	Sirmione
10.53517257	45.56577938	-12.1092846	Sirmione
10.64484307	45.67254145	-12.2419248	Sirmione
10.55305507	45.58735942	-12.6548559	Sirmione
10.65972101	45.64470182	-9.7372314	Sirmione
10.63174351	45.51392743	-4.0028103	Sirmione
10.56609397	45.45931478	-2.932622	Sirmione
10.46291843	45.45348627	-4.0565876	Sirmione
10.65308152	45.50697361	-2.4219209	Sirmione
10.67429776	45.61984472	-7.4346357	Sirmione
10.57468462	45.62013499	-13.4715283	Sirmione
10.45420264	45.45502334	-4.2443413	Sirmione
10.634596	45.58361567	-7.8347264	Sirmione
10.36786245	45.4868518	-7.6291635	Sirmione
10.65712427	45.63809095	-9.4733662	Sirmione
10.39948648	45.46331789	-5.2855158	Sirmione
10.5112701	45.4736282	-5.2671438	Sirmione
10.53593689	45.4863268	-5.9216049	Sirmione
10.5907672	45.59499949	-11.0895102	Sirmione
10.59313042	45.60276366	-11.4017885	Sirmione
10.57455719	45.52973645	-7.893946	Sirmione
10.6751948	45.58332677	-5.3513769	Sirmione
10.53603188	45.44807572	-2.5341367	Sirmione
10.58747663	45.4899154	-4.5611535	Sirmione
10.55396521	45.44605408	-1.9999907	Sirmione
10.58351738	45.45510217	-2.2079204	Sirmione
10.40641084	45.4600557	-4.9280969	Sirmione
10.45892137	45.44522558	-3.2285971	Sirmione
10.37971687	45.49453525	-8.5401449	Sirmione
10.4384037	45.54597459	-13.0491323	Sirmione
10.31166125	45.52945949	-11.8857353	Sirmione
10.64700279	45.56204301	-5.9000931	Sirmione
10.59317082	45.59781876	-11.1270422	Sirmione
10.47257401	45.48105584	-6.5178105	Sirmione
10.66259304	45.60125118	-7.1004037	Sirmione
10.64442442	45.55213215	-5.5142509	Sirmione
10.4116034	45.44867754	-3.7494079	Sirmione
10.5899699	45.63706364	-13.4715341	Sirmione
10.63733969	45.48609793	-1.9999375	Sirmione
10.62790602	45.53557585	-5.5070444	Sirmione
10.57327077	45.60112148	-12.4108042	Sirmione
10.37925259	45.44730834	-3.2566025	Sirmione
10.64615911	45.60923433	-8.5336254	Sirmione
10.67117609	45.58502924	-5.6880358	Sirmione
10.54136829	45.54429081	-10.3128254	Sirmione
10.39635332	45.50959172	-10.0165151	Sirmione
10.57367569	45.52330372	-7.5171199	Sirmione
10.64347206	45.61773222	-9.1615521	Sirmione
10.39297629	45.54343632	-13.4715283	Sirmione
10.46378904	45.4564811	-4.358811	Sirmione
10.59856279	45.6412392	-13.17804	Sirmione
10.56911843	45.58274344	-11.5381267	Sirmione
10.55540332	45.55375642	-10.3799797	Sirmione
10.4697096	45.44246227	-2.9084804	Sirmione
10.5393668	45.51591344	-8.3449654	Sirmione
10.71772734	45.57460316	-2.3747309	Sirmione
10.55287681	45.5983258	-13.3570371	Sirmione
10.55926797	45.46520662	-3.5894336	Sirmione
10.34877285	45.52013955	-11.212778	Sirmione
10.65466172	45.50136102	-2.0000004	Sirmione
10.61585743	45.62819344	-11.4129267	Sirmione
10.56872807	45.57620392	-11.1664626	Sirmione
10.55505913	45.51951513	-7.9822232	Sirmione
10.71148104	45.57197603	-2.5505986	Sirmione
10.4778643	45.43383507	-2	Sirmione
10.41238226	45.52114966	-11.1177771	Sirmione
10.52176918	45.54339003	-11.0253149	Sirmione
10.62380782	45.54688281	-6.4071285	Sirmione
10.466035	45.44858366	-3.5456264	Sirmione
10.52650637	45.47380451	-5.0005227	Sirmione
10.51831383	45.55912113	-12.2974892	Sirmione
10.60681823	45.47356641	-2.6148017	Sirmione
10.70817942	45.5611129	-2.1451875	Sirmione
10.58845842	45.51452694	-6.2325908	Sirmione
10.62569031	45.63606359	-11.2460568	Sirmione
10.69306898	45.56576385	-3.3073276	Sirmione
10.39865295	45.52841949	-11.9293715	Sirmione
10.57892235	45.60806087	-12.517624	Sirmione
10.6292411	45.5058915	-3.6591521	Sirmione
10.55986928	45.53873531	-9.1783951	Sirmione
10.61923566	45.55902128	-7.3828801	Sirmione
10.58919274	45.6291396	-13.0848086	Sirmione
10.61924465	45.48437778	-2.7805166	Sirmione
10.42904242	45.4605123	-4.8937605	Sirmione
10.60512689	45.52420177	-6.0334069	Sirmione
10.33404528	45.52712019	-11.8527378	Sirmione
10.66189341	45.62085191	-8.2309219	Sirmione
10.3739089	45.51544961	-10.6946125	Sirmione
10.63578547	45.59740624	-8.5170462	Sirmione
10.6631718	45.52623358	-2.957892	Sirmione
10.59496316	45.59794663	-11.0267609	Sirmione
10.70517266	45.55525626	-2.0000781	Sirmione
10.4291671	45.43213273	-1.9999995	Sirmione
10.71238493	45.59319897	-3.810799	Sirmione
10.63269738	45.55005832	-6.1118271	Sirmione
10.6099798	45.52635108	-5.9325883	Sirmione
10.68979227	45.62044469	-6.6748717	Sirmione
10.48220905	45.51765593	-9.7617856	Sirmione
10.51808972	45.5123154	-8.5764124	Sirmione
10.63747812	45.53024584	-4.6656748	Sirmione
10.61894705	45.64062788	-11.9056215	Sirmione
10.4847294	45.47347156	-5.6368332	Sirmione
10.57728444	45.57176049	-10.4353754	Sirmione
10.69731076	45.58885001	-4.3351833	Sirmione
10.58060205	45.59808	-11.8286574	Sirmione
10.41836688	45.44978608	-3.8382463	Sirmione
10.49521412	45.54564719	-11.9820224	Sirmione
10.49087255	45.4888502	-6.9773437	Sirmione
10.42101174	45.46836068	-5.7227574	Sirmione
10.51439076	45.47425391	-5.280146	Sirmione
10.54173096	45.44511188	-2.1596074	Sirmione
10.56492666	45.49532758	-5.8460988	Sirmione
10.42599152	45.4840706	-7.3071507	Sirmione
10.63639715	45.54558456	-5.6421921	Sirmione
10.49410656	45.43737211	-2.1465317	Sirmione
10.62910986	45.65418595	-12.0429799	Sirmione
10.4756031	45.4421959	-2.8603896	Sirmione
10.61998165	45.59929869	-9.5809602	Sirmione
10.42545637	45.45588319	-4.4345627	Sirmione
10.61049905	45.6516804	-13.0239902	Sirmione
10.57635838	45.5133376	-6.6916861	Sirmione
10.35362704	45.51434105	-10.6043652	Sirmione
10.51500289	45.53794886	-10.9011894	Sirmione
10.58133195	45.46440644	-2.9654453	Sirmione
10.3918612	45.51465951	-10.5496496	Sirmione
10.44880811	45.47038251	-5.8297408	Sirmione
10.37159838	45.49504162	-8.5986169	Sirmione
10.45976009	45.45802355	-4.530456	Sirmione
10.46227903	45.4775012	-6.3365537	Sirmione
10.59245429	45.53016759	-7.040527	Sirmione
10.59337685	45.55112958	-8.3227649	Sirmione
10.549645	45.45581701	-2.9495278	Sirmione
10.67305417	45.61182799	-7.0622797	Sirmione
10.63584746	45.49505625	-2.6488652	Sirmione
10.55064913	45.51541267	-7.8612342	Sirmione
10.47059567	45.48686456	-7.0864019	Sirmione
10.60631177	45.50032976	-4.4417329	Sirmione
10.66147574	45.56257109	-5.0496381	Sirmione
10.39292554	45.52592191	-11.6950102	Sirmione
10.5065138	45.56890355	-13.4715283	Sirmione
10.62584592	45.51319024	-4.2810878	Sirmione
10.38278033	45.5403942	-13.2082666	Sirmione
10.49473121	45.56242623	-13.4715283	Sirmione
10.62917796	45.47983975	-2.0000004	Sirmione
10.66069005	45.50686479	-2.0000004	Sirmione
10.50073975	45.4498579	-3.2105595	Sirmione
10.55604957	45.57201537	-11.5213691	Sirmione
10.32279339	45.53508582	-12.6410752	Sirmione
10.71480362	45.56563673	-1.9999023	Sirmione
10.58550505	45.6122334	-12.3835166	Sirmione
10.50164002	45.46546147	-4.6475258	Sirmione
10.67907638	45.52937313	-2.163456	Sirmione
10.51153043	45.5097768	-8.4818619	Sirmione
10.58268436	45.59221553	-11.3640832	Sirmione
10.49493269	45.50178666	-8.1042204	Sirmione
10.46881022	45.53192412	-11.2911103	Sirmione
10.40525408	45.52718212	-11.7794631	Sirmione
10.72685856	45.58074885	-2.28858	Sirmione
10.61254883	45.46819333	-2.0000004	Sirmione
10.38731909	45.5340925	-12.5488774	Sirmione
10.62884032	45.59232727	-8.6612591	Sirmione
10.71228224	45.56690795	-2.2211635	Sirmione
10.68767889	45.53950649	-2.1948125	Sirmione
10.37395539	45.51083302	-10.2234282	Sirmione
10.4648617	45.51940662	-10.1949731	Sirmione
10.53911084	45.44434985	-2.1433916	Sirmione
10.4450593	45.51462529	-10.0372397	Sirmione
10.62951983	45.64187647	-11.3346811	Sirmione
10.60959808	45.64009338	-12.4445781	Sirmione
10.6407732	45.4910156	-2.1398779	Sirmione
10.5760416	45.61849733	-13.299458	Sirmione
10.54577388	45.59449001	-13.4715288	Sirmione
10.53077033	45.55337517	-11.3887295	Sirmione
10.52238054	45.52903665	-9.9655427	Sirmione
10.61510835	45.58304738	-8.987325	Sirmione
10.52803063	45.50172297	-7.4413586	Sirmione
10.59627404	45.49597447	-4.6492358	Sirmione
10.63989403	45.54419849	-5.3555339	Sirmione
10.64680407	45.63974032	-10.1824443	Sirmione
10.71888856	45.56955838	-2	Sirmione
10.65586405	45.66652587	-11.2991079	Sirmione
10.50935005	45.55910538	-12.6519414	Sirmione
10.54631551	45.55786247	-11.0911867	Sirmione
10.34885906	45.52442726	-11.7006159	Sirmione
10.37150607	45.4820596	-7.1227548	Sirmione
10.70198646	45.59273648	-4.3169919	Sirmione
10.34554747	45.4852869	-7.2188731	Sirmione
10.41393866	45.51670079	-10.6789157	Sirmione
10.50875719	45.53061357	-10.3818339	Sirmione
10.32484363	45.52860827	-11.9261211	Sirmione
10.64010899	45.57321686	-6.9305169	Sirmione
10.65206416	45.58194829	-6.6817303	Sirmione
10.53608009	45.50518519	-7.5881133	Sirmione
10.47130728	45.44739081	-3.4052719	Sirmione
10.70606943	45.58144231	-3.4016894	Sirmione
10.65180783	45.61044033	-8.2561341	Sirmione
10.42294109	45.47879913	-6.7804012	Sirmione
10.51924605	45.47170432	-4.9589455	Sirmione
10.45530942	45.4667317	-5.4343151	Sirmione
10.41734194	45.4444681	-3.2997334	Sirmione
10.51613241	45.45051632	-3.0489057	Sirmione
10.61838502	45.66454442	-13.2596865	Sirmione
10.30384545	45.54412472	-13.4715283	Sirmione
10.53767489	45.49961279	-7.0631565	Sirmione
10.42853198	45.49450544	-8.3624422	Sirmione
10.43476999	45.493606	-8.2324383	Sirmione
10.64449219	45.53631178	-4.6443798	Sirmione
10.39384398	45.49256464	-8.2885039	Sirmione
10.33160957	45.54158384	-13.4715893	Sirmione
10.64302094	45.60244379	-8.3528071	Sirmione
10.60797235	45.51267318	-5.1527658	Sirmione
10.34273808	45.49081304	-7.8174318	Sirmione
10.55233309	45.59599902	-13.2456801	Sirmione
10.54413503	45.52724167	-8.9729867	Sirmione
10.68178315	45.61080064	-6.4846516	Sirmione
10.56466809	45.47640753	-4.4735485	Sirmione
10.33912542	45.5414377	-13.4715283	Sirmione
10.44783054	45.47780547	-6.5744106	Sirmione
10.63956005	45.52603091	-4.2999072	Sirmione
10.61317192	45.52802562	-5.8601391	Sirmione
10.58588288	45.47730436	-3.714904	Sirmione
10.57925325	45.4602636	-2.7492338	Sirmione
10.45535876	45.55059448	-13.2117719	Sirmione
10.37917286	45.52790034	-11.9461743	Sirmione
10.62024695	45.53540173	-5.9147574	Sirmione
10.63673151	45.60536191	-8.8947872	Sirmione
10.64790104	45.49518798	-1.9999594	Sirmione
10.48412041	45.51083995	-9.1195271	Sirmione
10.58615238	45.63282984	-13.4715273	Sirmione
10.60930015	45.57405844	-8.8248878	Sirmione
10.45133541	45.49582554	-8.1984372	Sirmione
10.57297199	45.46636002	-3.4196015	Sirmione
10.63282683	45.63329452	-10.6605639	Sirmione
10.45884234	45.46246095	-4.9861399	Sirmione
10.38424418	45.5081223	-9.9099773	Sirmione
10.67193955	45.62651523	-7.9725847	Sirmione
10.64281722	45.63357934	-10.0787009	Sirmione
10.52951809	45.48850223	-6.2415532	Sirmione
10.40027783	45.44085955	-2.7437451	Sirmione
10.35887446	45.48804068	-7.6705653	Sirmione
10.35265934	45.5092113	-10.0113625	Sirmione
10.56321031	45.57557223	-11.397469	Sirmione
10.57840446	45.45153514	-2	Sirmione
10.56801952	45.53163879	-8.3380196	Sirmione
10.5181295	45.53266862	-10.3778007	Sirmione
10.64222627	45.65426459	-11.2625805	Sirmione
10.5470546	45.55547107	-10.8939607	Sirmione
10.42700014	45.4746727	-6.3450656	Sirmione
10.41183631	45.53025987	-11.9726074	Sirmione
10.6232591	45.58230795	-8.4517282	Sirmione
10.46396838	45.51056412	-9.3856928	Sirmione
10.52004169	45.48982474	-6.5467136	Sirmione
10.40774157	45.46410748	-5.3364895	Sirmione
10.66832589	45.65148335	-9.7181878	Sirmione
10.68515986	45.57807392	-4.4639189	Sirmione
10.53862692	45.56714778	-12.0662666	Sirmione
10.47747702	45.47683188	-6.0541881	Sirmione
10.59393754	45.47754742	-3.4128798	Sirmione
10.35659705	45.49585877	-8.5350742	Sirmione
10.59484496	45.56167178	-8.8728774	Sirmione
10.69699116	45.59241895	-4.5541994	Sirmione
10.38131386	45.48526438	-7.588787	Sirmione
10.63632541	45.66430958	-12.1738046	Sirmione
10.43649919	45.51169118	-9.8884702	Sirmione
10.53966967	45.46967813	-4.3740688	Sirmione
10.57952076	45.47830925	-4.0397815	Sirmione
10.60810753	45.48893032	-3.62125	Sirmione
10.57672004	45.62236604	-13.4715771	Sirmione
10.47581374	45.503175	-8.5271205	Sirmione
10.65722011	45.62367346	-8.6671963	Sirmione
10.71475065	45.57094223	-2.2993183	Sirmione
10.39208015	45.45397264	-4.147215	Sirmione
10.40134002	45.5411101	-13.1338652	Sirmione
10.52673027	45.58001386	-13.4715283	Sirmione
10.53324115	45.57931958	-13.1134912	Sirmione
10.41523012	45.4866306	-7.6067097	Sirmione
10.7045956	45.60766845	-5.115237	Sirmione
10.52477189	45.50857928	-8.1130143	Sirmione
10.67571643	45.56071863	-4.0824057	Sirmione
10.6179067	45.47298132	-2.1151635	Sirmione
10.60303881	45.46296118	-2.0000004	Sirmione
10.48510124	45.45702939	-4.1034123	Sirmione
10.56853773	45.47172569	-3.9824233	Sirmione
10.40175243	45.52436302	-11.5043393	Sirmione
10.67999431	45.6373931	-8.2376437	Sirmione
10.45721499	45.51478434	-9.8759213	Sirmione
10.41632887	45.54430393	-13.2136435	Sirmione
10.45654483	45.50554108	-9.0261992	Sirmione
10.34341662	45.52334455	-11.5212273	Sirmione
10.6442266	45.66339329	-11.7020651	Sirmione
10.43996775	45.53486799	-11.9934492	Sirmione
10.53928541	45.53862448	-9.9866037	Sirmione
10.59707092	45.46947167	-2.7062158	Sirmione
10.68471194	45.63169483	-7.6389736	Sirmione
10.67211526	45.59644026	-6.2639781	Sirmione
10.6264238	45.67539935	-13.3817597	Sirmione
10.46610924	45.50400899	-8.7452085	Sirmione
10.68875937	45.60236987	-5.5991984	Sirmione
10.60622935	45.53430529	-6.614769	Sirmione
10.55500086	45.49633833	-6.3128021	Sirmione
10.57166931	45.60539778	-12.7541103	Sirmione
10.69514918	45.57969644	-3.9564572	Sirmione
10.35107907	45.4878918	-7.5724297	Sirmione
10.65364187	45.57309503	-6.1015382	Sirmione
10.61615142	45.65344063	-12.7767724	Sirmione
10.62509919	45.55924411	-7.0761635	Sirmione
10.51175194	45.54187535	-11.3134475	Sirmione
10.67003112	45.64461914	-9.2016331	Sirmione
10.65729253	45.51512093	-2.6792739	Sirmione
10.51431867	45.54474479	-11.4186406	Sirmione
10.58662873	45.45552179	-2.1147148	Sirmione
10.6156397	45.53884361	-6.3721757	Sirmione
10.61809112	45.57652159	-8.4489066	Sirmione
10.298233	45.54175166	-13.1434023	Sirmione
10.60633866	45.62958586	-12.0677612	Sirmione
10.68699773	45.60217934	-5.6923265	Sirmione
10.61280254	45.49365367	-3.693395	Sirmione
10.55833774	45.58166568	-12.0289052	Sirmione
10.58543515	45.53182235	-7.492386	Sirmione
10.44553425	45.50002107	-8.6725329	Sirmione
10.63157976	45.63703041	-10.9420383	Sirmione
10.57817165	45.58517043	-11.1888779	Sirmione
10.40921663	45.43348707	-1.9999917	Sirmione
10.5037272	45.48001173	-5.9696643	Sirmione
10.46303118	45.54190716	-12.2899956	Sirmione
10.40899253	45.51990468	-11.0235236	Sirmione
10.43106792	45.46512658	-5.3570461	Sirmione
10.46797253	45.45142329	-3.828322	Sirmione
10.61803659	45.5677801	-7.9723604	Sirmione
10.55191631	45.53082149	-8.9225748	Sirmione
10.61967501	45.56776952	-7.8739138	Sirmione
10.52343273	45.57820194	-13.4715283	Sirmione
10.6883943	45.56914885	-3.7747373	Sirmione
10.51624757	45.53035431	-10.2102089	Sirmione
10.4475226	45.43277529	-1.999999	Sirmione
10.71056891	45.56107262	-2.0000004	Sirmione
10.70729597	45.59740307	-4.3351948	Sirmione
10.50621596	45.51892549	-9.3973436	Sirmione
10.647161	45.61411128	-8.7391961	Sirmione
10.64603559	45.52926302	-4.1397087	Sirmione
10.53214955	45.51175971	-8.2481744	Sirmione
10.70493876	45.57305335	-3.0019672	Sirmione
10.58496931	45.48475229	-4.2882561	Sirmione
10.62578549	45.64057012	-11.4867006	Sirmione
10.50077932	45.5355643	-10.9785993	Sirmione
10.69248724	45.59786396	-5.1260009	Sirmione
10.41272194	45.52549974	-11.5171093	Sirmione
10.37878193	45.53229095	-12.3956245	Sirmione
10.56871481	45.48981878	-5.2985124	Sirmione
10.67642347	45.60105337	-6.2623878	Sirmione
10.65306779	45.62729273	-9.1165211	Sirmione
10.50941734	45.48026745	-5.9110788	Sirmione
10.35267999	45.49228675	-8.0884242	Sirmione
10.52625571	45.51709155	-8.8372105	Sirmione
10.3705748	45.46414199	-5.0778205	Sirmione
10.57881228	45.51859174	-6.9686057	Sirmione
10.56396657	45.46996924	-3.9176726	Sirmione
10.58554977	45.55659857	-9.0772082	Sirmione
10.40092837	45.53509643	-12.5809008	Sirmione
10.40180614	45.47717937	-6.6907796	Sirmione
10.53032955	45.57716571	-13.1184204	Sirmione
10.43281534	45.43948182	-2.7361269	Sirmione
10.38130969	45.46226858	-4.9769939	Sirmione
10.58321926	45.51326296	-6.4093691	Sirmione
10.66367577	45.63267517	-8.7825566	Sirmione
10.44814406	45.54467395	-12.7870512	Sirmione
10.59719818	45.53589008	-7.174625	Sirmione
10.47632448	45.45800996	-4.3216096	Sirmione
10.49626197	45.55080488	-12.4180302	Sirmione
10.42540013	45.43200074	-2	Sirmione
10.53577082	45.47369129	-4.806603	Sirmione
10.53879804	45.57328008	-12.4518623	Sirmione
10.37280031	45.46843633	-5.5887739	Sirmione
10.67504191	45.59206761	-5.8461018	Sirmione
10.48173223	45.4877663	-7.0089354	Sirmione
10.47504271	45.44653301	-3.2742465	Sirmione
10.39852403	45.50464419	-9.503993	Sirmione
10.60009867	45.58313845	-9.8704326	Sirmione
10.47445019	45.49336235	-7.6346041	Sirmione
10.65606143	45.5339607	-3.8127944	Sirmione
10.61485033	45.47499368	-2.3943335	Sirmione
10.37008382	45.52920399	-12.1118056	Sirmione
10.4325574	45.47827465	-6.6925722	Sirmione
10.52067179	45.46052646	-3.913414	Sirmione
10.51263137	45.53930984	-11.0750546	Sirmione
10.33305921	45.52204958	-11.2661733	Sirmione
10.59371215	45.61899295	-12.254726	Sirmione
10.63149982	45.54470251	-5.8567992	Sirmione
10.35462914	45.47292958	-5.9097299	Sirmione
10.4375187	45.48158528	-7.0125205	Sirmione
10.50592307	45.48711052	-6.5869032	Sirmione
10.44305835	45.49177101	-7.9414159	Sirmione
10.56066707	45.50078183	-6.4084726	Sirmione
10.61039375	45.47888851	-2.8567793	Sirmione
10.45643773	45.54426732	-12.6290839	Sirmione
10.62987638	45.58592833	-8.24795	Sirmione
10.62850674	45.55114445	-6.4055599	Sirmione
10.34680159	45.54170823	-13.4715283	Sirmione
10.62058892	45.52848925	-5.4826853	Sirmione
10.59363746	45.45778789	-2	Sirmione
10.55055205	45.59814887	-13.4715283	Sirmione
10.6755786	45.57566717	-4.9085107	Sirmione
10.40419499	45.45762951	-4.6886394	Sirmione
10.36379948	45.49957266	-9.0321845	Sirmione
10.50368635	45.47205177	-5.2304001	Sirmione
10.36437825	45.4932076	-8.3149397	Sirmione
10.40799501	45.49289861	-8.2719235	Sirmione
10.6115247	45.55499258	-7.5627952	Sirmione
10.43011076	45.52530456	-11.246904	Sirmione
10.49568065	45.49299972	-7.2934838	Sirmione
10.5488643	45.48732417	-5.7533408	Sirmione
10.56623319	45.4760191	-4.4018513	Sirmione
10.37276271	45.50050188	-9.1737384	Sirmione
10.5201664	45.4845393	-6.0764255	Sirmione
10.5860582	45.58463256	-10.7262036	Sirmione
10.40044738	45.4663618	-5.5924702	Sirmione
10.49906669	45.49656846	-7.5602057	Sirmione
10.47156416	45.50979303	-9.2039857	Sirmione
10.58145424	45.62761864	-13.4715293	Sirmione
10.39450255	45.54015372	-13.1416826	Sirmione
10.43158722	45.49539209	-8.4419726	Sirmione
10.65621647	45.64168243	-9.7289526	Sirmione
10.63946598	45.58930797	-7.8502838	Sirmione
10.61131084	45.53376819	-6.3049652	Sirmione
10.63874775	45.65993681	-11.7858374	Sirmione
10.5467009	45.49813823	-6.7535149	Sirmione
10.4415496	45.46076765	-4.8751628	Sirmione
10.6271578	45.57874297	-8.0197538	Sirmione
10.62670994	45.67729113	-13.4715283	Sirmione
10.52975151	45.49409548	-6.7320059	Sirmione
10.58240604	45.55968096	-9.4314065	Sirmione
10.492182	45.45221591	-3.5535874	Sirmione
10.46515795	45.55572705	-13.4715293	Sirmione
10.48868312	45.4349495	-1.9999829	Sirmione
10.58873355	45.60317664	-11.6898667	Sirmione
10.62517237	45.48831003	-2.7411679	Sirmione
10.68187505	45.52949397	-2.0000385	Sirmione
10.48645894	45.43641143	-2.1680361	Sirmione
10.53842187	45.50814723	-7.8038766	Sirmione
10.60528433	45.6172202	-11.4549231	Sirmione
10.46457396	45.49706678	-8.1220321	Sirmione
10.66804699	45.5198767	-2.3138881	Sirmione
10.65278714	45.55268691	-5.036594	Sirmione
10.50297759	45.54820675	-12.0546162	Sirmione
10.70495313	45.60173151	-4.7260566	Sirmione
10.60665717	45.65559102	-13.4715605	Sirmione
10.72193228	45.58670718	-2.9141377	Sirmione
10.37404179	45.52334069	-11.4992995	Sirmione
10.32414455	45.51468819	-10.3367712	Sirmione
10.46467054	45.47257775	-5.8443062	Sirmione
10.40767309	45.45342697	-4.2477077	Sirmione
10.34104712	45.53384786	-12.6900293	Sirmione
10.62548102	45.50055085	-3.5121357	Sirmione
10.58434707	45.55044164	-8.7422895	Sirmione
10.63785661	45.56679382	-6.7157641	Sirmione
10.64919412	45.67457455	-12.1451323	Sirmione
10.3540421	45.48377033	-7.1350777	Sirmione
10.59224708	45.62414098	-12.6256157	Sirmione
10.66288417	45.51354271	-2.2796377	Sirmione
10.58308115	45.56092347	-9.4704608	Sirmione
10.64993886	45.6700421	-11.8236167	Sirmione
10.53888772	45.55860072	-11.4438462	Sirmione
10.39979211	45.43647312	-2.2406323	Sirmione
10.62919748	45.67429025	-13.1560654	Sirmione
10.6466714	45.56891276	-6.2962995	Sirmione
10.6174218	45.61176911	-10.4191884	Sirmione
10.6411562	45.52008182	-3.856955	Sirmione
10.6783319	45.63485468	-8.1646022	Sirmione
10.67475536	45.53177539	-2.5574511	Sirmione
10.31659165	45.51959588	-10.8159367	Sirmione
10.41849266	45.51120347	-10.10175	Sirmione
10.42166014	45.43234212	-2.0000156	Sirmione
10.64572368	45.50619	-2.776792	Sirmione
10.67129264	45.64790135	-9.3417785	Sirmione
10.61665573	45.64589217	-12.3330083	Sirmione
10.39291668	45.48720645	-7.7452869	Sirmione
10.59768112	45.49577091	-4.5739243	Sirmione
10.62226775	45.54169426	-6.1808347	Sirmione
10.61887661	45.51559068	-4.803372	Sirmione
10.61098201	45.4796759	-2.885458	Sirmione
10.4072065	45.49781736	-8.7764919	Sirmione
10.59566989	45.54699299	-7.9501618	Sirmione
10.50332297	45.49197742	-7.0692721	Sirmione
10.69230159	45.61567095	-6.247602	Sirmione
10.58764039	45.45448739	-2	Sirmione
10.43745851	45.52903777	-11.4875927	Sirmione
10.57485538	45.59262085	-11.8156628	Sirmione
10.63099094	45.50093361	-3.2654506	Sirmione
10.38891445	45.49721496	-8.7805251	Sirmione
10.35350812	45.50071688	-9.0548776	Sirmione
10.57678165	45.54277995	-8.6223431	Sirmione
10.5330565	45.45912548	-3.5717636	Sirmione
10.69903487	45.60757876	-5.3957522	Sirmione
10.45675516	45.4495836	-3.6806235	Sirmione
10.51218431	45.46710624	-4.6477475	Sirmione
10.59204094	45.48454762	-3.9929541	Sirmione
10.41971786	45.43887014	-2.7205537	Sirmione
10.45208643	45.47062668	-5.8429621	Sirmione
10.60894442	45.64532216	-12.7704643	Sirmione
10.6894054	45.56361525	-3.4085239	Sirmione
10.62423667	45.55606238	-6.9328687	Sirmione
10.50386415	45.55140048	-12.3136211	Sirmione
10.63461099	45.52214634	-4.3377705	Sirmione
10.50843544	45.45986953	-4.0294751	Sirmione
10.34170576	45.51080118	-10.0778481	Sirmione
10.42693567	45.5086389	-9.7432699	Sirmione
10.344506	45.50571445	-9.5289703	Sirmione
10.67321393	45.63885669	-8.6779085	Sirmione
10.57521187	45.45508032	-2.3770253	Sirmione
10.52955756	45.5766009	-13.1130434	Sirmione
10.68891046	45.57444375	-4.0379628	Sirmione
10.46839869	45.52388595	-10.5602922	Sirmione
10.47509602	45.55795492	-13.4715341	Sirmione
10.42811348	45.44514176	-3.3299238	Sirmione
10.56849543	45.4838766	-4.8786928	Sirmione
10.71795146	45.59152129	-3.4196015	Sirmione
10.45085354	45.49005033	-7.6685487	Sirmione
10.48510929	45.49337664	-7.4815758	Sirmione
10.51585342	45.51823673	-9.1450597	Sirmione
10.43467831	45.48773773	-7.6501749	Sirmione
10.55140283	45.55171693	-10.4459436	Sirmione
10.66034262	45.63450451	-9.0817804	Sirmione
10.3954234	45.53428906	-12.5399174	Sirmione
10.4856825	45.5392413	-11.6039362	Sirmione
10.43885719	45.4964288	-8.435274	Sirmione
10.65112977	45.64782308	-10.374205	Sirmione
10.40751601	45.43573726	-2.2377153	Sirmione
10.47915811	45.51361423	-9.4493245	Sirmione
10.6101628	45.62496178	-11.5822915	Sirmione
10.3807882	45.4427178	-2.7513618	Sirmione
10.30790698	45.54055156	-13.1075542	Sirmione
10.40913015	45.54173416	-13.0789931	Sirmione
10.386845	45.43554384	-1.9999995	Sirmione
10.62191386	45.62327361	-10.7755761	Sirmione
10.72035667	45.58330981	-2.7830654	Sirmione
10.53083856	45.53353278	-9.9543403	Sirmione
10.56294851	45.58531243	-12.0285	Sirmione
10.40805496	45.52579034	-11.6120197	Sirmione
10.69574481	45.61163149	-5.8181483	Sirmione
10.38784106	45.4740764	-6.3863236	Sirmione
10.55987255	45.47951456	-4.8436843	Sirmione
10.58043693	45.55473733	-9.2107851	Sirmione
10.57138185	45.52757464	-7.9114222	Sirmione
10.54489924	45.48286093	-5.436977	Sirmione
10.64079722	45.55788493	-6.0494505	Sirmione
10.55182453	45.59928477	-13.4715644	Sirmione
10.38264182	45.47905393	-6.8975086	Sirmione
10.37547937	45.45220573	-3.7733818	Sirmione
10.63121658	45.64824934	-11.5872568	Sirmione
10.59283228	45.54708173	-8.1085702	Sirmione
10.39261617	45.52026138	-11.118521	Sirmione
10.6038517	45.56470978	-8.5629693	Sirmione
10.63664658	45.57816736	-7.411837	Sirmione
10.64898733	45.58698788	-7.1444863	Sirmione
10.49064279	45.51336633	-9.2145251	Sirmione
10.36091482	45.5098845	-10.1734633	Sirmione
10.67242562	45.5431783	-3.3230908	Sirmione
10.36337893	45.52278232	-11.4805913	Sirmione
10.34221382	45.50145741	-9.0213819	Sirmione
10.40663754	45.4878066	-7.7573858	Sirmione
10.47007405	45.54366433	-12.3055566	Sirmione
10.50724586	45.5458139	-11.7579692	Sirmione
10.63190175	45.6668977	-12.5818774	Sirmione
10.54638008	45.50624483	-7.3693251	Sirmione
10.54510435	45.52108406	-8.4903199	Sirmione
10.34394998	45.53565276	-12.8637846	Sirmione
10.56541256	45.57085263	-10.9857702	Sirmione
10.53451915	45.57061076	-12.4839018	Sirmione
10.3684415	45.50080237	-9.2198872	Sirmione
10.58818267	45.58969725	-10.913288	Sirmione
10.61010714	45.48495777	-3.2676928	Sirmione
10.6479814	45.64578706	-10.4477104	Sirmione
10.48359022	45.44777833	-3.2656596	Sirmione
10.52064931	45.52318711	-9.4881972	Sirmione
10.70234781	45.56694595	-2.8179384	Sirmione
10.40188738	45.53124452	-12.2060571	Sirmione
10.59054984	45.57988151	-10.1967661	Sirmione
10.55154632	45.49227909	-6.1387127	Sirmione
10.55638263	45.54420379	-9.7110512	Sirmione
10.61039303	45.46953651	-2.1823798	Sirmione
10.58489682	45.50471143	-5.7307135	Sirmione
10.57244207	45.57415868	-10.8430876	Sirmione
10.57574326	45.56255136	-9.9438024	Sirmione
10.63852633	45.49489099	-2.4944345	Sirmione
10.41487068	45.50032518	-9.0049145	Sirmione
10.729131	45.578	-2	Sirmione
10.56401257	45.53498382	-8.743169	Sirmione
10.69261957	45.54143719	-2.0000009	Sirmione
10.63281856	45.67716326	-13.1492822	Sirmione
10.61521226	45.52387537	-5.500529	Sirmione
10.44102301	45.4655436	-5.3640481	Sirmione
10.63407171	45.49989328	-3.0367324	Sirmione
10.69383863	45.54715516	-2.2385766	Sirmione
10.56572722	45.44869228	-2.0000004	Sirmione
10.38085079	45.46655009	-5.4584873	Sirmione
10.32440902	45.52108916	-11.066989	Sirmione
10.63645996	45.62988858	-10.2538059	Sirmione
10.6709007	45.63170736	-8.3503413	Sirmione
10.65322575	45.65089598	-10.4583486	Sirmione
10.46087781	45.53890781	-12.0662363	Sirmione
10.67920874	45.61069214	-6.6307758	Sirmione
10.54747915	45.49276459	-6.2623899	Sirmione
10.44897702	45.54933449	-13.2084921	Sirmione
10.41695121	45.45869718	-4.7518781	Sirmione
10.53535255	45.44222133	-2	Sirmione
10.65247942	45.51885931	-3.1656352	Sirmione
10.38864007	45.47641825	-6.6603093	Sirmione
10.48149102	45.52736985	-10.6358935	Sirmione
10.44195165	45.5079504	-9.4616491	Sirmione
10.38616597	45.52332423	-11.4541528	Sirmione
10.63989939	45.5413492	-5.1977341	Sirmione
10.43101556	45.53945004	-12.5493252	Sirmione
10.63306399	45.48990685	-2.4551557	Sirmione
10.51893209	45.53320265	-10.4028947	Sirmione
10.52625246	45.46812623	-4.5032299	Sirmione
10.3975463	45.48217486	-7.2155126	Sirmione
10.6089158	45.58068477	-9.2343054	Sirmione
10.37359946	45.47803127	-6.6869664	Sirmione
10.6240278	45.47829144	-2.1541147	Sirmione
10.44154982	45.55100558	-13.4715327	Sirmione
10.58416657	45.57066622	-9.9938774	Sirmione
10.45498432	45.52084854	-10.4721274	Sirmione
10.48238477	45.43399271	-2	Sirmione
10.65709455	45.57887995	-6.2080572	Sirmione
10.45185565	45.54979741	-13.209792	Sirmione
10.60623806	45.4854172	-3.4877133	Sirmione
10.66459872	45.51424787	-2.2156972	Sirmione
10.38143045	45.45645735	-4.3182797	Sirmione
10.53162506	45.45340795	-3.0933466	Sirmione
10.47675081	45.52273315	-10.3196296	Sirmione
10.59918904	45.53939806	-7.3019938	Sirmione
10.3734628	45.54264635	-13.4715283	Sirmione
10.56898532	45.52897341	-8.1121739	Sirmione
10.64542845	45.62730795	-9.5742436	Sirmione
10.63910188	45.49056987	-2.2011035	Sirmione
10.57772785	45.50832148	-6.2754972	Sirmione
10.33591517	45.49932036	-8.7129727	Sirmione
10.58288632	45.5196183	-6.83395	Sirmione
10.56981083	45.55599118	-9.8143032	Sirmione
10.58447363	45.62403588	-13.0919804	Sirmione
10.46950831	45.4335435	-1.9999995	Sirmione
10.42250904	45.50635458	-9.5927044	Sirmione
10.53656627	45.49243415	-6.4496987	Sirmione
10.5996355	45.60998751	-11.4019384	Sirmione
10.57983492	45.49886808	-5.5100188	Sirmione
10.34674369	45.49713786	-8.5777567	Sirmione
10.60180881	45.62414649	-12.0452172	Sirmione
10.55934082	45.48435687	-5.2765554	Sirmione
10.42504374	45.51536591	-10.3961638	Sirmione
10.45236499	45.46271734	-5.0354218	Sirmione
10.67630412	45.56815724	-4.4536162	Sirmione
10.54239196	45.55256935	-10.8695979	Sirmione
10.66913045	45.53320296	-2.9773237	Sirmione
10.60448052	45.4926144	-4.0364204	Sirmione
10.6289692	45.55456596	-6.5850479	Sirmione
10.44089953	45.52486256	-11.049456	Sirmione
10.36923286	45.45840752	-4.4125505	Sirmione
10.62189865	45.65745975	-12.6560053	Sirmione
10.53500058	45.44376767	-2.14877	Sirmione
10.59811634	45.50212989	-4.9608642	Sirmione
10.60264283	45.5497815	-7.7358951	Sirmione
10.66379291	45.61076166	-7.5568194	Sirmione
10.46343207	45.55258794	-13.2277387	Sirmione
10.49465128	45.47265852	-5.4175971	Sirmione
10.52731375	45.52735192	-9.6482834	Sirmione
10.42302817	45.52526572	-11.3459138	Sirmione
10.53603721	45.54733432	-10.7439038	Sirmione
10.33487611	45.54128787	-13.4715283	Sirmione
10.36252479	45.47015125	-5.676435	Sirmione
10.57795663	45.46032744	-2.7868745	Sirmione
10.3881813	45.48127699	-7.157483	Sirmione
10.56552169	45.50740399	-6.6935232	Sirmione
10.44630374	45.4861383	-7.3708372	Sirmione
10.59644887	45.59385985	-10.7111767	Sirmione
10.3905445	45.54011351	-13.1518071	Sirmione
10.68525719	45.60660244	-6.0437139	Sirmione
10.60258714	45.51778037	-5.7459471	Sirmione
10.38720476	45.54312901	-13.4715258	Sirmione
10.45683161	45.48177689	-6.8128882	Sirmione
10.31208877	45.52498464	-11.3815595	Sirmione
10.46684387	45.45526937	-4.2046628	Sirmione
10.54357909	45.55967023	-11.3349563	Sirmione
10.50559317	45.54083166	-11.34952	Sirmione
10.62140745	45.67161144	-13.4715517	Sirmione
10.59392085	45.63568031	-13.1558608	Sirmione
10.51975096	45.43979124	-2	Sirmione
10.43076273	45.54932541	-13.4715283	Sirmione
10.54487691	45.51071741	-7.75156	Sirmione
10.3931938	45.47091876	-6.0831496	Sirmione
10.51882443	45.55318883	-11.8491587	Sirmione
10.60963327	45.50575713	-4.6267727	Sirmione
10.66214015	45.54097313	-3.8272705	Sirmione
10.56776004	45.59535416	-12.3664985	Sirmione
10.34364799	45.52721612	-11.963685	Sirmione
10.61485154	45.56290722	-7.8546816	Sirmione
10.6957511	45.5713137	-3.4549921	Sirmione
10.56010169	45.47432308	-4.3796699	Sirmione
10.59420876	45.55577904	-8.5551066	Sirmione
10.60795514	45.58888682	-9.7414867	Sirmione
10.38329459	45.47120005	-6.0121146	Sirmione
10.52830399	45.46358324	-4.0605044	Sirmione
10.46063289	45.49274107	-7.7769902	Sirmione
10.67483301	45.61725878	-7.2573253	Sirmione
10.34907213	45.53100859	-12.3714282	Sirmione
10.44542863	45.45592741	-4.3677954	Sirmione
10.61458987	45.57194529	-8.4097141	Sirmione
10.45400448	45.51014195	-9.4907736	Sirmione
10.57100806	45.53352829	-8.3122535	Sirmione
10.66551169	45.65017908	-9.7814831	Sirmione
10.47394463	45.55590593	-13.3128989	Sirmione
10.62775156	45.61022318	-9.7066484	Sirmione
10.57322191	45.57077637	-10.596479	Sirmione
10.53289254	45.54181094	-10.4701108	Sirmione
10.56140736	45.53962981	-9.1768751	Sirmione
10.55397545	45.56707042	-11.3057177	Sirmione
10.48967214	45.5080201	-8.7604465	Sirmione
10.29527103	45.54490877	-13.4715283	Sirmione
10.52640655	45.57515812	-13.1338803	Sirmione
10.38829308	45.4376922	-2.2590332	Sirmione
10.64098485	45.62406137	-9.6597551	Sirmione
10.65326199	45.56509082	-5.6867212	Sirmione
10.50529433	45.50426075	-8.1173128	Sirmione
10.62633178	45.50657131	-3.8569531	Sirmione
10.4573449	45.47263641	-5.9558634	Sirmione
10.48746045	45.50267057	-8.311582	Sirmione
10.70625782	45.5876243	-3.7779738	Sirmione
10.63791225	45.61161884	-9.1654093	Sirmione
10.61026044	45.59734594	-10.0645195	Sirmione
10.5529293	45.53597602	-9.2542728	Sirmione
10.62070667	45.64978821	-12.3009511	Sirmione
10.62000485	45.49377315	-3.3464472	Sirmione
10.60422023	45.58447358	-9.7253499	Sirmione
10.57357592	45.46134051	-2.9634287	Sirmione
10.52493152	45.54998994	-11.3760703	Sirmione
10.65794656	45.65695521	-10.5940127	Sirmione
10.60034067	45.49105416	-4.1329875	Sirmione
10.67592913	45.52289235	-2.0000034	Sirmione
10.71710799	45.56809066	-2	Sirmione
10.5389974	45.58429734	-13.1500127	Sirmione
10.54343246	45.57878297	-12.577332	Sirmione
10.55205216	45.49317202	-6.2014475	Sirmione
10.60643899	45.58448505	-9.5928311	Sirmione
10.50036696	45.51466831	-9.1365583	Sirmione
10.70103343	45.58440755	-3.8657338	Sirmione
10.46621229	45.5490978	-12.8634502	Sirmione
10.45773478	45.43814852	-2.5113457	Sirmione
10.48482602	45.46265243	-4.6299377	Sirmione
10.57201334	45.49645475	-5.6462434	Sirmione
10.68942921	45.6259961	-7.0403032	Sirmione
10.39731689	45.43458128	-2.0000004	Sirmione
10.42622404	45.50418892	-9.3401689	Sirmione
10.5874032	45.52604189	-7.0241712	Sirmione
10.58513651	45.60278284	-11.8626059	Sirmione
10.52227402	45.46472008	-4.2799782	Sirmione
10.43437508	45.50313893	-9.1241046	Sirmione
10.65933165	45.54734076	-4.3464055	Sirmione
10.63902862	45.68396194	-13.2546455	Sirmione
10.66833652	45.57751013	-5.4496562	Sirmione
10.60409218	45.55666612	-8.0686543	Sirmione
10.62146948	45.58741318	-8.8398994	Sirmione
10.58747886	45.47025153	-3.1430078	Sirmione
10.49265856	45.55478091	-12.8416923	Sirmione
10.58878022	45.60620447	-11.8544926	Sirmione
10.33208319	45.50385074	-9.1878538	Sirmione
10.52926425	45.54550494	-10.8805764	Sirmione
10.62232168	45.51142285	-4.365986	Sirmione
10.57447058	45.61339144	-13.0796025	Sirmione
10.49922858	45.43659329	-2.0000009	Sirmione
10.49165926	45.4454214	-2.9298105	Sirmione
10.52699582	45.44879526	-2.7317587	Sirmione
10.5157882	45.45683895	-3.6414148	Sirmione
10.40988278	45.47719799	-6.6637812	Sirmione
10.51100907	45.53490335	-10.7170173	Sirmione
10.64056245	45.66648159	-12.0835161	Sirmione
10.55631463	45.45303602	-2.5711118	Sirmione
10.51218231	45.44088006	-2.2107216	Sirmione
10.489444	45.51920351	-9.754919	Sirmione
10.64583064	45.67863267	-12.5717304	Sirmione
10.64509184	45.49509935	-2.1480673	Sirmione
10.650687	45.50057185	-2.169832	Sirmione
10.47212396	45.49912512	-8.2040356	Sirmione
10.61529224	45.47959332	-2.6678877	Sirmione
10.6004878	45.47413542	-2.9069677	Sirmione
10.67233439	45.52521451	-2.3454956	Sirmione
10.64095758	45.48887089	-2	Sirmione
10.51761197	45.50551184	-7.9835674	Sirmione
10.68038511	45.55462649	-3.4653081	Sirmione
10.49545917	45.54116861	-11.580519	Sirmione
10.56023188	45.55804291	-10.4176821	Sirmione
10.69459807	45.61975089	-6.3842746	Sirmione
10.63728306	45.51276118	-3.6305908	Sirmione
10.56067616	45.51634878	-7.5309797	Sirmione
10.49113372	45.53206477	-10.8601865	Sirmione
10.64742771	45.64956206	-10.6904155	Sirmione
10.61004755	45.52014089	-5.5302963	Sirmione
10.4462801	45.45073268	-3.8351088	Sirmione
10.60205478	45.58846213	-10.0766831	Sirmione
10.39766587	45.54416769	-13.4714956	Sirmione
10.53812843	45.46567386	-4.0503086	Sirmione
10.53973304	45.50806651	-7.7644432	Sirmione
10.66623806	45.55949531	-4.5918181	Sirmione
10.50144762	45.48990183	-6.9219821	Sirmione
10.60578372	45.60838577	-10.9408046	Sirmione
10.47744855	45.54508507	-12.2849423	Sirmione
10.62740882	45.55857073	-6.9006149	Sirmione
10.4320671	45.53386469	-12.014622	Sirmione
10.58515519	45.45311954	-2	Sirmione
10.36210556	45.50399317	-9.5168056	Sirmione
10.49676715	45.55996862	-13.2134194	Sirmione
10.5896602	45.54742356	-8.2867128	Sirmione
10.51223747	45.48288555	-6.0876029	Sirmione
10.6292945	45.60269645	-9.2011112	Sirmione
10.60475615	45.60147372	-10.6248039	Sirmione
10.66780022	45.61639294	-7.6300214	Sirmione
10.36394279	45.51344766	-10.5261242	Sirmione
10.5614726	45.54307693	-9.3951029	Sirmione
10.44693206	45.53796861	-12.1809257	Sirmione
10.61800385	45.59163774	-9.2816733	Sirmione
10.63272094	45.55585678	-6.4295636	Sirmione
10.4264334	45.5440893	-13.0472275	Sirmione
10.5094958	45.54956278	-11.9576005	Sirmione
10.48035057	45.43645373	-2.2581323	Sirmione
10.58525915	45.49438697	-4.9715952	Sirmione
10.33842502	45.49417333	-8.1542959	Sirmione
10.39824634	45.46033648	-4.934362	Sirmione
10.52023309	45.44364328	-2.3509238	Sirmione
10.41931744	45.47472434	-6.3777769	Sirmione
10.70968058	45.58360412	-3.3508129	Sirmione
10.56812318	45.54101346	-8.9351215	Sirmione
10.49767369	45.48718102	-6.7237164	Sirmione
10.59030406	45.57421968	-9.8714416	Sirmione
10.62351441	45.64513114	-11.8745351	Sirmione
10.48725732	45.56068092	-13.4714843	Sirmione
10.6599878	45.59591461	-6.9640496	Sirmione
10.66238875	45.63083479	-8.7555034	Sirmione
10.50411279	45.49973604	-7.7402313	Sirmione
10.67119455	45.51763517	-1.9999995	Sirmione
10.50550046	45.55452351	-12.4740434	Sirmione
10.36496117	45.50500211	-9.6608285	Sirmione
10.54657605	45.54015471	-9.8078093	Sirmione
10.69594651	45.55324511	-2.4436308	Sirmione
10.52324559	45.52648782	-9.7289426	Sirmione
10.42951255	45.52007196	-10.7690053	Sirmione
10.41925079	45.53656397	-12.451415	Sirmione
10.43800238	45.43244216	-1.9999995	Sirmione
10.42603691	45.48897731	-7.8074611	Sirmione
10.45642329	45.52552638	-10.8862895	Sirmione
10.58364574	45.609319	-12.3351269	Sirmione
10.31187539	45.54339024	-13.4715283	Sirmione
10.60021259	45.49753749	-4.5627216	Sirmione
10.38937054	45.52960218	-12.0832944	Sirmione
10.5439404	45.46063991	-3.4894961	Sirmione
10.61499618	45.47331762	-2.2724482	Sirmione
10.44749241	45.53193388	-11.6115507	Sirmione
10.62642346	45.66518562	-12.8146045	Sirmione
10.69452791	45.59319979	-4.743198	Sirmione
10.58059706	45.51493532	-6.6387994	Sirmione
10.39829414	45.53557981	-12.6613217	Sirmione
10.62236471	45.61528454	-10.3110327	Sirmione
10.62525338	45.67041327	-13.1750229	Sirmione
10.6784153	45.57879051	-4.9071892	Sirmione
10.48543121	45.52313182	-10.1824199	Sirmione
10.59627987	45.62928692	-12.6624868	Sirmione
10.44122983	45.48374483	-7.2195501	Sirmione
10.70135115	45.55113578	-1.9997353	Sirmione
10.52967255	45.52022582	-9.0406508	Sirmione
10.65235959	45.67075495	-11.7436298	Sirmione
10.46547158	45.53722999	-11.827299	Sirmione
10.50677645	45.44554426	-2.7223476	Sirmione
10.60348689	45.47898372	-3.1376308	Sirmione
10.54411281	45.50277179	-7.208791	Sirmione
10.45627755	45.50109413	-8.61663	Sirmione
10.60093638	45.64923888	-13.4715244	Sirmione
10.5273843	45.44098032	-2	Sirmione
10.58274322	45.45453366	-2.1792421	Sirmione
10.55918422	45.49031062	-5.7121149	Sirmione
10.49904158	45.50819366	-8.5896095	Sirmione
10.4635217	45.48344338	-6.8708625	Sirmione
10.61714198	45.47072001	-2	Sirmione
10.45926191	45.48814798	-7.3698852	Sirmione
10.40634432	45.4830921	-7.2775757	Sirmione
10.41122167	45.47029039	-5.9545406	Sirmione
10.65250828	45.63554735	-9.6084245	Sirmione
10.44903315	45.47431644	-6.230119	Sirmione
10.4370172	45.51861647	-10.524892	Sirmione
10.55630383	45.60337149	-13.4715268	Sirmione
10.54281053	45.56209563	-11.5357082	Sirmione
10.40730484	45.53614994	-12.586041	Sirmione
10.36636566	45.50899804	-10.0634545	Sirmione
10.39102975	45.50324239	-9.3878212	Sirmione
10.39648161	45.54004544	-13.1056328	Sirmione
10.49647332	45.49591397	-7.5529412	Sirmione
10.54024071	45.44298251	-2	Sirmione
10.68891515	45.55690318	-3.0711489	Sirmione
10.47721558	45.43674006	-2.2984399	Sirmione
10.62273941	45.60563308	-9.7602274	Sirmione
10.56588971	45.45148386	-2.2437695	Sirmione
10.57942646	45.56561088	-9.9504218	Sirmione
10.6024263	45.57737207	-9.398351	Sirmione
10.62755604	45.49445296	-3.0183217	Sirmione
