10.564403	45.394	-3.0000003	Solferino
10.55961462	45.45887211	-10.0516514	Solferino
10.56286343	45.39555903	-3.1720735	Solferino
10.82608417	45.51713703	-6.3482739	Solferino
10.797687	45.54589163	-9.5244053	Solferino
10.86185797	45.51757428	-4.0356392	Solferino
10.77711507	45.42095471	-3.1882049	Solferino
10.73880621	45.46164914	-7.6087762	Solferino
10.77069154	45.41592272	-2.9999998	Solferino
10.69015614	45.47118055	-9.8632005	Solferino
10.70594684	45.488658	-10.8221487	Solferino
10.70624369	45.46246554	-8.6810955	Solferino
10.55927101	45.39919661	-3.5735764	Solferino
10.85711801	45.52350001	-4.6176724	Solferino
10.68355216	45.45719544	-8.8453278	Solferino
10.69692389	45.48097713	-10.4618711	Solferino
10.55551803	45.40299639	-3.9930039	Solferino
10.84383586	45.52918192	-5.7459958	Solferino
10.65372895	45.44826875	-8.4539555	Solferino
10.63804994	45.47095144	-10.866513	Solferino
10.82944539	45.45706103	-3.0002776	Solferino
10.70260137	45.48654971	-10.7487713	Solferino
10.83940234	45.50601324	-4.9698826	Solferino
10.84273474	45.51707889	-5.2610352	Solferino
10.71483276	45.48100714	-9.9331053	Solferino
10.73405357	45.41059435	-3.6309341	Solferino
10.77234441	45.43336536	-4.2703821	Solferino
10.81020411	45.44211238	-3.2858987	Solferino
10.88769875	45.54787141	-3.5780628	Solferino
10.55093081	45.40764028	-4.505638	Solferino
10.71538602	45.43080281	-5.8356188	Solferino
10.8588433	45.60070046	-7.8388228	Solferino
10.78395567	45.4529584	-5.2428819	Solferino
10.90224185	45.56188225	-3.2079207	Solferino
10.77052601	45.45651545	-6.0169897	Solferino
10.54727366	45.41134218	-4.9143116	Solferino
10.84397361	45.54395934	-6.4047124	Solferino
10.85267669	45.56677409	-6.7739393	Solferino
10.90009105	45.5603827	-3.2876844	Solferino
10.80190132	45.47604994	-5.5982201	Solferino
10.75334759	45.44782531	-6.0482526	Solferino
10.81015479	45.45774214	-4.1358396	Solferino
10.62142358	45.46972875	-10.9167874	Solferino
10.85375166	45.55937646	-6.386368	Solferino
10.54291054	45.41575822	-5.4018513	Solferino
10.80539904	45.60383487	-11.6036453	Solferino
10.79471484	45.58681467	-11.6036595	Solferino
10.54491602	45.4553568	-9.6813369	Solferino
10.77566904	45.48182013	-7.4046644	Solferino
10.5380338	45.42069345	-5.9467491	Solferino
10.70661881	45.40198614	-3.2460127	Solferino
10.65985044	45.41085452	-4.5827122	Solferino
10.72394224	45.40226456	-3.0000003	Solferino
10.72632876	45.44377905	-6.5700652	Solferino
10.60724995	45.43719793	-7.6576215	Solferino
10.72853775	45.43696416	-5.950558	Solferino
10.79240792	45.57181419	-11.0639038	Solferino
10.57591472	45.43430974	-7.3386875	Solferino
10.56474076	45.44240302	-8.2342514	Solferino
10.8464322	45.49772142	-4.1292351	Solferino
10.55079704	45.45570369	-9.7054058	Solferino
10.53389473	45.42488163	-6.4091952	Solferino
10.67597965	45.41595315	-4.9676165	Solferino
10.9041	45.56	-3.0000003	Solferino
10.76352798	45.52384783	-10.3742854	Solferino
10.52904952	45.42978374	-6.9505074	Solferino
10.79591597	45.43167655	-3.2415296	Solferino
10.6249709	45.46445242	-10.3480965	Solferino
10.77829646	45.51088091	-8.8272473	Solferino
10.71476195	45.4301513	-5.7890152	Solferino
10.81983591	45.4885655	-5.2166721	Solferino
10.61698762	45.47492969	-11.4853465	Solferino
10.68963266	45.45106676	-8.1682372	Solferino
10.76722226	45.48371693	-7.9884262	Solferino
10.69922563	45.47255918	-9.7089402	Solferino
10.80551312	45.52063431	-7.7398475	Solferino
10.86918136	45.53866174	-4.444045	Solferino
10.74069402	45.48162036	-8.9828955	Solferino
10.52378681	45.43510751	-7.5384238	Solferino
10.59365083	45.45450597	-9.5687957	Solferino
10.76512627	45.48801088	-8.3405164	Solferino
10.87005208	45.51409304	-3.3405611	Solferino
10.62693768	45.4086197	-4.5029495	Solferino
10.75990538	45.5275147	-10.7794102	Solferino
10.69689099	45.44954229	-7.9040786	Solferino
10.79800691	45.48595	-6.3568594	Solferino
10.85602696	45.52871923	-4.9281697	Solferino
10.89181288	45.55794132	-3.7403843	Solferino
10.71101202	45.4339516	-6.2084433	Solferino
10.79345636	45.43973334	-3.9196299	Solferino
10.75995536	45.4339421	-4.7816714	Solferino
10.51958281	45.43935973	-8.0080395	Solferino
10.57641899	45.44752717	-8.7984955	Solferino
10.80921572	45.6056307	-11.4172532	Solferino
10.70080678	45.44913919	-7.756203	Solferino
10.61518169	45.46573399	-10.5613506	Solferino
10.80323314	45.46028581	-4.667856	Solferino
10.7581294	45.45183414	-6.1546703	Solferino
10.84773976	45.54864066	-6.3442191	Solferino
10.51422316	45.44478011	-8.6067095	Solferino
10.59709104	45.39468266	-2.9999988	Solferino
10.54546934	45.44878138	-8.9685523	Solferino
10.77453984	45.49062989	-7.9465381	Solferino
10.83706573	45.51326546	-5.4555894	Solferino
10.82892542	45.46916733	-3.6655386	Solferino
10.87526448	45.5700958	-5.3904247	Solferino
10.86739358	45.56575015	-5.7323269	Solferino
10.80101929	45.58399045	-11.0624639	Solferino
10.50879897	45.45026498	-9.2125501	Solferino
10.65445087	45.39900363	-3.418971	Solferino
10.62319868	45.45233194	-9.1252859	Solferino
10.83771618	45.5237662	-5.8962489	Solferino
10.80952725	45.43612165	-3.0004446	Solferino
10.85027151	45.53485473	-5.585193	Solferino
10.79886406	45.44455825	-4.0610679	Solferino
10.67558572	45.39664182	-3.0000003	Solferino
10.81229528	45.61038752	-11.4078274	Solferino
10.60521381	45.40069471	-3.6317928	Solferino
10.76483937	45.54428251	-11.3690652	Solferino
10.81391523	45.61736544	-11.6036502	Solferino
10.77712035	45.47335859	-6.8633253	Solferino
10.50347067	45.45565206	-9.8076353	Solferino
10.6272783	45.42351964	-6.1474648	Solferino
10.87917916	45.53749489	-3.7057578	Solferino
10.69989117	45.49613332	-11.6036468	Solferino
10.79144829	45.55465726	-10.3375215	Solferino
10.55342077	45.47292412	-11.6036453	Solferino
10.82223544	45.58724339	-9.7398792	Solferino
10.64683758	45.40743672	-4.3436743	Solferino
10.75780965	45.4712777	-7.5753922	Solferino
10.7262304	45.51011294	-11.6036516	Solferino
10.69392612	45.43147559	-6.2422751	Solferino
10.75227887	45.47459836	-8.0286523	Solferino
10.49878403	45.46038975	-10.3310242	Solferino
10.84540807	45.56790311	-7.3230219	Solferino
10.80749601	45.53596194	-8.4274718	Solferino
10.49477128	45.46444572	-10.7791304	Solferino
10.69208474	45.41157384	-4.3837415	Solferino
10.81704463	45.57293615	-9.4894805	Solferino
10.88380026	45.57801322	-5.1598743	Solferino
10.82043843	45.59282324	-10.1005721	Solferino
10.84502731	45.49378052	-4.0104807	Solferino
10.53702677	45.47292077	-11.6034305	Solferino
10.74176477	45.49620609	-9.9985271	Solferino
10.84177865	45.47087452	-3.0000003	Solferino
10.78315485	45.56378015	-11.2985406	Solferino
10.67787287	45.47457974	-10.5008567	Solferino
10.73806619	45.50786282	-10.9575913	Solferino
10.70809131	45.45084703	-7.6811454	Solferino
10.49011621	45.46915036	-11.2989344	Solferino
10.48738726	45.47190809	-11.6036468	Solferino
10.73432785	45.51170604	-11.3788694	Solferino
10.8360351	45.46734538	-3.1523577	Solferino
10.83587484	45.58462483	-8.6893704	Solferino
10.63854102	45.46580491	-10.3704683	Solferino
10.74369886	45.44948026	-6.5241986	Solferino
10.84783483	45.47765849	-3.0000003	Solferino
10.76617559	45.51497013	-9.7424478	Solferino
10.56889092	45.39677295	-3.2897012	Solferino
10.8269248	45.50205663	-5.5078285	Solferino
10.80885192	45.54774363	-8.8832027	Solferino
10.85620184	45.56837979	-6.6035733	Solferino
10.63197139	45.40159734	-3.727949	Solferino
10.78589956	45.48446884	-6.9657395	Solferino
10.69357404	45.45161859	-8.1586031	Solferino
10.53572487	45.46691362	-10.9528055	Solferino
10.61278561	45.47011343	-11.0287722	Solferino
10.66688424	45.4161178	-5.0608416	Solferino
10.72695155	45.42496747	-5.0209607	Solferino
10.83105193	45.54950685	-7.5155768	Solferino
10.77337828	45.51398153	-9.2785347	Solferino
10.88611365	45.53211762	-2.9997957	Solferino
10.68377829	45.4628225	-9.3702798	Solferino
10.59285532	45.4074289	-4.3880569	Solferino
10.77683145	45.50783899	-8.7493531	Solferino
10.78194769	45.50700916	-8.4097688	Solferino
10.7392033	45.41448872	-3.8083843	Solferino
10.86378806	45.54383947	-5.0352969	Solferino
10.86591948	45.51828112	-3.8030066	Solferino
10.79215013	45.58031547	-11.4719012	Solferino
10.86861833	45.51161003	-3.3199575	Solferino
10.73538352	45.48947054	-9.7558792	Solferino
10.6627594	45.48281703	-11.6036468	Solferino
10.81010001	45.48132703	-5.4089943	Solferino
10.72054789	45.48279973	-9.8431477	Solferino
10.54209872	45.46142253	-10.3438946	Solferino
10.62560371	45.47679609	-11.6038723	Solferino
10.52351939	45.46323157	-10.5821326	Solferino
10.75157349	45.41299651	-3.323533	Solferino
10.67891135	45.42243044	-5.6044138	Solferino
10.75601333	45.50876084	-9.9843013	Solferino
10.81381006	45.52956856	-7.7212556	Solferino
10.83441303	45.61432955	-10.0857954	Solferino
10.83071529	45.61959429	-10.5659441	Solferino
10.86147992	45.49839925	-3.1780789	Solferino
10.60221582	45.46860781	-10.9639742	Solferino
10.67919286	45.46746476	-9.8829471	Solferino
10.85339705	45.58127633	-7.3572797	Solferino
10.74915667	45.46446478	-7.4146341	Solferino
10.54278038	45.42100752	-5.969938	Solferino
10.72905584	45.48974543	-10.0191414	Solferino
10.5990865	45.45205967	-9.2985683	Solferino
10.58140486	45.41801389	-5.5587207	Solferino
10.88641603	45.53678783	-3.1792908	Solferino
10.76575194	45.43361994	-4.5423824	Solferino
10.57044173	45.45697602	-9.8419712	Solferino
10.81076264	45.54222859	-8.5047786	Solferino
10.76233606	45.48158163	-8.1478509	Solferino
10.76040161	45.45721046	-6.4566941	Solferino
10.8282281	45.51702906	-6.2059539	Solferino
10.64799071	45.40253711	-3.8316726	Solferino
10.61675784	45.43624321	-7.5369875	Solferino
10.6016985	45.40870462	-4.5121536	Solferino
10.85749731	45.58591143	-7.282891	Solferino
10.62435722	45.47438189	-11.3676494	Solferino
10.75199778	45.49419037	-9.4234134	Solferino
10.65247857	45.3979889	-3.3297896	Solferino
10.66697398	45.48419193	-11.6036468	Solferino
10.51344639	45.45978396	-10.2319925	Solferino
10.66310917	45.4772542	-11.0702317	Solferino
10.81869947	45.62475678	-11.6036463	Solferino
10.67337459	45.47207275	-10.4170884	Solferino
10.62750696	45.47697063	-11.6036468	Solferino
10.82978668	45.52720667	-6.5720558	Solferino
10.63565713	45.4423856	-8.0049054	Solferino
10.55644535	45.43598072	-7.5586986	Solferino
10.83301657	45.56586426	-8.0894795	Solferino
10.74073332	45.40510486	-3.0000003	Solferino
10.58788123	45.44336602	-8.3388526	Solferino
10.79525256	45.49574924	-7.0374344	Solferino
10.64606071	45.39732074	-3.2560388	Solferino
10.81826977	45.46235793	-3.9240249	Solferino
10.7768125	45.4181947	-3.0000003	Solferino
10.6249986	45.39682187	-3.2009793	Solferino
10.66715837	45.45956156	-9.3277129	Solferino
10.71556533	45.48726766	-10.3584705	Solferino
10.76355583	45.45080552	-5.8714671	Solferino
10.73809361	45.43269536	-5.3224243	Solferino
10.80200486	45.49309087	-6.501377	Solferino
10.70739012	45.43762177	-6.6135316	Solferino
10.66518908	45.43882442	-7.3914601	Solferino
10.71498635	45.44812775	-7.2572369	Solferino
10.55235384	45.45873548	-10.0364219	Solferino
10.83576062	45.50733317	-5.2655996	Solferino
10.569867	45.4637322	-10.5880672	Solferino
10.68389743	45.43155337	-6.4074026	Solferino
10.82446405	45.56778416	-8.7598428	Solferino
10.67365775	45.4270269	-6.1178228	Solferino
10.58621782	45.45712338	-9.8579356	Solferino
10.54833986	45.43863561	-7.8643092	Solferino
10.63278671	45.46733809	-10.5775408	Solferino
10.64984457	45.40295421	-3.8607266	Solferino
10.77091774	45.55168562	-11.4004305	Solferino
10.58572206	45.41356567	-5.0677823	Solferino
10.58679486	45.40216918	-3.8327996	Solferino
10.78723589	45.55646869	-10.6930686	Solferino
10.82825104	45.63563744	-11.434263	Solferino
10.80141156	45.56291245	-10.0667552	Solferino
10.73058002	45.50935399	-11.3813846	Solferino
10.6574723	45.39514919	-3.0002317	Solferino
10.84490568	45.61314953	-9.325193	Solferino
10.72877288	45.465543	-8.2697336	Solferino
10.84032082	45.47328337	-3.2119541	Solferino
10.8132829	45.56624364	-9.4453523	Solferino
10.60377744	45.44142891	-8.1247726	Solferino
10.71125431	45.41333781	-4.2495457	Solferino
10.84660382	45.61819614	-9.4312259	Solferino
10.69895662	45.49573379	-11.6036468	Solferino
10.70780973	45.47877116	-9.9624561	Solferino
10.67332679	45.42017082	-5.4204473	Solferino
10.72506411	45.40369343	-3.1178518	Solferino
10.5256449	45.47271486	-11.6036692	Solferino
10.69517216	45.4943684	-11.6036468	Solferino
10.79232394	45.45761941	-5.1445017	Solferino
10.55700627	45.46586307	-10.8237198	Solferino
10.79807597	45.4807465	-6.0706245	Solferino
10.73329195	45.51099101	-11.3956975	Solferino
10.73780238	45.40679276	-3.2115064	Solferino
10.69611278	45.44311087	-7.3115699	Solferino
10.76130653	45.53658909	-11.1729873	Solferino
10.81307998	45.53263948	-7.912812	Solferino
10.82609973	45.53644703	-7.2378575	Solferino
10.78110612	45.46664813	-6.272998	Solferino
10.70663589	45.43966978	-6.8142833	Solferino
10.87178758	45.51651427	-3.3238689	Solferino
10.85524288	45.50326693	-3.8091714	Solferino
10.78734689	45.49616185	-7.5174676	Solferino
10.66935801	45.48245999	-11.3925882	Solferino
10.6873809	45.47587886	-10.3272149	Solferino
10.66239284	45.47157563	-10.5426431	Solferino
10.56110593	45.41211585	-4.9666282	Solferino
10.76670015	45.52654011	-10.3292398	Solferino
10.78983594	45.4990039	-7.5266019	Solferino
10.72670717	45.47288035	-8.8876725	Solferino
10.61651015	45.40732712	-4.3603401	Solferino
10.87656752	45.57565914	-5.5456935	Solferino
10.86543184	45.55584847	-5.4322317	Solferino
10.82361277	45.52924235	-7.0686536	Solferino
10.71048222	45.43577234	-6.3841009	Solferino
10.78556894	45.45803834	-5.5488255	Solferino
10.70097718	45.41269251	-4.349981	Solferino
10.75530971	45.52774207	-11.0536355	Solferino
10.77909229	45.56470857	-11.6036468	Solferino
10.52904975	45.4504549	-9.1869517	Solferino
10.85255078	45.57402115	-7.097088	Solferino
10.75169934	45.53409281	-11.6039026	Solferino
10.68150701	45.42229369	-5.5667173	Solferino
10.58433236	45.40661961	-4.3196736	Solferino
10.68148693	45.46385942	-9.5100918	Solferino
10.59755509	45.42068987	-5.8354015	Solferino
10.8537091	45.48423749	-3.0000003	Solferino
10.79221579	45.49479677	-7.1658958	Solferino
10.62198723	45.42887768	-6.7390096	Solferino
10.53373526	45.47288572	-11.6035442	Solferino
10.59045364	45.42568281	-6.386612	Solferino
10.70901998	45.47061014	-9.2625137	Solferino
10.72274701	45.43911615	-6.2958243	Solferino
10.79259782	45.56451167	-10.7154724	Solferino
10.87830831	45.55699709	-4.6118401	Solferino
10.82182151	45.58212396	-9.5508711	Solferino
10.82361849	45.51319808	-6.2863936	Solferino
10.81318921	45.43997396	-3.0000003	Solferino
10.82070843	45.60006447	-10.3893565	Solferino
10.82685412	45.57435098	-8.8742282	Solferino
10.660591	45.45207239	-8.7205342	Solferino
10.74317869	45.52059702	-11.35674	Solferino
10.81207084	45.57940208	-10.1065176	Solferino
10.73410972	45.46013649	-7.6728519	Solferino
10.82513693	45.55228321	-8.0292989	Solferino
10.74988879	45.48705734	-9.0232216	Solferino
10.86076133	45.52350769	-4.3801692	Solferino
10.60189449	45.47484436	-11.6036468	Solferino
10.59445362	45.45898492	-10.0468418	Solferino
10.52955281	45.44412958	-8.5014044	Solferino
10.73899999	45.5052142	-10.757637	Solferino
10.64226664	45.41112164	-4.7581272	Solferino
10.50270372	45.47041307	-11.4068162	Solferino
10.80511433	45.46947435	-5.0588321	Solferino
10.73695123	45.4586039	-7.4595568	Solferino
10.54631636	45.41570541	-5.3884077	Solferino
10.8268738	45.59163059	-9.6068079	Solferino
10.86478036	45.59980839	-7.3986141	Solferino
10.78942768	45.47799899	-6.4141255	Solferino
10.76771604	45.47838683	-7.6717448	Solferino
10.58530413	45.3944369	-2.9999998	Solferino
10.62936748	45.47508811	-11.3957371	Solferino
10.62002993	45.43970155	-7.8622746	Solferino
10.82287452	45.49588032	-5.421792	Solferino
10.57366284	45.41314451	-5.0494678	Solferino
10.74095282	45.45320304	-6.9075223	Solferino
10.82157683	45.47159354	-4.2244102	Solferino
10.83092796	45.55372352	-7.7176861	Solferino
10.83486623	45.50944228	-5.4233603	Solferino
10.74345477	45.40929903	-3.2612464	Solferino
10.63612451	45.40711848	-4.3372639	Solferino
10.80179707	45.59799798	-11.6036472	Solferino
10.84841733	45.56320261	-6.9161104	Solferino
10.63182979	45.47514723	-11.3625669	Solferino
10.75134361	45.43425726	-5.0602823	Solferino
10.69812625	45.44700742	-7.649554	Solferino
10.88853916	45.53595112	-3.0000139	Solferino
10.61581366	45.43512852	-7.4290792	Solferino
10.59738829	45.41330312	-5.0200506	Solferino
10.79170662	45.4631897	-5.4816332	Solferino
10.71084245	45.5019466	-11.6036468	Solferino
10.74604106	45.45424973	-6.794568	Solferino
10.77767567	45.49848166	-8.1936328	Solferino
10.67043242	45.40991884	-4.3983218	Solferino
10.76756258	45.47056921	-7.1490221	Solferino
10.73614029	45.42101329	-4.4292361	Solferino
10.8673754	45.58198606	-6.4436424	Solferino
10.83252468	45.47545802	-3.7839624	Solferino
10.57111778	45.47292815	-11.6036468	Solferino
10.7566564	45.53959216	-11.6036429	Solferino
10.80592976	45.53942544	-8.6915406	Solferino
10.53201749	45.43152378	-7.1319913	Solferino
10.64489128	45.4593776	-9.6606299	Solferino
10.90296742	45.55825014	-3.0000003	Solferino
10.84943258	45.53127685	-5.4771669	Solferino
10.68511802	45.42641121	-5.9004795	Solferino
10.5907482	45.4710375	-11.3086805	Solferino
10.68673181	45.41699871	-4.982427	Solferino
10.66743372	45.44928456	-8.3483761	Solferino
10.8476032	45.52135132	-5.1398206	Solferino
10.63000152	45.47174589	-11.0509656	Solferino
10.89572436	45.54705757	-2.9999993	Solferino
10.70193972	45.39880912	-3.000075	Solferino
10.76366537	45.53054514	-10.7175208	Solferino
10.60281474	45.39745773	-3.2870137	Solferino
10.74404562	45.44397738	-6.0657126	Solferino
10.78438467	45.47368557	-6.4674497	Solferino
10.73330287	45.49632567	-10.3325921	Solferino
10.81299857	45.48693183	-5.532638	Solferino
10.67557472	45.43598265	-6.9584594	Solferino
10.5829976	45.43084051	-6.956104	Solferino
10.7104613	45.40002896	-2.9999988	Solferino
10.77844798	45.43903856	-4.4464881	Solferino
10.83679275	45.54778522	-7.0616367	Solferino
10.76408082	45.49843133	-8.9649744	Solferino
10.78071595	45.47828446	-6.9256411	Solferino
10.78554182	45.56839162	-11.3544971	Solferino
10.739787	45.5215896	-11.6036438	Solferino
10.5981363	45.40171745	-3.758459	Solferino
10.81868592	45.44574941	-3.0000008	Solferino
10.80924352	45.51646476	-7.3020466	Solferino
10.81389212	45.47419964	-4.8128863	Solferino
10.66021202	45.45891019	-9.3752124	Solferino
10.88780083	45.54226783	-3.3261101	Solferino
10.76770928	45.55196768	-11.6036468	Solferino
10.85141087	45.55364725	-6.3041148	Solferino
10.51330658	45.44875318	-9.0386846	Solferino
10.78372571	45.50247434	-8.0659881	Solferino
10.57156915	45.41636176	-5.4021848	Solferino
10.81629453	45.53626565	-7.8694407	Solferino
10.60236546	45.40466834	-4.0676756	Solferino
10.62683889	45.39500065	-3.0000042	Solferino
10.56185771	45.47292616	-11.6036468	Solferino
10.65386306	45.46707027	-10.2493562	Solferino
10.56860959	45.45180309	-9.2708037	Solferino
10.81626164	45.56178307	-9.0456879	Solferino
10.75730368	45.48667865	-8.7106855	Solferino
10.78600933	45.42308001	-3.0000008	Solferino
10.74551237	45.42828248	-4.745375	Solferino
10.7795459	45.46414445	-6.2227952	Solferino
10.71834454	45.50592825	-11.6036468	Solferino
10.80379935	45.51231416	-7.4041035	Solferino
10.85481985	45.60696853	-8.3848966	Solferino
10.61209895	45.3949932	-2.9997864	Solferino
10.5607685	45.42329909	-6.177018	Solferino
10.77771014	45.53596262	-10.1767647	Solferino
10.83332371	45.57958235	-8.6510806	Solferino
10.63803311	45.42038225	-5.7385843	Solferino
10.7624447	45.42536672	-4.0107044	Solferino
10.7502484	45.51001135	-10.3803159	Solferino
10.63732839	45.39500073	-3.0000003	Solferino
10.79240827	45.52043451	-8.4990522	Solferino
10.71439637	45.4566784	-7.9705102	Solferino
10.76157852	45.49258381	-8.7904235	Solferino
10.83270395	45.48127314	-4.0783684	Solferino
10.72175753	45.45288174	-7.4452174	Solferino
10.72303798	45.46551435	-8.435869	Solferino
10.83200249	45.51304264	-5.7761082	Solferino
10.78626899	45.43245193	-3.6686868	Solferino
10.87309533	45.51100863	-3.0000003	Solferino
10.73842645	45.40744438	-3.2581089	Solferino
10.75459337	45.48143371	-8.4348584	Solferino
10.65968806	45.48230785	-11.6036468	Solferino
10.68062325	45.46961088	-10.0155572	Solferino
10.78385661	45.55585482	-10.859345	Solferino
10.83408043	45.57287107	-8.313872	Solferino
10.84460835	45.59183414	-8.4129728	Solferino
10.84360482	45.53512701	-6.0347793	Solferino
10.49067823	45.47197769	-11.6036468	Solferino
10.6904434	45.4113029	-4.3718018	Solferino
10.71421577	45.49928202	-11.2808418	Solferino
10.78981047	45.57986061	-11.6036468	Solferino
10.73124366	45.40793424	-3.4228445	Solferino
10.63203032	45.45584335	-9.4095203	Solferino
10.64980269	45.47902437	-11.447594	Solferino
10.85278338	45.53159037	-5.2727968	Solferino
10.55446571	45.45397065	-9.5102622	Solferino
10.59827686	45.45450225	-9.5567718	Solferino
10.65364869	45.4735765	-10.870096	Solferino
10.5419844	45.46429778	-10.6553482	Solferino
10.80405893	45.57589612	-10.4914549	Solferino
10.68419196	45.44398575	-7.5820581	Solferino
10.58455941	45.46401634	-10.6191563	Solferino
10.56579266	45.43401105	-7.3244639	Solferino
10.55870108	45.4703815	-11.3226839	Solferino
10.59462738	45.45657179	-9.7968509	Solferino
10.60316063	45.44793659	-8.8433515	Solferino
10.55714683	45.40421557	-4.1211626	Solferino
10.57704434	45.43914008	-7.872497	Solferino
10.82822417	45.59932455	-9.8477378	Solferino
10.63037364	45.41688598	-5.4152946	Solferino
10.80655921	45.58172546	-10.5846519	Solferino
10.8966921	45.55492333	-3.2786101	Solferino
10.67585796	45.47084099	-10.2557596	Solferino
10.85011425	45.60064465	-8.426234	Solferino
10.80806175	45.56091347	-9.5407903	Solferino
10.79599508	45.44891833	-4.464063	Solferino
10.78432792	45.57208512	-11.6036404	Solferino
10.86042203	45.49302635	-2.9999949	Solferino
10.60537628	45.43087176	-6.959246	Solferino
10.82483362	45.47885272	-4.4137801	Solferino
10.8421447	45.54236572	-6.462968	Solferino
10.86797873	45.54877958	-4.9565672	Solferino
10.82705991	45.60916343	-10.3567737	Solferino
10.7069691	45.49572834	-11.3020708	Solferino
10.61095557	45.47559099	-11.6036497	Solferino
10.71055513	45.41922391	-4.8187527	Solferino
10.67452027	45.47952913	-11.0022874	Solferino
10.70296668	45.44210366	-7.1082414	Solferino
10.74265699	45.50278245	-10.4206558	Solferino
10.66564365	45.39582367	-2.9999715	Solferino
10.55340995	45.42821271	-6.7252226	Solferino
10.80227623	45.54347576	-9.1163983	Solferino
10.81533753	45.5056328	-6.3759789	Solferino
10.81320127	45.57166486	-9.7000855	Solferino
10.72611718	45.46957915	-8.6712371	Solferino
10.63721847	45.41345131	-5.0361941	Solferino
10.60413072	45.44955569	-9.002559	Solferino
10.63238072	45.4777792	-11.6036463	Solferino
10.78517933	45.4457682	-4.6750222	Solferino
10.75587243	45.49119141	-9.0403971	Solferino
10.57089834	45.43568637	-7.4938342	Solferino
10.57817324	45.46754433	-11.0088987	Solferino
10.71264788	45.48187364	-10.0729143	Solferino
10.62944125	45.43505983	-7.3091951	Solferino
10.79433872	45.50904419	-7.7883083	Solferino
10.72287185	45.49329712	-10.5142996	Solferino
10.77328607	45.42655118	-3.7407202	Solferino
10.70257476	45.46634897	-9.1050042	Solferino
10.82648937	45.61466683	-10.6359597	Solferino
10.78711266	45.51300473	-8.4203642	Solferino
10.61662363	45.39500055	-2.9999573	Solferino
10.61974418	45.4763152	-11.6036053	Solferino
10.85160922	45.49550702	-3.6897735	Solferino
10.78130447	45.56247029	-11.356271	Solferino
10.8186418	45.52645616	-7.2652032	Solferino
10.59811803	45.44463518	-8.4788269	Solferino
10.85383864	45.51721447	-4.542492	Solferino
10.63232609	45.44700249	-8.5043178	Solferino
10.71851024	45.40903237	-3.7271653	Solferino
10.83062786	45.49377042	-4.8557202	Solferino
10.61549227	45.40203331	-3.7761204	Solferino
10.82331381	45.63188426	-11.6036468	Solferino
10.84977969	45.51176504	-4.5567215	Solferino
10.58505461	45.42169076	-5.9473006	Solferino
10.71819424	45.47625738	-9.4527351	Solferino
10.86913951	45.59539718	-6.9110744	Solferino
10.86080358	45.52810708	-4.5725496	Solferino
10.84330145	45.6215359	-9.8004659	Solferino
10.88275758	45.52667455	-2.9999998	Solferino
10.6468481	45.45502137	-9.20126	Solferino
10.87172396	45.55049735	-4.7725323	Solferino
10.67127267	45.47548334	-10.7683758	Solferino
10.72787311	45.45840738	-7.7153145	Solferino
10.80782196	45.43828324	-3.2145513	Solferino
10.8312426	45.51191065	-5.7710541	Solferino
10.77851029	45.46030171	-5.9842234	Solferino
10.82898508	45.58498272	-9.1791689	Solferino
10.76011342	45.46515206	-7.0430413	Solferino
10.8793313	45.58508165	-5.7710909	Solferino
10.78887502	45.54970231	-10.2418518	Solferino
10.81600128	45.5126907	-6.7071857	Solferino
10.85251791	45.59489201	-8.0121845	Solferino
10.68058724	45.41266427	-4.5932163	Solferino
10.80404308	45.48218499	-5.8089785	Solferino
10.67125029	45.3978087	-3.1554934	Solferino
10.76059125	45.43796404	-5.0554651	Solferino
10.71678626	45.46224659	-8.3535294	Solferino
10.54941242	45.47077672	-11.3666033	Solferino
10.76800821	45.49431098	-8.5179859	Solferino
10.6713137	45.46860394	-10.1202874	Solferino
10.78173164	45.54918443	-10.634168	Solferino
10.78646033	45.5593482	-10.8788096	Solferino
10.82180735	45.62119285	-11.2377681	Solferino
10.73468761	45.46866017	-8.2750266	Solferino
10.59317413	45.47412553	-11.6036468	Solferino
10.83675956	45.52938217	-6.2170701	Solferino
10.65753547	45.42227892	-5.7682915	Solferino
10.76147669	45.4769044	-7.8420142	Solferino
10.62230763	45.40437805	-4.0348455	Solferino
10.65164464	45.41656667	-5.2347061	Solferino
10.77047633	45.47333435	-7.2372838	Solferino
10.65815066	45.43204273	-6.7597975	Solferino
10.76940183	45.46411049	-6.6103958	Solferino
10.70986324	45.48603875	-10.4887574	Solferino
10.66465071	45.42323281	-5.8058625	Solferino
10.68505119	45.39742063	-3.0000003	Solferino
10.82362799	45.46556109	-3.7879026	Solferino
10.84094724	45.58548529	-8.3825612	Solferino
10.8335859	45.63135965	-10.8866756	Solferino
10.87440534	45.513133	-2.9999993	Solferino
10.75412872	45.44119577	-5.5380753	Solferino
10.80301691	45.44184607	-3.6808628	Solferino
10.71255308	45.42700543	-5.525361	Solferino
10.84077018	45.57664881	-8.013658	Solferino
10.53962239	45.43528409	-7.5215075	Solferino
10.85984395	45.60480308	-7.9506815	Solferino
10.66949589	45.4731724	-10.5824119	Solferino
10.85700928	45.54136448	-5.3969212	Solferino
10.82534122	45.59641635	-9.9157954	Solferino
10.88174273	45.54724708	-3.9533655	Solferino
10.65333105	45.43813083	-7.4219034	Solferino
10.71000491	45.49123074	-10.8594536	Solferino
10.82825197	45.56038229	-8.184745	Solferino
10.52305763	45.46880595	-11.1864568	Solferino
10.84817361	45.48707107	-3.4737617	Solferino
10.51336813	45.46938341	-11.2710393	Solferino
10.8600013	45.59148341	-7.3573889	Solferino
10.72035968	45.41815264	-4.5629954	Solferino
10.82252459	45.6037589	-10.426511	Solferino
10.88920992	45.57171169	-4.5186331	Solferino
10.82598323	45.63600693	-11.6036468	Solferino
10.56018805	45.45404639	-9.5187193	Solferino
10.78446658	45.54309454	-10.1540777	Solferino
10.75345071	45.44053629	-5.5093969	Solferino
10.60926466	45.45452904	-9.4668047	Solferino
10.73704095	45.45058856	-6.8095746	Solferino
10.85600786	45.48681172	-3.0000003	Solferino
10.74723073	45.52940487	-11.6036375	Solferino
10.77496278	45.46878813	-6.7354068	Solferino
10.88323879	45.53176896	-3.1832747	Solferino
10.73706131	45.51556181	-11.4320237	Solferino
10.72335085	45.42144557	-4.8282752	Solferino
10.89208898	45.54143873	-3.0000003	Solferino
10.79278249	45.55085584	-10.0729187	Solferino
10.61289158	45.43218296	-7.1039279	Solferino
10.49890565	45.47215153	-11.6036468	Solferino
10.87423558	45.59023962	-6.3410826	Solferino
10.80636091	45.43695639	-3.2222605	Solferino
10.8296509	45.46251448	-3.2741299	Solferino
10.72083431	45.42528066	-5.2261934	Solferino
10.58759405	45.41845089	-5.5915847	Solferino
10.54157603	45.47066843	-11.3547781	Solferino
10.80922326	45.57254688	-10.0003289	Solferino
10.72477607	45.42128497	-4.7852569	Solferino
10.8463283	45.57417149	-7.5257963	Solferino
10.84480106	45.55647894	-6.8794818	Solferino
10.62259974	45.41265789	-4.9486463	Solferino
10.57845725	45.47292953	-11.6036468	Solferino
10.53789271	45.44778577	-8.8780379	Solferino
10.58522598	45.39678069	-3.253628	Solferino
10.60300171	45.41571726	-5.2864644	Solferino
10.5825778	45.42564876	-6.3828452	Solferino
10.7227041	45.49973578	-10.9872754	Solferino
10.7354881	45.4041787	-3.0000003	Solferino
10.61458165	45.41553753	-5.2665227	Solferino
10.54111131	45.46740275	-10.9942149	Solferino
10.61049009	45.42591984	-6.4125561	Solferino
10.57218412	45.43099584	-6.9835055	Solferino
10.83276384	45.51932299	-6.0150609	Solferino
10.72294211	45.50595334	-11.4286614	Solferino
10.54913129	45.42396813	-6.275771	Solferino
10.60849584	45.40142887	-3.7091617	Solferino
10.83946535	45.4835916	-3.8027832	Solferino
10.7932143	45.53095346	-9.0034523	Solferino
10.83729159	45.46584744	-3.0000003	Solferino
10.57782428	45.45197532	-9.2896242	Solferino
10.79000715	45.42795083	-3.1989593	Solferino
10.67995072	45.40400434	-3.7147293	Solferino
10.70526313	45.43174669	-6.0896951	Solferino
10.63916146	45.47697264	-11.4203714	Solferino
10.68836319	45.45817957	-8.8576494	Solferino
10.77386211	45.45133158	-5.5132058	Solferino
10.82948126	45.6355092	-11.3455371	Solferino
10.69391081	45.41598053	-4.7729341	Solferino
10.55142299	45.44278091	-8.3058056	Solferino
10.67619063	45.43022779	-6.402922	Solferino
10.69721241	45.40637564	-3.8101726	Solferino
10.80030047	45.48703404	-6.2839452	Solferino
10.76201849	45.54559639	-11.6036472	Solferino
10.88469906	45.56016495	-4.3184427	Solferino
10.81206255	45.58941634	-10.5324395	Solferino
10.81830773	45.60851372	-10.9194622	Solferino
10.7315985	45.4640268	-8.0582272	Solferino
10.78511261	45.52069927	-8.9414464	Solferino
10.53690701	45.47088033	-11.3793069	Solferino
10.7601031	45.50297618	-9.437835	Solferino
10.74900656	45.52814142	-11.4340237	Solferino
10.61549609	45.3976925	-3.297094	Solferino
10.64870914	45.44454711	-8.1158463	Solferino
10.7703204	45.43987805	-4.8198726	Solferino
10.75914509	45.44288705	-5.4676112	Solferino
10.84798727	45.50310838	-4.2754456	Solferino
10.76985617	45.50229772	-8.8457743	Solferino
10.81662579	45.51767852	-6.9321264	Solferino
10.75757287	45.4111863	-3.0000003	Solferino
10.69034527	45.39983359	-3.2017469	Solferino
10.75651941	45.49708228	-9.3223092	Solferino
10.77035975	45.53730287	-10.6787544	Solferino
10.86671666	45.50565464	-3.1700555	Solferino
10.57242376	45.42610948	-6.4547079	Solferino
10.75979433	45.48598819	-8.5347353	Solferino
10.57972503	45.42489379	-6.3064825	Solferino
10.74391581	45.50604241	-10.5256353	Solferino
10.85959055	45.56004926	-6.012517	Solferino
10.83413564	45.59452887	-9.2385457	Solferino
10.82578655	45.45320861	-3.0000164	Solferino
10.78759634	45.50439973	-7.9409032	Solferino
10.71441438	45.43751165	-6.4100911	Solferino
10.87705393	45.58357646	-5.8591443	Solferino
10.69966972	45.45602388	-8.3499446	Solferino
10.74774687	45.44631784	-6.1475269	Solferino
10.82280334	45.45703317	-3.3772144	Solferino
10.80834401	45.47837554	-5.3573794	Solferino
10.52743204	45.43709031	-7.7446369	Solferino
10.6532291	45.45093629	-8.7285839	Solferino
10.82597711	45.62790147	-11.2494744	Solferino
10.55900071	45.43225564	-7.1499153	Solferino
10.83449786	45.60020178	-9.4621375	Solferino
10.83843865	45.49878482	-4.659958	Solferino
10.75570946	45.53232992	-11.2788499	Solferino
10.84650289	45.53795193	-5.9754263	Solferino
10.87547206	45.56312792	-5.0716514	Solferino
10.56168969	45.44589378	-8.6188698	Solferino
10.68821989	45.40448483	-3.6943294	Solferino
10.64213473	45.40311081	-3.8949803	Solferino
10.79094872	45.4690975	-5.8449512	Solferino
10.83315848	45.60703303	-9.8514512	Solferino
10.80873239	45.5298871	-8.0361612	Solferino
10.83687167	45.4891807	-4.2482569	Solferino
10.89359109	45.57064379	-4.1758321	Solferino
10.6095122	45.3980355	-3.3351534	Solferino
10.67734102	45.46774281	-9.9440347	Solferino
10.59250364	45.41813211	-5.5530094	Solferino
10.59428179	45.43256322	-7.1461064	Solferino
10.67050879	45.40250631	-3.641118	Solferino
10.54680911	45.46268329	-10.4722832	Solferino
10.78081476	45.4258687	-3.4017273	Solferino
10.57153961	45.43753537	-7.6949866	Solferino
10.87844479	45.5196828	-3.0000003	Solferino
10.55480933	45.41667328	-5.4738286	Solferino
10.81803053	45.46828127	-4.2587437	Solferino
10.73299342	45.51445388	-11.6038147	Solferino
10.64849175	45.4305539	-6.6890377	Solferino
10.67910965	45.45035294	-8.2660365	Solferino
10.56999069	45.44084568	-8.0608836	Solferino
10.84954937	45.58742373	-7.8861542	Solferino
10.89217386	45.56626329	-4.079993	Solferino
10.7532645	45.53579317	-11.6036751	Solferino
10.77270007	45.529605	-10.1375442	Solferino
10.83375262	45.55428607	-7.5470498	Solferino
10.58397569	45.46734776	-10.9869917	Solferino
10.82478573	45.54548393	-7.7393978	Solferino
10.59666845	45.43739778	-7.6798011	Solferino
10.77418562	45.42085906	-3.2939583	Solferino
10.68580146	45.40910293	-4.1859402	Solferino
10.80483468	45.5937525	-11.214158	Solferino
10.59543367	45.41135246	-4.8062588	Solferino
10.62306207	45.44655643	-8.5366951	Solferino
10.81770743	45.54145488	-8.0159961	Solferino
10.77733686	45.46851115	-6.5887184	Solferino
10.83833159	45.62656143	-10.3561182	Solferino
10.80784769	45.57708202	-10.2987913	Solferino
10.85411805	45.48872771	-3.2115196	Solferino
10.68877971	45.46627697	-9.5044886	Solferino
10.60491398	45.4632737	-10.3965061	Solferino
10.87050612	45.50733453	-3.0000042	Solferino
10.75157736	45.52245245	-10.9792088	Solferino
10.50187249	45.46596521	-10.9273416	Solferino
10.78184226	45.49019161	-7.506989	Solferino
10.73143306	45.51287349	-11.6036468	Solferino
10.64368854	45.44898255	-8.6109626	Solferino
10.69947533	45.49309386	-11.3738294	Solferino
10.80004758	45.55493959	-9.788899	Solferino
10.85713538	45.48835586	-3.0004431	Solferino
10.61534552	45.448421	-8.7919999	Solferino
10.74916175	45.44623029	-6.0937278	Solferino
10.73379642	45.44276373	-6.2680418	Solferino
10.79444026	45.42755773	-3.0000003	Solferino
10.8412471	45.6059293	-9.2565771	Solferino
10.61717568	45.45458828	-9.4063582	Solferino
10.57084464	45.3941348	-3.0000008	Solferino
10.55074622	45.46361771	-10.5759024	Solferino
10.66058822	45.39684439	-3.1468914	Solferino
10.87719355	45.52451959	-3.291614	Solferino
10.63971136	45.43794956	-7.5178947	Solferino
10.82282235	45.51966671	-6.6728547	Solferino
10.79926269	45.45259407	-4.4769656	Solferino
10.66607743	45.48074179	-11.3491221	Solferino
10.69976852	45.4249717	-5.5335099	Solferino
10.60754527	45.40569919	-4.180647	Solferino
10.82027885	45.50080394	-5.8324815	Solferino
10.8356601	45.58944657	-8.913147	Solferino
10.76845552	45.52172044	-9.9735508	Solferino
10.74496373	45.45048559	-6.563262	Solferino
10.53543373	45.45405682	-9.5621853	Solferino
10.74628845	45.49077752	-9.4312268	Solferino
10.65310509	45.40622703	-4.1670857	Solferino
10.86799852	45.52321924	-3.8695501	Solferino
10.72279791	45.4141283	-4.1430081	Solferino
10.59182262	45.44983425	-9.0529673	Solferino
10.63400455	45.41132183	-4.8011631	Solferino
10.84129481	45.59903632	-8.9518633	Solferino
10.79370392	45.44589534	-4.3564214	Solferino
10.85000076	45.52651155	-5.2209016	Solferino
10.74494308	45.40662535	-3.0000003	Solferino
10.77748044	45.55232241	-11.0484417	Solferino
10.81817021	45.56663655	-9.1444362	Solferino
10.62674383	45.44223733	-8.0647264	Solferino
10.69269133	45.45379612	-8.3736941	Solferino
10.54507399	45.46608001	-10.8477141	Solferino
10.81118003	45.5549303	-9.0619844	Solferino
10.8274066	45.48629611	-4.6529544	Solferino
10.62352582	45.42017116	-5.7779308	Solferino
10.8271723	45.63784321	-11.6036468	Solferino
10.6037529	45.45749733	-9.8163562	Solferino
10.74317772	45.51383552	-10.9901648	Solferino
10.52992215	45.47099554	-11.4078372	Solferino
10.85408456	45.54592836	-5.7921519	Solferino
10.80391195	45.43258735	-3.0000003	Solferino
10.7201546	45.47561804	-9.3380197	Solferino
10.52935226	45.45671699	-9.8638731	Solferino
10.85768644	45.53552116	-5.1020003	Solferino
10.83291392	45.46094276	-2.9999578	Solferino
10.79790985	45.58815791	-11.4540257	Solferino
10.80948419	45.53602169	-8.303127	Solferino
10.57051428	45.44474925	-8.4918429	Solferino
10.73390864	45.41202573	-3.7635735	Solferino
10.84121162	45.58049895	-8.1468609	Solferino
10.77337948	45.42032945	-3.2796184	Solferino
10.54457225	45.47292165	-11.6036575	Solferino
10.74953143	45.42196595	-4.1133206	Solferino
10.85486678	45.49135461	-3.2861512	Solferino
10.83959562	45.55014003	-6.9686559	Solferino
10.62672786	45.42671618	-6.4807014	Solferino
10.80528437	45.55119878	-9.2750454	Solferino
10.64629578	45.47402638	-11.028501	Solferino
10.69897812	45.40219399	-3.3705259	Solferino
10.53744976	45.42580865	-6.5013926	Solferino
10.84818015	45.53975319	-5.9364554	Solferino
10.83262296	45.53440042	-6.7179403	Solferino
10.64555726	45.42470079	-6.1161931	Solferino
10.80655951	45.56742586	-9.9384807	Solferino
10.69029508	45.44051071	-7.1564125	Solferino
10.56811659	45.46931449	-11.2046077	Solferino
10.57999742	45.4713718	-11.4315735	Solferino
10.582001	45.47320312	-11.6037683	Solferino
10.75962866	45.41664439	-3.3836914	Solferino
10.76624556	45.4776203	-7.7104795	Solferino
10.73985228	45.43881736	-5.7689624	Solferino
10.68472208	45.41665148	-4.9657796	Solferino
10.66121682	45.44583719	-8.1191703	Solferino
10.65484301	45.4270626	-6.2792447	Solferino
10.75314471	45.51807872	-10.6528089	Solferino
10.74627455	45.47104905	-8.0024379	Solferino
10.84252184	45.50218495	-4.5900374	Solferino
10.82641784	45.57855983	-9.083047	Solferino
10.83345559	45.50528163	-5.2934086	Solferino
10.71535761	45.40335633	-3.2385039	Solferino
10.8632773	45.59655196	-7.3577246	Solferino
10.61478759	45.46097503	-10.0786551	Solferino
10.72034117	45.43160094	-5.7549591	Solferino
10.79816839	45.54838122	-9.6102989	Solferino
10.79958069	45.44622736	-4.1142547	Solferino
10.80191857	45.5416084	-9.0512254	Solferino
10.67301171	45.43090034	-6.5167498	Solferino
10.67221854	45.45602475	-8.9125437	Solferino
10.71674485	45.42224752	-5.00819	Solferino
10.89798066	45.56619826	-3.6847068	Solferino
10.56659745	45.4390267	-7.8647563	Solferino
10.64940113	45.42074883	-5.680463	Solferino
10.84075096	45.5715874	-7.8001261	Solferino
10.60873813	45.41099287	-4.7649934	Solferino
10.80423946	45.44801588	-3.945501	Solferino
10.77200725	45.47333055	-7.1531742	Solferino
10.80093555	45.49897713	-6.8728698	Solferino
10.71789134	45.4438164	-6.8210049	Solferino
10.85593306	45.60875966	-8.3880337	Solferino
10.52172004	45.44372248	-8.4751903	Solferino
10.63350537	45.47090133	-10.9332576	Solferino
10.86526888	45.56027059	-5.6360056	Solferino
10.80388621	45.53246891	-8.4562011	Solferino
10.88420236	45.58015041	-5.2261931	Solferino
10.79334237	45.55848189	-10.389482	Solferino
10.57757452	45.40434569	-4.0890113	Solferino
10.70134687	45.44502839	-7.4057843	Solferino
10.81423874	45.52466833	-7.438996	Solferino
10.79165678	45.48939036	-6.9048377	Solferino
10.82287341	45.46341187	-3.7189402	Solferino
10.65143663	45.4108648	-4.6544605	Solferino
10.75194478	45.45972944	-6.9643989	Solferino
10.62785975	45.42996295	-6.8021712	Solferino
10.65139025	45.46188891	-9.7966602	Solferino
10.74524965	45.49888435	-10.0585269	Solferino
10.51714316	45.4725361	-11.6036468	Solferino
10.80369528	45.58041781	-10.7239661	Solferino
10.80834687	45.43494206	-3.0000003	Solferino
10.77712028	45.55923265	-11.4321365	Solferino
10.76416037	45.52046721	-10.1555689	Solferino
10.61538537	45.42100407	-5.8698979	Solferino
10.87689975	45.54399268	-4.1386844	Solferino
10.52037138	45.45314269	-9.4975457	Solferino
10.67441989	45.48687958	-11.6036468	Solferino
10.66380039	45.48304629	-11.6036468	Solferino
10.8822857	45.5413238	-3.6575242	Solferino
10.77504809	45.52402582	-9.7070149	Solferino
10.65542791	45.39500002	-3.0000003	Solferino
10.6526107	45.48113442	-11.6036468	Solferino
10.8939943	45.54791102	-3.1542615	Solferino
10.75912742	45.43612839	-4.9788387	Solferino
10.59697693	45.46460725	-10.5994717	Solferino
10.64028686	45.46162822	-9.9311197	Solferino
10.87632788	45.5517328	-4.5155037	Solferino
10.80160902	45.43672887	-3.3885061	Solferino
10.80040621	45.52352316	-8.191315	Solferino
10.74741502	45.49853586	-9.9199358	Solferino
10.83699802	45.5400632	-6.6929648	Solferino
10.77944011	45.41959056	-3.0000003	Solferino
10.82663587	45.50910412	-5.8944649	Solferino
10.80651888	45.59942587	-11.3392622	Solferino
10.88920129	45.57508903	-4.6669568	Solferino
10.8026453	45.44072501	-3.6381192	Solferino
10.56451691	45.41876933	-5.678557	Solferino
10.7644542	45.48070755	-7.9829644	Solferino
10.70214766	45.40137206	-3.2581104	Solferino
10.84069477	45.50233326	-4.7135386	Solferino
10.73525386	45.5029328	-10.736336	Solferino
10.6090784	45.44194693	-8.1819016	Solferino
10.81110421	45.61302248	-11.6036204	Solferino
10.58661681	45.43710202	-7.6473359	Solferino
10.78571033	45.44021279	-4.2522339	Solferino
10.7942904	45.50248203	-7.4470137	Solferino
10.70886855	45.44233441	-6.9655193	Solferino
10.83012571	45.59340374	-9.4600767	Solferino
10.5936997	45.39785659	-3.3508723	Solferino
10.86295005	45.53336069	-4.6479109	Solferino
10.66326318	45.46611495	-10.0107974	Solferino
10.50853943	45.45585632	-9.8181658	Solferino
10.86760551	45.58999609	-6.7784629	Solferino
10.60599979	45.394868	-3.0000183	Solferino
10.59120794	45.41643361	-5.3658275	Solferino
10.77734094	45.56274858	-11.6036468	Solferino
10.72865993	45.43137775	-5.4923689	Solferino
10.63219405	45.46182053	-10.018575	Solferino
10.64312988	45.47956218	-11.6036468	Solferino
10.58310004	45.47027525	-11.2954983	Solferino
10.84570034	45.47895893	-3.1935818	Solferino
10.72789425	45.45060153	-7.0793384	Solferino
10.84790985	45.60718259	-8.8611785	Solferino
10.67253161	45.44627799	-7.9829453	Solferino
10.72868558	45.41732151	-4.3479048	Solferino
10.85036988	45.49252717	-3.6309239	Solferino
10.7648627	45.43031345	-4.3371502	Solferino
10.73106242	45.47747376	-9.0529119	Solferino
10.6901426	45.48966979	-11.3688387	Solferino
10.56308206	45.40723612	-4.4343889	Solferino
10.50904422	45.46298722	-10.5886851	Solferino
10.68868094	45.42124145	-5.3541309	Solferino
10.6488036	45.4554165	-9.2233201	Solferino
10.81349942	45.44719903	-3.3739175	Solferino
10.7030176	45.49296878	-11.2541236	Solferino
10.85641778	45.56394045	-6.396326	Solferino
10.55347152	45.44787578	-8.8523369	Solferino
10.57423546	45.4214234	-5.9436822	Solferino
10.83936585	45.62037862	-10.0157527	Solferino
10.77507752	45.5183995	-9.4103081	Solferino
10.77587821	45.41779505	-3.0000003	Solferino
10.8590841	45.55249436	-5.726851	Solferino
10.6594757	45.401597	-3.641	Solferino
10.624371	45.45845681	-9.7408675	Solferino
10.77278033	45.55764419	-11.6036468	Solferino
10.79304377	45.52574678	-8.7403577	Solferino
10.78317813	45.52839682	-9.4587845	Solferino
10.79617634	45.58888805	-11.6036468	Solferino
10.81750001	45.61413093	-11.2199561	Solferino
10.87092925	45.57757657	-6.0106039	Solferino
10.71299745	45.46657672	-8.8173199	Solferino
10.76889177	45.44542576	-5.2766053	Solferino
10.69286088	45.46102428	-8.9570175	Solferino
10.88523008	45.56695594	-4.5795762	Solferino
10.77787597	45.44406971	-4.8328682	Solferino
10.82637284	45.54099812	-7.4294226	Solferino
10.54844143	45.45942829	-10.1138726	Solferino
10.78182416	45.51510258	-8.8410431	Solferino
10.75130961	45.49274957	-9.3810345	Solferino
10.81932429	45.45157256	-3.2792849	Solferino
10.61944088	45.42601371	-6.4228649	Solferino
10.83223063	45.63079796	-10.9536682	Solferino
10.63389736	45.42621326	-6.3685973	Solferino
10.52090584	45.45804868	-10.0272078	Solferino
10.6644271	45.48112923	-11.4172337	Solferino
10.84325431	45.5097873	-4.8916746	Solferino
10.7941884	45.44930116	-4.5845396	Solferino
10.55846518	45.4494829	-9.0152141	Solferino
10.71883218	45.42602597	-5.3337393	Solferino
10.798462	45.46563218	-5.2293323	Solferino
10.71884477	45.47054749	-8.9687799	Solferino
10.81837113	45.47929137	-4.8163811	Solferino
10.66288396	45.4377294	-7.3010639	Solferino
10.55281609	45.45170616	-9.2683044	Solferino
10.82256245	45.56219178	-8.6533659	Solferino
10.73407327	45.42776215	-5.0391089	Solferino
10.67054285	45.43202803	-6.6543802	Solferino
10.68748279	45.43596756	-6.7696972	Solferino
10.64353447	45.40705246	-4.3299629	Solferino
10.80697175	45.49053882	-6.0757832	Solferino
10.69342719	45.39810949	-3.0000076	Solferino
10.8007953	45.57040156	-10.4515628	Solferino
10.84721238	45.57739175	-7.604829	Solferino
10.76924522	45.51774701	-9.7181595	Solferino
10.8341368	45.54455285	-7.0862947	Solferino
10.57632752	45.3962012	-3.2110581	Solferino
10.64720085	45.39500047	-3.0000003	Solferino
10.79572986	45.49135242	-6.7789053	Solferino
10.53673521	45.45949235	-10.1474046	Solferino
10.64284015	45.46677439	-10.3947674	Solferino
10.82540692	45.55842855	-8.2952419	Solferino
10.81993227	45.52336935	-7.0366002	Solferino
10.7791371	45.43359753	-4.02594	Solferino
10.54520097	45.42906474	-6.8360164	Solferino
10.60003257	45.42640676	-6.4664123	Solferino
10.85019952	45.57136863	-7.1403215	Solferino
10.8130275	45.59951907	-10.8951824	Solferino
10.67682668	45.42703523	-6.09019	Solferino
10.68481555	45.48292045	-10.9758494	Solferino
10.85761195	45.57696704	-6.8839666	Solferino
10.63499295	45.41760005	-5.4803711	Solferino
10.75131117	45.49900995	-9.7233892	Solferino
10.63039513	45.42254596	-6.0239645	Solferino
10.84623431	45.58214176	-7.8792261	Solferino
10.56235224	45.44970128	-9.0389497	Solferino
10.65906523	45.44502723	-8.0760954	Solferino
10.80489482	45.48450103	-5.8814969	Solferino
10.83607729	45.62574302	-10.4726258	Solferino
10.57432619	45.40048129	-3.6784336	Solferino
10.7981403	45.59207237	-11.6035887	Solferino
10.79098671	45.4540158	-5.0255642	Solferino
10.66827551	45.47723417	-10.9870498	Solferino
10.65686692	45.4435205	-7.9428288	Solferino
10.72313112	45.47125754	-8.9006676	Solferino
10.65456764	45.45559114	-9.1491422	Solferino
10.72204154	45.47743649	-9.3971702	Solferino
10.63928228	45.45249161	-9.0062802	Solferino
10.85118843	45.61355914	-8.9185922	Solferino
10.76668343	45.50921638	-9.4015503	Solferino
10.70826862	45.40633162	-3.6321111	Solferino
10.60732594	45.47325818	-11.3959209	Solferino
10.83183163	45.58896767	-9.1522793	Solferino
10.64049203	45.43159549	-6.8626246	Solferino
10.85649219	45.5106866	-4.0689585	Solferino
10.88383536	45.55289759	-4.0589864	Solferino
10.83893183	45.55988091	-7.428071	Solferino
10.68528407	45.49080045	-11.6036468	Solferino
10.73969274	45.40487565	-3.0000003	Solferino
10.82000642	45.55748141	-8.6033338	Solferino
10.56409287	45.40182729	-3.8471453	Solferino
10.86131276	45.50853353	-3.6552434	Solferino
10.50104795	45.46137338	-10.4322959	Solferino
10.79418108	45.54289802	-9.5732769	Solferino
10.75999989	45.52293567	-10.5259715	Solferino
10.79210808	45.53684467	-9.3774532	Solferino
10.86178919	45.56604609	-6.1238551	Solferino
10.63486317	45.39683014	-3.2018719	Solferino
10.6872582	45.45801525	-8.8648201	Solferino
10.56425671	45.4291824	-6.8055396	Solferino
10.58869386	45.46592503	-10.8042129	Solferino
10.84665409	45.49629387	-4.0467923	Solferino
10.81059288	45.49931179	-6.3231594	Solferino
10.50898426	45.47236419	-11.6036468	Solferino
10.74150236	45.45399247	-6.9505078	Solferino
10.67924007	45.39934657	-3.2453387	Solferino
10.86532343	45.57265387	-6.1741647	Solferino
10.72985598	45.41485056	-4.1005496	Solferino
10.58984737	45.46140789	-10.331045	Solferino
10.63199209	45.41874539	-5.6205248	Solferino
10.79801974	45.57789797	-10.9776385	Solferino
10.60934353	45.44458063	-8.4506154	Solferino
10.70366927	45.49813899	-11.6036468	Solferino
10.7726296	45.47723445	-7.3291522	Solferino
10.49334135	45.46984788	-11.3670462	Solferino
10.66623813	45.42776775	-6.2554948	Solferino
10.81038178	45.47189227	-4.8903181	Solferino
10.74398423	45.47701465	-8.52269	Solferino
10.66801941	45.44174582	-7.6240123	Solferino
10.88189238	45.57161842	-5.009086	Solferino
10.79710574	45.51679343	-8.0321808	Solferino
10.75740354	45.51430131	-10.205554	Solferino
10.57804333	45.42947862	-6.8062886	Solferino
10.74800725	45.43848349	-5.5022281	Solferino
10.7674381	45.4199043	-3.4195401	Solferino
10.76989274	45.42521279	-3.7743282	Solferino
10.73406192	45.48376235	-9.3931367	Solferino
10.64309095	45.4164594	-5.2956278	Solferino
10.69435447	45.40720782	-3.9209988	Solferino
10.57486874	45.40875982	-4.5725183	Solferino
10.62141201	45.43171738	-7.0357862	Solferino
10.78995889	45.45358872	-5.0577173	Solferino
10.54032607	45.44298714	-8.3533057	Solferino
10.82713665	45.45944088	-3.2607388	Solferino
10.61313373	45.4399495	-7.94589	Solferino
10.52139407	45.44924037	-9.0729644	Solferino
10.65958787	45.41643315	-5.1543289	Solferino
10.7924336	45.48361096	-6.5472083	Solferino
10.67963753	45.48634926	-11.4071516	Solferino
10.75600223	45.42899936	-4.4955557	Solferino
10.81515597	45.49495096	-5.8264328	Solferino
10.70445506	45.39903269	-3.0000003	Solferino
10.79759694	45.58436227	-11.3027845	Solferino
10.86567708	45.50048337	-2.9999983	Solferino
10.66235457	45.40560276	-4.0256641	Solferino
10.80533295	45.50616581	-6.9915648	Solferino
10.80349617	45.58583875	-10.9702859	Solferino
10.55406328	45.40998061	-4.7516487	Solferino
10.5589706	45.44158886	-8.1597187	Solferino
10.80927376	45.61011364	-11.6035867	Solferino
10.78024727	45.56629569	-11.6037288	Solferino
10.57826649	45.461183	-10.3063782	Solferino
10.75111977	45.50376053	-9.991781	Solferino
10.7144225	45.47486887	-9.4504947	Solferino
10.81242936	45.46576249	-4.4411438	Solferino
10.81717505	45.60503616	-10.844239	Solferino
10.87073611	45.5567649	-5.1134998	Solferino
10.67686917	45.46248771	-9.4525493	Solferino
10.8239788	45.52169407	-6.6981225	Solferino
10.66938909	45.43457027	-6.9218389	Solferino
10.8133162	45.60708547	-11.1965872	Solferino
10.87163996	45.53060532	-3.9325125	Solferino
10.54906266	45.434106	-7.3726238	Solferino
10.8172299	45.55008125	-8.4440453	Solferino
10.77351601	45.54585143	-10.9417932	Solferino
10.70043632	45.43765828	-6.7263421	Solferino
10.80102315	45.53838534	-8.9347224	Solferino
10.76642742	45.42737978	-4.0575318	Solferino
10.78458247	45.53650042	-9.8013618	Solferino
10.69415623	45.48584282	-10.9393284	Solferino
10.78554195	45.46095498	-5.7119709	Solferino
10.60716824	45.42070559	-5.8370186	Solferino
10.89930316	45.55258821	-2.9999998	Solferino
