13.42401999	46.278	-1.0000003	Tramonti-Montemaggiore
13.42396529	46.28217205	-1.4185237	Tramonti-Montemaggiore
13.07772055	46.29591004	-3.1003176	Tramonti-Montemaggiore
13.12654061	46.33866674	-6.5550308	Tramonti-Montemaggiore
13.31584775	46.27876618	-0.9999866	Tramonti-Montemaggiore
13.3026045	46.28451731	-1.5554949	Tramonti-Montemaggiore
13.18727771	46.31140956	-3.8463281	Tramonti-Montemaggiore
13.28843868	46.29921849	-2.8755086	Tramonti-Montemaggiore
12.93512415	46.31550978	-5.5993445	Tramonti-Montemaggiore
12.79857923	46.32541866	-7.0876245	Tramonti-Montemaggiore
13.30199976	46.32796882	-5.9157488	Tramonti-Montemaggiore
13.15906571	46.29645281	-2.2964511	Tramonti-Montemaggiore
12.86633843	46.29847578	-4.1840926	Tramonti-Montemaggiore
13.42383591	46.29203245	-2.4077608	Tramonti-Montemaggiore
13.2435974	46.3108233	-3.5035314	Tramonti-Montemaggiore
13.28884644	46.28523778	-1.4753567	Tramonti-Montemaggiore
12.92958616	46.33010116	-7.0876262	Tramonti-Montemaggiore
12.87771264	46.29984716	-4.2850664	Tramonti-Montemaggiore
13.12146996	46.34311877	-7.0873613	Tramonti-Montemaggiore
13.04917528	46.30692786	-4.3317808	Tramonti-Montemaggiore
12.86378901	46.28505938	-2.8463162	Tramonti-Montemaggiore
13.22960806	46.28820217	-1.2968911	Tramonti-Montemaggiore
13.16973885	46.31663968	-4.3407387	Tramonti-Montemaggiore
12.87424091	46.30717806	-5.0341992	Tramonti-Montemaggiore
13.16819697	46.3285443	-5.5333599	Tramonti-Montemaggiore
13.42365578	46.30575924	-3.7850836	Tramonti-Montemaggiore
13.01229185	46.3027219	-4.0750317	Tramonti-Montemaggiore
13.00705794	46.2938515	-3.2032829	Tramonti-Montemaggiore
12.87346608	46.26693144	-0.9999719	Tramonti-Montemaggiore
12.82161346	46.30230098	-4.7003639	Tramonti-Montemaggiore
13.12220265	46.28852621	-1.6100874	Tramonti-Montemaggiore
13.29423828	46.27986243	-1.0000003	Tramonti-Montemaggiore
12.94674657	46.30432519	-4.4315623	Tramonti-Montemaggiore
13.42350248	46.31743663	-4.9569493	Tramonti-Montemaggiore
12.93195398	46.26949325	-1.0000154	Tramonti-Montemaggiore
13.37383207	46.32348112	-5.5636646	Tramonti-Montemaggiore
12.88732216	46.32822754	-7.0875916	Tramonti-Montemaggiore
13.10537663	46.27956247	-1.0000017	Tramonti-Montemaggiore
12.80189623	46.2808474	-2.6075344	Tramonti-Montemaggiore
13.40769498	46.28620279	-1.8227847	Tramonti-Montemaggiore
13.3276288	46.33543257	-6.7068714	Tramonti-Montemaggiore
13.07738729	46.31752221	-5.2689393	Tramonti-Montemaggiore
13.3955233	46.30021054	-3.2281558	Tramonti-Montemaggiore
13.09928508	46.29821367	-2.9701516	Tramonti-Montemaggiore
12.76021706	46.28952605	-3.6012662	Tramonti-Montemaggiore
12.87630879	46.32773613	-7.0884971	Tramonti-Montemaggiore
12.84022852	46.27007185	-1.4132818	Tramonti-Montemaggiore
13.4233442	46.32949146	-6.1668628	Tramonti-Montemaggiore
13.29970566	46.33538104	-6.6462622	Tramonti-Montemaggiore
13.31503954	46.28425846	-1.5497874	Tramonti-Montemaggiore
13.42322371	46.33866409	-7.0876145	Tramonti-Montemaggiore
13.25679461	46.31436543	-4.0180061	Tramonti-Montemaggiore
13.32939258	46.321383	-5.2992274	Tramonti-Montemaggiore
13.01818456	46.33302983	-7.0875945	Tramonti-Montemaggiore
13.11626442	46.3032078	-3.1808461	Tramonti-Montemaggiore
13.13163234	46.28399698	-1.0000003	Tramonti-Montemaggiore
13.00005499	46.32678919	-6.5273872	Tramonti-Montemaggiore
13.3620543	46.29170087	-2.3738461	Tramonti-Montemaggiore
12.94365156	46.27000768	-1.0000003	Tramonti-Montemaggiore
12.95627456	46.32899358	-6.8784002	Tramonti-Montemaggiore
13.20755401	46.33830068	-6.4469783	Tramonti-Montemaggiore
13.30490355	46.3354131	-6.6685376	Tramonti-Montemaggiore
13.40898853	46.27800107	-1.0000037	Tramonti-Montemaggiore
12.74965314	46.32397266	-7.0876145	Tramonti-Montemaggiore
13.25493643	46.32693536	-5.2594279	Tramonti-Montemaggiore
12.86282893	46.31223427	-5.5745907	Tramonti-Montemaggiore
13.14510782	46.288457	-1.4703579	Tramonti-Montemaggiore
13.25165297	46.3049788	-3.0127175	Tramonti-Montemaggiore
12.7883914	46.31912335	-6.486231	Tramonti-Montemaggiore
13.07804168	46.27497608	-1.0000003	Tramonti-Montemaggiore
13.13116652	46.31501408	-4.11234	Tramonti-Montemaggiore
13.30718352	46.32453076	-5.5790275	Tramonti-Montemaggiore
13.41692719	46.30185198	-3.3929551	Tramonti-Montemaggiore
13.37694277	46.31140056	-4.3515988	Tramonti-Montemaggiore
12.97982256	46.30727291	-4.6295004	Tramonti-Montemaggiore
13.02929113	46.27934708	-1.6548587	Tramonti-Montemaggiore
13.28632104	46.34136938	-7.0876145	Tramonti-Montemaggiore
13.39757655	46.31840239	-5.0537309	Tramonti-Montemaggiore
13.02946401	46.3246819	-6.2000203	Tramonti-Montemaggiore
13.31093996	46.33949544	-7.087614	Tramonti-Montemaggiore
13.10761018	46.33613437	-6.6244614	Tramonti-Montemaggiore
13.31193511	46.3155753	-4.6877625	Tramonti-Montemaggiore
13.1313396	46.3034128	-2.9480003	Tramonti-Montemaggiore
13.19070732	46.31591493	-4.2987355	Tramonti-Montemaggiore
12.95685308	46.27510985	-1.472249	Tramonti-Montemaggiore
13.1904188	46.33558813	-6.2734837	Tramonti-Montemaggiore
12.90769687	46.32913145	-7.087615	Tramonti-Montemaggiore
13.00988764	46.31536465	-5.3524287	Tramonti-Montemaggiore
13.07795072	46.28089287	-1.5935425	Tramonti-Montemaggiore
13.13072021	46.34465598	-7.0876145	Tramonti-Montemaggiore
12.89355847	46.32445471	-6.6814719	Tramonti-Montemaggiore
12.94508449	46.32442564	-6.4529221	Tramonti-Montemaggiore
13.3614187	46.33867205	-7.0876145	Tramonti-Montemaggiore
13.05059254	46.28610859	-2.2379777	Tramonti-Montemaggiore
12.73966022	46.31696309	-6.4141721	Tramonti-Montemaggiore
13.30048956	46.27911466	-1.0000003	Tramonti-Montemaggiore
13.21036159	46.28413846	-0.9999995	Tramonti-Montemaggiore
13.07710839	46.33564141	-7.0876145	Tramonti-Montemaggiore
13.24142847	46.30959779	-3.3741695	Tramonti-Montemaggiore
13.2980691	46.32673846	-5.7583799	Tramonti-Montemaggiore
13.38135418	46.3334675	-6.5659512	Tramonti-Montemaggiore
13.069192	46.29180943	-2.7268878	Tramonti-Montemaggiore
12.97492551	46.2709348	-0.9999988	Tramonti-Montemaggiore
12.92840575	46.27383375	-1.4509282	Tramonti-Montemaggiore
13.01414975	46.27885785	-1.6736143	Tramonti-Montemaggiore
13.20049859	46.28899632	-1.5435984	Tramonti-Montemaggiore
12.74634402	46.27938804	-2.6259402	Tramonti-Montemaggiore
12.99733079	46.3133066	-5.1828529	Tramonti-Montemaggiore
13.3278737	46.29287909	-2.4358101	Tramonti-Montemaggiore
12.9331789	46.32524511	-6.5841392	Tramonti-Montemaggiore
13.34532348	46.28283034	-1.456178	Tramonti-Montemaggiore
13.07962646	46.31251375	-4.7362757	Tramonti-Montemaggiore
12.740609	46.263	-1.0000003	Tramonti-Montemaggiore
12.88772249	46.27462847	-1.7115112	Tramonti-Montemaggiore
13.35984662	46.31225148	-4.4332601	Tramonti-Montemaggiore
13.30017848	46.30145129	-3.2410029	Tramonti-Montemaggiore
13.1279584	46.3014138	-2.8017403	Tramonti-Montemaggiore
12.78720162	46.30755962	-5.3298141	Tramonti-Montemaggiore
12.77246222	46.32464775	-7.0876135	Tramonti-Montemaggiore
12.95481094	46.27033876	-1.0000154	Tramonti-Montemaggiore
13.3514885	46.33883466	-7.0876135	Tramonti-Montemaggiore
12.81303473	46.27022892	-1.5098872	Tramonti-Montemaggiore
13.19111287	46.28827383	-1.5249297	Tramonti-Montemaggiore
12.83698212	46.30912657	-5.3393274	Tramonti-Montemaggiore
13.08341102	46.27582207	-1.0002639	Tramonti-Montemaggiore
12.95502378	46.29898104	-3.8712821	Tramonti-Montemaggiore
13.07946236	46.32320447	-5.8092152	Tramonti-Montemaggiore
12.97725045	46.32580316	-6.4959841	Tramonti-Montemaggiore
13.24308649	46.34653039	-7.0876145	Tramonti-Montemaggiore
13.17071761	46.34398089	-7.0875725	Tramonti-Montemaggiore
13.1260014	46.28307601	-0.9994324	Tramonti-Montemaggiore
13.36191628	46.33247778	-6.4662495	Tramonti-Montemaggiore
12.91400391	46.32574101	-6.7195027	Tramonti-Montemaggiore
13.20778855	46.31182095	-3.7900784	Tramonti-Montemaggiore
13.06722357	46.2788095	-1.4323157	Tramonti-Montemaggiore
13.16504611	46.34055295	-6.7337725	Tramonti-Montemaggiore
13.25681853	46.34489187	-7.0876143	Tramonti-Montemaggiore
13.01874335	46.29301281	-3.0725264	Tramonti-Montemaggiore
12.74010239	46.29182506	-3.8916166	Tramonti-Montemaggiore
12.97951383	46.27544879	-1.4389766	Tramonti-Montemaggiore
13.41699911	46.31701068	-4.9141456	Tramonti-Montemaggiore
12.78320899	46.27784588	-2.3618657	Tramonti-Montemaggiore
12.90905114	46.31488497	-5.6527487	Tramonti-Montemaggiore
13.13154568	46.28983707	-1.5859717	Tramonti-Montemaggiore
12.92493594	46.28493395	-2.5789712	Tramonti-Montemaggiore
13.31001607	46.30359033	-3.4816539	Tramonti-Montemaggiore
13.24395413	46.28587243	-1.0000003	Tramonti-Montemaggiore
13.19030025	46.34369936	-7.0876145	Tramonti-Montemaggiore
13.35422774	46.29356636	-2.5481413	Tramonti-Montemaggiore
13.37204127	46.33866364	-7.0878062	Tramonti-Montemaggiore
13.04248353	46.33410799	-7.0876257	Tramonti-Montemaggiore
12.81680925	46.28996351	-3.4774189	Tramonti-Montemaggiore
13.04853996	46.2769611	-1.3300642	Tramonti-Montemaggiore
13.25550626	46.2844925	-1.0000003	Tramonti-Montemaggiore
12.7657323	46.26374504	-1.0000003	Tramonti-Montemaggiore
12.76539176	46.31644534	-6.2857615	Tramonti-Montemaggiore
13.19828995	46.30160268	-2.820101	Tramonti-Montemaggiore
12.98408167	46.33190203	-7.0876216	Tramonti-Montemaggiore
13.23160525	46.34063889	-6.543534	Tramonti-Montemaggiore
13.07926649	46.33594053	-7.0876145	Tramonti-Montemaggiore
12.74366571	46.31943351	-6.6500672	Tramonti-Montemaggiore
13.41122136	46.33866498	-7.0876162	Tramonti-Montemaggiore
12.85872465	46.26649618	-1.0000012	Tramonti-Montemaggiore
13.36391748	46.28133727	-1.3355991	Tramonti-Montemaggiore
13.10654684	46.32461843	-5.4895178	Tramonti-Montemaggiore
12.83119361	46.2800859	-2.4441384	Tramonti-Montemaggiore
13.24164664	46.29435491	-1.8446565	Tramonti-Montemaggiore
12.89195022	46.30541138	-4.7788611	Tramonti-Montemaggiore
13.24095505	46.34265249	-6.6919192	Tramonti-Montemaggiore
13.34946161	46.31173672	-4.3639227	Tramonti-Montemaggiore
12.93787067	46.30576264	-4.6093657	Tramonti-Montemaggiore
12.8443272	46.29313437	-3.7136218	Tramonti-Montemaggiore
12.90094224	46.28759482	-2.9524401	Tramonti-Montemaggiore
12.94178932	46.27442875	-1.45024	Tramonti-Montemaggiore
12.74044436	46.27236923	-1.9397754	Tramonti-Montemaggiore
13.17717635	46.30337715	-3.0221678	Tramonti-Montemaggiore
13.38983789	46.33866546	-7.087616	Tramonti-Montemaggiore
13.16873597	46.2880289	-1.4674758	Tramonti-Montemaggiore
13.19896233	46.34419554	-7.087603	Tramonti-Montemaggiore
13.37924604	46.28720551	-1.9233594	Tramonti-Montemaggiore
12.90731345	46.27369107	-1.5302798	Tramonti-Montemaggiore
13.14193002	46.30076538	-2.7002532	Tramonti-Montemaggiore
12.73954217	46.32367288	-7.0876145	Tramonti-Montemaggiore
12.81367488	46.26516239	-1.000044	Tramonti-Montemaggiore
12.94795557	46.28610393	-2.600402	Tramonti-Montemaggiore
13.07752379	46.30865073	-4.3786259	Tramonti-Montemaggiore
13.12679633	46.31616845	-4.2985147	Tramonti-Montemaggiore
12.7706787	46.30083574	-4.7044085	Tramonti-Montemaggiore
13.08408884	46.30480764	-3.8898538	Tramonti-Montemaggiore
12.87711222	46.27134721	-1.4305667	Tramonti-Montemaggiore
13.06829419	46.30423933	-3.9772301	Tramonti-Montemaggiore
12.7678289	46.26875989	-1.4965213	Tramonti-Montemaggiore
12.9933496	46.28789097	-2.6455217	Tramonti-Montemaggiore
13.14453776	46.33754613	-6.3970535	Tramonti-Montemaggiore
13.06168311	46.31754899	-5.3413486	Tramonti-Montemaggiore
12.87599118	46.31581301	-5.8934109	Tramonti-Montemaggiore
12.99848456	46.2716312	-0.999992	Tramonti-Montemaggiore
12.91831902	46.29866735	-3.9853513	Tramonti-Montemaggiore
13.24321342	46.33766189	-6.1973008	Tramonti-Montemaggiore
13.26018011	46.33696489	-6.3308184	Tramonti-Montemaggiore
12.94078369	46.29393029	-3.4096821	Tramonti-Montemaggiore
13.18644063	46.34371379	-7.0876145	Tramonti-Montemaggiore
12.94101295	46.33060644	-7.0873626	Tramonti-Montemaggiore
13.37173644	46.29919926	-3.127022	Tramonti-Montemaggiore
12.87924822	46.26715326	-1.0000369	Tramonti-Montemaggiore
13.29964433	46.33977764	-7.0876145	Tramonti-Montemaggiore
13.23228118	46.30140942	-2.6056082	Tramonti-Montemaggiore
13.14224007	46.31934273	-4.5655332	Tramonti-Montemaggiore
12.94451481	46.314942	-5.5030891	Tramonti-Montemaggiore
13.34769468	46.27824521	-1.0002185	Tramonti-Montemaggiore
12.86286711	46.3235594	-6.7105515	Tramonti-Montemaggiore
12.88348112	46.29001079	-3.2723654	Tramonti-Montemaggiore
13.35014837	46.32870573	-6.0683653	Tramonti-Montemaggiore
13.27013644	46.30291294	-3.0269854	Tramonti-Montemaggiore
13.22757666	46.3149337	-3.9886381	Tramonti-Montemaggiore
12.73988497	46.30418648	-5.1319682	Tramonti-Montemaggiore
13.36232708	46.30213012	-3.420158	Tramonti-Montemaggiore
12.89328458	46.26777748	-1.0000005	Tramonti-Montemaggiore
13.00272103	46.27613716	-1.4397861	Tramonti-Montemaggiore
13.19118879	46.2830395	-1.0000003	Tramonti-Montemaggiore
12.74763729	46.30599429	-5.2902224	Tramonti-Montemaggiore
12.9121375	46.26861462	-1.0000005	Tramonti-Montemaggiore
13.27491844	46.31321903	-4.1203779	Tramonti-Montemaggiore
12.78901469	46.2644337	-0.9999998	Tramonti-Montemaggiore
13.13100498	46.32570496	-5.1851944	Tramonti-Montemaggiore
13.02477709	46.30859814	-4.6078726	Tramonti-Montemaggiore
13.04308647	46.27342641	-1.0000086	Tramonti-Montemaggiore
13.24128842	46.31937909	-4.3557974	Tramonti-Montemaggiore
12.74589421	46.2631569	-0.9999998	Tramonti-Montemaggiore
13.07992762	46.29291032	-2.7692975	Tramonti-Montemaggiore
13.22665717	46.32563016	-5.0665736	Tramonti-Montemaggiore
13.24089858	46.34659393	-7.0876145	Tramonti-Montemaggiore
13.24343147	46.32242408	-4.6677877	Tramonti-Montemaggiore
13.28614765	46.33422658	-6.3673748	Tramonti-Montemaggiore
12.97739153	46.2955193	-3.4578743	Tramonti-Montemaggiore
12.81321144	46.3179479	-6.2948201	Tramonti-Montemaggiore
12.84089024	46.32667042	-7.0876084	Tramonti-Montemaggiore
13.2728026	46.32311792	-5.0901159	Tramonti-Montemaggiore
13.29066142	46.31915579	-4.9062985	Tramonti-Montemaggiore
13.19951346	46.32706184	-5.3659624	Tramonti-Montemaggiore
13.30243039	46.29703182	-2.8110652	Tramonti-Montemaggiore
12.99842883	46.30115744	-3.9611233	Tramonti-Montemaggiore
13.30183716	46.33964307	-7.0876145	Tramonti-Montemaggiore
13.07719942	46.32972846	-6.494072	Tramonti-Montemaggiore
13.29994449	46.31824728	-4.9265114	Tramonti-Montemaggiore
13.08305735	46.28063266	-1.4879282	Tramonti-Montemaggiore
12.81663375	46.32595236	-7.0876311	Tramonti-Montemaggiore
13.14045588	46.28384824	-0.9999993	Tramonti-Montemaggiore
13.0105377	46.32871109	-6.6886101	Tramonti-Montemaggiore
13.01170946	46.27203752	-1.0006145	Tramonti-Montemaggiore
12.78951984	46.29219959	-3.782459	Tramonti-Montemaggiore
12.95424221	46.33102119	-7.0873142	Tramonti-Montemaggiore
13.41121474	46.33133549	-6.3518706	Tramonti-Montemaggiore
13.16265254	46.28347298	-1.0000012	Tramonti-Montemaggiore
12.8745962	46.29003142	-3.313072	Tramonti-Montemaggiore
13.33611545	46.30507093	-3.672896	Tramonti-Montemaggiore
13.10081806	46.28573307	-1.695082	Tramonti-Montemaggiore
13.30268153	46.27897999	-1.0000003	Tramonti-Montemaggiore
13.24382242	46.29508767	-1.9245564	Tramonti-Montemaggiore
12.83850437	46.32048903	-6.4745662	Tramonti-Montemaggiore
13.19092011	46.30139372	-2.8415071	Tramonti-Montemaggiore
13.02519625	46.27263215	-0.9999485	Tramonti-Montemaggiore
13.13082507	46.3376825	-6.3875242	Tramonti-Montemaggiore
13.09413765	46.33847048	-7.0875694	Tramonti-Montemaggiore
13.04551415	46.29824271	-3.4771002	Tramonti-Montemaggiore
12.93846491	46.28407265	-2.4323112	Tramonti-Montemaggiore
13.18443718	46.28309887	-1.0007854	Tramonti-Montemaggiore
13.33038675	46.33917917	-7.0876143	Tramonti-Montemaggiore
13.08338357	46.33129792	-6.553178	Tramonti-Montemaggiore
13.12461499	46.32832189	-5.5519302	Tramonti-Montemaggiore
12.86390658	46.32734948	-7.0876826	Tramonti-Montemaggiore
13.18819384	46.29941648	-2.6438496	Tramonti-Montemaggiore
13.21480043	46.29641709	-2.2053954	Tramonti-Montemaggiore
13.29219189	46.30978745	-3.9829308	Tramonti-Montemaggiore
13.00850533	46.2829686	-2.1075864	Tramonti-Montemaggiore
13.00827026	46.33261925	-7.0882507	Tramonti-Montemaggiore
13.2411212	46.3310545	-5.5276631	Tramonti-Montemaggiore
13.36306513	46.31890109	-5.1046489	Tramonti-Montemaggiore
13.3003966	46.28578972	-1.6696375	Tramonti-Montemaggiore
12.83599301	46.26582398	-0.9999998	Tramonti-Montemaggiore
12.86138349	46.27515519	-1.8605015	Tramonti-Montemaggiore
13.25282878	46.29327858	-1.8508394	Tramonti-Montemaggiore
13.06719583	46.33520282	-7.0876145	Tramonti-Montemaggiore
13.08763794	46.31831964	-5.1809546	Tramonti-Montemaggiore
13.06689447	46.27448233	-1.0000003	Tramonti-Montemaggiore
13.23379539	46.28548004	-1.0000003	Tramonti-Montemaggiore
12.87626337	46.28095236	-2.3966614	Tramonti-Montemaggiore
13.0632936	46.3308626	-6.6695667	Tramonti-Montemaggiore
12.96730918	46.28543921	-2.4769989	Tramonti-Montemaggiore
13.1834234	46.33925364	-6.6352788	Tramonti-Montemaggiore
13.27286001	46.28959804	-1.7214773	Tramonti-Montemaggiore
13.22467392	46.34566665	-7.0876174	Tramonti-Montemaggiore
13.36416978	46.2780005	-1.0006297	Tramonti-Montemaggiore
13.38168369	46.27800146	-0.9999653	Tramonti-Montemaggiore
12.80592698	46.30202351	-4.7191763	Tramonti-Montemaggiore
13.10817896	46.31221718	-4.220217	Tramonti-Montemaggiore
13.14658129	46.34438882	-7.0876057	Tramonti-Montemaggiore
13.2417671	46.28593602	-1.0000003	Tramonti-Montemaggiore
12.96087003	46.31819767	-5.7816756	Tramonti-Montemaggiore
12.87443941	46.32417123	-6.7375706	Tramonti-Montemaggiore
13.30218871	46.31439736	-4.5536449	Tramonti-Montemaggiore
13.18499887	46.28947962	-1.6415379	Tramonti-Montemaggiore
13.18539759	46.32860882	-5.5701253	Tramonti-Montemaggiore
12.7961834	46.2668656	-1.2225784	Tramonti-Montemaggiore
13.27629951	46.2820075	-1.0000003	Tramonti-Montemaggiore
