5.278931005	43.645	-1.0000003	Trévaresse
5.301594035	43.6413581	-2.2692684	Trévaresse
5.324585725	43.63784755	-2.8988485	Trévaresse
5.415642569	43.62812034	-6.3392549	Trévaresse
5.339162136	43.63250764	-2.8267723	Trévaresse
5.325564232	43.65372269	-6.2937467	Trévaresse
5.390832012	43.62068472	-3.487117	Trévaresse
5.280126495	43.64774647	-1.6332811	Trévaresse
5.401910538	43.64609465	-9.3463196	Trévaresse
5.428227247	43.61253665	-3.629199	Trévaresse
5.351290853	43.61712034	-1.0000003	Trévaresse
5.416198617	43.61250752	-3.0751619	Trévaresse
5.439636272	43.63869259	-9.6602542	Trévaresse
5.358514031	43.61812199	-1.5006712	Trévaresse
5.281730787	43.65143176	-2.4830684	Trévaresse
5.361580302	43.64073701	-6.4451347	Trévaresse
5.39462802	43.6319756	-6.0148283	Trévaresse
5.311971386	43.66774622	-8.2692012	Trévaresse
5.372259203	43.65222545	-9.340907	Trévaresse
5.41355771	43.60322837	-1.0000057	Trévaresse
5.431350257	43.63194254	-7.8603809	Trévaresse
5.285391353	43.64782063	-2.1080728	Trévaresse
5.416382028	43.63665935	-8.1530045	Trévaresse
5.389069463	43.65256972	-9.6602542	Trévaresse
5.490995441	43.63755852	-9.6602542	Trévaresse
5.457336384	43.63105871	-8.1609468	Trévaresse
5.348739041	43.62478734	-2.229181	Trévaresse
5.390047321	43.6522505	-9.6602542	Trévaresse
5.283391345	43.65524601	-3.3626257	Trévaresse
5.353455596	43.61950797	-1.6116304	Trévaresse
5.327770771	43.65988467	-7.6927601	Trévaresse
5.381493426	43.61422321	-1.5075601	Trévaresse
5.431375523	43.61717752	-4.7347345	Trévaresse
5.409380592	43.64396017	-9.297754	Trévaresse
5.35201949	43.62807784	-3.1566063	Trévaresse
5.385907189	43.64531754	-7.9877425	Trévaresse
5.382341605	43.63457666	-5.584522	Trévaresse
5.34038084	43.64349078	-5.0334455	Trévaresse
5.444773139	43.62168184	-5.9032356	Trévaresse
5.396526451	43.63632988	-7.0188765	Trévaresse
5.309759872	43.66314069	-7.1894941	Trévaresse
5.312515865	43.64454232	-3.6170165	Trévaresse
5.315505918	43.63433281	-1.7415555	Trévaresse
5.355731189	43.62473173	-2.8159471	Trévaresse
5.332440141	43.63666341	-3.0053829	Trévaresse
5.393119071	43.62593163	-4.6968449	Trévaresse
5.389168685	43.61945146	-3.1271746	Trévaresse
5.338192235	43.63805485	-3.7963987	Trévaresse
5.309190116	43.67479734	-9.3835323	Trévaresse
5.459735105	43.61812044	-5.1775579	Trévaresse
5.285997309	43.66123111	-4.7428536	Trévaresse
5.284908809	43.6422837	-1.0000003	Trévaresse
5.318222932	43.63676707	-2.3857708	Trévaresse
5.42167419	43.64104303	-9.3384805	Trévaresse
5.323816822	43.62901508	-0.9998665	Trévaresse
5.303438947	43.64559516	-3.2462535	Trévaresse
5.300595971	43.65457856	-4.7390477	Trévaresse
5.356212825	43.62013108	-1.8565533	Trévaresse
5.435802178	43.63952135	-9.6602542	Trévaresse
5.357567979	43.61595021	-1.0000003	Trévaresse
5.461824	43.62869974	-7.6169757	Trévaresse
5.402974733	43.60917148	-1.7397664	Trévaresse
5.329976058	43.63100577	-1.7009361	Trévaresse
5.288986734	43.66809588	-6.3260561	Trévaresse
5.36839348	43.62669578	-3.562894	Trévaresse
5.455259314	43.63413723	-8.8326495	Trévaresse
5.359802155	43.62869589	-3.8254079	Trévaresse
5.386130456	43.60989654	-1.0000003	Trévaresse
5.331814368	43.64117381	-3.9243323	Trévaresse
5.317107086	43.65692507	-6.420905	Trévaresse
5.290959391	43.67262516	-7.3706993	Trévaresse
5.375055087	43.63820531	-6.2396169	Trévaresse
5.424311819	43.60097748	-1.0000003	Trévaresse
5.421662924	43.62281955	-5.4967716	Trévaresse
5.357933645	43.63236859	-4.5155218	Trévaresse
5.450818529	43.60614144	-2.4157484	Trévaresse
5.475115321	43.61742751	-5.0178843	Trévaresse
5.444708528	43.61149351	-3.6038537	Trévaresse
5.298088574	43.6509008	-3.8117072	Trévaresse
5.305143488	43.66690673	-7.5103389	Trévaresse
5.361542952	43.62763775	-3.6711472	Trévaresse
5.334593033	43.641604	-4.1447888	Trévaresse
5.396321881	43.64980745	-9.6602869	Trévaresse
5.314599066	43.67377723	-9.6602542	Trévaresse
5.331991495	43.626366	-1.0000003	Trévaresse
5.361096619	43.6240501	-2.8673673	Trévaresse
5.388616729	43.61560187	-2.3152764	Trévaresse
5.292870827	43.67701342	-8.3828665	Trévaresse
5.38389257	43.61831036	-2.4972774	Trévaresse
5.451692964	43.61812474	-5.1785735	Trévaresse
5.307721972	43.65543001	-5.5141573	Trévaresse
5.301823175	43.65928376	-5.7522313	Trévaresse
5.328652081	43.62796548	-1.0000003	Trévaresse
5.42682372	43.61829606	-4.7787124	Trévaresse
5.364533239	43.6449313	-7.4735399	Trévaresse
5.294690366	43.68119028	-9.3463196	Trévaresse
5.421693159	43.62891973	-6.7836157	Trévaresse
5.44802679	43.60972025	-3.2408372	Trévaresse
5.366100155	43.63809568	-6.0824866	Trévaresse
5.353803421	43.61740042	-1.1790765	Trévaresse
5.29528326	43.68255124	-9.6602542	Trévaresse
5.375521995	43.61893039	-1.9769674	Trévaresse
5.413512585	43.62346985	-5.2627045	Trévaresse
5.307781606	43.63502511	-1.3846348	Trévaresse
5.309770318	43.67597092	-9.6602542	Trévaresse
5.313297185	43.65415525	-5.6146299	Trévaresse
5.315553405	43.67340691	-9.6602542	Trévaresse
5.439556869	43.63593305	-9.059449	Trévaresse
5.383062033	43.62293475	-3.3449924	Trévaresse
5.469140499	43.6208272	-5.801705	Trévaresse
5.368989334	43.65208885	-9.1812737	Trévaresse
5.483090609	43.63755924	-9.6602542	Trévaresse
5.310954821	43.6389659	-2.3870364	Trévaresse
5.377220083	43.62538864	-3.3923951	Trévaresse
5.313888694	43.67214616	-9.2840684	Trévaresse
5.337020175	43.66723942	-9.6602596	Trévaresse
5.340412176	43.65970368	-8.2214051	Trévaresse
5.299197328	43.63585314	-1.0000003	Trévaresse
5.299728776	43.63707388	-1.2814586	Trévaresse
5.299767479	43.6805146	-9.6602542	Trévaresse
5.336653259	43.64633436	-5.2354039	Trévaresse
5.312986669	43.6675164	-8.3017083	Trévaresse
5.323780859	43.64324718	-4.0032871	Trévaresse
5.388793598	43.6493755	-8.9972047	Trévaresse
5.322482152	43.66927224	-9.2682454	Trévaresse
5.343619928	43.62297796	-1.4162674	Trévaresse
5.47652682	43.63458259	-8.9736922	Trévaresse
5.295297696	43.63908961	-1.2939749	Trévaresse
5.37269832	43.61501165	-1.0000003	Trévaresse
5.37367598	43.61469236	-1.0000003	Trévaresse
5.348200617	43.6518075	-7.3346705	Trévaresse
5.338601368	43.65080575	-6.2665121	Trévaresse
5.406822552	43.6377128	-7.865908	Trévaresse
5.399934678	43.64414592	-8.8212918	Trévaresse
5.4601738	43.63756018	-9.6602542	Trévaresse
5.44931511	43.60140607	-1.3240819	Trévaresse
5.442874089	43.60647531	-2.4509561	Trévaresse
5.311178233	43.66336304	-7.3436057	Trévaresse
5.344267574	43.66380775	-9.2651236	Trévaresse
5.383580328	43.65141925	-9.3253243	Trévaresse
5.284997705	43.64383725	-1.3068299	Trévaresse
5.346263847	43.63341529	-3.6488199	Trévaresse
5.452784824	43.62908032	-7.6635281	Trévaresse
5.451690192	43.62480928	-6.6873843	Trévaresse
5.433397642	43.62181395	-5.8037348	Trévaresse
5.435650273	43.6269783	-6.9945198	Trévaresse
5.290236073	43.65721094	-4.3396104	Trévaresse
5.36259977	43.64049506	-6.4505474	Trévaresse
5.483028295	43.61930939	-5.4519118	Trévaresse
5.368167253	43.62163894	-2.4245443	Trévaresse
5.385982468	43.62865802	-4.6972689	Trévaresse
5.307713298	43.65797137	-6.0148306	Trévaresse
5.368063113	43.64260436	-7.1216054	Trévaresse
5.383584311	43.63998948	-6.7590706	Trévaresse
5.366333816	43.64906221	-8.4261678	Trévaresse
5.455759009	43.62744397	-7.3273966	Trévaresse
5.374876641	43.61557341	-1.2649835	Trévaresse
5.397503118	43.62595652	-4.9335566	Trévaresse
5.353377139	43.62190991	-2.1041824	Trévaresse
5.391184496	43.62407632	-4.1934687	Trévaresse
5.355668101	43.62716875	-3.316618	Trévaresse
5.406703025	43.60752377	-1.5926746	Trévaresse
5.400378791	43.63519023	-7.0019634	Trévaresse
5.428537773	43.63797338	-9.0030032	Trévaresse
5.486845132	43.628053	-7.4681273	Trévaresse
5.341049156	43.66514192	-9.3975609	Trévaresse
5.3180718	43.64022533	-3.1001092	Trévaresse
5.435266891	43.60042639	-1.0000057	Trévaresse
5.321890716	43.67139453	-9.6602552	Trévaresse
5.328950891	43.6651986	-8.8591734	Trévaresse
5.299523751	43.66539678	-6.7279261	Trévaresse
5.347214215	43.66252282	-9.2891485	Trévaresse
5.318275392	43.63279529	-1.5502874	Trévaresse
5.391140493	43.63741109	-6.8186082	Trévaresse
5.362763896	43.62787674	-3.7496307	Trévaresse
5.37935175	43.61248125	-1.0000433	Trévaresse
5.342230304	43.64841024	-6.1410109	Trévaresse
5.367657205	43.65467872	-9.6602542	Trévaresse
5.322621525	43.65067025	-5.50878	Trévaresse
5.294840365	43.67246459	-7.6792208	Trévaresse
5.440693601	43.63853832	-9.6602542	Trévaresse
5.352299958	43.61685489	-1.0000003	Trévaresse
5.332501411	43.65870588	-7.6562313	Trévaresse
5.329218483	43.65587687	-6.9129593	Trévaresse
5.333275015	43.66395383	-8.7986265	Trévaresse
5.443364902	43.62820699	-7.3592681	Trévaresse
5.373935681	43.65350872	-9.6602542	Trévaresse
5.368070398	43.61778434	-1.5579266	Trévaresse
5.364279247	43.63391735	-5.1190333	Trévaresse
5.475659183	43.61252544	-3.8876535	Trévaresse
5.443787557	43.6	-1.0000003	Trévaresse
5.37330187	43.61639688	-1.3193472	Trévaresse
5.393422945	43.64396586	-8.2859329	Trévaresse
5.432419596	43.6092406	-2.9560008	Trévaresse
5.40933345	43.61355752	-2.9837445	Trévaresse
5.408999286	43.64580335	-9.6602396	Trévaresse
5.309521208	43.65956079	-6.4667853	Trévaresse
5.445958081	43.63690029	-9.3503775	Trévaresse
5.39190859	43.64929514	-9.2204915	Trévaresse
5.467963148	43.63155708	-8.2759034	Trévaresse
5.370676221	43.64266087	-7.1797957	Trévaresse
5.428734153	43.61112045	-3.3382694	Trévaresse
5.425606724	43.60394771	-1.6847017	Trévaresse
5.403484258	43.62887644	-5.8555837	Trévaresse
5.420055663	43.63814707	-8.6535135	Trévaresse
5.370354593	43.64529414	-7.7658233	Trévaresse
5.305513952	43.65036015	-4.3450231	Trévaresse
5.395334638	43.63101387	-5.8686876	Trévaresse
5.315129028	43.63086051	-1.0000003	Trévaresse
5.387882291	43.6498473	-9.0323846	Trévaresse
5.327421315	43.6469284	-4.942449	Trévaresse
5.389153264	43.63244446	-5.6870242	Trévaresse
5.416914286	43.60537431	-1.6049505	Trévaresse
5.486911639	43.63563434	-9.2164158	Trévaresse
5.415483751	43.63239143	-7.2191824	Trévaresse
5.409678146	43.62302033	-4.9677249	Trévaresse
5.36705356	43.65329404	-9.340907	Trévaresse
5.314105416	43.6311168	-1.0000003	Trévaresse
5.379569075	43.64468067	-7.7564119	Trévaresse
5.374060631	43.65065629	-9.0225494	Trévaresse
5.437694517	43.61878045	-5.168086	Trévaresse
5.381588948	43.63541232	-5.7036005	Trévaresse
5.337996051	43.65452675	-7.020083	Trévaresse
5.385147634	43.6102245	-1.0000003	Trévaresse
5.286225195	43.6520291	-2.991182	Trévaresse
5.463773181	43.63570965	-9.2334998	Trévaresse
5.364050866	43.63840533	-6.0648955	Trévaresse
5.299030128	43.63803118	-1.4167747	Trévaresse
5.410980535	43.61938095	-4.2818723	Trévaresse
5.379455605	43.63051799	-4.5750611	Trévaresse
5.356095848	43.64427297	-6.6185512	Trévaresse
5.32734767	43.63113257	-1.6050372	Trévaresse
5.393295815	43.60807244	-1.0000018	Trévaresse
5.45896509	43.63479071	-9.0215555	Trévaresse
5.412065376	43.62878865	-6.2909343	Trévaresse
5.418745978	43.64063456	-9.1024456	Trévaresse
5.298806253	43.67719431	-8.9368172	Trévaresse
5.308357636	43.67035269	-8.4549227	Trévaresse
5.420870205	43.64278184	-9.6605281	Trévaresse
5.416074483	43.61801713	-4.2303416	Trévaresse
5.405582312	43.60495259	-1.0000003	Trévaresse
5.365369583	43.61546636	-1.0000003	Trévaresse
5.470914848	43.6264997	-7.1097078	Trévaresse
5.375133042	43.6205994	-2.2882127	Trévaresse
5.372862889	43.65361014	-9.6602542	Trévaresse
5.330293058	43.66534786	-8.9593934	Trévaresse
5.380759501	43.65308616	-9.660201	Trévaresse
5.387030814	43.61196271	-1.4763143	Trévaresse
5.417642723	43.63143564	-7.130035	Trévaresse
5.306041937	43.65413392	-5.1298586	Trévaresse
5.372562058	43.63218437	-4.8531362	Trévaresse
5.345014241	43.66552079	-9.6602542	Trévaresse
5.434617777	43.61394214	-4.0415689	Trévaresse
5.352799706	43.63975819	-5.4560559	Trévaresse
5.330067747	43.63630737	-2.8191873	Trévaresse
5.360676636	43.63608208	-5.4329675	Trévaresse
5.480354206	43.61318248	-4.0392078	Trévaresse
5.434024723	43.62582977	-6.6941169	Trévaresse
5.46954058	43.6075904	-2.7498111	Trévaresse
5.366120146	43.64364214	-7.2637994	Trévaresse
5.392893424	43.6279967	-5.0973827	Trévaresse
5.490319065	43.63600954	-9.3030181	Trévaresse
5.479865751	43.62249645	-6.1867225	Trévaresse
5.363319377	43.64472728	-7.3652867	Trévaresse
5.334204594	43.64566171	-4.9788068	Trévaresse
5.362013279	43.63350551	-4.9390625	Trévaresse
5.331488316	43.6684154	-9.6602542	Trévaresse
5.397647578	43.63631884	-7.0919476	Trévaresse
5.358789407	43.63175104	-4.434332	Trévaresse
5.482754582	43.62946133	-7.7928021	Trévaresse
5.43066104	43.6036152	-1.667023	Trévaresse
5.325085529	43.65632738	-6.8131872	Trévaresse
5.488505203	43.63185533	-8.3449778	Trévaresse
5.440535586	43.60192008	-1.3968428	Trévaresse
5.459102842	43.62364131	-6.4505474	Trévaresse
5.431275601	43.61952679	-5.2408182	Trévaresse
5.3653808	43.6494567	-8.4559373	Trévaresse
5.367755975	43.63933223	-6.3910081	Trévaresse
5.436559023	43.63163939	-8.0337501	Trévaresse
5.456047673	43.63776498	-9.6602962	Trévaresse
5.44710365	43.61655376	-4.7726461	Trévaresse
5.449854704	43.61391084	-4.2070003	Trévaresse
5.336179902	43.65001146	-5.9855886	Trévaresse
5.343204325	43.66592771	-9.6600443	Trévaresse
5.45354158	43.62236197	-6.1555555	Trévaresse
5.340713539	43.65565212	-7.384241	Trévaresse
5.320356442	43.66333978	-7.9294964	Trévaresse
5.302382537	43.64573081	-3.1921268	Trévaresse
5.33676202	43.62887714	-1.9149088	Trévaresse
5.291570285	43.66459339	-5.8776512	Trévaresse
5.446347417	43.60586984	-2.3531622	Trévaresse
5.319785116	43.64155354	-3.4654792	Trévaresse
5.423254716	43.60113175	-1.0000003	Trévaresse
5.390901363	43.61062043	-1.4022276	Trévaresse
5.342487783	43.65972437	-8.3233172	Trévaresse
5.460255482	43.60336046	-1.7746026	Trévaresse
5.370499364	43.6481886	-8.40993	Trévaresse
5.465539069	43.61465188	-4.3778372	Trévaresse
5.425875251	43.60714254	-2.3856407	Trévaresse
5.296723875	43.64562944	-2.677586	Trévaresse
5.454565435	43.60000039	-0.9999984	Trévaresse
5.357160209	43.61757774	-1.3518231	Trévaresse
5.31483574	43.67096115	-9.1191014	Trévaresse
5.359463597	43.65640007	-9.2400118	Trévaresse
5.470847914	43.60251831	-1.5805076	Trévaresse
5.466275906	43.6375601	-9.6602542	Trévaresse
5.330464491	43.66867165	-9.6602542	Trévaresse
5.424247389	43.61404904	-3.766545	Trévaresse
5.457747111	43.61212164	-3.7944548	Trévaresse
5.386441865	43.61319458	-1.6847032	Trévaresse
5.425794517	43.6416847	-9.6602239	Trévaresse
5.300834054	43.64217451	-2.3721092	Trévaresse
5.385498378	43.64181795	-7.2543282	Trévaresse
5.36449263	43.63184408	-4.66437	Trévaresse
5.306931011	43.63339628	-1.0000003	Trévaresse
5.35648686	43.65190577	-8.1105211	Trévaresse
5.378049442	43.62472896	-3.3139123	Trévaresse
5.424201566	43.60330367	-1.500671	Trévaresse
5.369839177	43.65418557	-9.6604603	Trévaresse
5.438781172	43.63673278	-9.2082965	Trévaresse
5.485195392	43.62427399	-6.5966892	Trévaresse
5.402504221	43.6474559	-9.6602542	Trévaresse
5.356495428	43.61605161	-1.0000003	Trévaresse
5.421664234	43.63299043	-7.6399686	Trévaresse
5.326701226	43.66003543	-7.6683956	Trévaresse
5.398082117	43.63989765	-7.8416007	Trévaresse
5.304207077	43.64992073	-4.1582864	Trévaresse
5.34818444	43.66400308	-9.6602542	Trévaresse
5.44580687	43.63292014	-8.4505203	Trévaresse
5.320130909	43.64495564	-4.1907531	Trévaresse
5.354659914	43.61640306	-1.0000003	Trévaresse
5.368158371	43.64782933	-8.2380779	Trévaresse
5.402251901	43.6057911	-1.0000779	Trévaresse
5.47580564	43.60275874	-1.6359876	Trévaresse
5.391587135	43.61517548	-2.3836961	Trévaresse
5.46812251	43.60000026	-1.0000003	Trévaresse
5.445022531	43.63832052	-9.6602552	Trévaresse
5.349355187	43.63628101	-4.4779717	Trévaresse
5.47788008	43.60751296	-2.7320511	Trévaresse
5.437559992	43.63135603	-8.0039803	Trévaresse
5.297037629	43.63676768	-1.0003602	Trévaresse
5.359769714	43.63658224	-5.4870942	Trévaresse
5.345562995	43.65845711	-8.3624847	Trévaresse
5.474602003	43.6	-1.0000003	Trévaresse
5.380131514	43.62950623	-4.4153877	Trévaresse
5.399695492	43.64727633	-9.4208155	Trévaresse
5.313554136	43.64980582	-4.7500356	Trévaresse
5.44466811	43.6020192	-1.4654935	Trévaresse
5.401521202	43.64778379	-9.6602542	Trévaresse
5.396450428	43.62009574	-3.6615646	Trévaresse
5.366170298	43.63569387	-5.552046	Trévaresse
5.344442949	43.6204013	-1.0000003	Trévaresse
5.360440094	43.65813495	-9.6602542	Trévaresse
5.35783572	43.62383602	-2.7110767	Trévaresse
5.405152711	43.615223	-3.1105059	Trévaresse
5.351843094	43.61838819	-1.2922835	Trévaresse
5.400247257	43.6422807	-8.4667618	Trévaresse
5.419157828	43.63499051	-7.9479896	Trévaresse
5.330005604	43.65070309	-5.8551859	Trévaresse
5.322688355	43.64821906	-5.0027214	Trévaresse
5.358786411	43.62131076	-2.2124359	Trévaresse
