16.041599	44.16599999	-1.0000009	Velebit
16.04415767	44.16772832	-1.5060331	Velebit
15.23738356	44.51445998	-14.5496103	Velebit
14.92369068	45.01014037	-14.0447655	Velebit
15.32292606	44.44472096	-13.58037	Velebit
15.93340912	44.19123455	-7.6603777	Velebit
15.00023163	44.65526545	-6.2079425	Velebit
15.78425319	44.27488989	-16.8976044	Velebit
14.92677989	44.90778061	-11.4824311	Velebit
14.94025096	44.95866504	-15.2674267	Velebit
14.84183464	45.00833157	-1.0000009	Velebit
15.53813793	44.34101996	-14.7011562	Velebit
14.87132932	44.90849853	-1.5139408	Velebit
15.54090867	44.3500035	-16.6238266	Velebit
16.05210056	44.1730929	-3.07685	Velebit
14.8601234	44.96537449	-1.4109857	Velebit
14.94907359	44.67599702	-2.0208002	Velebit
14.95061081	44.72340953	-5.8106269	Velebit
15.70576919	44.23478763	-3.9782504	Velebit
15.89892976	44.23422451	-15.6738573	Velebit
14.9343375	44.70360614	-1.926247	Velebit
15.48201234	44.38523762	-17.867828	Velebit
15.36384734	44.44649734	-17.867829	Velebit
16.05876446	44.177593	-4.3946498	Velebit
16.06742803	44.18344256	-6.1077902	Velebit
14.94137483	44.82501677	-10.8775629	Velebit
15.10503748	44.64874646	-17.867829	Velebit
14.89045285	44.9099267	-4.9519208	Velebit
14.96571729	44.88048898	-17.867829	Velebit
15.47931032	44.33085315	-8.2992897	Velebit
14.98332845	44.70358659	-9.1374102	Velebit
15.94015783	44.19493244	-8.8013718	Velebit
15.54384869	44.28503144	-3.941329	Velebit
15.85367503	44.24557199	-16.1072758	Velebit
15.89801334	44.22677603	-13.9638485	Velebit
15.02878432	44.71614905	-16.7345224	Velebit
14.91752125	45.09087884	-17.8687353	Velebit
15.52421205	44.34470056	-14.3479877	Velebit
16.05355554	44.1985538	-12.5601049	Velebit
16.00596441	44.1819095	-7.8831947	Velebit
14.88156333	44.90142239	-3.1313778	Velebit
15.86442838	44.23341233	-13.8854413	Velebit
14.83375838	45.0293955	-0.9999442	Velebit
15.00810396	44.709568	-13.2344477	Velebit
14.91277281	44.74130355	-1.5879501	Velebit
15.1233743	44.52433688	-2.7750741	Velebit
16.07865174	44.19101914	-8.3269637	Velebit
15.88242532	44.23414892	-14.8882851	Velebit
14.98644526	44.73701753	-12.1083883	Velebit
15.11769496	44.51989038	-1.5752162	Velebit
14.83701147	45.0733562	-4.0572929	Velebit
16.08755676	44.19702924	-10.0875439	Velebit
14.86846159	44.91992301	-1.3847973	Velebit
14.93461403	44.75691682	-5.9760482	Velebit
15.25558893	44.4550269	-8.4758745	Velebit
15.92854049	44.23786273	-17.867828	Velebit
15.89840743	44.20563578	-9.2507396	Velebit
15.58449785	44.33338487	-16.1303109	Velebit
14.93698112	44.89407343	-12.9937851	Velebit
14.90903134	44.91905427	-8.5436627	Velebit
15.93870932	44.20691391	-11.4147939	Velebit
16.09507591	44.20210317	-11.5740209	Velebit
15.37300976	44.41638493	-14.3255849	Velebit
14.83724123	45.05106776	-2.8145868	Velebit
15.62491316	44.28205776	-8.5066146	Velebit
15.33209649	44.358324	-0.9999999	Velebit
15.16498146	44.57628102	-14.1799838	Velebit
15.28350291	44.42228303	-6.3977055	Velebit
16.10259554	44.2071766	-13.060497	Velebit
15.78764263	44.21672198	-6.0432733	Velebit
15.7151346	44.2980287	-17.2919491	Velebit
14.99469875	44.79747096	-17.867829	Velebit
15.49394757	44.34161189	-11.3440651	Velebit
14.97344433	44.7096418	-8.137199	Velebit
15.6600367	44.26711202	-7.6648904	Velebit
15.77699115	44.25773451	-13.0802619	Velebit
16.1099557	44.21214166	-14.5153471	Velebit
15.18968812	44.57716174	-16.8979633	Velebit
14.9903002	44.76166534	-14.5284433	Velebit
15.6232304	44.27730223	-7.448236	Velebit
15.37841718	44.41009533	-13.6848046	Velebit
14.91328527	44.7698441	-3.3021957	Velebit
15.20241999	44.45746605	-3.4880043	Velebit
15.37806612	44.39082423	-10.3412204	Velebit
14.86550762	45.06343385	-8.0212939	Velebit
15.74914419	44.2248133	-4.8967323	Velebit
16.12062335	44.21933659	-16.6238266	Velebit
14.89023035	45.11304175	-14.7993334	Velebit
15.36226034	44.38742565	-8.4666501	Velebit
15.31467256	44.47521218	-17.2603236	Velebit
15.23580765	44.46748337	-8.3664977	Velebit
14.96063053	44.91800833	-17.867828	Velebit
15.17399669	44.52843328	-9.0557057	Velebit
14.87488979	45.00656769	-6.0895048	Velebit
15.83744508	44.2171514	-8.9894861	Velebit
14.98137501	44.83538583	-17.86783	Velebit
15.9881061	44.22551001	-17.867829	Velebit
15.63372324	44.31747446	-16.0996689	Velebit
15.67991278	44.22792177	-0.999997	Velebit
14.96470367	44.67284758	-4.0467514	Velebit
16.12691769	44.22358119	-17.867829	Velebit
15.85329132	44.24071954	-15.002934	Velebit
15.63570671	44.28911432	-10.5938523	Velebit
15.39987607	44.42422971	-17.867828	Velebit
15.29023793	44.39097042	-2.449579	Velebit
15.10281514	44.5279239	-0.9996913	Velebit
15.62393923	44.26964651	-5.9489823	Velebit
14.96176164	44.88446035	-17.2484618	Velebit
15.04858396	44.59256325	-4.2075233	Velebit
14.93383595	44.87862661	-12.0438166	Velebit
15.27806984	44.50077775	-17.430976	Velebit
15.02519863	44.72581735	-16.9717274	Velebit
15.65669949	44.29074688	-12.2201474	Velebit
15.08985601	44.54186451	-1.5587455	Velebit
15.23089463	44.4605001	-6.8543231	Velebit
15.16827587	44.52018068	-7.3784774	Velebit
14.95903061	44.92980239	-17.867828	Velebit
15.3863253	44.40180259	-12.9036791	Velebit
15.15582854	44.50080145	-3.5525771	Velebit
15.56177311	44.29202097	-6.4688669	Velebit
14.96451095	44.87198934	-17.2013554	Velebit
15.81320148	44.22065588	-8.570198	Velebit
14.95244523	44.84033797	-13.505256	Velebit
15.9008023	44.21563614	-11.6003766	Velebit
14.83706019	45.02078319	-1.0000077	Velebit
15.3058259	44.42109845	-8.4192093	Velebit
15.29237681	44.42527482	-7.7112217	Velebit
15.07557952	44.6162293	-10.2987198	Velebit
14.8660166	45.0226364	-5.6627018	Velebit
15.04082926	44.69685348	-15.904309	Velebit
15.74194123	44.25915792	-11.1180952	Velebit
15.45548019	44.30352756	-1.6572519	Velebit
14.863902	45.11708051	-10.8439601	Velebit
15.28647922	44.49814924	-17.867706	Velebit
14.84667998	44.99569081	-1.0000009	Velebit
15.09950101	44.59617538	-10.0466918	Velebit
14.97305573	44.85935565	-17.867828	Velebit
15.34853785	44.38967278	-7.7332986	Velebit
15.1384477	44.62329929	-17.867829	Velebit
15.11017021	44.64483713	-17.8678944	Velebit
14.8848219	45.1415799	-15.5768344	Velebit
15.08416726	44.57683953	-5.7757043	Velebit
15.90858001	44.18747539	-5.6610526	Velebit
15.47194165	44.32788424	-7.187067	Velebit
15.44973653	44.31469244	-3.1061718	Velebit
14.92744925	44.80288486	-7.4127411	Velebit
15.96673536	44.16524519	-2.5129984	Velebit
15.46201414	44.29659362	-1.0000009	Velebit
15.15203015	44.55592499	-10.0188517	Velebit
15.65010723	44.3062842	-14.9196571	Velebit
15.9242015	44.18233771	-5.2274999	Velebit
14.95490587	44.81953662	-12.7420844	Velebit
14.98746789	44.62812461	-1.5119648	Velebit
14.89144992	44.98835741	-7.6679245	Velebit
15.79199646	44.2657199	-15.6400898	Velebit
15.82242168	44.19512809	-3.3613319	Velebit
15.49217685	44.2900076	-1.6462148	Velebit
15.01289973	44.62358184	-4.0026059	Velebit
15.02038568	44.71251263	-15.2638568	Velebit
14.89144514	44.94476673	-6.2379218	Velebit
15.156814	44.53205622	-7.5464971	Velebit
16.00207015	44.22356872	-17.8678271	Velebit
15.28047995	44.38764535	-0.9999989	Velebit
15.24872216	44.43226878	-4.4476918	Velebit
15.34154518	44.39795757	-8.5274923	Velebit
15.35002543	44.40296291	-10.0980901	Velebit
15.56020897	44.28278903	-4.5359857	Velebit
15.16666305	44.51095165	-6.0484887	Velebit
15.18106488	44.56428581	-14.3150429	Velebit
15.43351813	44.31014585	-0.9999999	Velebit
15.4626946	44.34334587	-9.0886515	Velebit
14.99220981	44.74155188	-13.2977016	Velebit
15.71325038	44.25708776	-8.9298536	Velebit
15.81855419	44.21566517	-7.77777	Velebit
14.83128351	45.03595453	-1.0001435	Velebit
15.38786386	44.43044384	-17.8680204	Velebit
14.90195069	45.04022941	-12.3699713	Velebit
15.47985604	44.30116264	-3.0794862	Velebit
15.03911079	44.59167414	-3.0913476	Velebit
15.13907394	44.58058458	-12.0530404	Velebit
15.23621903	44.50009026	-12.6332018	Velebit
15.28213115	44.48383601	-15.3310653	Velebit
14.91630606	44.72658722	-1.0000009	Velebit
16.10214278	44.2120427	-14.9143119	Velebit
14.83715672	45.10689211	-6.005661	Velebit
15.45132942	44.3333894	-6.4491007	Velebit
15.53124269	44.28509112	-3.1519672	Velebit
15.3124673	44.42779833	-10.0592099	Velebit
15.53889226	44.34658108	-15.8542323	Velebit
15.34926742	44.40031547	-9.6237216	Velebit
14.93642526	44.93005237	-13.7783964	Velebit
14.86145603	45.05390964	-6.8300839	Velebit
15.10295282	44.64596649	-17.2672304	Velebit
15.75263588	44.24806439	-9.5498117	Velebit
14.93478494	44.94408521	-13.8301112	Velebit
15.1417605	44.55297999	-8.5356787	Velebit
15.00492548	44.60603326	-0.9999999	Velebit
16.0453898	44.18510705	-7.9648981	Velebit
15.04355971	44.63630001	-9.1360927	Velebit
15.64486315	44.3005144	-13.4400822	Velebit
14.92969153	44.7522427	-4.9009203	Velebit
16.11558818	44.22189899	-17.867829	Velebit
15.00475103	44.77057379	-17.3248949	Velebit
14.8554097	45.07263622	-6.9426161	Velebit
15.84073714	44.18076573	-1.0000009	Velebit
14.94068033	44.73187011	-4.9850326	Velebit
15.08641479	44.66736945	-17.867829	Velebit
16.04296795	44.16988444	-2.382371	Velebit
15.21322208	44.51614977	-12.0036225	Velebit
15.11713135	44.54648612	-5.057518	Velebit
15.22953631	44.54839464	-17.867829	Velebit
15.9701157	44.22461803	-16.8412602	Velebit
15.60977785	44.26988417	-5.1238813	Velebit
14.8989141	44.89208466	-6.0461808	Velebit
15.82505433	44.22219552	-9.5419748	Velebit
15.06541592	44.61029149	-8.4147618	Velebit
16.02949954	44.18525346	-8.9084406	Velebit
14.93729056	44.79572141	-8.5921709	Velebit
15.69568733	44.22308473	-1.0000214	Velebit
15.49174816	44.2868913	-0.9999989	Velebit
15.56023874	44.33757691	-15.4213358	Velebit
16.04915227	44.17697468	-4.6997206	Velebit
14.82820976	45.10704674	-4.5916606	Velebit
14.86326646	44.93601361	-1.0000009	Velebit
14.93754799	44.86758561	-12.4450854	Velebit
15.28339134	44.49325554	-16.8432436	Velebit
14.9620045	44.7727862	-11.2013135	Velebit
14.91045888	44.73801815	-1.0002724	Velebit
15.83503706	44.18518568	-1.7236366	Velebit
15.88977332	44.24592949	-17.867828	Velebit
15.49044751	44.33208735	-9.4213945	Velebit
15.71596858	44.23889634	-5.4350876	Velebit
14.90534282	44.83978695	-5.9232968	Velebit
16.0548359	44.20636126	-15.421994	Velebit
15.76159814	44.20195618	-1.429602	Velebit
15.02217952	44.62670483	-5.4712931	Velebit
15.60170881	44.33266068	-17.0806093	Velebit
15.14677772	44.60365662	-16.0374052	Velebit
15.23986883	44.52070105	-15.6078026	Velebit
15.23007493	44.47694203	-9.0596593	Velebit
15.90598672	44.24255658	-17.867829	Velebit
15.21180809	44.45740116	-4.5211596	Velebit
14.88765101	44.85056476	-2.981641	Velebit
15.32818256	44.39013009	-6.0606542	Velebit
14.91490084	44.78914484	-4.6356425	Velebit
14.9415418	44.91851487	-14.421455	Velebit
14.88651356	45.15136957	-16.4077055	Velebit
15.00244684	44.64502529	-5.2716464	Velebit
14.90733095	44.9255984	-8.400768	Velebit
15.95326832	44.20379097	-11.3947997	Velebit
16.07459433	44.19336921	-9.4365498	Velebit
15.12879035	44.56435971	-8.7407508	Velebit
15.43284914	44.32029594	-2.6894184	Velebit
15.33202622	44.38863908	-6.207851	Velebit
14.86000151	45.01581524	-4.3063564	Velebit
16.01991091	44.21845452	-17.2283681	Velebit
15.90540556	44.18173882	-4.2295741	Velebit
14.94844674	44.7777943	-9.3838293	Velebit
15.78334615	44.23097425	-8.4468823	Velebit
15.06136236	44.68624172	-17.100869	Velebit
15.40400949	44.40095517	-14.2013817	Velebit
15.01842791	44.59232207	-1.0000009	Velebit
15.0964921	44.64116501	-15.9284013	Velebit
15.21747067	44.47530832	-7.4189998	Velebit
15.3566856	44.38024458	-6.7765717	Velebit
15.52983997	44.3343441	-12.8473422	Velebit
15.98430914	44.16025918	-1.8961054	Velebit
14.89920002	45.01872316	-10.6426669	Velebit
15.34859679	44.45668492	-17.867828	Velebit
14.94041269	44.67938337	-1.0000009	Velebit
14.87965118	44.82900164	-1.0000019	Velebit
14.93473408	44.94130807	-13.7482592	Velebit
14.9940128	44.79894656	-17.867829	Velebit
15.4191592	44.33639901	-4.3386435	Velebit
15.9872435	44.15790128	-0.9999989	Velebit
15.47324352	44.30420099	-3.2244442	Velebit
15.97138558	44.20912564	-13.3240597	Velebit
15.74836055	44.20957008	-1.9514521	Velebit
15.31479932	44.47925063	-17.867829	Velebit
15.63823868	44.27729613	-8.3717901	Velebit
15.57292327	44.31601846	-11.9443227	Velebit
14.98213801	44.68463427	-7.4993853	Velebit
15.49066253	44.30637734	-4.8018505	Velebit
14.8468893	45.12477005	-8.5799821	Velebit
15.31453939	44.40753498	-7.2793136	Velebit
15.30292907	44.48445388	-17.4672182	Velebit
16.03649158	44.19551064	-12.2171059	Velebit
14.91328442	45.08873591	-17.0720497	Velebit
14.84589063	45.09333596	-6.6164599	Velebit
15.79042935	44.27780988	-17.8676405	Velebit
15.58875127	44.25584703	-1.000456	Velebit
15.95107883	44.17490847	-4.3304091	Velebit
15.18126819	44.59065735	-17.8678085	Velebit
15.268287	44.50838115	-17.3202836	Velebit
15.32975513	44.46926693	-17.867829	Velebit
14.89224125	44.78911084	-1.0000009	Velebit
16.02075483	44.20731228	-14.5509276	Velebit
15.02812021	44.70075395	-14.8513866	Velebit
15.12656111	44.59448956	-12.6539567	Velebit
15.84598762	44.20941299	-7.65505	Velebit
15.76052826	44.27863051	-16.1869945	Velebit
15.6505033	44.24845898	-3.3203139	Velebit
14.87386934	45.04917523	-8.4956012	Velebit
15.93222013	44.17905556	-4.7010399	Velebit
15.80934099	44.25739372	-15.2684726	Velebit
15.68313697	44.24549149	-4.7362836	Velebit
15.36058276	44.3676098	-4.9217699	Velebit
15.34219945	44.37135737	-4.0658603	Velebit
15.59155404	44.28301743	-6.5742638	Velebit
15.16315749	44.60112561	-17.4079169	Velebit
15.19143527	44.58290367	-17.8677274	Velebit
15.57340266	44.29412737	-7.6265535	Velebit
14.92413271	44.76974889	-5.0366659	Velebit
15.63421597	44.28318999	-9.3115164	Velebit
15.78384764	44.20035757	-2.6762401	Velebit
15.72115781	44.27595422	-13.2173156	Velebit
15.27919687	44.50300452	-17.867829	Velebit
15.5409483	44.35722379	-17.867829	Velebit
15.57356879	44.2874354	-6.3080941	Velebit
15.48575932	44.31061805	-5.3329247	Velebit
14.87405852	44.87012005	-1.0000009	Velebit
14.87505457	44.97740414	-4.4287846	Velebit
15.74987097	44.27183388	-14.1602265	Velebit
15.30573722	44.37083101	-1.0000009	Velebit
14.8912656	44.80277393	-1.6045404	Velebit
15.99335849	44.16094211	-1.7995761	Velebit
14.90879609	44.74141489	-1.0000009	Velebit
14.8963377	45.00545708	-9.3940473	Velebit
15.21510452	44.46177635	-5.4699748	Velebit
15.994225	44.19969345	-11.8046361	Velebit
15.78186389	44.19701148	-1.8961029	Velebit
15.03828025	44.71619354	-17.86783	Velebit
14.99026268	44.6656349	-6.2382521	Velebit
15.18513517	44.54536441	-12.4286129	Velebit
15.7374341	44.24050204	-7.0827484	Velebit
16.0629381	44.21336194	-17.4461332	Velebit
15.27770396	44.50413631	-17.867829	Velebit
15.82735394	44.22778086	-10.8993113	Velebit
14.96997174	44.66373686	-3.6049589	Velebit
14.96214144	44.7223724	-7.4300353	Velebit
15.54229945	44.29376808	-5.5780351	Velebit
15.84718339	44.24425944	-15.414269	Velebit
16.0613907	44.18485269	-6.9749015	Velebit
15.51488245	44.32450788	-9.9425847	Velebit
15.05350999	44.6233978	-8.8082892	Velebit
15.11394268	44.51870356	-1.0000009	Velebit
14.89813229	44.84556784	-4.7585277	Velebit
15.10764644	44.63131059	-15.7395248	Velebit
15.72755321	44.21822917	-2.1448412	Velebit
15.00048765	44.70741767	-11.9515702	Velebit
14.95268619	44.89746284	-15.9232504	Velebit
15.46098105	44.36263723	-12.2645475	Velebit
15.85806928	44.19830947	-5.7325475	Velebit
15.05045409	44.70385133	-17.867828	Velebit
15.17017677	44.46705745	-1.0000009	Velebit
14.91164642	44.99169192	-11.325312	Velebit
15.48247739	44.31687032	-6.1555592	Velebit
15.36291632	44.34725923	-1.6131073	Velebit
15.36119169	44.40838687	-11.985174	Velebit
15.19091248	44.53166219	-11.3855755	Velebit
15.05802599	44.66936166	-14.7271835	Velebit
15.09891732	44.64675291	-16.9400819	Velebit
15.62634617	44.29222674	-10.6159586	Velebit
14.90830284	45.03101387	-12.813411	Velebit
14.88510069	44.82612905	-1.9171884	Velebit
14.95504245	44.77009777	-9.9743721	Velebit
15.42495511	44.34439791	-6.1868581	Velebit
14.91141841	44.82051269	-5.8238039	Velebit
15.50868589	44.35964226	-15.6470067	Velebit
14.92874932	45.05210174	-17.2963983	Velebit
15.376366	44.38420275	-9.063613	Velebit
14.90440534	45.06498782	-14.2468481	Velebit
15.10360409	44.64991838	-17.867829	Velebit
15.50109785	44.37255456	-17.2464882	Velebit
15.31863305	44.39699364	-6.1301928	Velebit
14.91926555	44.98322188	-12.3857838	Velebit
14.92853714	44.86984246	-10.8673505	Velebit
15.46139687	44.39502972	-17.867829	Velebit
14.94532102	44.90909005	-14.8744477	Velebit
15.39818278	44.3648645	-7.5191527	Velebit
15.22819927	44.46849926	-7.7682163	Velebit
15.30409903	44.37185716	-1.0000009	Velebit
15.27387671	44.4667909	-12.0075758	Velebit
15.41739473	44.3178108	-1.0000009	Velebit
15.80834014	44.24242823	-12.3600846	Velebit
15.56534839	44.30169483	-8.617539	Velebit
14.99221093	44.70170273	-10.3036631	Velebit
15.19555762	44.57437556	-17.220788	Velebit
15.96610312	44.17717057	-5.3866239	Velebit
14.86496123	44.98810974	-3.4171718	Velebit
15.81040679	44.24897834	-13.746412	Velebit
15.74678223	44.23246632	-6.183932	Velebit
14.91966429	44.81249541	-6.6994809	Velebit
15.76776918	44.28177882	-17.2682738	Velebit
15.71865683	44.21545825	-1.0000019	Velebit
15.68282349	44.26224098	-8.0897597	Velebit
14.91184479	44.9643917	-10.4650926	Velebit
14.92327009	44.7580346	-4.2464823	Velebit
15.96017385	44.20135153	-11.0577708	Velebit
14.90171463	44.77102074	-1.5119662	Velebit
15.74540106	44.24985275	-9.457479	Velebit
14.91562973	44.89559114	-9.1617894	Velebit
15.07136965	44.63682925	-12.5037272	Velebit
15.1513065	44.52454482	-5.9855636	Velebit
15.31516591	44.38148162	-3.5067895	Velebit
14.95496147	44.95917683	-17.8675976	Velebit
15.01178939	44.73412308	-15.6216405	Velebit
15.2957877	44.46788135	-14.3229491	Velebit
15.07566608	44.5486255	-0.9999989	Velebit
15.29910589	44.38066445	-1.8047851	Velebit
15.42881116	44.38404391	-13.317798	Velebit
14.89984175	45.05195244	-12.7445526	Velebit
15.48272771	44.38160194	-17.3011757	Velebit
15.39766222	44.42189441	-17.2853622	Velebit
15.72911351	44.23521142	-5.5040656	Velebit
15.06007278	44.61835369	-8.9647785	Velebit
14.86041563	44.97805507	-2.0970692	Velebit
16.03653146	44.20222532	-13.848872	Velebit
14.95495155	44.66828976	-2.3072563	Velebit
15.19225395	44.46746552	-3.5690492	Velebit
15.37973312	44.34035188	-1.7985849	Velebit
15.45485605	44.35513503	-10.4746463	Velebit
15.66875153	44.23563129	-1.8633212	Velebit
15.12799738	44.54023555	-5.3373407	Velebit
15.7221708	44.22745342	-3.5196337	Velebit
14.8610151	44.97070384	-1.7484809	Velebit
15.51581002	44.3309627	-11.2841043	Velebit
14.93031239	45.01470773	-15.3572773	Velebit
15.91770718	44.19443994	-7.6446626	Velebit
15.38827056	44.394739	-11.8474645	Velebit
15.01895608	44.74997799	-17.867828	Velebit
15.90283665	44.16789148	-1.0000009	Velebit
15.59755128	44.3245449	-15.2038974	Velebit
15.23779302	44.53308506	-16.9084701	Velebit
15.10036388	44.54226295	-2.716433	Velebit
15.35742422	44.40797166	-11.5634779	Velebit
15.16419178	44.59114125	-16.1421674	Velebit
14.88202128	45.03578813	-8.9703817	Velebit
14.85716251	45.08659429	-8.0223891	Velebit
15.52135909	44.32952685	-11.3513117	Velebit
15.62750717	44.30524521	-13.2752968	Velebit
14.99944412	44.71994813	-12.7392841	Velebit
14.94344951	44.83644112	-11.8461447	Velebit
15.22480182	44.51398472	-13.0555556	Velebit
15.20495119	44.54057278	-14.0929931	Velebit
15.11896706	44.53512251	-3.6859843	Velebit
14.93591946	45.04287462	-17.867829	Velebit
15.19206016	44.45396013	-1.8710658	Velebit
15.60458312	44.2975576	-10.2904871	Velebit
14.9958179	44.67314907	-7.7787583	Velebit
14.87584148	45.12207231	-13.0291991	Velebit
14.93623199	45.03234471	-17.2832191	Velebit
15.87589669	44.1734477	-1.0000087	Velebit
15.32304212	44.38469094	-4.7530927	Velebit
14.93646196	44.74713308	-5.511769	Velebit
15.0882143	44.6395202	-14.8210395	Velebit
15.55442898	44.26683238	-1.0000038	Velebit
14.98129753	44.77871887	-14.4856962	Velebit
15.14090815	44.51556819	-3.6850165	Velebit
15.57768102	44.25938477	-1.0000731	Velebit
15.01004648	44.63378657	-4.858515	Velebit
15.79729101	44.27191368	-17.1838905	Velebit
15.14748097	44.54055583	-7.5382604	Velebit
14.81913356	45.08792636	-2.0501215	Velebit
14.97726752	44.79182612	-14.7864843	Velebit
15.37538941	44.3686164	-6.3034838	Velebit
15.27224429	44.44830861	-9.1239027	Velebit
15.20646642	44.4440157	-2.0234355	Velebit
14.94418337	44.74474611	-6.4688681	Velebit
15.25368524	44.52111658	-17.2352856	Velebit
15.26791361	44.47894545	-13.2123742	Velebit
15.77421546	44.25150284	-11.7048114	Velebit
15.05258561	44.60033799	-5.6979232	Velebit
14.99782674	44.784033	-17.3176356	Velebit
15.05501503	44.63777158	-10.6700108	Velebit
14.9791483	44.78891865	-14.9265229	Velebit
14.95803447	44.80641452	-12.5136105	Velebit
15.14488473	44.49735271	-1.8763368	Velebit
15.82893753	44.25061298	-15.3471762	Velebit
14.96701626	44.84395688	-16.0426772	Velebit
15.90072865	44.16827629	-1.0000009	Velebit
15.99327335	44.1746618	-5.6949879	Velebit
14.8941293	44.8322216	-3.7041244	Velebit
15.02465071	44.59439121	-1.9488266	Velebit
15.03778086	44.60121458	-4.2672445	Velebit
15.41622719	44.32924691	-2.8699569	Velebit
14.9850621	44.79290855	-16.0967069	Velebit
15.29414251	44.48283224	-16.3642201	Velebit
15.79296638	44.22354271	-7.7075972	Velebit
15.94247854	44.19469105	-8.8435879	Velebit
15.7138505	44.24856576	-7.2509806	Velebit
14.90828391	44.88103381	-7.4720404	Velebit
15.35255084	44.36113023	-3.1519667	Velebit
16.01138357	44.17855384	-7.2516393	Velebit
15.25289679	44.4852143	-12.6598871	Velebit
14.89561003	44.92652127	-6.3715202	Velebit
14.86895422	45.0576012	-8.2324091	Velebit
15.089197	44.5913792	-8.30522	Velebit
15.01409359	44.68303732	-11.1088376	Velebit
15.34821565	44.3763526	-5.4159445	Velebit
15.78626975	44.25974699	-14.1081454	Velebit
15.31701823	44.37847412	-3.2349521	Velebit
16.11656237	44.21969961	-16.9868798	Velebit
15.17771969	44.57725558	-15.650435	Velebit
14.95228387	44.97351618	-17.8678564	Velebit
15.435303	44.31217333	-1.4941737	Velebit
16.02875776	44.16524478	-1.4345458	Velebit
15.93676761	44.16317826	-1.0000019	Velebit
15.96775793	44.15886977	-0.9999999	Velebit
14.9337732	44.96847348	-14.4509408	Velebit
14.89739457	44.7857953	-1.6417685	Velebit
15.0022647	44.61869463	-2.1662514	Velebit
15.25626222	44.52384445	-17.867828	Velebit
15.76212378	44.25811553	-12.1536566	Velebit
15.25278836	44.48138845	-12.0853268	Velebit
14.93376746	44.82492355	-9.652669	Velebit
16.00178954	44.17207215	-5.3540072	Velebit
15.83639656	44.22479314	-10.6512304	Velebit
15.46303461	44.37682182	-14.8708241	Velebit
15.12626627	44.57299673	-9.6645278	Velebit
15.02230057	44.66523172	-9.9979325	Velebit
15.42070137	44.40973893	-17.0748441	Velebit
14.93701725	44.76047891	-6.5874694	Velebit
14.89885354	44.98304543	-8.7948065	Velebit
15.67621458	44.27277514	-9.8035583	Velebit
14.8861313	44.91621228	-4.3679687	Velebit
15.26093524	44.49065281	-14.251788	Velebit
14.92057147	44.73895821	-2.5582914	Velebit
15.12261283	44.53179198	-3.6145531	Velebit
15.38139492	44.42205853	-15.9860111	Velebit
15.87329774	44.24935586	-17.8678222	Velebit
14.91953758	44.9338197	-10.814976	Velebit
15.36662146	44.41206181	-13.0604984	Velebit
14.96908402	44.83290764	-15.759349	Velebit
15.85074059	44.25088931	-16.9201889	Velebit
15.34612839	44.44605329	-16.0591503	Velebit
15.14814498	44.61049229	-17.1219545	Velebit
15.21579672	44.49765879	-10.0018862	Velebit
14.93870868	45.02297485	-17.1087953	Velebit
15.38447866	44.42754926	-17.1090907	Velebit
15.35554929	44.4045676	-10.867677	Velebit
14.91291702	45.01616997	-12.6450612	Velebit
14.90343206	44.79739875	-3.2560722	Velebit
14.91018985	45.00099208	-11.3735348	Velebit
15.41931698	44.3576901	-8.0113507	Velebit
14.95062144	44.95474386	-16.9611723	Velebit
15.22894415	44.44062202	-3.7334452	Velebit
14.89560619	45.07433878	-13.4283861	Velebit
15.99352869	44.16649012	-3.7199369	Velebit
15.79477661	44.24411055	-11.734465	Velebit
15.64548731	44.31931805	-17.2142006	Velebit
14.8674737	44.91348503	-0.9999999	Velebit
14.97227287	44.85159428	-17.3103993	Velebit
14.85522027	44.97340107	-0.9999999	Velebit
14.94163241	45.01771755	-17.443619	Velebit
14.88292519	44.98545413	-6.0814447	Velebit
15.28120198	44.43303544	-7.7550385	Velebit
14.92988211	44.75566009	-5.174724	Velebit
15.60375413	44.25587721	-1.9312191	Velebit
14.8775671	44.95803941	-4.2351962	Velebit
14.99647588	44.69636045	-10.5303234	Velebit
15.95545878	44.22251365	-15.686873	Velebit
15.08188061	44.55612834	-2.6848075	Velebit
15.77117928	44.20604379	-2.8719335	Velebit
15.76094537	44.25368281	-11.1945168	Velebit
14.92799809	44.95527684	-13.0041623	Velebit
16.05078053	44.20515682	-15.0424677	Velebit
15.79424326	44.25249562	-13.2878188	Velebit
15.01891224	44.68877348	-12.353498	Velebit
15.5299667	44.27708721	-1.481328	Velebit
16.01542935	44.21339278	-15.847641	Velebit
15.00720131	44.75622006	-16.6066947	Velebit
15.13848647	44.59191316	-13.5507196	Velebit
15.98357461	44.22245049	-16.9717245	Velebit
15.13076121	44.510374	-1.8829247	Velebit
14.94909433	44.96449157	-17.0121049	Velebit
15.53328843	44.27360027	-0.9999999	Velebit
15.59609358	44.31698977	-13.610349	Velebit
14.99419604	44.77153402	-15.8436874	Velebit
15.96124082	44.20736758	-12.5543634	Velebit
14.91655224	45.06445406	-16.1233822	Velebit
15.15622061	44.58571097	-14.5581747	Velebit
15.06999187	44.65641068	-14.6326322	Velebit
14.85776415	44.96546567	-0.9999384	Velebit
14.92450095	44.97290577	-12.9673466	Velebit
15.04577562	44.65037713	-11.0478893	Velebit
15.51065204	44.35064287	-14.2610126	Velebit
15.1134898	44.59877354	-11.8721725	Velebit
15.65314919	44.29946115	-13.7567035	Velebit
15.31624041	44.46600495	-16.057997	Velebit
15.21288542	44.43278666	-1.0000009	Velebit
14.97746428	44.67067235	-5.3078856	Velebit
14.85920652	45.0980565	-9.0053007	Velebit
14.92666693	44.71817112	-1.8921469	Velebit
15.87727559	44.22769382	-13.2034794	Velebit
15.73971421	44.26887396	-12.9369538	Velebit
15.1636382	44.60410018	-17.86783	Velebit
14.81482619	45.10323012	-2.2440009	Velebit
14.8538459	44.98955879	-1.7570751	Velebit
15.72377028	44.28791039	-15.7866947	Velebit
15.9742989	44.21618702	-15.1373481	Velebit
14.88621493	45.12846616	-15.0457621	Velebit
15.20445492	44.56403063	-16.9499818	Velebit
16.07059749	44.20478423	-13.9486938	Velebit
14.96347871	44.8789807	-17.4250482	Velebit
14.90197224	45.13397886	-17.8678271	Velebit
16.02654412	44.16375803	-1.0000009	Velebit
15.6440358	44.29451762	-12.1962775	Velebit
15.67095019	44.31195975	-17.3726898	Velebit
15.49895273	44.3216111	-8.3164209	Velebit
15.10896632	44.64009187	-17.0876791	Velebit
14.97723586	44.75269316	-11.9311442	Velebit
14.95379401	44.87774615	-15.6394301	Velebit
15.8835601	44.18854764	-4.7353046	Velebit
14.84840939	45.06835382	-5.5833039	Velebit
14.92952749	44.8141916	-8.3753927	Velebit
15.61517568	44.30301202	-12.0474416	Velebit
14.84755322	45.05455444	-4.6552274	Velebit
15.40082746	44.41054087	-15.5905077	Velebit
14.94255026	45.02555633	-17.867829	Velebit
15.47315228	44.29283804	-1.0000009	Velebit
15.4335873	44.32753695	-3.9940399	Velebit
15.27099647	44.49745969	-16.2443344	Velebit
15.26130767	44.47182435	-11.5134013	Velebit
15.26849591	44.42408383	-5.1868129	Velebit
15.85492868	44.18295006	-2.1494501	Velebit
15.95172869	44.16109872	-1.0000009	Velebit
15.835239	44.23311169	-12.4595807	Velebit
14.96853473	44.87237586	-17.8678329	Velebit
15.01423421	44.6458803	-6.7726195	Velebit
14.94687413	44.69888265	-3.4168446	Velebit
15.05644874	44.60748959	-7.0882326	Velebit
15.83353584	44.25872994	-17.2072846	Velebit
15.13799962	44.49661833	-1.0000009	Velebit
15.01125251	44.7063437	-13.4558376	Velebit
15.5637449	44.34876703	-17.867829	Velebit
14.9119343	45.00497074	-11.8164911	Velebit
14.95198147	44.77058291	-9.5499718	Velebit
15.07522283	44.55168269	-1.3742543	Velebit
15.49760663	44.34959922	-13.015692	Velebit
14.86641968	44.97245831	-2.7499735	Velebit
15.45236464	44.30118355	-1.0000009	Velebit
15.67498959	44.28555795	-12.3027633	Velebit
14.87524766	44.90398081	-2.0542001	Velebit
15.33044553	44.45814278	-16.2970126	Velebit
15.15572193	44.48414014	-1.4717724	Velebit
15.26842602	44.48832507	-14.6451513	Velebit
15.89062714	44.18117792	-3.4155014	Velebit
16.06442962	44.18950807	-8.5539532	Velebit
15.36929531	44.41600592	-13.9144311	Velebit
14.87122786	44.89091391	-1.0000165	Velebit
14.95293695	44.94715932	-17.1900312	Velebit
15.02978959	44.60525751	-3.8648949	Velebit
15.80818789	44.20502295	-4.9135346	Velebit
14.94309147	45.02286873	-17.8673974	Velebit
15.25281672	44.5106075	-15.831829	Velebit
15.06152677	44.69262201	-17.86783	Velebit
15.52938273	44.29366811	-4.7372782	Velebit
14.90026307	44.94242594	-7.7103966	Velebit
15.38854162	44.35019268	-4.2094994	Velebit
15.84437515	44.25823122	-17.867829	Velebit
15.38844957	44.42683113	-17.3828793	Velebit
16.08533515	44.21598628	-17.3347797	Velebit
15.68472173	44.29927659	-15.666766	Velebit
15.30127057	44.47427908	-15.8048148	Velebit
15.87077565	44.17666989	-1.4823139	Velebit
15.81599785	44.23491541	-11.4685662	Velebit
15.10134049	44.62511177	-14.2244442	Velebit
15.90694419	44.2212524	-13.1435202	Velebit
15.52663771	44.3403488	-13.7984643	Velebit
14.85722942	44.9681556	-1.0000009	Velebit
15.64508854	44.26566666	-6.4517353	Velebit
15.27175778	44.50960281	-17.867829	Velebit
14.86614837	45.07336123	-8.6922774	Velebit
15.8210419	44.25931137	-16.4472411	Velebit
16.09061227	44.2046655	-12.7860663	Velebit
15.32725478	44.45093348	-14.9212294	Velebit
15.73465716	44.20958435	-1.0000009	Velebit
16.01410545	44.17280553	-5.0939076	Velebit
15.29821963	44.37578798	-0.9999989	Velebit
14.92756111	45.01547969	-14.9054223	Velebit
15.70042414	44.25447494	-7.612058	Velebit
15.95213879	44.23294921	-17.867829	Velebit
15.19546115	44.55060635	-14.257059	Velebit
14.90064011	45.08938066	-15.0977909	Velebit
15.91721306	44.20944331	-10.9790329	Velebit
14.88594546	44.96285445	-5.8649804	Velebit
15.34085804	44.43711812	-14.2247753	Velebit
15.89722019	44.19730286	-7.3307077	Velebit
15.36486132	44.4222463	-14.3967294	Velebit
15.11784404	44.55968963	-6.9492072	Velebit
15.51911078	44.27813758	-1.0000019	Velebit
15.08135439	44.6419434	-14.2893451	Velebit
15.57779668	44.32145398	-13.3339411	Velebit
14.95559059	44.87366551	-15.8647743	Velebit
15.23073492	44.42087243	-1.0000009	Velebit
15.04528649	44.66786649	-13.0380946	Velebit
15.27078059	44.45998972	-10.7009785	Velebit
15.29078354	44.46013972	-12.6901962	Velebit
15.50348963	44.30837848	-6.0142255	Velebit
15.19973808	44.51674636	-10.5398772	Velebit
14.99634779	44.68185315	-8.8616599	Velebit
15.39968043	44.3816285	-10.5240631	Velebit
15.63738641	44.32520266	-17.867829	Velebit
15.87415723	44.18199738	-2.8317406	Velebit
15.08065364	44.63440927	-13.324058	Velebit
14.84941584	45.04084119	-4.1509027	Velebit
14.89418886	44.83617037	-3.8121825	Velebit
15.22909602	44.49583064	-11.292011	Velebit
15.0623889	44.64736511	-12.6697702	Velebit
15.20169359	44.48788823	-7.1804779	Velebit
14.94351467	44.7648664	-7.8736239	Velebit
15.93937052	44.18541807	-6.4869867	Velebit
15.39401774	44.33242398	-1.6022348	Velebit
14.96880284	44.6426897	-0.9999999	Velebit
16.06315434	44.21197521	-17.0666064	Velebit
14.99820045	44.79061579	-17.8678944	Velebit
14.89297637	45.06627779	-12.5287939	Velebit
15.37409357	44.34898251	-2.8218583	Velebit
14.86844947	44.95181241	-2.429164	Velebit
14.91907875	44.74501123	-2.7951122	Velebit
15.04455609	44.60785901	-5.8916706	Velebit
14.92456018	44.82877578	-8.3909595	Velebit
15.69917807	44.22756591	-2.1176122	Velebit
16.00376273	44.16036376	-0.9999999	Velebit
15.66610167	44.24583131	-3.7535419	Velebit
15.37175808	44.43228223	-16.5529755	Velebit
15.90241439	44.17065381	-1.6116825	Velebit
14.84904202	45.03097023	-3.4970668	Velebit
16.08040152	44.21667147	-17.867829	Velebit
14.92989669	45.05859842	-17.867829	Velebit
15.14551789	44.57159635	-11.4923119	Velebit
15.79503162	44.19975705	-3.1229745	Velebit
15.5552976	44.316779	-10.9750801	Velebit
15.81099845	44.2167216	-7.6628191	Velebit
15.6189267	44.32469463	-16.5928568	Velebit
15.06419034	44.55737457	-1.0000009	Velebit
15.18052305	44.55654628	-13.2917733	Velebit
14.88050105	44.84743796	-1.6084936	Velebit
15.16322603	44.48950376	-2.9935009	Velebit
15.31802726	44.43585565	-11.7927751	Velebit
15.98626011	44.16741734	-3.6995116	Velebit
14.88406832	44.9833759	-6.2077589	Velebit
14.94932107	44.66244441	-1.0000009	Velebit
15.29010454	44.4483875	-10.8920594	Velebit
15.49837489	44.31916046	-7.8314701	Velebit
14.96400215	44.73820495	-8.8941094	Velebit
15.44713216	44.32691101	-4.9929311	Velebit
14.98129062	44.63002147	-1.0000019	Velebit
14.9357127	44.8602675	-11.9324599	Velebit
15.1501523	44.59450745	-15.132078	Velebit
15.33095221	44.39729008	-7.3860548	Velebit
15.99125838	44.2160516	-15.6769872	Velebit
14.86784157	45.13217714	-12.337026	Velebit
14.92567919	44.8496303	-9.7317406	Velebit
14.88228129	44.90872151	-3.4458383	Velebit
15.93846252	44.22842043	-16.2166259	Velebit
15.54522937	44.35086769	-17.1087758	Velebit
14.87537827	44.87623726	-1.3900692	Velebit
15.14443491	44.54655952	-7.9369074	Velebit
15.69752732	44.28254068	-13.0855353	Velebit
16.04710187	44.21465683	-17.2250731	Velebit
14.94452957	44.89597865	-14.4086049	Velebit
15.77808286	44.24218587	-10.2068039	Velebit
15.58002872	44.27899145	-5.0420194	Velebit
15.46633155	44.30455851	-2.7210458	Velebit
14.89192347	45.09590769	-14.0857455	Velebit
15.06123067	44.62868051	-10.3445133	Velebit
14.88325479	44.81497849	-1.0000019	Velebit
14.9188309	44.95849861	-11.4992365	Velebit
14.87810731	45.14572834	-14.7472797	Velebit
14.92817445	44.93963455	-12.5228366	Velebit
14.9481849	44.94080447	-16.1734936	Velebit
15.49272452	44.31739425	-7.0829608	Velebit
16.07540958	44.20219423	-12.7066693	Velebit
15.10355411	44.55935997	-5.4040836	Velebit
15.65703699	44.31890947	-17.8678349	Velebit
15.08888965	44.6311187	-13.7457533	Velebit
15.59833368	44.30849581	-12.0655602	Velebit
15.00175166	44.73192263	-13.9786752	Velebit
15.54906374	44.35346114	-17.867829	Velebit
15.32903696	44.38190456	-4.805808	Velebit
15.9198654	44.17805003	-4.0421684	Velebit
14.87787496	44.84206485	-0.9999999	Velebit
14.94454193	44.71850895	-4.5488334	Velebit
14.96194707	44.7820812	-11.7875026	Velebit
14.90407472	44.99720435	-10.1757496	Velebit
15.4756265	44.34446192	-10.3369369	Velebit
15.80409134	44.1921326	-1.838121	Velebit
15.75229279	44.26191986	-12.3133122	Velebit
15.73793445	44.23812067	-6.6401596	Velebit
15.22393879	44.46775769	-7.2200119	Velebit
15.30744287	44.45599071	-13.7174208	Velebit
15.18074281	44.571115	-15.1268056	Velebit
14.8795041	44.8843646	-2.3382138	Velebit
14.89712833	44.87932048	-5.4080365	Velebit
14.93556977	44.78644218	-7.7998446	Velebit
15.40694374	44.32614414	-1.5785131	Velebit
15.13260192	44.60792837	-15.1380082	Velebit
14.94119846	44.97528688	-15.978434	Velebit
15.59995459	44.26358349	-3.2496249	Velebit
15.79450847	44.2377006	-10.5000146	Velebit
15.42320368	44.39264323	-14.3387636	Velebit
15.8575506	44.21809218	-10.1358901	Velebit
14.87679072	44.94482565	-3.6652494	Velebit
14.99086931	44.79682615	-17.2458275	Velebit
15.8091262	44.26562097	-16.8142484	Velebit
14.83703347	45.03607685	-1.9191005	Velebit
14.96416309	44.6813652	-4.6460209	Velebit
15.82634688	44.2434959	-13.8168998	Velebit
14.90991671	44.9049882	-8.3579313	Velebit
15.88436655	44.21497376	-10.686565	Velebit
14.94151433	45.0020916	-16.9117504	Velebit
15.20552894	44.45314869	-3.2771566	Velebit
14.99691267	44.69461949	-10.4249001	Velebit
14.90792917	44.80849564	-4.595121	Velebit
15.12824242	44.58032705	-10.8808579	Velebit
15.51074479	44.37158404	-17.867829	Velebit
15.80352132	44.27323173	-17.8678261	Velebit
15.99867525	44.16843411	-4.3155819	Velebit
15.98764359	44.20829958	-13.6722841	Velebit
14.91819009	44.73074198	-1.5896825	Velebit
14.85807719	45.03897619	-5.3994755	Velebit
15.70595547	44.2199401	-0.9997118	Velebit
15.7408295	44.28763839	-16.7849267	Velebit
14.83475939	45.04147323	-1.8690292	Velebit
14.92910894	44.93251461	-12.5120273	Velebit
15.86569761	44.21028338	-8.7674364	Velebit
15.31949073	44.38993024	-5.1747787	Velebit
15.5471927	44.3542539	-17.867829	Velebit
15.00569363	44.69294692	-11.2720797	Velebit
15.29522912	44.43235098	-9.0339622	Velebit
15.05115639	44.61232354	-7.1989269	Velebit
14.89390627	45.1563298	-17.867829	Velebit
14.97892898	44.78683204	-14.7472816	Velebit
15.39628897	44.33964034	-3.0280932	Velebit
14.95240805	44.6645324	-1.6114579	Velebit
14.88606561	45.00461538	-7.728682	Velebit
15.02768172	44.61550279	-4.8137069	Velebit
15.01830641	44.65535077	-8.3658389	Velebit
15.12341538	44.51000884	-1.0000009	Velebit
15.65674975	44.23502142	-1.0000019	Velebit
15.08309509	44.60399556	-9.4022863	Velebit
15.7848315	44.19575299	-1.7524633	Velebit
14.98322316	44.75705432	-13.140224	Velebit
14.90270448	44.97276969	-9.1341128	Velebit
15.3427879	44.40759151	-10.0670815	Velebit
15.60567424	44.29208553	-9.2731451	Velebit
15.15795165	44.56167505	-11.4314888	Velebit
14.91934742	45.00995647	-13.2818883	Velebit
15.52531393	44.33739433	-13.1659218	Velebit
15.01728362	44.67440927	-10.4769522	Velebit
14.87572789	44.9806095	-4.6582201	Velebit
15.56726827	44.30899179	-10.1890135	Velebit
14.86910192	44.96397654	-2.9431234	Velebit
14.94477978	44.87518812	-13.942765	Velebit
15.31619053	44.3658718	-0.9999999	Velebit
15.43853791	44.34263576	-6.9933502	Velebit
15.48386185	44.3113928	-5.3276537	Velebit
14.97307996	44.72548827	-9.274461	Velebit
14.93404916	44.85348346	-11.2880606	Velebit
14.9454097	44.66959167	-0.9999999	Velebit
15.05560401	44.6576671	-13.0697204	Velebit
15.26465953	44.4953139	-15.2849521	Velebit
15.23696632	44.4301188	-2.9748866	Velebit
15.12777403	44.55186673	-6.9149477	Velebit
15.92026273	44.23552092	-16.9578881	Velebit
15.99603205	44.1914669	-9.8681299	Velebit
15.75321267	44.21773106	-3.8368925	Velebit
14.90755298	44.84854403	-6.5395338	Velebit
15.26440033	44.41242119	-3.066309	Velebit
15.90560744	44.16976519	-1.5481615	Velebit
14.88921712	44.989688	-7.3254433	Velebit
15.17878527	44.53811702	-10.8044262	Velebit
15.20430952	44.50496538	-9.598639	Velebit
15.66045968	44.2601572	-6.2903051	Velebit
15.00338545	44.78046982	-17.867829	Velebit
14.82887243	45.05671367	-1.8073158	Velebit
14.9861871	44.80169192	-16.7654897	Velebit
14.86086969	45.13415749	-11.3420882	Velebit
15.3250566	44.37405504	-3.1308817	Velebit
14.9670212	44.81453564	-14.4064643	Velebit
15.49711363	44.29715025	-3.3786283	Velebit
15.24313315	44.4879181	-11.9113764	Velebit
14.81460652	45.0821786	-0.9999989	Velebit
15.86873883	44.23807273	-15.1294418	Velebit
15.04954053	44.56854028	-1.0000009	Velebit
15.74548241	44.24180308	-7.8627892	Velebit
14.96836875	44.79769225	-13.6856283	Velebit
14.95847587	44.66863615	-2.8132909	Velebit
14.90056912	44.76512445	-1.0000009	Velebit
14.86015469	44.9526656	-1.0000233	Velebit
15.32850789	44.46745191	-17.4777606	Velebit
15.07165168	44.62618293	-11.2577477	Velebit
15.28899036	44.39943018	-3.5723437	Velebit
15.94232931	44.21589125	-13.5925312	Velebit
15.24176928	44.5371596	-17.867829	Velebit
15.08770632	44.64838662	-15.7987191	Velebit
14.92439006	44.75001102	-3.9519091	Velebit
15.0038073	44.66111001	-7.317529	Velebit
14.93979426	44.70834837	-3.0860761	Velebit
15.46232595	44.32155268	-5.3134857	Velebit
15.33766467	44.38617784	-6.2448419	Velebit
15.34730005	44.42315964	-12.8031891	Velebit
14.95846573	44.7586333	-9.6150686	Velebit
15.3240402	44.38323187	-4.6266669	Velebit
15.34595615	44.35174546	-1.0000009	Velebit
14.96495707	44.88609855	-17.867829	Velebit
15.58690609	44.29420012	-8.4996012	Velebit
15.45651928	44.3391732	-7.8670517	Velebit
15.15933983	44.55664204	-10.8887935	Velebit
14.8701561	44.93141247	-2.0595106	Velebit
14.93143867	45.0045072	-15.2215565	Velebit
15.47260402	44.31030434	-4.2207001	Velebit
15.89987169	44.24120942	-17.2814071	Velebit
14.935413	44.91181832	-13.1461518	Velebit
15.80354081	44.2116776	-6.1868869	Velebit
14.95694153	44.65471843	-0.9999999	Velebit
14.86986179	45.14019397	-13.1184816	Velebit
16.05882351	44.20617312	-15.1284535	Velebit
15.01031068	44.66685891	-8.7638134	Velebit
15.26225175	44.40565955	-1.859205	Velebit
15.79560603	44.20630905	-4.6159892	Velebit
15.07259778	44.68139092	-17.867828	Velebit
14.96228389	44.70686586	-6.2855273	Velebit
15.08064951	44.63226555	-13.0394132	Velebit
15.95812506	44.20858646	-12.6957328	Velebit
15.01504789	44.60432976	-2.0038329	Velebit
15.00315362	44.74293427	-15.0124872	Velebit
15.61804225	44.27963968	-7.5891977	Velebit
15.91242709	44.17437716	-2.8975688	Velebit
14.89677216	45.03087658	-10.9928706	Velebit
15.50588098	44.32424205	-9.3179487	Velebit
15.577539	44.34057197	-17.1160243	Velebit
15.15554788	44.51115675	-4.8064618	Velebit
14.92261824	45.0775943	-17.8677968	Velebit
14.9180387	45.0017922	-12.7783058	Velebit
15.19902279	44.44203672	-1.0000009	Velebit
15.53568896	44.31937742	-10.2451833	Velebit
15.03970713	44.70958294	-17.2626293	Velebit
15.15509522	44.48091571	-1.0000009	Velebit
15.12208409	44.61968251	-15.6529379	Velebit
16.04715851	44.18158421	-6.5426625	Velebit
14.97593398	44.83893815	-17.1931156	Velebit
15.4143068	44.41738327	-17.867829	Velebit
15.52630142	44.3641886	-17.8678271	Velebit
15.40970967	44.34697213	-5.3843183	Velebit
15.90775085	44.17460827	-2.744933	Velebit
15.88672498	44.19319817	-5.923298	Velebit
14.97388281	44.80296696	-14.863247	Velebit
14.87025037	45.08528263	-10.0288996	Velebit
15.51231524	44.33065644	-10.9625612	Velebit
14.89975548	44.92071058	-6.908902	Velebit
14.94916125	44.75087954	-7.6628017	Velebit
14.98370744	44.69322267	-8.4145976	Velebit
14.95089424	44.7049994	-4.4684477	Velebit
14.9166121	44.82733019	-7.0361784	Velebit
14.97450415	44.68732529	-6.6164596	Velebit
15.95518617	44.18088239	-5.9193444	Velebit
15.62434974	44.24706431	-1.4263105	Velebit
14.94168605	44.8518506	-12.4213673	Velebit
16.06720714	44.21471003	-17.867829	Velebit
15.6460086	44.25838692	-5.0423495	Velebit
15.920335	44.18153392	-4.8795995	Velebit
15.40161583	44.39319977	-12.6720771	Velebit
14.97844633	44.73163463	-10.5263703	Velebit
15.24997746	44.40802346	-1.0000009	Velebit
14.94592397	44.95051477	-16.0011024	Velebit
14.87009792	44.89923088	-0.9993837	Velebit
15.86136964	44.18970189	-3.9601078	Velebit
15.79467066	44.27648002	-17.867829	Velebit
15.89314898	44.16985637	-0.9999169	Velebit
15.67114217	44.30429711	-15.8416474	Velebit
14.96071747	44.89446941	-17.3051288	Velebit
15.09928748	44.65430147	-17.867829	Velebit
16.04890402	44.2170526	-17.86783	Velebit
14.88046676	44.82300162	-1.0000009	Velebit
15.24745744	44.46959445	-9.8229952	Velebit
15.70944399	44.21883963	-1.0000009	Velebit
15.921305	44.21593108	-12.6216718	Velebit
14.94751479	44.9854814	-17.4217548	Velebit
15.53175679	44.3417537	-14.4415497	Velebit
15.29123844	44.40887384	-5.1840116	Velebit
15.97551945	44.20366441	-12.1373893	Velebit
15.21679881	44.56008939	-17.867829	Velebit
15.63072334	44.31065868	-14.5550351	Velebit
14.81979446	45.06780691	-0.9999999	Velebit
15.70351567	44.30444613	-17.867829	Velebit
15.97352018	44.17198789	-4.3788368	Velebit
14.93424723	44.6914613	-0.9999999	Velebit
16.00439256	44.20818849	-14.2109364	Velebit
14.8802382	44.86461828	-1.9843954	Velebit
14.94419413	44.81483544	-10.7629158	Velebit
15.78936441	44.1914486	-1.0000009	Velebit
15.68773681	44.28965629	-13.9147616	Velebit
15.69579605	44.24741003	-5.9038598	Velebit
15.86257512	44.25158512	-17.867829	Velebit
15.4144149	44.36824092	-9.4250188	Velebit
14.88502018	45.0799453	-12.0721474	Velebit
15.96129561	44.21598669	-14.4982025	Velebit
14.89685513	45.13273831	-16.9829257	Velebit
15.85937166	44.22509795	-11.7888217	Velebit
15.3317025	44.40673193	-8.8497824	Velebit
14.94047155	45.03098621	-17.867829	Velebit
14.84963812	45.10224232	-7.7237412	Velebit
14.89106678	44.89927241	-4.8013822	Velebit
14.92559289	44.94508431	-12.2477455	Velebit
15.16226043	44.56669024	-12.5740939	Velebit
14.89507591	44.81331076	-2.8024184	Velebit
15.6780805	44.25486168	-6.31106	Velebit
15.81850932	44.2218012	-9.1493112	Velebit
14.94596851	44.79557299	-9.9755301	Velebit
14.97119802	44.67723863	-5.3329237	Velebit
15.97899978	44.18761985	-8.3589198	Velebit
15.46584585	44.29918961	-1.7590517	Velebit
14.86539865	45.0469897	-7.0328654	Velebit
14.93184991	44.83882105	-10.1190041	Velebit
15.21525558	44.45164066	-4.0111703	Velebit
15.82818568	44.20814468	-6.5426623	Velebit
14.90696359	44.8960054	-7.6015159	Velebit
16.00792246	44.17468204	-6.1446874	Velebit
14.98654869	44.82047212	-17.8678271	Velebit
14.91768174	44.9195002	-10.1224833	Velebit
15.97714804	44.21992	-16.1177924	Velebit
15.01933107	44.7097648	-14.863247	Velebit
14.8297744	45.08215833	-3.4114086	Velebit
15.74137376	44.28043962	-15.3686225	Velebit
14.85377258	45.1293923	-9.9399489	Velebit
14.92854783	44.77781172	-6.1934462	Velebit
15.21890686	44.50532717	-11.3084842	Velebit
15.58638701	44.3415251	-17.867829	Velebit
15.51998005	44.30186908	-5.768786	Velebit
15.04119812	44.68852756	-14.9726239	Velebit
15.42872302	44.36875183	-10.681211	Velebit
14.90653474	44.74793329	-1.0000019	Velebit
15.23101736	44.4725495	-8.6221505	Velebit
15.95113659	44.19385775	-8.9331533	Velebit
15.51238311	44.28701166	-2.3349306	Velebit
15.96900322	44.22943634	-17.867829	Velebit
15.17836426	44.4677798	-2.0236	Velebit
15.06805339	44.57368081	-3.6500941	Velebit
15.39089884	44.42848792	-17.867829	Velebit
14.9091702	44.86429556	-7.2205058	Velebit
14.89217326	44.86300951	-4.1080292	Velebit
15.7887342	44.20166044	-3.2560731	Velebit
15.19315328	44.48458873	-5.796789	Velebit
15.15156777	44.55138507	-9.3495879	Velebit
14.95473206	44.93106245	-17.1199784	Velebit
14.82092734	45.10291917	-3.1964423	Velebit
14.99032125	44.6442149	-3.7357499	Velebit
14.87155915	45.03597868	-7.3376278	Velebit
15.82721897	44.20191291	-5.1029672	Velebit
14.98140658	44.71324532	-9.5801892	Velebit
14.93341654	44.76352287	-6.1792785	Velebit
14.95708848	44.94410779	-17.86787	Velebit
14.9831915	44.67841073	-6.8951747	Velebit
15.09696539	44.57918432	-7.4414018	Velebit
14.99062988	44.69037374	-9.1808971	Velebit
15.37706802	44.42126541	-15.4536234	Velebit
16.02097838	44.18503478	-9.1492708	Velebit
15.25232314	44.49768193	-14.1714023	Velebit
15.98634057	44.18149819	-7.1205182	Velebit
14.83163026	45.11452082	-5.5648568	Velebit
15.19254287	44.44649578	-1.0000009	Velebit
14.97310823	44.69822576	-7.2298952	Velebit
14.94482518	44.86641013	-13.7352118	Velebit
15.46388492	44.29580086	-1.0000009	Velebit
14.90812403	45.07722041	-15.568351	Velebit
15.04030041	44.61636062	-6.4141764	Velebit
14.87734457	45.02156269	-7.378477	Velebit
15.96265577	44.18482142	-7.1277668	Velebit
14.80951945	45.09626611	-1.0000009	Velebit
15.80052505	44.2273404	-8.9542213	Velebit
14.87978455	44.9729121	-5.1128778	Velebit
15.101588	44.55208821	-4.1969799	Velebit
14.88218511	45.06702194	-10.8783866	Velebit
15.00233306	44.70031799	-11.6899862	Velebit
14.88628598	44.81991773	-1.7611981	Velebit
14.82459027	45.07268402	-2.042873	Velebit
14.90589529	45.10651509	-16.9163759	Velebit
15.19855847	44.44842736	-1.8961029	Velebit
15.54938091	44.33282658	-13.7874286	Velebit
15.52934319	44.30780149	-7.542213	Velebit
15.06516628	44.56255883	-1.8160463	Velebit
15.24366213	44.44531798	-5.8725629	Velebit
14.89564232	45.10291849	-15.0793642	Velebit
15.26345358	44.50118049	-15.8753158	Velebit
15.24507179	44.47991936	-11.1101553	Velebit
14.84244944	45.08266845	-5.4567973	Velebit
15.7750096	44.26319134	-13.9777294	Velebit
15.08742044	44.53966173	-0.9999999	Velebit
15.09960995	44.57116123	-6.6144843	Velebit
15.01533219	44.69884114	-13.1079394	Velebit
15.5136958	44.34006212	-12.6915136	Velebit
14.89628155	45.14974916	-17.867829	Velebit
14.96055854	44.77637361	-11.2471153	Velebit
15.01299209	44.72155275	-14.854352	Velebit
14.91316181	44.74436471	-1.8644897	Velebit
15.33554084	44.36255176	-2.0081176	Velebit
15.93331378	44.18849722	-7.0302187	Velebit
15.42022589	44.31904175	-1.4427802	Velebit
14.92721247	44.85912659	-10.3636202	Velebit
15.14417345	44.56358158	-10.2483296	Velebit
15.18410072	44.51866717	-8.9950868	Velebit
15.20424883	44.45442489	-3.3193261	Velebit
15.80688159	44.1878072	-1.0000019	Velebit
15.95174578	44.23056132	-17.3150141	Velebit
14.94896663	44.99131673	-17.867829	Velebit
15.92162214	44.22361204	-14.3555639	Velebit
14.91602618	44.90835256	-9.5479105	Velebit
15.69533741	44.26292157	-8.9990415	Velebit
14.90035815	44.90711862	-6.6784101	Velebit
14.94080062	44.69107695	-1.9359667	Velebit
15.73223544	44.26640115	-11.9772658	Velebit
14.92706128	44.79000421	-6.6335902	Velebit
15.75436009	44.25291273	-10.626208	Velebit
15.44381476	44.37138676	-12.3666772	Velebit
15.78018006	44.20896296	-4.0523549	Velebit
14.91690547	45.03513433	-14.4135492	Velebit
14.9000704	45.11857114	-16.6814804	Velebit
15.63174345	44.26323649	-5.139203	Velebit
15.34149845	44.39505419	-8.0844474	Velebit
15.42816823	44.41080524	-17.867828	Velebit
15.02812762	44.73200683	-17.86783	Velebit
15.07330618	44.62944256	-11.8692077	Velebit
15.20004874	44.49709411	-8.1355531	Velebit
15.25696998	44.43508874	-5.6742335	Velebit
15.18758262	44.57014513	-15.7860356	Velebit
15.35787037	44.44539428	-17.1173495	Velebit
15.7765284	44.28206989	-17.8678837	Velebit
15.04408063	44.60967843	-6.0814787	Velebit
14.82640389	45.09290955	-3.4926161	Velebit
14.97945985	44.81600108	-16.4824926	Velebit
14.88161851	44.8307849	-1.4006127	Velebit
15.27515798	44.40717277	-3.3516117	Velebit
15.43597051	44.3513241	-8.2770513	Velebit
15.66079844	44.25420002	-5.1115331	Velebit
15.46934591	44.36614349	-13.5505531	Velebit
16.04440365	44.18837793	-9.2487646	Velebit
15.50468359	44.2827536	-1.0000009	Velebit
15.76826941	44.21959977	-5.2397665	Velebit
16.04535447	44.20885773	-15.7577035	Velebit
14.99217204	44.79332148	-17.1855712	Velebit
14.91884476	45.02031772	-13.8264672	Velebit
15.17382829	44.59280731	-17.3828769	Velebit
14.89980793	44.86361882	-5.506872	Velebit
15.24520823	44.4164695	-1.7748651	Velebit
14.90628115	45.00116833	-10.6990098	Velebit
14.82432153	45.10961056	-4.1205473	Velebit
15.002031	44.68641166	-10.0710698	Velebit
14.89315174	45.14844337	-17.295244	Velebit
14.87829785	45.05947241	-9.8121215	Velebit
16.07031538	44.21185992	-16.6231684	Velebit
14.85240805	45.12521877	-9.4833319	Velebit
15.25694658	44.42127781	-3.6375746	Velebit
15.57865126	44.32793136	-14.6751327	Velebit
15.54889668	44.30100515	-7.4348138	Velebit
15.91550314	44.20269759	-9.3897675	Velebit
15.19637379	44.4490909	-1.7590526	Velebit
15.96729446	44.19385368	-9.4774018	Velebit
15.015131	44.59567041	-1.0000009	Velebit
14.93117207	44.72950524	-3.4076195	Velebit
15.88227763	44.20627191	-8.6417533	Velebit
15.0096891	44.76812812	-17.867831	Velebit
15.79189983	44.27460749	-17.3196322	Velebit
16.02645631	44.22017684	-17.867831	Velebit
15.33517583	44.39290878	-7.1567572	Velebit
14.92711222	45.02607652	-15.4725634	Velebit
15.84054809	44.24053327	-14.2454267	Velebit
15.73280849	44.25386622	-9.488609	Velebit
15.66882507	44.28134217	-11.073257	Velebit
15.31744449	44.36961754	-1.7465331	Velebit
15.63400685	44.27285159	-7.2153793	Velebit
15.96774245	44.21175901	-13.8406327	Velebit
15.81209394	44.21000618	-6.2105802	Velebit
15.74250695	44.24402597	-8.1053058	Velebit
14.94678898	44.80483676	-10.622569	Velebit
15.09607656	44.60481407	-10.8769044	Velebit
15.50544747	44.32600783	-9.6025932	Velebit
14.91864805	44.87117225	-9.1076766	Velebit
15.02682011	44.64717925	-8.4205271	Velebit
14.88562983	45.06215679	-11.1259594	Velebit
15.30765575	44.44747293	-12.4836308	Velebit
15.31836667	44.41510013	-8.7697437	Velebit
15.2066004	44.5279581	-12.7145753	Velebit
15.66160676	44.31218726	-16.8245902	Velebit
15.39610666	44.37492433	-9.0794275	Velebit
15.72943815	44.24275456	-7.0434635	Velebit
15.39933922	44.32639161	-0.9999999	Velebit
15.97977957	44.15719747	-1.0000009	Velebit
15.22773924	44.54388991	-17.1035048	Velebit
15.82230648	44.18459965	-1.0000009	Velebit
15.71920985	44.2295103	-3.7447621	Velebit
15.33389706	44.43213542	-12.806163	Velebit
15.36390386	44.34322407	-1.0000009	Velebit
15.59623147	44.27165138	-4.615078	Velebit
15.07279105	44.59921598	-7.6631244	Velebit
16.01513907	44.19057029	-10.2959212	Velebit
15.0834571	44.66709661	-17.4843495	Velebit
15.1709158	44.47728735	-2.354038	Velebit
14.83877933	45.11932317	-6.9775363	Velebit
14.86672029	45.1052787	-10.6148262	Velebit
15.03242046	44.65496466	-9.9979326	Velebit
16.05701913	44.2093675	-16.2759272	Velebit
15.60357959	44.28473254	-7.6795412	Velebit
15.01246133	44.70512452	-13.503279	Velebit
15.28441699	44.47600204	-14.4013578	Velebit
15.69951093	44.30020104	-16.7654906	Velebit
14.84245707	45.01908531	-1.745871	Velebit
15.5051747	44.31496023	-7.4288835	Velebit
15.2666252	44.39690299	-0.9999989	Velebit
14.89316264	45.08054428	-13.4018278	Velebit
14.89782861	44.82434844	-3.8586396	Velebit
15.2185133	44.46194155	-5.8495009	Velebit
16.00969677	44.16391317	-2.0008686	Velebit
14.91845283	44.80013779	-5.8172152	Velebit
15.03450988	44.72001521	-17.867829	Velebit
14.99806956	44.63187282	-3.2109364	Velebit
16.02902795	44.19047094	-10.7411704	Velebit
15.0567879	44.67866495	-15.6697392	Velebit
14.85329653	45.04878981	-5.2390946	Velebit
14.98644013	44.71932521	-10.7780697	Velebit
15.38393315	44.3743774	-7.9915844	Velebit
14.89022223	44.91407234	-5.0166527	Velebit
15.23958669	44.47834956	-10.3194751	Velebit
15.040814	44.58260652	-2.0212939	Velebit
15.78422712	44.26942263	-15.8014975	Velebit
14.93818933	44.80437929	-9.2181255	Velebit
15.6432293	44.24144499	-1.4592523	Velebit
15.84217063	44.20094542	-5.5823163	Velebit
15.70818404	44.29021943	-15.2898842	Velebit
14.96831386	44.65128961	-1.9494745	Velebit
14.9920815	44.80451728	-17.86783	Velebit
15.33061594	44.42008256	-10.7085556	Velebit
15.47382198	44.29583466	-1.6378139	Velebit
15.11308695	44.52534371	-1.7274608	Velebit
15.34750038	44.41442233	-11.5364323	Velebit
15.84461712	44.23945035	-14.3150243	Velebit
15.55099731	44.27800866	-3.00108	Velebit
14.98000923	44.82779735	-17.2267211	Velebit
15.56458368	44.32476112	-13.1510959	Velebit
14.97190625	44.76545694	-12.1064113	Velebit
14.96789879	44.75976203	-11.0884109	Velebit
15.98628453	44.16006034	-1.8644755	Velebit
14.92136666	44.92910234	-11.0256216	Velebit
15.18344782	44.48169901	-4.3310673	Velebit
14.86919942	44.90424089	-0.9999989	Velebit
15.19458746	44.58047342	-17.867829	Velebit
14.88563022	44.87440082	-3.2028647	Velebit
14.88806297	45.02050917	-8.9996996	Velebit
15.88048835	44.2425669	-16.6826337	Velebit
14.87595374	44.85619029	-0.9999989	Velebit
14.808532	45.099	-1.0000009	Velebit
15.91566118	44.16611056	-0.9999999	Velebit
15.09949957	44.6109529	-12.0813734	Velebit
15.03115542	44.5825478	-0.9999999	Velebit
15.61365544	44.31014529	-13.3675446	Velebit
15.7980799	44.21068075	-5.6256606	Velebit
15.62711227	44.25233263	-2.6576317	Velebit
14.9414085	44.93996018	-14.9244091	Velebit
15.03210396	44.67416348	-12.2091981	Velebit
15.18313686	44.58249403	-16.9398925	Velebit
15.5311312	44.35034855	-15.8838324	Velebit
15.50797577	44.33365614	-11.1233323	Velebit
15.17264697	44.56946491	-14.0460414	Velebit
15.05411955	44.58296801	-3.4669189	Velebit
14.94795265	44.85883741	-13.8149418	Velebit
14.91038811	45.09497092	-16.9691176	Velebit
14.9587799	44.90619731	-17.242204	Velebit
14.91063672	45.05435804	-14.58585	Velebit
15.84209505	44.19412146	-4.0516947	Velebit
15.46500497	44.38613328	-16.6327226	Velebit
14.96523139	44.79045205	-12.7798073	Velebit
15.62891547	44.28563458	-9.4709324	Velebit
14.97494691	44.7734033	-13.1514259	Velebit
15.20960959	44.47237231	-6.1578656	Velebit
15.58894282	44.25913314	-1.6672865	Velebit
14.9212013	44.74979635	-3.4564203	Velebit
15.06484123	44.62371949	-10.1929674	Velebit
14.95635104	44.66175517	-1.7544403	Velebit
15.54149961	44.30868406	-8.4900412	Velebit
15.2177299	44.55350513	-17.1562177	Velebit
15.15748092	44.54533341	-9.2718223	Velebit
14.9068779	44.98559527	-10.2878745	Velebit
15.44077096	44.35706112	-9.655304	Velebit
15.91950121	44.16826829	-1.6533046	Velebit
15.07076329	44.67656906	-17.0850565	Velebit
15.85994626	44.24461717	-16.1853271	Velebit
14.99440449	44.61671342	-0.9999989	Velebit
14.91170812	44.94761323	-9.8911919	Velebit
15.30381626	44.39148005	-3.8606161	Velebit
15.7272631	44.29475451	-17.3809027	Velebit
15.63455841	44.29765828	-12.2171122	Velebit
14.86906451	44.97612334	-3.3403988	Velebit
15.30718505	44.37394825	-1.6114584	Velebit
15.56959528	44.27542886	-3.6711796	Velebit
15.08950203	44.61976336	-12.2459335	Velebit
15.44430668	44.38061491	-13.9935004	Velebit
14.87376712	45.06379311	-9.3567776	Velebit
15.85758595	44.25337397	-17.8680605	Velebit
15.13416224	44.53960872	-5.9022179	Velebit
14.87509155	45.13888451	-13.8748974	Velebit
15.37580775	44.43850618	-17.8677821	Velebit
15.38342714	44.41669807	-15.2295946	Velebit
14.95831319	44.84779001	-14.8607753	Velebit
15.07197222	44.59124614	-6.4797382	Velebit
15.51625407	44.31813658	-8.7638142	Velebit
14.96939307	44.78039719	-12.8602216	Velebit
15.27289903	44.42965097	-6.4398747	Velebit
15.02812546	44.70945213	-15.8713637	Velebit
15.13786658	44.53348602	-5.5638651	Velebit
15.52405665	44.36125224	-17.1795644	Velebit
15.66041411	44.30458989	-15.2377812	Velebit
15.05371528	44.61619585	-7.9896022	Velebit
16.02706994	44.17817038	-6.383704	Velebit
14.98239632	44.639593	-2.2525673	Velebit
15.72946676	44.23239081	-4.9639203	Velebit
15.80333372	44.21624858	-7.0475895	Velebit
14.91338134	44.92852511	-9.563572	Velebit
14.9641589	44.85723087	-16.3233695	Velebit
15.62945226	44.24338453	-0.9999999	Velebit
16.00258185	44.16752149	-3.7541996	Velebit
14.90496868	44.8324648	-5.4554821	Velebit
14.87614976	45.07398719	-10.3195131	Velebit
16.02583266	44.18677986	-9.6869335	Velebit
14.85045198	45.01496207	-2.7539901	Velebit
15.13700381	44.54627981	-7.1144076	Velebit
14.91942686	45.04651744	-15.4951313	Velebit
15.09399218	44.65549343	-17.3779374	Velebit
15.60405142	44.33587323	-17.867829	Velebit
15.53382621	44.34521242	-15.2216894	Velebit
15.73126366	44.27764979	-14.182602	Velebit
15.68773312	44.30927901	-17.867829	Velebit
15.08711784	44.56252818	-4.1152777	Velebit
15.24780673	44.45191175	-7.2516391	Velebit
15.23511846	44.482787	-10.3603269	Velebit
15.98144858	44.19455611	-10.1257602	Velebit
14.89828118	44.99578746	-9.1176749	Velebit
15.16574439	44.54628378	-10.3319915	Velebit
15.98191483	44.15710675	-1.0000009	Velebit
16.01513461	44.20210312	-13.0960773	Velebit
15.92667586	44.18582033	-6.1341449	Velebit
14.93606828	45.01513668	-16.3817812	Velebit
15.25465112	44.48854325	-13.3029731	Velebit
14.9144522	44.97319388	-11.2116256	Velebit
14.96191609	44.69243755	-5.1471132	Velebit
15.27751335	44.39399794	-1.6434174	Velebit
15.67383004	44.31353824	-17.868623	Velebit
15.75724925	44.24666204	-9.6052296	Velebit
15.35830222	44.43343187	-15.3982719	Velebit
15.36200061	44.41314291	-12.7761461	Velebit
14.95403255	44.78204196	-10.5159875	Velebit
14.85769091	45.05995898	-6.5782677	Velebit
14.93580203	44.71896974	-3.2969237	Velebit
14.98966906	44.78276199	-16.0215688	Velebit
15.85990989	44.24978467	-17.3407499	Velebit
15.11175005	44.58504029	-9.7989453	Velebit
14.9555453	44.95551218	-17.8676454	Velebit
14.93284187	45.01903003	-15.9491107	Velebit
15.54306365	44.35350901	-17.4044525	Velebit
15.29733058	44.41350249	-6.464913	Velebit
16.03871765	44.19242513	-11.0870937	Velebit
15.22565258	44.52821382	-14.9190888	Velebit
15.96723325	44.21322399	-14.1569027	Velebit
14.87272312	44.99407169	-4.9963861	Velebit
15.76427013	44.27236288	-15.1558002	Velebit
15.68755394	44.27911075	-11.7792687	Velebit
14.83515348	45.09103282	-4.7764823	Velebit
14.94645544	45.00478496	-17.8678251	Velebit
14.90873862	45.00727394	-11.4527807	Velebit
16.05810817	44.19337508	-10.359998	Velebit
15.03194056	44.68736581	-13.7365282	Velebit
15.73241125	44.24796636	-8.2762482	Velebit
14.92699181	45.0390485	-16.2344179	Velebit
14.84747463	45.00513363	-1.6938207	Velebit
15.36915652	44.35988802	-4.2938378	Velebit
14.94318554	44.7602203	-7.4871319	Velebit
16.0448088	44.20112578	-13.8617187	Velebit
15.68367779	44.23640783	-2.9407895	Velebit
14.93754091	44.99264937	-15.9046337	Velebit
15.20380796	44.57201287	-17.867829	Velebit
14.89180096	45.0478995	-11.236824	Velebit
15.04211087	44.6787436	-13.9348564	Velebit
14.86039405	45.00321076	-3.608748	Velebit
15.94978048	44.19962505	-10.2878485	Velebit
14.95798657	44.91951202	-17.4257065	Velebit
14.96410695	44.67448092	-4.1205492	Velebit
15.38736928	44.35722257	-5.3223817	Velebit
16.02606174	44.19524826	-11.8008471	Velebit
15.40376662	44.34390389	-4.3715883	Velebit
14.94833092	44.73458617	-6.3153441	Velebit
15.20657411	44.55197473	-15.6941195	Velebit
15.47932422	44.35260681	-12.0388742	Velebit
15.44180128	44.404334	-17.867829	Velebit
15.49723093	44.37800669	-17.867829	Velebit
15.124637	44.63382068	-17.8678261	Velebit
15.03979648	44.66261336	-11.7703722	Velebit
16.07911758	44.20989392	-15.3926718	Velebit
15.01986141	44.59114981	-1.0000009	Velebit
14.9288388	44.8556331	-10.572492	Velebit
14.97688811	44.84831526	-17.8678271	Velebit
15.34110172	44.45834905	-17.3756313	Velebit
14.919651	44.88185989	-9.5525166	Velebit
15.72092734	44.26258425	-10.5105552	Velebit
15.18599103	44.51002989	-8.138189	Velebit
14.92249818	44.85135759	-9.3179482	Velebit
14.88277871	45.09909521	-12.81407	Velebit
14.93822366	44.77497401	-7.5873443	Velebit
14.8654961	44.9240761	-1.0000009	Velebit
15.19375413	44.55896296	-15.1004511	Velebit
15.38287179	44.33421528	-1.0000009	Velebit
14.95608757	44.73755031	-7.6799235	Velebit
15.49188063	44.31476326	-6.545298	Velebit
16.09732813	44.21918676	-17.86783	Velebit
15.41810196	44.40270407	-15.6526078	Velebit
15.2742953	44.50183532	-17.1929721	Velebit
15.77246816	44.19568963	-1.0005019	Velebit
15.02941412	44.59031873	-1.8875375	Velebit
16.01591772	44.18008319	-7.7260469	Velebit
14.87262367	44.88066267	-0.9999999	Velebit
15.03678877	44.60474634	-4.6371259	Velebit
15.41138969	44.35378626	-6.6928925	Velebit
16.02366592	44.16936707	-3.267602	Velebit
15.76781756	44.25832954	-12.5544743	Velebit
14.91529629	44.93680052	-10.1672591	Velebit
15.37136114	44.40284274	-11.8613012	Velebit
14.94901736	44.76449692	-8.6672909	Velebit
15.71047027	44.22344167	-1.9834911	Velebit
15.7523045	44.23699279	-7.4269379	Velebit
14.89581532	44.77881826	-1.0000019	Velebit
15.19869762	44.47324964	-5.0219237	Velebit
14.91389211	45.10092696	-17.8678222	Velebit
15.58267079	44.30586673	-10.547455	Velebit
15.66648811	44.29469115	-13.618267	Velebit
14.91773675	44.85576011	-8.5631794	Velebit
15.73161794	44.22714053	-4.117914	Velebit
14.88833874	44.80034627	-1.0000009	Velebit
15.18483687	44.45358141	-1.0000009	Velebit
14.88738213	44.99436048	-7.318183	Velebit
14.91397345	44.84560851	-7.6311659	Velebit
15.23809891	44.47520029	-9.7291009	Velebit
15.11150499	44.57328913	-8.1556497	Velebit
14.98472656	44.79013105	-15.8490937	Velebit
15.8468709	44.23325951	-13.0339782	Velebit
14.95499095	44.86465677	-15.2671562	Velebit
15.46835527	44.29882952	-1.8855609	Velebit
15.02805486	44.71769184	-16.7819613	Velebit
15.24776366	44.4767066	-10.9012835	Velebit
15.70009298	44.26938853	-10.5948954	Velebit
15.82741553	44.23181372	-11.6770846	Velebit
15.21896219	44.54194277	-15.8608207	Velebit
15.5201418	44.33595324	-12.5122931	Velebit
14.88837475	44.88790535	-4.0332602	Velebit
15.03442643	44.63108268	-7.4395911	Velebit
15.61393269	44.27516844	-6.440464	Velebit
14.90950724	44.75414481	-1.8224716	Velebit
15.93597206	44.2347379	-17.5146601	Velebit
14.92702652	44.89144379	-11.1250622	Velebit
15.9302667	44.19944319	-9.3495663	Velebit
15.92571675	44.2285154	-15.6438788	Velebit
14.94928887	44.92323947	-15.9413681	Velebit
15.94399467	44.22112444	-14.8415038	Velebit
15.21920146	44.48677869	-9.0398926	Velebit
14.87398077	44.98311469	-4.5343373	Velebit
15.98377589	44.22635521	-17.8679472	Velebit
14.94081024	44.94814069	-15.0213837	Velebit
15.87368764	44.22129309	-11.6036706	Velebit
14.90662422	44.78234726	-2.9299159	Velebit
15.76516844	44.23872888	-8.6518007	Velebit
15.19403585	44.44536369	-1.0000009	Velebit
15.57086788	44.26414383	-1.5112787	Velebit
14.8761436	45.09170957	-11.3350014	Velebit
14.89923742	45.08070418	-14.37864	Velebit
15.05197583	44.69508184	-17.0211425	Velebit
14.83853002	45.06309453	-3.7098886	Velebit
14.88471167	44.94286647	-4.9926034	Velebit
14.89672754	44.91569914	-6.2315861	Velebit
14.88089942	45.10897044	-13.081748	Velebit
15.03354083	44.72139611	-17.867829	Velebit
15.42676596	44.36175199	-9.3179494	Velebit
15.12472264	44.62816491	-17.0979091	Velebit
15.03120039	44.60096533	-3.5301752	Velebit
14.99013979	44.6920788	-9.2757783	Velebit
15.94743518	44.16464888	-1.7168827	Velebit
15.48393645	44.37129835	-15.6285585	Velebit
15.12116118	44.60816582	-13.9702733	Velebit
15.74209118	44.2926279	-17.867829	Velebit
15.97823503	44.16051517	-1.7531244	Velebit
14.81364835	45.09901207	-1.8144008	Velebit
15.5460233	44.27185314	-1.4625478	Velebit
15.71370409	44.22172314	-1.8433754	Velebit
14.88812184	45.08802375	-13.0288732	Velebit
15.7773372	44.193948	-1.0000009	Velebit
15.76841998	44.2305694	-7.3306264	Velebit
15.86897204	44.20241981	-7.1600517	Velebit
15.51186232	44.29755796	-4.3966278	Velebit
15.10735994	44.53015701	-1.7846166	Velebit
15.30533239	44.40334084	-5.7559379	Velebit
14.89489528	44.95808023	-7.2806298	Velebit
15.64629375	44.28729945	-10.884352	Velebit
14.89862474	44.99157296	-9.0330461	Velebit
16.03628153	44.19383571	-11.7532406	Velebit
15.18075062	44.50314959	-6.6863036	Velebit
15.93532903	44.17286244	-3.3023603	Velebit
14.85109398	44.98417202	-1.0000009	Velebit
15.18499541	44.49263692	-5.8653148	Velebit
14.87661976	44.91421509	-2.6311078	Velebit
14.97750234	44.65343784	-3.2929706	Velebit
15.12670617	44.53028524	-3.8938881	Velebit
15.43333794	44.33471383	-5.2070741	Velebit
15.13789292	44.61789376	-17.0652899	Velebit
15.79055624	44.20540169	-4.1001996	Velebit
16.09863599	44.21624835	-16.690539	Velebit
15.97030455	44.21757431	-15.274498	Velebit
14.95420258	44.68475768	-3.4343051	Velebit
14.90857615	45.11567045	-17.867829	Velebit
15.08206433	44.65946214	-16.4248393	Velebit
15.55979969	44.27091175	-2.1514247	Velebit
14.88807645	45.07296444	-12.1590585	Velebit
14.85551225	45.11132913	-9.1795796	Velebit
15.28584696	44.44188624	-9.5156179	Velebit
15.14880457	44.61540706	-17.867829	Velebit
15.43671726	44.39937463	-16.5997763	Velebit
15.01713761	44.74600323	-17.3015058	Velebit
15.55195003	44.31034081	-9.4833311	Velebit
15.10688858	44.61359166	-13.2199516	Velebit
14.86123764	45.12968963	-11.1440888	Velebit
15.10941554	44.52285818	-1.0000009	Velebit
14.91827419	45.07800819	-17.2104462	Velebit
15.06384488	44.58637276	-4.9560312	Velebit
15.76803619	44.26388161	-13.6796078	Velebit
16.06507116	44.21480131	-17.867829	Velebit
15.63550798	44.25523442	-3.7597987	Velebit
15.6287191	44.32612695	-17.5001625	Velebit
14.88452522	45.04490283	-9.9129379	Velebit
15.98343858	44.22416747	-17.3617943	Velebit
15.0882588	44.6366061	-14.4366024	Velebit
15.75174711	44.20330868	-1.0000009	Velebit
14.8746474	44.8984886	-1.8060658	Velebit
15.75962365	44.2872539	-17.8678271	Velebit
14.88739346	44.83466699	-2.5432245	Velebit
15.48867136	44.35779568	-13.6943603	Velebit
15.61575004	44.26331425	-4.1686537	Velebit
15.1502024	44.57936078	-13.0526005	Velebit
15.58171244	44.26806862	-2.9803441	Velebit
15.68338108	44.30793625	-17.3288617	Velebit
14.82555782	45.05183562	-0.999995	Velebit
14.97089164	44.78334704	-13.2924284	Velebit
15.10078933	44.58660309	-8.8639668	Velebit
15.77616044	44.26939698	-15.2919374	Velebit
14.98199392	44.68657332	-7.662792	Velebit
15.20653207	44.46410392	-4.7807665	Velebit
14.92817431	44.70335453	-1.0000009	Velebit
15.82013788	44.2268311	-10.224774	Velebit
15.30866362	44.37281398	-1.5798319	Velebit
15.24852932	44.48440115	-12.0905976	Velebit
15.47692392	44.30463395	-3.5828856	Velebit
14.94835163	44.66382592	-1.0000009	Velebit
14.8907048	44.97482476	-7.0938639	Velebit
14.9269533	44.92044221	-11.825559	Velebit
15.30093856	44.48850057	-17.867829	Velebit
15.99997399	44.21982486	-16.8877157	Velebit
15.61067719	44.31877463	-14.8922377	Velebit
15.17435354	44.56679525	-13.8617167	Velebit
14.84063335	45.02882529	-2.0463549	Velebit
15.16860352	44.5629072	-12.7231339	Velebit
14.97456862	44.74302828	-10.8120027	Velebit
15.91970697	44.17344688	-2.9173979	Velebit
15.6541898	44.27650314	-9.195711	Velebit
15.83406631	44.23638913	-13.0080573	Velebit
14.94451699	45.01517328	-17.8678661	Velebit
14.96173639	44.82676083	-14.2392694	Velebit
14.90585604	45.08351278	-15.5907279	Velebit
15.44208684	44.38876762	-15.2141103	Velebit
15.17118443	44.49672421	-4.7975683	Velebit
14.98682818	44.65575317	-4.6723759	Velebit
16.04731783	44.20128658	-13.935516	Velebit
16.07734888	44.19797206	-11.0119779	Velebit
14.90310327	44.91703676	-7.4186831	Velebit
15.88651688	44.22253174	-12.4783593	Velebit
15.85968971	44.17682172	-1.0000028	Velebit
14.88176122	44.92696019	-3.9525282	Velebit
15.97848702	44.21333688	-14.5865082	Velebit
14.92838967	44.74191808	-3.9313813	Velebit
15.55135056	44.34734164	-16.7969535	Velebit
15.72029922	44.29930524	-17.86783	Velebit
14.90496811	44.95594756	-8.9802624	Velebit
14.94557264	44.8848204	-14.3232782	Velebit
15.26415811	44.44042529	-7.1673	Velebit
15.7140127	44.27222241	-12.0247091	Velebit
15.02316421	44.59552742	-1.9382738	Velebit
15.77558446	44.19775206	-1.6073139	Velebit
14.91593888	44.84139412	-7.7115547	Velebit
15.35512249	44.39492444	-9.1739764	Velebit
15.61972438	44.33085706	-17.8678271	Velebit
14.92987831	44.98619075	-14.3471606	Velebit
14.90747753	44.93295747	-8.6676102	Velebit
15.30198484	44.43954656	-10.7583024	Velebit
15.60528293	44.25078612	-0.9999892	Velebit
15.53987131	44.32660508	-11.9469577	Velebit
15.4497392	44.39590639	-17.0666064	Velebit
15.05169856	44.57275353	-1.8064936	Velebit
14.9552937	44.79458298	-11.4158841	Velebit
15.94488628	44.20033083	-10.2315343	Velebit
15.16844064	44.5561833	-11.8692067	Velebit
14.92228733	44.71488021	-0.9999999	Velebit
16.03009141	44.21035153	-15.6045102	Velebit
15.00537893	44.70033995	-12.1011388	Velebit
14.97124012	44.6793038	-5.5332294	Velebit
15.2225975	44.4315038	-1.7659701	Velebit
14.84356537	45.04272808	-3.3433773	Velebit
14.84428643	45.11725621	-7.7346122	Velebit
15.41421432	44.38125364	-11.6461684	Velebit
15.61863995	44.28602839	-8.8949152	Velebit
14.96303005	44.90031431	-17.867829	Velebit
15.22483069	44.45292511	-5.1418427	Velebit
15.89323714	44.17395432	-1.9211444	Velebit
15.82431287	44.26559891	-17.867829	Velebit
15.86813905	44.24855684	-17.448766	Velebit
15.36164508	44.40109	-10.7668671	Velebit
15.91463392	44.17767944	-3.7515644	Velebit
15.07234412	44.66765106	-16.2284877	Velebit
15.490664	44.3227387	-7.8327885	Velebit
15.95548328	44.20347793	-11.4158844	Velebit
15.01702242	44.61315594	-3.2718861	Velebit
