14.02367	41.539	-0.9999997	Venafro
14.20728451	41.41563759	-6.9363144	Venafro
14.00489015	41.51209715	-9.0445436	Venafro
14.13868071	41.46296111	-4.3999343	Venafro
14.02274555	41.53795595	-1.3342019	Venafro
14.06317212	41.44029797	-18.0801672	Venafro
14.21779358	41.43157471	-2.2555569	Venafro
14.18442027	41.43897068	-4.5201033	Venafro
14.23673288	41.403869	-6.0771824	Venafro
14.01840777	41.45939396	-19.1261599	Venafro
14.13405514	41.45890479	-5.8147527	Venafro
14.02053635	41.53546078	-2.132885	Venafro
14.05603192	41.50029625	-5.8735286	Venafro
14.16818596	41.4259143	-9.2396835	Venafro
14.11175869	41.42530705	-15.7271218	Venafro
13.99393904	41.493054	-14.4749558	Venafro
14.1957732	41.4194583	-7.441866	Venafro
14.0183272	41.53296554	-2.9315686	Venafro
14.10409027	41.48380033	-3.8817756	Venafro
14.14084439	41.46503619	-3.6988962	Venafro
14.14092582	41.45698186	-5.4669372	Venafro
14.24392487	41.4134155	-3.1694744	Venafro
14.02416949	41.48173109	-13.5734187	Venafro
14.22865823	41.41847438	-3.8410632	Venafro
14.04606513	41.44462139	-19.126157	Venafro
14.12577757	41.40463421	-18.7087595	Venafro
14.06423658	41.50667115	-3.5362449	Venafro
14.03561314	41.47214918	-14.3586443	Venafro
14.12511536	41.41660903	-16.1438367	Venafro
14.22287266	41.36334124	-16.4860037	Venafro
14.0163688	41.53075337	-3.6396213	Venafro
14.03752819	41.45345021	-18.1989607	Venafro
14.10555	41.49156317	-2.0254206	Venafro
14.24458458	41.39985252	-6.0388591	Venafro
14.01431644	41.52843497	-4.3816609	Venafro
14.11356239	41.49049337	-1.3285378	Venafro
14.14233155	41.47495593	-1.3667507	Venafro
14.26225637	41.39924426	-4.1210974	Venafro
14.09994445	41.48838032	-3.3673577	Venafro
14.01931355	41.4680022	-17.1465896	Venafro
14.15130868	41.45962567	-3.7173757	Venafro
14.14189261	41.42925824	-11.470333	Venafro
14.08843284	41.4369343	-15.8804412	Venafro
14.01777408	41.47123619	-16.606196	Venafro
14.01187249	41.52567404	-5.2653113	Venafro
14.17068321	41.3983937	-14.9274016	Venafro
14.10057662	41.44841303	-11.9780071	Venafro
14.15987856	41.39700824	-16.4815779	Venafro
14.16656621	41.4551441	-2.9910447	Venafro
14.02222115	41.47588348	-15.0817703	Venafro
14.04167772	41.48866776	-10.0659308	Venafro
14.20188147	41.43968467	-2.3396365	Venafro
14.21963116	41.41446172	-5.7595261	Venafro
14.24449774	41.39609917	-6.8640947	Venafro
14.05991257	41.46598581	-12.8782966	Venafro
14.16726556	41.39632966	-15.7721091	Venafro
14.21316142	41.4054412	-8.4692372	Venafro
14.00949128	41.52298381	-6.1263037	Venafro
14.22677638	41.43059147	-1.4269412	Venafro
14.00194321	41.48687408	-14.9380227	Venafro
14.12308709	41.43922031	-11.3871224	Venafro
14.14706074	41.43417835	-9.8049925	Venafro
14.14309804	41.4602269	-4.5073454	Venafro
14.18670066	41.40549875	-11.5262705	Venafro
14.16213464	41.42252651	-10.6779684	Venafro
14.15540066	41.46305667	-2.5010705	Venafro
14.08263498	41.50658872	-1.4195222	Venafro
14.18761617	41.37913114	-17.1461653	Venafro
14.00739213	41.52061208	-6.8853364	Venafro
14.17002208	41.43034814	-8.0636262	Venafro
14.22516489	41.35733985	-17.5231238	Venafro
14.13824706	41.40380489	-17.4902034	Venafro
14.08191435	41.43533416	-16.9842956	Venafro
14.07183133	41.45704217	-13.4379966	Venafro
14.21581497	41.42209015	-4.5452229	Venafro
14.02408593	41.49632356	-10.3654164	Venafro
14.02097044	41.51667208	-6.2282632	Venafro
14.17040152	41.43277345	-7.4915493	Venafro
14.00519905	41.51813409	-7.6783557	Venafro
14.14256204	41.43143364	-10.9155745	Venafro
14.17770707	41.37684761	-18.7914167	Venafro
14.16088089	41.46365667	-1.7530144	Venafro
14.22530936	41.41370578	-5.2653113	Venafro
14.16094105	41.38992111	-17.8975071	Venafro
14.00273974	41.5153551	-8.5676699	Venafro
14.13510211	41.48050526	-0.9999997	Venafro
14.23494221	41.38821534	-9.6846237	Venafro
14.23391347	41.42765173	-1.237904	Venafro
14.11546136	41.46760788	-6.0809873	Venafro
14.22221319	41.37333667	-14.392114	Venafro
14.17715723	41.40399098	-12.9607847	Venafro
14.04131594	41.49155549	-9.4798129	Venafro
14.10008885	41.4778058	-5.6485422	Venafro
14.13954327	41.42091574	-13.57325	Venafro
14.18570467	41.4479696	-2.4161511	Venafro
14.21177942	41.35909246	-18.6953054	Venafro
14.03488318	41.52162554	-3.5720022	Venafro
13.99996723	41.512222	-9.5702731	Venafro
14.05898226	41.46959035	-12.203168	Venafro
14.11481034	41.41227764	-18.25649	Venafro
14.257528	41.40276415	-3.9051413	Venafro
13.9981033	41.51011549	-10.2443394	Venafro
14.13103909	41.43743864	-10.8865422	Venafro
14.06402034	41.51758929	-1.187238	Venafro
13.99924688	41.49564184	-13.3077302	Venafro
14.07770883	41.44929417	-14.4395535	Venafro
14.03641014	41.44977918	-19.126156	Venafro
14.03596842	41.53273375	-0.9999997	Venafro
14.13789975	41.47008734	-2.9386086	Venafro
14.13914473	41.41415284	-15.1086633	Venafro
14.02932969	41.47137978	-15.2548747	Venafro
14.20660904	41.37847957	-15.0851208	Venafro
13.99562857	41.50731853	-11.1393182	Venafro
14.25471453	41.39936596	-4.9695222	Venafro
14.0591822	41.50940286	-3.5292126	Venafro
14.03067127	41.48538413	-12.0371317	Venafro
14.02316319	41.51210003	-6.9901282	Venafro
14.07061353	41.43749882	-17.8251081	Venafro
14.23774585	41.3776551	-11.6526567	Venafro
13.99346716	41.50487554	-11.9210088	Venafro
14.03946325	41.48483167	-11.1563149	Venafro
14.23106248	41.39249135	-9.2059798	Venafro
13.98628679	41.47586069	-19.126156	Venafro
14.01475148	41.4613447	-19.1263337	Venafro
14.24812931	41.3832891	-9.224743	Venafro
14.18464959	41.42699554	-7.0949199	Venafro
13.99113354	41.50223774	-12.7650078	Venafro
14.04438842	41.52844284	-0.9999997	Venafro
14.19814484	41.38455119	-14.7480862	Venafro
14.17872377	41.44253613	-4.4045959	Venafro
14.02430764	41.48701113	-12.3938118	Venafro
14.04766196	41.48447345	-10.2829204	Venafro
14.08830557	41.50396328	-1.3320769	Venafro
14.20004645	41.42782403	-5.129011	Venafro
14.12259564	41.44505089	-10.1564588	Venafro
14.20154041	41.42296628	-6.0108909	Venafro
14.23043646	41.36827533	-14.5372644	Venafro
13.98908189	41.49991852	-13.5070474	Venafro
14.18415765	41.45520815	-1.0000007	Venafro
14.03901315	41.49314233	-9.3890657	Venafro
14.13721768	41.3969064	-19.1261521	Venafro
13.98701463	41.49758154	-14.2547512	Venafro
14.06171835	41.49386523	-6.6113198	Venafro
13.97872544	41.48367753	-18.2524187	Venafro
14.08332043	41.49160039	-4.5969089	Venafro
14.19631053	41.43367736	-4.2908537	Venafro
14.18119932	41.37344066	-19.1261472	Venafro
14.08357724	41.44833442	-13.9672822	Venafro
14.06200625	41.51638167	-1.6798044	Venafro
14.08288657	41.42495405	-19.126156	Venafro
14.01408567	41.51491555	-7.38947	Venafro
14.09519621	41.50010109	-1.3717283	Venafro
14.15279848	41.41361045	-13.6940271	Venafro
14.08450767	41.48493753	-5.9068074	Venafro
14.24160016	41.40566388	-5.1228152	Venafro
14.13189216	41.40646553	-17.6180046	Venafro
13.98474385	41.49501432	-15.0760925	Venafro
14.23167557	41.39604269	-8.3635738	Venafro
14.05788872	41.49248865	-7.3547751	Venafro
14.22780847	41.37779852	-12.7742121	Venafro
14.09653831	41.48375323	-4.7679734	Venafro
14.15862855	41.45570767	-3.7587512	Venafro
14.09557087	41.45296372	-11.5701686	Venafro
14.07584261	41.49430009	-4.8780061	Venafro
13.98234787	41.49230538	-15.9427497	Venafro
14.07797315	41.45314539	-13.5721887	Venafro
13.99028925	41.48798502	-16.0029343	Venafro
14.0367944	41.48114589	-12.2673364	Venafro
14.13591677	41.4789639	-1.2403865	Venafro
14.10949854	41.46041214	-8.3361367	Venafro
14.19859758	41.41155379	-8.8310662	Venafro
13.97996762	41.48961405	-16.8037414	Venafro
14.15282528	41.44052066	-7.7590735	Venafro
14.1152631	41.48565923	-2.1817405	Venafro
14.23546684	41.3758091	-12.3178723	Venafro
14.07470554	41.44804447	-15.0594548	Venafro
14.10096461	41.42032976	-18.0362991	Venafro
14.02651326	41.46377978	-17.2328074	Venafro
14.04822999	41.44855646	-18.0201765	Venafro
14.00927646	41.48914547	-13.6129014	Venafro
14.12534164	41.44906115	-8.964171	Venafro
14.12228352	41.45069491	-8.963642	Venafro
14.24839194	41.39055513	-7.6164011	Venafro
14.06041236	41.47864262	-10.0705124	Venafro
14.16565315	41.46347415	-1.2570242	Venafro
14.13255221	41.44064677	-10.0092657	Venafro
13.97721947	41.48650652	-17.7978484	Venafro
14.18127238	41.39525124	-14.3814934	Venafro
14.10130148	41.49033266	-2.7856965	Venafro
14.02244814	41.50016078	-9.703387	Venafro
14.08665326	41.5063737	-0.9999997	Venafro
14.09394546	41.42995413	-16.7570124	Venafro
14.12916836	41.4193765	-15.0783943	Venafro
14.05897492	41.51937036	-1.3611042	Venafro
14.14719495	41.39430952	-18.538823	Venafro
14.10296555	41.49766224	-0.9999861	Venafro
14.20223925	41.39646003	-11.6866265	Venafro
14.22036089	41.42608374	-3.1503454	Venafro
13.97464365	41.48359365	-18.7296462	Venafro
14.20497663	41.41009253	-8.4083534	Venafro
13.97354759	41.48235411	-19.126156	Venafro
14.1305546	41.45578979	-6.8964968	Venafro
14.24441004	41.38307663	-9.7023249	Venafro
14.23976135	41.39450134	-7.7604892	Venafro
14.22627368	41.36742338	-15.205135	Venafro
14.03912181	41.49631919	-8.6759864	Venafro
14.15310863	41.38844701	-19.126157	Venafro
14.22816252	41.40923758	-5.9050373	Venafro
14.07530426	41.42900418	-19.126156	Venafro
14.14144841	41.42285879	-12.9308691	Venafro
14.20796764	41.42453091	-4.9254455	Venafro
14.16142946	41.44953586	-4.8047229	Venafro
14.1225715	41.46262121	-6.3394267	Venafro
14.07268068	41.48291647	-7.7183603	Venafro
14.2223203	41.35412442	-18.5512175	Venafro
14.03626277	41.51047986	-5.8749446	Venafro
14.02449104	41.53247648	-2.346717	Venafro
14.18099119	41.44636747	-3.3055491	Venafro
14.09178779	41.4578975	-10.9371697	Venafro
14.02778545	41.53490348	-1.4411169	Venafro
14.16855243	41.40626697	-13.4645642	Venafro
14.10899869	41.43059229	-14.8721682	Venafro
14.15797189	41.46766779	-1.1954226	Venafro
14.1741808	41.45916969	-1.2478201	Venafro
14.02007245	41.53062384	-3.2519626	Venafro
14.05890276	41.51142411	-3.1215373	Venafro
14.16901949	41.42830788	-8.6229536	Venafro
14.21124791	41.39741408	-10.4348062	Venafro
14.22327522	41.40632662	-7.1041247	Venafro
14.05744871	41.45181639	-16.2422566	Venafro
14.10597493	41.42771895	-15.8463313	Venafro
14.13042641	41.4606541	-5.8552829	Venafro
14.07438745	41.50247528	-3.2703723	Venafro
14.05337634	41.44468068	-18.2648083	Venafro
14.06045152	41.52025487	-0.9999841	Venafro
14.14737836	41.47395142	-0.9999997	Venafro
14.21913437	41.43485208	-1.3881033	Venafro
14.03036097	41.49633038	-9.6584086	Venafro
14.2055132	41.40343227	-9.7925868	Venafro
14.22504072	41.37589646	-13.5082864	Venafro
14.18482353	41.41185346	-10.3638234	Venafro
14.16428185	41.4273126	-9.383409	Venafro
14.15750996	41.41721012	-12.3686868	Venafro
14.01559305	41.52518918	-4.9541218	Venafro
14.07260567	41.46379332	-11.8815212	Venafro
14.03241151	41.47656619	-13.7704451	Venafro
14.10447361	41.46679599	-7.5321428	Venafro
14.16444923	41.4453999	-5.3771843	Venafro
14.14102948	41.41084613	-15.6255178	Venafro
14.11887742	41.407354	-18.8847107	Venafro
14.1873248	41.40826898	-10.8522029	Venafro
14.14217523	41.46762243	-2.9796033	Venafro
14.03454812	41.52636301	-2.5647971	Venafro
14.16798463	41.46345164	-0.9999997	Venafro
14.10403091	41.4335418	-14.8073596	Venafro
14.22106295	41.37910606	-13.2726819	Venafro
14.07778713	41.51110745	-1.0000017	Venafro
14.04694251	41.49959302	-7.0751216	Venafro
14.06378166	41.45409485	-15.012364	Venafro
14.26776053	41.40545903	-2.132885	Venafro
14.09323224	41.48841391	-4.1389636	Venafro
14.03006106	41.50941575	-6.8067424	Venafro
14.21392982	41.439418	-0.9999997	Venafro
14.16870376	41.41872123	-10.7417341	Venafro
14.02907739	41.45521303	-18.7965583	Venafro
14.24499996	41.42282874	-0.9999997	Venafro
14.12926443	41.4836224	-0.9999997	Venafro
14.08804135	41.472895	-8.1130869	Venafro
14.00761182	41.47483964	-16.9542029	Venafro
14.06360272	41.43525345	-19.1261521	Venafro
14.01879349	41.49941968	-10.277618	Venafro
14.21425847	41.39372439	-10.8870743	Venafro
14.07994644	41.49821508	-3.551115	Venafro
14.150005	41.41698702	-13.2634766	Venafro
14.1274657	41.45500085	-7.426999	Venafro
14.21364931	41.42800943	-3.5107566	Venafro
14.02001864	41.4648489	-17.7548113	Venafro
14.10623987	41.42135908	-17.217594	Venafro
14.00787675	41.51682586	-7.6659648	Venafro
14.25012206	41.40614562	-4.0297585	Venafro
14.06395791	41.48466312	-8.3510057	Venafro
14.05778714	41.51354	-2.7808337	Venafro
14.02850162	41.5134574	-6.0907236	Venafro
14.18482274	41.44522724	-3.1142966	Venafro
14.23389523	41.36720684	-14.3680398	Venafro
14.10018163	41.45344775	-10.9300887	Venafro
14.10852529	41.42434583	-16.3024402	Venafro
14.00544999	41.51462578	-8.4239353	Venafro
14.1307703	41.45755405	-6.4888122	Venafro
14.24310825	41.41091127	-3.8081384	Venafro
14.04629851	41.496187	-7.8967444	Venafro
14.12320259	41.47486554	-3.605989	Venafro
14.05451201	41.50534156	-4.953969	Venafro
14.2109804	41.42674229	-4.0956072	Venafro
14.01746619	41.49148744	-12.1759077	Venafro
14.10327049	41.41421466	-19.1261619	Venafro
14.25180628	41.4111662	-2.7439343	Venafro
14.15346543	41.40964339	-14.4813953	Venafro
14.01172074	41.46765692	-18.0757537	Venafro
14.13365084	41.43109544	-11.99146	Venafro
14.09267321	41.42193769	-18.6457429	Venafro
14.13683861	41.47326741	-2.3711589	Venafro
14.06769048	41.49159201	-6.4123567	Venafro
14.17936206	41.43109107	-6.8184101	Venafro
14.06926408	41.496138	-5.2419451	Venafro
14.1914343	41.41232192	-9.4952194	Venafro
14.0972821	41.43988898	-14.2119158	Venafro
14.04383036	41.44760893	-18.7365515	Venafro
14.10748181	41.45133668	-10.5417218	Venafro
14.25360875	41.39654064	-5.7113845	Venafro
14.2431596	41.37767484	-11.0203655	Venafro
14.08960714	41.45547858	-11.7156735	Venafro
14.15342215	41.43390816	-9.14969	Venafro
14.11034658	41.41178742	-18.8661277	Venafro
14.04765974	41.48142954	-10.944598	Venafro
14.00569122	41.49369447	-13.0128266	Venafro
13.99712345	41.50404612	-11.6930156	Venafro
14.10412515	41.4301909	-15.5242693	Venafro
14.05231334	41.51764044	-2.4915129	Venafro
14.02951942	41.51689167	-5.2189333	Venafro
14.14273973	41.47642628	-0.999988	Venafro
14.20502186	41.43520076	-2.949447	Venafro
14.23310817	41.40997819	-5.1706106	Venafro
14.09339958	41.44632218	-13.2648933	Venafro
14.05798305	41.45491766	-15.5065891	Venafro
14.14124585	41.39964398	-18.0698874	Venafro
14.0282845	41.4588973	-18.0881501	Venafro
14.19516448	41.36598313	-19.126156	Venafro
14.26622186	41.41149695	-0.9999997	Venafro
14.01598152	41.48533536	-13.6992844	Venafro
14.01158263	41.47624013	-16.1990642	Venafro
14.13615848	41.4637763	-4.5119402	Venafro
14.01993784	41.51109514	-7.5742715	Venafro
14.04710123	41.46999947	-13.4928865	Venafro
14.06488	41.51799321	-1.0000525	Venafro
13.99301064	41.50040787	-12.9575984	Venafro
14.20436002	41.44084159	-1.8008083	Venafro
14.2358034	41.42180869	-2.2881262	Venafro
14.08865042	41.46296516	-10.2000863	Venafro
14.08105482	41.48328332	-6.6669021	Venafro
14.00697353	41.46767671	-18.6050115	Venafro
14.07394819	41.43255947	-18.5112117	Venafro
14.1432861	41.44436308	-7.9838804	Venafro
14.05746028	41.48350555	-9.3564407	Venafro
14.12265378	41.40433313	-19.126157	Venafro
14.14897415	41.40638265	-15.7105754	Venafro
13.99123488	41.49788381	-13.7137991	Venafro
14.20994893	41.36519482	-17.5826003	Venafro
14.15554864	41.42473285	-10.9332932	Venafro
14.00291165	41.5042921	-10.9882376	Venafro
14.21579025	41.3741915	-14.9514758	Venafro
14.07241378	41.4406296	-16.9361482	Venafro
14.0910402	41.42816792	-17.4820549	Venafro
14.1440326	41.45335537	-5.917428	Venafro
14.16796676	41.43120315	-8.1117529	Venafro
14.0931591	41.47466318	-7.1352778	Venafro
14.0809353	41.44478628	-15.0445842	Venafro
14.17398393	41.45557754	-2.0619021	Venafro
14.23853511	41.37244986	-12.6913706	Venafro
14.14781846	41.40824269	-15.4374407	Venafro
14.15920631	41.43784915	-7.6309153	Venafro
14.11508951	41.46397712	-6.9129497	Venafro
14.20753335	41.40514721	-9.1857792	Venafro
14.18357823	41.38397818	-16.5619333	Venafro
14.19804498	41.4016801	-11.0394725	Venafro
14.12028283	41.43270643	-13.1383262	Venafro
14.09470241	41.46316544	-9.4545058	Venafro
14.18547931	41.41488618	-9.6290414	Venafro
14.08555832	41.44042693	-15.4552556	Venafro
14.03981448	41.47408624	-13.4504028	Venafro
14.20517765	41.42908177	-4.2605837	Venafro
14.11271491	41.45554763	-9.0197612	Venafro
14.02654746	41.47679381	-14.3950163	Venafro
14.15309722	41.40225292	-16.1289578	Venafro
14.14492754	41.44134253	-8.4653562	Venafro
14.07666703	41.4435537	-15.8075124	Venafro
14.21542847	41.38670414	-12.2760974	Venafro
14.13976262	41.39674149	-18.8727927	Venafro
14.03549376	41.48647404	-11.2556754	Venafro
14.18863265	41.42012759	-8.1247829	Venafro
14.2136306	41.38049978	-13.8320437	Venafro
14.11396773	41.44069126	-12.1015589	Venafro
13.98079357	41.48659547	-17.3765574	Venafro
14.04394105	41.47681817	-12.3780593	Venafro
14.06404547	41.5098161	-2.8749226	Venafro
14.17217267	41.44410255	-4.7951545	Venafro
14.26005746	41.41292924	-1.4039451	Venafro
14.0236751	41.49214655	-11.3326162	Venafro
14.15089903	41.40920004	-14.875968	Venafro
14.21702842	41.41821459	-5.2461819	Venafro
14.16128286	41.42492291	-10.2472436	Venafro
14.02890745	41.47607851	-14.2831077	Venafro
14.13127876	41.42393885	-13.835584	Venafro
14.14854204	41.4374751	-8.9117837	Venafro
14.05377903	41.48044641	-10.4482586	Venafro
14.14018022	41.39535178	-19.1261814	Venafro
14.05641654	41.51113489	-3.4655745	Venafro
14.0803133	41.46338824	-11.0752298	Venafro
14.05786063	41.50629903	-4.3568943	Venafro
13.99127808	41.48367425	-16.8423308	Venafro
14.209282	41.36912809	-16.805866	Venafro
14.1896838	41.44704692	-2.154823	Venafro
14.17599413	41.43981673	-5.310657	Venafro
14.22166703	41.38167219	-12.6453467	Venafro
14.10746562	41.44212091	-12.545512	Venafro
14.03486975	41.46290898	-16.4525481	Venafro
14.13536373	41.44208669	-9.3759119	Venafro
14.2627286	41.40354985	-3.131239	Venafro
14.15284161	41.4523621	-5.1466218	Venafro
14.22193353	41.40983641	-6.4973235	Venafro
14.23415129	41.39804507	-7.6415371	Venafro
14.19759707	41.37696133	-16.4599812	Venafro
14.18323954	41.44745438	-2.8127869	Venafro
14.06504474	41.44789508	-16.2125046	Venafro
14.19382235	41.4317294	-5.0026238	Venafro
14.21610982	41.35479454	-19.126156	Venafro
14.23645025	41.37009409	-13.4447385	Venafro
14.24646747	41.38141182	-9.8251722	Venafro
14.21778651	41.39643958	-9.8881888	Venafro
14.15146184	41.39843515	-17.1478464	Venafro
14.14603676	41.40213169	-16.9744206	Venafro
14.09234062	41.45049903	-12.4803706	Venafro
14.03716752	41.46699087	-15.2991316	Venafro
14.20239702	41.36951706	-17.5199377	Venafro
14.21486264	41.36193084	-17.7213787	Venafro
14.06869329	41.47014433	-10.9559336	Venafro
14.12744729	41.43558219	-11.6993883	Venafro
14.22613323	41.38431032	-11.5544144	Venafro
14.19422936	41.41520721	-8.5443043	Venafro
14.10167561	41.41736001	-18.6117087	Venafro
14.13396893	41.4564929	-6.3555815	Venafro
14.03323729	41.46033107	-17.2020232	Venafro
14.14081095	41.42619122	-12.2679551	Venafro
14.18149854	41.39270953	-14.9072224	Venafro
14.22207273	41.42166531	-3.9115051	Venafro
14.1649263	41.3842963	-18.6567165	Venafro
14.04667017	41.50533002	-5.8406081	Venafro
14.17961142	41.40602668	-12.2339683	Venafro
14.09157751	41.48218557	-5.6842014	Venafro
14.12127899	41.41500875	-16.9276511	Venafro
14.05396352	41.49668731	-6.8977168	Venafro
14.06535212	41.51562272	-1.4617234	Venafro
14.18103087	41.41013251	-11.1775532	Venafro
14.04748178	41.46231984	-15.1171599	Venafro
14.044477	41.51948068	-2.9666174	Venafro
14.01664168	41.46596911	-17.8948987	Venafro
14.07101029	41.44444603	-16.2698708	Venafro
14.15250541	41.42374611	-11.4926236	Venafro
14.14570363	41.46470162	-3.2278909	Venafro
14.2560627	41.39224987	-6.3585449	Venafro
14.05636239	41.50882713	-3.9796755	Venafro
14.05367509	41.46929783	-12.8825447	Venafro
14.12557101	41.4272177	-13.7541579	Venafro
14.10185139	41.42718923	-16.4401545	Venafro
14.15763454	41.42025589	-11.6860248	Venafro
14.01792765	41.50809434	-8.461993	Venafro
14.17157602	41.37967758	-18.8882507	Venafro
14.04348525	41.49324655	-8.8614184	Venafro
14.06477535	41.47414279	-10.5418987	Venafro
14.07493018	41.50514154	-2.6279919	Venafro
14.07083981	41.47542396	-9.5598298	Venafro
14.07582936	41.48921234	-5.9850466	Venafro
14.21251629	41.43866697	-1.3271218	Venafro
14.11358394	41.46146505	-7.6333943	Venafro
14.06136763	41.51221149	-2.6654153	Venafro
14.13925567	41.4087375	-16.2896872	Venafro
14.10662323	41.43646764	-13.8710461	Venafro
14.11731137	41.48028732	-3.1114138	Venafro
14.14319084	41.47017528	-2.3047068	Venafro
14.0679382	41.51636489	-0.9999949	Venafro
14.03933876	41.51384836	-4.7863108	Venafro
14.1204656	41.4367631	-12.2233208	Venafro
14.23841241	41.38340295	-10.3271816	Venafro
14.19415582	41.39217668	-13.5544773	Venafro
14.04729975	41.51441211	-3.767071	Venafro
14.17271383	41.45093783	-3.2275349	Venafro
14.06003041	41.45810037	-14.5776228	Venafro
14.00885111	41.48232802	-15.1638913	Venafro
14.06783264	41.48646526	-7.5098386	Venafro
14.10401712	41.44961161	-11.3184558	Venafro
14.05855204	41.44829626	-16.8787878	Venafro
14.17697857	41.38295887	-17.5489656	Venafro
14.20058177	41.39056471	-13.1593923	Venafro
14.08240508	41.50244395	-2.3468943	Venafro
14.0174396	41.50458252	-9.2913001	Venafro
14.08460589	41.49373018	-3.9849744	Venafro
14.21837845	41.40524098	-7.9077556	Venafro
14.17128972	41.44769554	-4.1023288	Venafro
14.04307894	41.50108546	-7.1802366	Venafro
14.11353282	41.47073317	-5.6257097	Venafro
14.22463999	41.39537826	-9.3238704	Venafro
14.01316361	41.50212884	-10.3130206	Venafro
14.12957732	41.48115147	-1.5005945	Venafro
14.11293486	41.42897834	-14.7857937	Venafro
14.04969681	41.49993613	-6.6872776	Venafro
14.25232707	41.39458273	-6.2852615	Venafro
14.01010437	41.49435087	-12.3720386	Venafro
14.16510124	41.45242874	-3.7543259	Venafro
14.17979399	41.37843504	-18.2046174	Venafro
14.11554656	41.43143074	-13.9517043	Venafro
14.17358422	41.43271566	-7.1360566	Venafro
13.99059339	41.47525326	-18.7760242	Venafro
14.07762816	41.50652671	-2.0139319	Venafro
14.1231742	41.40843046	-18.1646199	Venafro
13.99403509	41.47969743	-17.4093044	Venafro
14.00242523	41.47933873	-16.5453025	Venafro
14.16500336	41.43380863	-7.8700522	Venafro
14.1057588	41.47338172	-5.9521223	Venafro
14.03283065	41.51782863	-4.6401003	Venafro
14.01293542	41.47035353	-17.3446809	Venafro
14.00701356	41.47974518	-15.9399177	Venafro
14.08453452	41.45586835	-12.2194531	Venafro
14.05201559	41.45770622	-15.5933254	Venafro
14.09835972	41.42167536	-18.0428259	Venafro
14.0438257	41.52684838	-1.4149197	Venafro
14.11041164	41.48375911	-3.1574377	Venafro
14.17757182	41.44752197	-3.4346462	Venafro
13.99674574	41.4870397	-15.4857014	Venafro
14.12124534	41.46934245	-5.0330701	Venafro
14.13567643	41.46171132	-5.0159289	Venafro
14.17414388	41.43500408	-6.5738362	Venafro
14.16328109	41.40391827	-14.5861204	Venafro
14.12648817	41.44187151	-10.4206599	Venafro
14.16992844	41.38455134	-18.0210627	Venafro
14.05162035	41.510973	-4.0396575	Venafro
14.22060468	41.35756036	-18.0042454	Venafro
14.1268415	41.43245113	-12.4577131	Venafro
14.20676749	41.44217334	-1.2322419	Venafro
14.18891536	41.45277454	-1.00028	Venafro
14.17049179	41.38808238	-17.1889231	Venafro
14.16492192	41.41790313	-11.3580998	Venafro
14.16037069	41.42071487	-11.2754269	Venafro
14.08977194	41.44181899	-14.6640061	Venafro
14.270897	41.409	-0.9999997	Venafro
14.18594778	41.4342132	-5.3762761	Venafro
14.11178775	41.43374473	-13.8639155	Venafro
14.18981789	41.39029283	-14.4667996	Venafro
14.1309612	41.40123422	-18.8754988	Venafro
14.18263179	41.45046659	-2.21722	Venafro
14.25240947	41.38812378	-7.6783557	Venafro
14.13142091	41.42144282	-14.3698108	Venafro
14.25408711	41.39001862	-7.0722622	Venafro
14.04072986	41.51708684	-3.915762	Venafro
14.21453887	41.410684	-7.1706716	Venafro
14.12995323	41.4688405	-4.1317595	Venafro
14.24136484	41.38756072	-9.081805	Venafro
14.15317486	41.40615968	-15.2715339	Venafro
14.06970653	41.45233642	-14.7068342	Venafro
14.1850001	41.37709043	-17.8927131	Venafro
14.07137821	41.45437358	-14.0702786	Venafro
14.05272323	41.49218975	-8.0189079	Venafro
13.98858476	41.49626766	-14.3680403	Venafro
14.19866106	41.42054503	-6.870821	Venafro
14.05225408	41.52443384	-0.9999997	Venafro
14.26976785	41.40772527	-1.4078396	Venafro
14.12252291	41.4860479	-1.2550769	Venafro
14.19689574	41.40824993	-9.7460472	Venafro
14.01597847	41.49606226	-11.334387	Venafro
14.17377532	41.42585223	-8.60448	Venafro
14.07639392	41.47007444	-10.0774041	Venafro
14.17487674	41.42892302	-7.8097004	Venafro
14.06499231	41.46540559	-12.414876	Venafro
14.14682867	41.46718635	-2.5534436	Venafro
14.17399952	41.37728705	-19.1261531	Venafro
14.07756677	41.42865629	-18.9392302	Venafro
14.05237683	41.50387109	-5.5203572	Venafro
14.20431702	41.40122995	-10.4096511	Venafro
14.17281126	41.3950792	-15.4003806	Venafro
14.00517383	41.5075811	-10.0086463	Venafro
14.15238262	41.41923682	-12.5005823	Venafro
13.99914336	41.49293001	-13.917364	Venafro
14.03836722	41.45644231	-17.4516101	Venafro
13.98054611	41.48015657	-18.8241716	Venafro
14.19654714	41.3970263	-12.2238562	Venafro
14.23016026	41.40413213	-6.7823144	Venafro
14.17869738	41.45054045	-2.6426829	Venafro
14.05213562	41.44250582	-18.8811648	Venafro
14.20277287	41.44537508	-0.9999997	Venafro
14.21668207	41.41344784	-6.3217048	Venafro
14.14068444	41.41614006	-14.4976091	Venafro
14.03757779	41.48787562	-10.7119178	Venafro
14.2473065	41.3882543	-8.2419657	Venafro
14.23550636	41.42789645	-0.9999929	Venafro
14.1430059	41.4023603	-17.2739299	Venafro
14.05405775	41.50742606	-4.5490242	Venafro
14.11684429	41.44321564	-11.2193008	Venafro
14.12106962	41.42549635	-14.6394026	Venafro
14.17633766	41.41388411	-10.9070769	Venafro
14.14592329	41.40490903	-16.3842063	Venafro
14.02955915	41.4799028	-13.371206	Venafro
14.05809703	41.48591582	-8.7588445	Venafro
14.05285197	41.52180947	-1.5115701	Venafro
14.20640207	41.3630411	-18.4616482	Venafro
14.06264843	41.43747228	-18.7547654	Venafro
14.15224683	41.42893097	-10.3788626	Venafro
14.11368233	41.40890709	-19.126155	Venafro
14.1662074	41.42905647	-8.7831381	Venafro
14.23791569	41.41742161	-2.9961785	Venafro
14.15076745	41.46845127	-1.8319285	Venafro
14.1937583	41.42527637	-6.4118259	Venafro
14.17535173	41.40142295	-13.72796	Venafro
14.06593301	41.45024008	-15.600029	Venafro
14.21086063	41.39196166	-11.6639869	Venafro
14.02732639	41.53713716	-0.9999997	Venafro
14.14797092	41.42381844	-11.9863214	Venafro
14.22263115	41.43477126	-1.0000007	Venafro
14.13233461	41.45446434	-6.9873125	Venafro
14.06342275	41.4807337	-9.2668723	Venafro
14.13762213	41.40080468	-18.2216208	Venafro
14.06720675	41.50017872	-4.602573	Venafro
14.19612882	41.44696912	-1.4243025	Venafro
14.09723962	41.41893268	-18.7677175	Venafro
14.22863171	41.43156625	-0.9999939	Venafro
14.10735909	41.41695227	-18.0633821	Venafro
14.16270674	41.40736588	-13.9039114	Venafro
14.15678364	41.4418143	-7.029071	Venafro
14.09526367	41.45819405	-10.4695003	Venafro
14.15297333	41.47110092	-0.9999997	Venafro
14.23522452	41.37322069	-12.9080344	Venafro
14.22936727	41.38744509	-10.4985306	Venafro
14.1456756	41.47264086	-1.481324	Venafro
14.1094103	41.47461912	-5.2596467	Venafro
14.02138854	41.48014883	-14.2349211	Venafro
14.04529623	41.5229936	-2.0997829	Venafro
14.19541159	41.37387532	-17.3836389	Venafro
14.09562316	41.43686183	-15.0619314	Venafro
14.08806726	41.45038473	-13.0009665	Venafro
14.10113566	41.45776265	-9.8819934	Venafro
14.13852216	41.43826571	-9.8634069	Venafro
14.09369089	41.49203172	-3.2997566	Venafro
14.18767979	41.3883587	-15.1348459	Venafro
14.14517247	41.44870158	-6.815416	Venafro
14.16449506	41.40031965	-15.2269079	Venafro
14.04177181	41.50427413	-6.6240576	Venafro
14.19614802	41.38799963	-14.2306775	Venafro
14.18306972	41.40148667	-12.8188201	Venafro
14.13472506	41.44623035	-8.5341278	Venafro
14.02577115	41.46749854	-16.510949	Venafro
14.25849306	41.39499457	-5.4805593	Venafro
14.07519082	41.48434261	-7.1172234	Venafro
14.2551817	41.41297561	-1.9594119	Venafro
14.1426155	41.43888366	-9.2672264	Venafro
14.24069839	41.37489413	-11.9096799	Venafro
14.1630943	41.4413274	-6.4272256	Venafro
14.19493774	41.42740824	-5.8119275	Venafro
14.26402832	41.40124507	-3.4810178	Venafro
14.08353519	41.46530988	-10.2839883	Venafro
14.05101979	41.48947921	-8.8055569	Venafro
14.15078076	41.4113751	-14.4135559	Venafro
14.07531429	41.47653666	-8.7988494	Venafro
14.13105373	41.4039052	-18.2764919	Venafro
14.0488889	41.45194078	-17.2085715	Venafro
14.20760112	41.35934023	-19.126156	Venafro
14.03294536	41.50047685	-8.4536733	Venafro
14.03015576	41.48918419	-11.2572024	Venafro
14.24755342	41.38526617	-8.8622202	Venafro
14.03221415	41.48126901	-12.7708093	Venafro
14.14853555	41.44510636	-7.2301579	Venafro
14.18098242	41.44472408	-3.6680652	Venafro
14.09155816	41.44454166	-13.865322	Venafro
14.25830378	41.40726929	-2.8366892	Venafro
14.22206797	41.39246553	-10.2547833	Venafro
14.08476447	41.42552219	-18.7848738	Venafro
14.21776188	41.35577402	-18.7218581	Venafro
14.1002028	41.44154452	-13.5134221	Venafro
14.11710456	41.41940774	-16.4270574	Venafro
14.16715259	41.43686632	-6.9545496	Venafro
14.09567556	41.47074389	-7.6949949	Venafro
14.18820553	41.41705844	-8.8409785	Venafro
14.04544818	41.49413707	-8.4402983	Venafro
14.20322627	41.37651464	-15.9041609	Venafro
14.24826267	41.40259415	-5.0167844	Venafro
14.07516151	41.46709307	-10.8681279	Venafro
14.09945009	41.46586747	-8.3166653	Venafro
14.06058577	41.48874484	-7.8553686	Venafro
14.16065992	41.43102993	-8.9707258	Venafro
14.13096001	41.4000973	-19.1261394	Venafro
14.12354747	41.45461337	-7.9658279	Venafro
14.01109784	41.46321009	-19.1261677	Venafro
14.19343595	41.38221664	-15.8011262	Venafro
14.16075065	41.41833057	-11.749793	Venafro
14.26699722	41.40975276	-1.2888855	Venafro
14.19446757	41.4058328	-10.5526967	Venafro
14.03971974	41.49937445	-7.9353132	Venafro
14.09789713	41.41695206	-19.1260974	Venafro
14.24486838	41.37960534	-10.4029434	Venafro
14.12701598	41.45165032	-8.2064018	Venafro
14.18097045	41.42139303	-8.7386649	Venafro
14.06503184	41.50380294	-4.067279	Venafro
14.12954165	41.45380611	-7.4461089	Venafro
14.15934684	41.40182364	-15.497383	Venafro
14.0453478	41.47327251	-12.9852129	Venafro
14.25585676	41.41703209	-0.9999997	Venafro
14.05430125	41.44022063	-19.1261384	Venafro
14.0268091	41.45490729	-19.126156	Venafro
14.1884613	41.40124752	-12.2452971	Venafro
14.13877172	41.45346766	-6.4837864	Venafro
14.21505779	41.38236217	-13.2620613	Venafro
14.05214669	41.4724052	-12.3847834	Venafro
14.2394553	41.38026999	-10.8865434	Venafro
14.18650206	41.45264706	-1.3018132	Venafro
14.03616699	41.47813256	-12.9944226	Venafro
14.04172467	41.4588307	-16.5431785	Venafro
14.0866707	41.48709163	-5.18778	Venafro
14.07650046	41.45751304	-12.7940283	Venafro
14.09683196	41.43307534	-15.7441404	Venafro
14.12939797	41.47416591	-3.0391926	Venafro
14.22852008	41.42143739	-3.2133684	Venafro
14.21046465	41.37144079	-16.1664944	Venafro
14.12883123	41.44942825	-8.4911944	Venafro
14.13484733	41.43369907	-11.2830532	Venafro
14.11117167	41.4382576	-12.9545784	Venafro
14.16022989	41.46740346	-0.9999997	Venafro
14.02450431	41.47019273	-16.0731213	Venafro
14.09429139	41.50229502	-0.9999997	Venafro
14.19020197	41.39663891	-13.0441467	Venafro
14.16552217	41.39328657	-16.6352253	Venafro
14.11557618	41.43769748	-12.5665181	Venafro
14.22182114	41.36031995	-17.2639768	Venafro
14.07074103	41.51127779	-1.780448	Venafro
14.06440047	41.46079846	-13.4843904	Venafro
14.2318732	41.36492177	-15.0987507	Venafro
14.22732778	41.35978457	-16.7414333	Venafro
14.13763899	41.46054685	-5.0500559	Venafro
14.08719687	41.43176289	-17.1471482	Venafro
14.06285002	41.49756038	-5.6770432	Venafro
14.16934415	41.40248637	-14.1938586	Venafro
14.05759367	41.50274691	-5.159821	Venafro
14.08637414	41.46743413	-9.4930894	Venafro
14.00152042	41.48972915	-14.3560027	Venafro
14.17040105	41.42144448	-9.9533173	Venafro
14.036146	41.45104153	-18.8825867	Venafro
14.02419899	41.51749875	-5.6830622	Venafro
14.21520113	41.37744065	-14.3142283	Venafro
14.02271364	41.47264127	-15.7417844	Venafro
14.01174593	41.51247046	-8.1916938	Venafro
14.06374436	41.4445165	-17.0974031	Venafro
14.11782634	41.44895504	-9.8588037	Venafro
14.00716828	41.47186222	-17.6604861	Venafro
14.19634755	41.44430134	-1.97853	Venafro
13.98524757	41.48224454	-17.8353747	Venafro
14.1318228	41.42693786	-13.1133699	Venafro
14.01487723	41.46316731	-18.7114382	Venafro
14.20341267	41.37269655	-16.7116951	Venafro
14.08227546	41.45377481	-12.9363567	Venafro
14.16420985	41.42496181	-9.9074454	Venafro
14.20900698	41.43694171	-2.108988	Venafro
14.05973426	41.51519379	-2.1974988	Venafro
14.11126786	41.47685342	-4.5586741	Venafro
14.20670142	41.39086174	-12.3852278	Venafro
14.08905034	41.42166125	-19.126156	Venafro
14.2171424	41.39988404	-9.2147417	Venafro
14.01908348	41.52697553	-4.1678288	Venafro
14.02326086	41.52168884	-4.8643762	Venafro
14.04651012	41.48943879	-9.3376848	Venafro
13.99190844	41.49119412	-15.1133103	Venafro
14.09902891	41.44557444	-12.7742131	Venafro
14.02685404	41.52415876	-3.9157624	Venafro
14.10493733	41.4793061	-4.760116	Venafro
14.18195083	41.38880619	-15.7023596	Venafro
14.14541696	41.39255477	-19.1261531	Venafro
14.17610042	41.38721534	-16.7265642	Venafro
14.20171754	41.38710502	-13.7791167	Venafro
14.1085094	41.44523537	-11.7478931	Venafro
14.13790859	41.39817549	-18.7694011	Venafro
14.12036547	41.44223598	-11.0273014	Venafro
14.17708134	41.41639794	-10.2747859	Venafro
14.08391045	41.42925621	-18.072928	Venafro
14.21191288	41.39983313	-9.8322526	Venafro
14.0095622	41.50107313	-10.9506224	Venafro
14.12865542	41.44481976	-9.5270848	Venafro
14.21833452	41.37005114	-15.5554446	Venafro
14.15851054	41.40704928	-14.4593801	Venafro
14.05161211	41.46320348	-14.4459255	Venafro
14.22768611	41.40196435	-7.5401081	Venafro
14.20957321	41.41846082	-6.057623	Venafro
14.1145328	41.4914871	-0.9999958	Venafro
14.19469795	41.4496859	-1.0000027	Venafro
14.2294594	41.36219378	-15.971072	Venafro
14.1389666	41.40642371	-16.8320427	Venafro
14.19127027	41.43851703	-3.8240671	Venafro
14.12653013	41.40989661	-17.4643552	Venafro
14.07531985	41.49803484	-4.127116	Venafro
14.09689111	41.42624389	-17.221156	Venafro
14.18807139	41.3941688	-13.8277949	Venafro
14.15570702	41.38852144	-18.8085945	Venafro
14.05273185	41.48411436	-9.7727768	Venafro
14.04566193	41.51231237	-4.4142312	Venafro
14.0473848	41.50815486	-5.1375422	Venafro
14.26575327	41.40319273	-2.8579309	Venafro
14.09439474	41.41880424	-19.1260788	Venafro
14.089469	41.43374703	-16.4525476	Venafro
14.19348288	41.36902505	-18.6606121	Venafro
14.25004201	41.38544969	-8.5336836	Venafro
14.15495684	41.41496011	-13.1532468	Venafro
14.22072958	41.35232619	-19.126156	Venafro
14.24362443	41.40799521	-4.3816609	Venafro
14.19736851	41.41624613	-7.9544963	Venafro
14.18818208	41.36971207	-19.126156	Venafro
14.06348871	41.51383571	-2.0664182	Venafro
14.08796019	41.49704507	-2.8754558	Venafro
14.19481972	41.40038743	-11.6944314	Venafro
14.16669715	41.45901943	-2.1219104	Venafro
14.02769854	41.52731745	-3.1241589	Venafro
14.12310174	41.48205103	-2.0564148	Venafro
14.21011546	41.37409882	-15.6297908	Venafro
14.18626607	41.45023676	-1.8583454	Venafro
14.11545383	41.47824614	-3.7704343	Venafro
14.09948395	41.47396847	-6.5525515	Venafro
14.04928342	41.47666521	-11.7914347	Venafro
14.05198279	41.50172423	-6.0337112	Venafro
14.11743775	41.45706838	-8.1414235	Venafro
14.04870655	41.45539549	-16.4792771	Venafro
14.02618116	41.5015892	-8.9687827	Venafro
14.07740363	41.47829596	-8.1741698	Venafro
14.06223829	41.47189416	-11.3248282	Venafro
14.15617604	41.41147544	-13.7690962	Venafro
14.19625145	41.37073039	-17.969197	Venafro
14.11728706	41.44014138	-11.8359864	Venafro
14.23881443	41.40879026	-4.7668415	Venafro
14.20290302	41.41544166	-7.4871816	Venafro
14.18943098	41.42322172	-7.3600857	Venafro
14.22031358	41.38897023	-11.2173812	Venafro
14.20755718	41.38441638	-13.6858308	Venafro
14.17618728	41.42122524	-9.3298856	Venafro
14.01126572	41.50800531	-9.2304075	Venafro
14.22318707	41.39985738	-8.5195225	Venafro
14.24260942	41.42220798	-1.4120867	Venafro
14.10428298	41.42526166	-16.5771648	Venafro
14.17117837	41.44126599	-5.5322458	Venafro
14.14716714	41.41078819	-14.9486457	Venafro
14.15366763	41.43105273	-9.751535	Venafro
14.2091844	41.41143097	-7.6294905	Venafro
14.00154654	41.48320035	-15.7926423	Venafro
14.16287262	41.3832316	-19.126156	Venafro
14.09099419	41.46839918	-8.747517	Venafro
14.22814841	41.3632725	-15.8889377	Venafro
14.25204916	41.41746796	-1.346946	Venafro
14.19612067	41.43864077	-3.234615	Venafro
14.17767807	41.43649472	-5.8403323	Venafro
14.22528275	41.41667585	-4.6230862	Venafro
14.23331871	41.42533584	-1.8100134	Venafro
14.03573287	41.48399818	-11.7711797	Venafro
14.18042247	41.42577145	-7.8511208	Venafro
14.0530123	41.46613687	-13.6461799	Venafro
14.2359499	41.41388907	-3.9915256	Venafro
14.01829661	41.47358726	-16.0291311	Venafro
14.20751551	41.42208631	-5.5088816	Venafro
14.04881725	41.49762603	-7.2911052	Venafro
14.11274607	41.41693324	-17.4622307	Venafro
14.17203324	41.392611	-16.026654	Venafro
13.9946498	41.47159711	-19.126156	Venafro
14.13706366	41.46699928	-3.7064871	Venafro
14.18030036	41.4554367	-1.3830456	Venafro
14.18429011	41.44220957	-3.8315217	Venafro
14.11219482	41.44719293	-10.8950434	Venafro
14.18536952	41.37234379	-18.8807673	Venafro
14.01652851	41.52122304	-5.7237751	Venafro
14.16429716	41.41448522	-12.1730825	Venafro
14.04916925	41.50247196	-6.1900705	Venafro
14.07743185	41.46006942	-12.1305889	Venafro
14.17521282	41.41057218	-11.756917	Venafro
14.1052634	41.45889488	-9.1571242	Venafro
14.03304825	41.49751658	-9.0948079	Venafro
14.03046609	41.4672613	-16.0177878	Venafro
14.17198991	41.43520312	-6.7777583	Venafro
14.00071438	41.47599597	-17.4746218	Venafro
14.20517951	41.4318514	-3.658739	Venafro
14.01358101	41.51802915	-6.7594797	Venafro
14.01738048	41.46313694	-18.4322996	Venafro
14.15003644	41.47141564	-1.2605642	Venafro
14.0916879	41.42521103	-18.0492229	Venafro
14.08430802	41.47823354	-7.3864548	Venafro
14.23008916	41.3803528	-11.9549954	Venafro
14.25256122	41.39186402	-6.8485178	Venafro
14.1233174	41.48679758	-0.9999997	Venafro
14.11015739	41.45345219	-9.7717138	Venafro
14.03320733	41.48343617	-12.1815964	Venafro
14.11873018	41.41277455	-17.7065095	Venafro
14.06847057	41.48010559	-8.8176128	Venafro
14.19898691	41.36517413	-18.8585124	Venafro
14.05179765	41.51411284	-3.3273601	Venafro
14.11838325	41.47317155	-4.5331843	Venafro
14.10765377	41.48751867	-2.660385	Venafro
14.03219881	41.4917486	-10.4620489	Venafro
14.15522564	41.44510482	-6.4787368	Venafro
14.02659489	41.50606136	-7.9360867	Venafro
14.12441824	41.4783143	-2.7156125	Venafro
13.9986927	41.47426645	-18.0831951	Venafro
14.08134321	41.47200741	-9.0831205	Venafro
14.02668918	41.47418405	-14.9524294	Venafro
14.10377285	41.49551702	-1.3724158	Venafro
13.99629807	41.48334225	-16.3512961	Venafro
14.14958256	41.45737689	-4.4071511	Venafro
14.15391693	41.43680531	-8.4554449	Venafro
14.16057577	41.41282744	-12.9646626	Venafro
14.20678233	41.38223012	-14.2505027	Venafro
14.03709892	41.53105981	-1.242155	Venafro
14.23340484	41.38248789	-11.1067479	Venafro
14.07658287	41.50975318	-1.4340378	Venafro
14.12979028	41.41127991	-16.7931233	Venafro
14.02115885	41.45957307	-18.7682693	Venafro
14.14586738	41.4066847	-15.9994612	Venafro
14.1325734	41.41334161	-16.0259465	Venafro
14.15938667	41.45928012	-2.8858992	Venafro
14.03885764	41.49003714	-10.0915772	Venafro
14.18273567	41.39804539	-13.604936	Venafro
14.03515047	41.52935859	-1.8363874	Venafro
14.01404524	41.47849622	-15.4248054	Venafro
14.08443367	41.45913056	-11.5223723	Venafro
14.24990184	41.40908957	-3.4158767	Venafro
14.22950129	41.37210345	-13.8145195	Venafro
14.19055584	41.45077073	-1.2450515	Venafro
14.14162622	41.43452519	-10.3392189	Venafro
14.23787811	41.39986098	-6.814885	Venafro
14.03287473	41.5058688	-7.2726431	Venafro
13.99832073	41.47129591	-18.7799177	Venafro
14.04281277	41.46848321	-14.3198913	Venafro
14.21507163	41.36615619	-16.7796682	Venafro
14.01627344	41.48847009	-12.9753008	Venafro
14.15177267	41.44908643	-5.9889412	Venafro
14.07754303	41.43504323	-17.5546321	Venafro
14.08008027	41.43953492	-16.2845622	Venafro
14.14771602	41.42739286	-11.2271178	Venafro
14.02486065	41.4722303	-15.5888821	Venafro
14.11355768	41.43610823	-13.1444167	Venafro
14.15016044	41.39573815	-17.8845798	Venafro
14.13908068	41.44880577	-7.4769141	Venafro
14.02936373	41.4778656	-13.8414031	Venafro
13.99895697	41.49975976	-12.4322231	Venafro
14.05579896	41.4743426	-11.5400763	Venafro
14.00490777	41.4998405	-11.7455887	Venafro
14.12681282	41.46525801	-5.2745261	Venafro
14.09562913	41.4956557	-2.2874187	Venafro
14.12012987	41.44501055	-10.4482147	Venafro
14.0281201	41.48294345	-12.8620063	Venafro
14.16010407	41.42742803	-9.8273268	Venafro
14.26035901	41.39710174	-4.8064929	Venafro
14.06586811	41.46812043	-11.7234619	Venafro
14.06802806	41.48858656	-7.0262388	Venafro
14.04343302	41.48077802	-11.5765318	Venafro
14.00351082	41.46707895	-19.126156	Venafro
14.1762375	41.45924539	-0.9999997	Venafro
14.02234039	41.46683816	-17.053074	Venafro
13.97820029	41.47998271	-19.126156	Venafro
14.21373058	41.43111813	-2.8260691	Venafro
14.12331213	41.44694965	-9.6580205	Venafro
14.17941796	41.43937296	-5.0133503	Venafro
14.20701657	41.39656479	-11.1099281	Venafro
14.12018457	41.42169716	-15.5763342	Venafro
14.01421202	41.48256288	-14.5094729	Venafro
14.06944747	41.46136164	-12.7763357	Venafro
14.2265893	41.42592605	-2.462116	Venafro
14.08908531	41.47940993	-6.5764241	Venafro
14.05687243	41.47663388	-10.9176979	Venafro
14.17425674	41.43712823	-6.0980483	Venafro
14.04291908	41.46169644	-15.7820227	Venafro
14.14423495	41.39943643	-17.768865	Venafro
14.13264341	41.45124931	-7.661352	Venafro
14.10156115	41.42322847	-17.3331579	Venafro
14.16986726	41.43863891	-6.2587087	Venafro
14.12986373	41.47827912	-2.0914636	Venafro
14.03175749	41.47902771	-13.3116616	Venafro
14.14780195	41.41482079	-13.9885251	Venafro
14.18972818	41.37345752	-18.1334651	Venafro
14.20105565	41.36283662	-19.126156	Venafro
13.98481887	41.49132862	-15.8804412	Venafro
14.10442937	41.47008168	-6.8233816	Venafro
14.20135095	41.36685915	-18.2184319	Venafro
14.08983233	41.50062271	-1.8808186	Venafro
14.05556601	41.44647538	-17.6208259	Venafro
13.98377936	41.4887904	-16.5569851	Venafro
14.24690197	41.41616452	-2.2270554	Venafro
14.1587744	41.39394984	-17.2738904	Venafro
14.12403381	41.45870828	-7.0198765	Venafro
14.11135139	41.42057998	-16.815071	Venafro
14.18762775	41.43016232	-6.0615076	Venafro
14.20824344	41.38687974	-13.071241	Venafro
14.04343975	41.4952268	-8.4317735	Venafro
14.19364142	41.44219841	-2.7492385	Venafro
14.16879718	41.41067973	-12.4777165	Venafro
14.23777715	41.39198783	-8.5365155	Venafro
14.02227664	41.46976281	-16.4244202	Venafro
14.26434461	41.40771058	-2.0401301	Venafro
