11.86788299	44.453	-2.0000004	Ascensione-Armaia
11.9419332	44.28092902	-13.268726	Ascensione-Armaia
11.90862836	44.31404266	-12.6288881	Ascensione-Armaia
12.23895795	44.255054	-2.0000009	Ascensione-Armaia
11.93832868	44.35293882	-8.8081121	Ascensione-Armaia
11.86380025	44.4491455	-2.433767	Ascensione-Armaia
11.97043204	44.33604402	-8.4603004	Ascensione-Armaia
12.01599062	44.24603133	-13.4710996	Ascensione-Armaia
12.20067803	44.2996175	-2.0000004	Ascensione-Armaia
11.9541111	44.43302447	-2.2773212	Ascensione-Armaia
11.89488534	44.44531178	-2.3074292	Ascensione-Armaia
12.22730863	44.2645986	-2.226081	Ascensione-Armaia
11.96813099	44.30647705	-10.4356945	Ascensione-Armaia
11.99298631	44.35186605	-6.4105368	Ascensione-Armaia
11.84968098	44.39554913	-7.7870163	Ascensione-Armaia
11.85843561	44.44408017	-3.0037587	Ascensione-Armaia
12.1026403	44.18889301	-13.3586054	Ascensione-Armaia
12.15643872	44.28573064	-5.1993681	Ascensione-Armaia
12.06750042	44.33158207	-5.0552224	Ascensione-Armaia
12.20904802	44.26502885	-3.288749	Ascensione-Armaia
12.22816191	44.26813948	-1.9999887	Ascensione-Armaia
12.05084623	44.32035338	-6.4647584	Ascensione-Armaia
12.16720087	44.29784514	-3.9389555	Ascensione-Armaia
11.94187178	44.40334101	-5.1183737	Ascensione-Armaia
12.19616887	44.25517028	-4.5418762	Ascensione-Armaia
11.89279957	44.39467351	-7.0470285	Ascensione-Armaia
12.05075491	44.27827319	-9.829392	Ascensione-Armaia
12.162116	44.27781093	-5.3293115	Ascensione-Armaia
11.85381352	44.43971539	-3.4948842	Ascensione-Armaia
12.10043727	44.32520654	-4.5524038	Ascensione-Armaia
11.95500769	44.38765859	-5.875226	Ascensione-Armaia
12.02207108	44.28871037	-9.8765778	Ascensione-Armaia
11.99569169	44.36022695	-5.7561678	Ascensione-Armaia
12.20512474	44.27202969	-3.174623	Ascensione-Armaia
11.90435835	44.41317541	-5.1420964	Ascensione-Armaia
12.12980311	44.21075573	-10.6732585	Ascensione-Armaia
11.85250322	44.3620142	-10.8456513	Ascensione-Armaia
12.01911354	44.24506241	-13.4715288	Ascensione-Armaia
11.84797725	44.43420329	-4.1150634	Ascensione-Armaia
12.23271671	44.23915441	-3.1547143	Ascensione-Armaia
12.10796638	44.35423504	-1.999997	Ascensione-Armaia
11.83999131	44.36104943	-11.2066599	Ascensione-Armaia
11.95742693	44.32579463	-9.7103792	Ascensione-Armaia
12.00318772	44.36694659	-4.9828945	Ascensione-Armaia
12.11250744	44.32865609	-3.9474702	Ascensione-Armaia
11.84311961	44.42961484	-4.6312822	Ascensione-Armaia
12.13377758	44.29176358	-5.9513691	Ascensione-Armaia
11.87076445	44.41707726	-5.3925588	Ascensione-Armaia
12.09764908	44.27226376	-8.8180511	Ascensione-Armaia
12.04510531	44.37784089	-2.343914	Ascensione-Armaia
12.01810474	44.34166465	-5.9771724	Ascensione-Armaia
12.04921896	44.33098252	-5.6863684	Ascensione-Armaia
12.13073876	44.32423249	-3.8541882	Ascensione-Armaia
11.8377563	44.42454807	-5.2012734	Ascensione-Armaia
12.13115286	44.26624884	-7.6190327	Ascensione-Armaia
11.95092239	44.42515689	-3.0495771	Ascensione-Armaia
11.90361344	44.42257088	-4.3201611	Ascensione-Armaia
11.95748898	44.42751734	-2.6945654	Ascensione-Armaia
12.16410115	44.25595599	-6.3609735	Ascensione-Armaia
11.85843324	44.33556724	-13.0740586	Ascensione-Armaia
12.00250878	44.25899204	-12.8513491	Ascensione-Armaia
12.02390659	44.35736116	-4.6248703	Ascensione-Armaia
12.0579143	44.2632762	-10.9213527	Ascensione-Armaia
11.92375326	44.33179713	-10.805529	Ascensione-Armaia
12.03424388	44.33045337	-6.212237	Ascensione-Armaia
12.06530382	44.22729448	-13.2100229	Ascensione-Armaia
11.88222615	44.34486356	-11.6188322	Ascensione-Armaia
12.04162496	44.34992003	-4.5067397	Ascensione-Armaia
12.05238581	44.25119228	-12.0924384	Ascensione-Armaia
12.12343713	44.29934336	-5.8958389	Ascensione-Armaia
11.83155012	44.41868417	-5.8608864	Ascensione-Armaia
12.17143959	44.2117876	-8.1598496	Ascensione-Armaia
12.12831052	44.19572226	-11.5166591	Ascensione-Armaia
12.12447938	44.34789668	-2.0000004	Ascensione-Armaia
11.89026138	44.31736838	-13.3151811	Ascensione-Armaia
12.16341288	44.32246326	-2.6381132	Ascensione-Armaia
12.15428272	44.22050541	-8.7464582	Ascensione-Armaia
11.8274354	44.41479588	-6.2982385	Ascensione-Armaia
12.1165392	44.27559081	-7.7754288	Ascensione-Armaia
12.05622405	44.30198615	-7.7656202	Ascensione-Armaia
11.92662291	44.36518226	-8.5587123	Ascensione-Armaia
12.04450433	44.34014373	-5.1224138	Ascensione-Armaia
12.0744159	44.2751952	-9.4815482	Ascensione-Armaia
12.13124473	44.1761516	-12.3123818	Ascensione-Armaia
12.08649138	44.20424261	-13.4715283	Ascensione-Armaia
12.17677439	44.20747134	-8.0534519	Ascensione-Armaia
12.13185159	44.18332845	-11.9206377	Ascensione-Armaia
12.01822836	44.29045066	-9.8578335	Ascensione-Armaia
11.82288248	44.410493	-6.7821937	Ascensione-Armaia
11.90897707	44.30465444	-13.2329384	Ascensione-Armaia
12.08278563	44.27598106	-9.1983944	Ascensione-Armaia
11.98674807	44.35660701	-6.3901679	Ascensione-Armaia
11.94854196	44.2932753	-12.1814467	Ascensione-Armaia
11.96358721	44.42257076	-2.9090962	Ascensione-Armaia
12.06890563	44.32067055	-5.8832992	Ascensione-Armaia
11.8180263	44.40590296	-7.2984124	Ascensione-Armaia
11.89802524	44.4480027	-2	Ascensione-Armaia
11.90929745	44.36460886	-9.1894221	Ascensione-Armaia
12.16451421	44.21248097	-8.5367347	Ascensione-Armaia
12.0737029	44.34099816	-4.1118991	Ascensione-Armaia
11.81330528	44.40144014	-7.8002916	Ascensione-Armaia
12.02538572	44.2431632	-13.4715288	Ascensione-Armaia
11.88093639	44.32480244	-13.19908	Ascensione-Armaia
12.00832785	44.30596601	-8.9653844	Ascensione-Armaia
12.05118213	44.23715234	-13.1598774	Ascensione-Armaia
11.89138736	44.32625607	-12.7187094	Ascensione-Armaia
11.85569503	44.38133497	-9.0514117	Ascensione-Armaia
12.2041574	44.2834416	-2.6495	Ascensione-Armaia
11.80851712	44.39691326	-8.3093407	Ascensione-Armaia
12.09969515	44.29195719	-7.4023726	Ascensione-Armaia
11.79169505	44.34573378	-13.4715288	Ascensione-Armaia
11.8980696	44.35262554	-10.4876989	Ascensione-Armaia
12.03161577	44.25644801	-12.1802661	Ascensione-Armaia
12.04515302	44.27297815	-10.4243772	Ascensione-Armaia
12.023396	44.27951453	-10.5702639	Ascensione-Armaia
11.9699898	44.40712861	-3.8757746	Ascensione-Armaia
11.80436981	44.39299185	-8.7502775	Ascensione-Armaia
12.20866883	44.21531878	-5.7629752	Ascensione-Armaia
11.87485439	44.45184452	-2.0000004	Ascensione-Armaia
12.04514463	44.34358004	-4.8442299	Ascensione-Armaia
12.09470191	44.35520458	-2.3308374	Ascensione-Armaia
12.00470797	44.3173887	-8.2557907	Ascensione-Armaia
12.13436434	44.213482	-10.2717544	Ascensione-Armaia
11.80049245	44.38932529	-9.1625356	Ascensione-Armaia
12.10553493	44.22857458	-11.1171191	Ascensione-Armaia
12.1826057	44.24152965	-6.0231037	Ascensione-Armaia
11.93344264	44.42926784	-3.0668857	Ascensione-Armaia
12.14862887	44.19818632	-10.188249	Ascensione-Armaia
12.16724438	44.31305882	-3.0192133	Ascensione-Armaia
11.81574386	44.39485516	-8.3916801	Ascensione-Armaia
11.86174482	44.43738733	-3.5918984	Ascensione-Armaia
12.16423911	44.24413932	-6.9717851	Ascensione-Armaia
12.12457273	44.200295	-11.5120141	Ascensione-Armaia
12.19537357	44.30536346	-1.9999975	Ascensione-Armaia
11.98008484	44.41133219	-3.2116801	Ascensione-Armaia
11.99276325	44.31094003	-9.1685865	Ascensione-Armaia
12.11272225	44.21577403	-11.3795395	Ascensione-Armaia
12.10456565	44.28255697	-7.829867	Ascensione-Armaia
11.79597467	44.38505271	-9.6429058	Ascensione-Armaia
12.08462276	44.36133266	-2.1671318	Ascensione-Armaia
11.92121771	44.37953217	-7.6423342	Ascensione-Armaia
12.08265728	44.30665074	-6.590587	Ascensione-Armaia
11.92365821	44.43211605	-3.0276474	Ascensione-Armaia
11.79088408	44.38023775	-10.184219	Ascensione-Armaia
12.05573065	44.32574629	-5.8847999	Ascensione-Armaia
11.86949921	44.4312556	-4.0557451	Ascensione-Armaia
11.84621887	44.37237594	-10.0587578	Ascensione-Armaia
12.08680962	44.35336027	-2.7210722	Ascensione-Armaia
12.12913309	44.24859661	-8.7301128	Ascensione-Armaia
12.03905694	44.36985496	-3.1327963	Ascensione-Armaia
11.88817612	44.40168267	-6.5231766	Ascensione-Armaia
12.03045532	44.3922453	-2.1150605	Ascensione-Armaia
12.07066754	44.36484178	-2.3441128	Ascensione-Armaia
12.06064992	44.25505629	-11.5500334	Ascensione-Armaia
11.84159918	44.36800754	-10.5498762	Ascensione-Armaia
11.82790006	44.34441743	-12.9553955	Ascensione-Armaia
12.13330635	44.24389915	-8.7392993	Ascensione-Armaia
12.19382379	44.21723437	-6.5552006	Ascensione-Armaia
11.78447912	44.37417873	-10.8653413	Ascensione-Armaia
11.92823869	44.31696504	-11.5749196	Ascensione-Armaia
12.02111308	44.31388056	-7.9329329	Ascensione-Armaia
11.95816552	44.39471014	-5.227936	Ascensione-Armaia
11.93854163	44.37083215	-7.7070852	Ascensione-Armaia
12.09764611	44.26035752	-9.6213641	Ascensione-Armaia
11.89347515	44.4383797	-2.9933408	Ascensione-Armaia
12.03990929	44.26073794	-11.6014795	Ascensione-Armaia
12.14765624	44.23239963	-8.5271206	Ascensione-Armaia
12.20587264	44.2319324	-5.1127622	Ascensione-Armaia
11.77793984	44.36799161	-11.5608022	Ascensione-Armaia
11.85400829	44.41076827	-6.262166	Ascensione-Armaia
11.97293623	44.43030005	-2.0000009	Ascensione-Armaia
11.9996404	44.27943099	-11.3208015	Ascensione-Armaia
11.77352442	44.36381339	-12.0304179	Ascensione-Armaia
12.15081807	44.27914146	-5.8734331	Ascensione-Armaia
11.8215684	44.36891159	-10.7811528	Ascensione-Armaia
12.05883786	44.28734147	-8.8541793	Ascensione-Armaia
12.20084993	44.27446414	-3.3071855	Ascensione-Armaia
12.10384124	44.29986486	-6.622765	Ascensione-Armaia
11.96982357	44.40164707	-4.3014755	Ascensione-Armaia
12.16782788	44.32440765	-2.3063632	Ascensione-Armaia
11.76927774	44.3597944	-12.4821093	Ascensione-Armaia
11.85053527	44.37645707	-9.5998964	Ascensione-Armaia
12.09471121	44.23625273	-11.2218083	Ascensione-Armaia
11.9128693	44.34784439	-10.352707	Ascensione-Armaia
11.94600845	44.27913608	-13.2241753	Ascensione-Armaia
12.1462152	44.26646515	-6.8254355	Ascensione-Armaia
12.14678684	44.25107827	-7.5986436	Ascensione-Armaia
11.83647857	44.33927273	-13.2258515	Ascensione-Armaia
12.05757068	44.28471551	-9.1052045	Ascensione-Armaia
11.76317773	44.35402069	-13.1309677	Ascensione-Armaia
11.94411373	44.31467512	-11.0286113	Ascensione-Armaia
12.04579256	44.37621158	-2.4176377	Ascensione-Armaia
12.20252453	44.20631937	-6.5724791	Ascensione-Armaia
11.90391935	44.31078932	-13.0512514	Ascensione-Armaia
11.82960727	44.39841066	-7.8316589	Ascensione-Armaia
11.89984684	44.30931844	-13.3384384	Ascensione-Armaia
12.15542013	44.1666432	-11.3367485	Ascensione-Armaia
12.14702619	44.33123079	-2.7421772	Ascensione-Armaia
11.97154864	44.32405226	-9.165957	Ascensione-Armaia
11.98527995	44.25786828	-13.4713745	Ascensione-Armaia
11.75997625	44.35099009	-13.4715288	Ascensione-Armaia
11.90158954	44.39305132	-6.9986287	Ascensione-Armaia
12.15760817	44.23274753	-7.9424424	Ascensione-Armaia
11.93125458	44.39867143	-5.8357923	Ascensione-Armaia
12.16192056	44.23542092	-7.553981	Ascensione-Armaia
11.97888911	44.38100647	-5.1260058	Ascensione-Armaia
11.97028167	44.28860671	-11.6369809	Ascensione-Armaia
11.97139481	44.33895528	-8.2292805	Ascensione-Armaia
12.16964271	44.22672044	-7.5266128	Ascensione-Armaia
11.92506279	44.42423988	-3.6997822	Ascensione-Armaia
12.07390918	44.36790067	-2.0000004	Ascensione-Armaia
11.77231896	44.34894517	-13.4715283	Ascensione-Armaia
12.03787947	44.31168865	-7.5619168	Ascensione-Armaia
12.03129726	44.32218294	-6.9542706	Ascensione-Armaia
12.02558621	44.38108164	-3.0469785	Ascensione-Armaia
12.10898537	44.18380439	-13.2549712	Ascensione-Armaia
11.87165804	44.34361062	-12.0662666	Ascensione-Armaia
12.0454903	44.3126588	-7.2436915	Ascensione-Armaia
12.20237922	44.27805774	-3.0326948	Ascensione-Armaia
12.0798154	44.30700133	-6.6387952	Ascensione-Armaia
11.94184645	44.37522938	-7.2732623	Ascensione-Armaia
11.92416993	44.35725193	-9.2342329	Ascensione-Armaia
11.92682266	44.38469398	-7.0569949	Ascensione-Armaia
12.06836071	44.29554433	-7.9061564	Ascensione-Armaia
11.93528174	44.341085	-9.6787546	Ascensione-Armaia
12.14893227	44.22492159	-8.8453415	Ascensione-Armaia
12.10500084	44.1841755	-13.4715288	Ascensione-Armaia
12.14816504	44.2980139	-4.8658471	Ascensione-Armaia
11.95355599	44.27546054	-13.2178984	Ascensione-Armaia
12.18182895	44.25567439	-5.3683947	Ascensione-Armaia
12.17272818	44.23143982	-7.1095249	Ascensione-Armaia
12.12451133	44.27687412	-7.3052346	Ascensione-Armaia
12.08802875	44.25126658	-10.6430705	Ascensione-Armaia
12.09907097	44.22841236	-11.4806452	Ascensione-Armaia
11.89579739	44.36517166	-9.6034726	Ascensione-Armaia
11.94465955	44.3116802	-11.1990603	Ascensione-Armaia
12.11478069	44.31401353	-5.1358867	Ascensione-Armaia
11.90828295	44.34223407	-10.9226984	Ascensione-Armaia
11.8516793	44.4339409	-4.081455	Ascensione-Armaia
12.22147466	44.26019676	-2.7906333	Ascensione-Armaia
12.00832366	44.40878918	-2.0000004	Ascensione-Armaia
11.92778272	44.34325393	-9.9115305	Ascensione-Armaia
12.02470885	44.2970773	-9.1300865	Ascensione-Armaia
11.91293578	44.41645665	-4.6608471	Ascensione-Armaia
11.93129996	44.40802608	-5.0095959	Ascensione-Armaia
11.97547877	44.30979581	-9.8866738	Ascensione-Armaia
11.99508063	44.3658333	-5.4154687	Ascensione-Armaia
11.88719683	44.35704129	-10.5176098	Ascensione-Armaia
11.82093649	44.34217834	-13.3081884	Ascensione-Armaia
11.99895159	44.39395427	-3.390498	Ascensione-Armaia
12.1903596	44.27318178	-3.9693957	Ascensione-Armaia
12.01908838	44.28429888	-10.3208005	Ascensione-Armaia
11.95238895	44.41988606	-3.4877138	Ascensione-Armaia
11.97603358	44.33747039	-8.1090232	Ascensione-Armaia
11.92768069	44.30113439	-12.6432753	Ascensione-Armaia
11.92616735	44.39512892	-6.2731442	Ascensione-Armaia
12.18407501	44.31418484	-2.1227651	Ascensione-Armaia
11.85117185	44.38022557	-9.2293034	Ascensione-Armaia
12.15658147	44.30750236	-3.8792209	Ascensione-Armaia
12.0082349	44.40716189	-2.1108833	Ascensione-Armaia
12.1468852	44.18736153	-10.8276233	Ascensione-Armaia
12.1378821	44.26908144	-7.1169294	Ascensione-Armaia
11.95383217	44.41998676	-3.4375263	Ascensione-Armaia
12.04125123	44.29592352	-8.7106145	Ascensione-Armaia
12.07422727	44.36202922	-2.4489965	Ascensione-Armaia
12.15711642	44.31282671	-3.5320595	Ascensione-Armaia
11.94748821	44.30870713	-11.2549482	Ascensione-Armaia
11.99477568	44.41956073	-2.0000004	Ascensione-Armaia
11.89508684	44.43189484	-3.5884253	Ascensione-Armaia
11.96352823	44.37616573	-6.1660743	Ascensione-Armaia
12.11693456	44.19470979	-12.2422666	Ascensione-Armaia
12.00296847	44.33705666	-6.8825694	Ascensione-Armaia
12.07862371	44.26604118	-10.0457548	Ascensione-Armaia
11.92101832	44.29301058	-13.4716445	Ascensione-Armaia
12.10788192	44.27532257	-8.1771503	Ascensione-Armaia
12.04336945	44.36057342	-3.6582182	Ascensione-Armaia
12.11340558	44.2319924	-10.4917348	Ascensione-Armaia
11.96142169	44.34594376	-8.2060484	Ascensione-Armaia
12.00537219	44.3380467	-6.7104965	Ascensione-Armaia
11.94625672	44.37771535	-6.9123416	Ascensione-Armaia
11.95935606	44.31099917	-10.5581779	Ascensione-Armaia
12.03574111	44.25175759	-12.4732421	Ascensione-Armaia
12.05338483	44.31775857	-6.5936501	Ascensione-Armaia
11.93937505	44.43600253	-2.3353916	Ascensione-Armaia
12.09071845	44.35765645	-2.2576552	Ascensione-Armaia
12.02666945	44.33872233	-5.8797072	Ascensione-Armaia
12.14401412	44.15307675	-12.6851015	Ascensione-Armaia
11.91903233	44.39233861	-6.6789054	Ascensione-Armaia
12.05542047	44.26822457	-10.5644377	Ascensione-Armaia
12.00628323	44.27251483	-11.6558105	Ascensione-Armaia
12.14840892	44.16330664	-11.9195673	Ascensione-Armaia
11.91772645	44.35243583	-9.8364882	Ascensione-Armaia
12.12771633	44.31841673	-4.4269553	Ascensione-Armaia
12.22154891	44.22429451	-4.5524155	Ascensione-Armaia
12.06501415	44.27210183	-9.9870988	Ascensione-Armaia
12.13231429	44.16590758	-12.7528935	Ascensione-Armaia
11.90102086	44.34407428	-11.042791	Ascensione-Armaia
12.14024454	44.33024037	-3.0969604	Ascensione-Armaia
11.99436637	44.29478391	-10.2988073	Ascensione-Armaia
12.22311924	44.27417908	-2.0000004	Ascensione-Armaia
12.0746145	44.32903573	-5.039507	Ascensione-Armaia
12.08152463	44.20962555	-13.4715288	Ascensione-Armaia
11.80166088	44.36355824	-11.6088615	Ascensione-Armaia
12.10066703	44.22681795	-11.4859499	Ascensione-Armaia
12.17737153	44.25108819	-5.8600019	Ascensione-Armaia
12.15887789	44.28273703	-5.2550517	Ascensione-Armaia
12.05297118	44.37830757	-2.0000004	Ascensione-Armaia
12.15522692	44.16159254	-11.5966506	Ascensione-Armaia
12.07708531	44.21333035	-13.4714755	Ascensione-Armaia
12.20912263	44.25072727	-3.9932128	Ascensione-Armaia
11.92612568	44.39382756	-6.38069	Ascensione-Armaia
12.13123174	44.29208679	-6.0544185	Ascensione-Armaia
11.83732843	44.38575075	-8.9203902	Ascensione-Armaia
12.07154097	44.34753464	-3.6696499	Ascensione-Armaia
12.1675901	44.23807675	-7.0855394	Ascensione-Armaia
11.90514816	44.30358697	-13.4715795	Ascensione-Armaia
11.88849431	44.31621293	-13.4715288	Ascensione-Armaia
11.78229814	44.35578757	-12.658999	Ascensione-Armaia
11.90589177	44.37123327	-8.7972166	Ascensione-Armaia
12.13373643	44.30050724	-5.3799577	Ascensione-Armaia
11.97210465	44.39548847	-4.570767	Ascensione-Armaia
12.10683933	44.1820009	-13.4716674	Ascensione-Armaia
11.81552208	44.34893129	-12.7879414	Ascensione-Armaia
12.02661931	44.37378572	-3.4604111	Ascensione-Armaia
12.12600909	44.30894953	-5.1383713	Ascensione-Armaia
11.91161802	44.38012266	-7.922177	Ascensione-Armaia
11.8754437	44.43719031	-3.3933872	Ascensione-Armaia
12.00152642	44.40141371	-2.7848359	Ascensione-Armaia
12.01161147	44.38122957	-3.6736987	Ascensione-Armaia
11.86547558	44.39057977	-8.0117915	Ascensione-Armaia
12.09492709	44.35002463	-2.7378359	Ascensione-Armaia
12.10858829	44.25953491	-9.1347148	Ascensione-Armaia
12.04784146	44.23463502	-13.4715332	Ascensione-Armaia
12.2133074	44.28591899	-2.0004643	Ascensione-Armaia
11.98628087	44.38798513	-4.3409636	Ascensione-Armaia
11.98782011	44.38341886	-4.574456	Ascensione-Armaia
12.01614	44.38430841	-3.2719379	Ascensione-Armaia
12.12155263	44.19710487	-11.849458	Ascensione-Armaia
12.18438155	44.19534527	-8.1956336	Ascensione-Armaia
12.06747747	44.30786206	-6.9500435	Ascensione-Armaia
12.17912114	44.3202636	-2.0000034	Ascensione-Armaia
11.88801387	44.35907653	-10.3276128	Ascensione-Armaia
12.23268106	44.26267257	-2.0000791	Ascensione-Armaia
11.83636042	44.40470726	-7.1220822	Ascensione-Armaia
11.94614817	44.31885148	-10.6638308	Ascensione-Armaia
11.97126278	44.35378219	-7.2567394	Ascensione-Armaia
12.04731513	44.33881201	-5.1356262	Ascensione-Armaia
12.11644631	44.24265009	-9.7612064	Ascensione-Armaia
11.93040543	44.29060652	-13.1937128	Ascensione-Armaia
12.11568334	44.2431738	-9.7719607	Ascensione-Armaia
12.1143328	44.2813627	-7.4956925	Ascensione-Armaia
11.99149449	44.39534202	-3.6357851	Ascensione-Armaia
12.00815983	44.25290194	-13.163497	Ascensione-Armaia
11.95070357	44.34744776	-8.5777549	Ascensione-Armaia
12.01629522	44.30730607	-8.6028526	Ascensione-Armaia
12.08316595	44.34636612	-3.391895	Ascensione-Armaia
12.17026232	44.30324051	-3.4628325	Ascensione-Armaia
12.00753198	44.34933532	-5.8940465	Ascensione-Armaia
12.14291577	44.29546281	-5.2780837	Ascensione-Armaia
12.18746144	44.30929796	-2.2432016	Ascensione-Armaia
12.08289991	44.24641757	-11.1879746	Ascensione-Armaia
12.07126695	44.36919568	-1.9999082	Ascensione-Armaia
12.07661	44.27014438	-9.8544052	Ascensione-Armaia
12.01302104	44.31439019	-8.1713864	Ascensione-Armaia
11.8091461	44.3428402	-13.4715297	Ascensione-Armaia
12.03092025	44.27956265	-10.3347812	Ascensione-Armaia
12.00598638	44.30638433	-9.0188416	Ascensione-Armaia
12.16276853	44.26223188	-6.1080172	Ascensione-Armaia
12.04017493	44.30923298	-7.6806085	Ascensione-Armaia
12.13758361	44.14489436	-13.4715288	Ascensione-Armaia
12.04521228	44.24660566	-12.6677163	Ascensione-Armaia
12.04948294	44.24449593	-12.7366171	Ascensione-Armaia
11.99699542	44.27424291	-11.8119777	Ascensione-Armaia
11.92655266	44.41730528	-4.2859035	Ascensione-Armaia
12.07276672	44.22126933	-13.2055571	Ascensione-Armaia
11.87219437	44.33699013	-12.5616494	Ascensione-Armaia
11.91147513	44.44262544	-2.3011572	Ascensione-Armaia
11.77734233	44.36087466	-12.250998	Ascensione-Armaia
11.83071794	44.35035416	-12.3642373	Ascensione-Armaia
12.08531319	44.31092577	-6.1584146	Ascensione-Armaia
12.00545161	44.36288471	-5.1340715	Ascensione-Armaia
12.08524873	44.21439384	-13.0055224	Ascensione-Armaia
11.84575226	44.33423366	-13.4715288	Ascensione-Armaia
12.00018039	44.30013933	-9.6914196	Ascensione-Armaia
12.16705973	44.32590476	-2.2508676	Ascensione-Armaia
11.96697828	44.30175847	-10.7900608	Ascensione-Armaia
12.18845035	44.22669576	-6.4107924	Ascensione-Armaia
11.9206067	44.44264611	-2.1541464	Ascensione-Armaia
12.08254649	44.3007003	-7.1004611	Ascensione-Armaia
11.9943444	44.26769467	-12.4090468	Ascensione-Armaia
12.05088401	44.34616768	-4.4448649	Ascensione-Armaia
11.9263674	44.30977437	-12.1312265	Ascensione-Armaia
12.14420418	44.34010596	-2.1551113	Ascensione-Armaia
11.87414846	44.38106	-8.6712809	Ascensione-Armaia
11.98351182	44.29750868	-10.4965358	Ascensione-Armaia
11.91421073	44.37557318	-8.1829747	Ascensione-Armaia
12.03404948	44.26532422	-11.3746652	Ascensione-Armaia
12.08183843	44.24314988	-11.4400493	Ascensione-Armaia
12.11156311	44.34817258	-2.3735537	Ascensione-Armaia
11.94415957	44.30084596	-11.9067915	Ascensione-Armaia
12.0043589	44.27631566	-11.4118327	Ascensione-Armaia
12.2105271	44.25723424	-3.5872993	Ascensione-Armaia
12.06748063	44.36510844	-2.4395888	Ascensione-Armaia
11.91324179	44.31086168	-12.636271	Ascensione-Armaia
12.13082589	44.15976302	-13.1439614	Ascensione-Armaia
12.17126908	44.21919638	-7.8030341	Ascensione-Armaia
12.09733989	44.28191914	-8.1797263	Ascensione-Armaia
12.1900682	44.3111103	-2.0002133	Ascensione-Armaia
12.0925563	44.22006109	-12.2992817	Ascensione-Armaia
11.85821929	44.41802608	-5.5008322	Ascensione-Armaia
11.91644694	44.36825879	-8.6676582	Ascensione-Armaia
12.08361615	44.21160428	-13.249268	Ascensione-Armaia
11.86617351	44.37994821	-8.9456273	Ascensione-Armaia
12.10582974	44.23385827	-10.8187404	Ascensione-Armaia
11.92699393	44.35364076	-9.3169087	Ascensione-Armaia
11.94782086	44.3636739	-7.6918741	Ascensione-Armaia
12.19912043	44.24205461	-5.0168347	Ascensione-Armaia
11.91853662	44.3519275	-9.8329033	Ascensione-Armaia
11.86962742	44.34631181	-11.8699961	Ascensione-Armaia
12.11367217	44.29587578	-6.5444726	Ascensione-Armaia
11.86005915	44.33263888	-13.299456	Ascensione-Armaia
12.1148746	44.22472242	-10.7890044	Ascensione-Armaia
12.02455758	44.25413385	-12.5601596	Ascensione-Armaia
11.88099636	44.39099019	-7.6349208	Ascensione-Armaia
11.91425379	44.33436063	-11.1119899	Ascensione-Armaia
11.92251859	44.37196535	-8.1780457	Ascensione-Armaia
12.05243128	44.28660397	-9.1101906	Ascensione-Armaia
11.91817968	44.31642497	-12.0525092	Ascensione-Armaia
12.01082741	44.24801264	-13.4715952	Ascensione-Armaia
12.15905602	44.31835224	-3.1005517	Ascensione-Armaia
11.90227353	44.30734812	-13.3493281	Ascensione-Armaia
12.0247417	44.32928427	-6.645318	Ascensione-Armaia
12.08461002	44.26842387	-9.6308081	Ascensione-Armaia
11.96219548	44.35897966	-7.3123035	Ascensione-Armaia
12.12734755	44.25295308	-8.6032988	Ascensione-Armaia
11.99590495	44.26168499	-12.8397138	Ascensione-Armaia
12.0294907	44.29514522	-9.1346522	Ascensione-Armaia
11.81650893	44.38850839	-8.9867663	Ascensione-Armaia
12.16552989	44.28901736	-4.5488278	Ascensione-Armaia
11.93418938	44.36672011	-8.1695314	Ascensione-Armaia
12.15334166	44.20449881	-9.5956223	Ascensione-Armaia
11.82227004	44.37491881	-10.1954211	Ascensione-Armaia
11.99272742	44.39407085	-3.6562092	Ascensione-Armaia
11.91162831	44.34206267	-10.770342	Ascensione-Armaia
12.21172599	44.28223051	-2.2772421	Ascensione-Armaia
11.8456763	44.42924734	-4.6259045	Ascensione-Armaia
12.10249751	44.32315709	-4.6738523	Ascensione-Armaia
12.03937701	44.27006154	-10.8323308	Ascensione-Armaia
11.92693603	44.29477627	-13.0918383	Ascensione-Armaia
12.16172357	44.17069705	-10.7609318	Ascensione-Armaia
12.14882286	44.33833418	-2.1864077	Ascensione-Armaia
12.05951908	44.31457006	-6.6594128	Ascensione-Armaia
11.88595769	44.32239461	-13.2134194	Ascensione-Armaia
12.04840262	44.37390055	-2.4921342	Ascensione-Armaia
11.84144319	44.42469092	-5.1291281	Ascensione-Armaia
11.90951068	44.44609759	-2.0000004	Ascensione-Armaia
12.13933351	44.28103443	-6.3246792	Ascensione-Armaia
12.10572109	44.29343814	-7.0465759	Ascensione-Armaia
11.89263251	44.41341659	-5.378373	Ascensione-Armaia
12.23461062	44.2465704	-2.6768662	Ascensione-Armaia
12.09646914	44.31839936	-5.2344331	Ascensione-Armaia
12.24559301	44.247	-2.0000004	Ascensione-Armaia
11.86571023	44.42665453	-4.5562238	Ascensione-Armaia
12.18618197	44.31450096	-2.0000004	Ascensione-Armaia
12.06925375	44.24740557	-11.7008357	Ascensione-Armaia
12.15421535	44.33770394	-2.0000009	Ascensione-Armaia
11.81947195	44.34070583	-13.471583	Ascensione-Armaia
11.93706671	44.40542158	-5.1152373	Ascensione-Armaia
11.97890166	44.4167724	-2.8348222	Ascensione-Armaia
12.0992427	44.22323987	-11.7534648	Ascensione-Armaia
12.00309349	44.31085197	-8.7962249	Ascensione-Armaia
11.98734558	44.41366508	-2.7210039	Ascensione-Armaia
11.94828735	44.40894971	-4.4712514	Ascensione-Armaia
12.04939772	44.29567557	-8.4796386	Ascensione-Armaia
11.78346312	44.36622154	-11.6425815	Ascensione-Armaia
12.01854825	44.38826372	-2.9052045	Ascensione-Armaia
12.08141367	44.25437656	-10.7142175	Ascensione-Armaia
12.09403539	44.34495149	-3.1704643	Ascensione-Armaia
11.90005514	44.37045849	-9.0478204	Ascensione-Armaia
11.83886997	44.37206529	-10.2050549	Ascensione-Armaia
11.93650607	44.30340942	-12.1011333	Ascensione-Armaia
12.02786923	44.3666092	-3.8560888	Ascensione-Armaia
11.97562111	44.41107737	-3.3824091	Ascensione-Armaia
11.98040165	44.34266671	-7.5773492	Ascensione-Armaia
12.16863542	44.32044065	-2.5054521	Ascensione-Armaia
12.17347014	44.29036611	-4.027781	Ascensione-Armaia
12.02667965	44.24666873	-13.1399218	Ascensione-Armaia
12.071987	44.26577464	-10.3455346	Ascensione-Armaia
11.93388845	44.31061711	-11.7451545	Ascensione-Armaia
11.99834555	44.33268892	-7.3736904	Ascensione-Armaia
12.18172021	44.30554224	-2.7600258	Ascensione-Armaia
12.10442099	44.29642089	-6.9004881	Ascensione-Armaia
12.12230462	44.34870617	-1.9998984	Ascensione-Armaia
12.01337668	44.26095655	-12.3600092	Ascensione-Armaia
11.87712168	44.33076617	-12.8715141	Ascensione-Armaia
12.05978262	44.24605052	-12.1944253	Ascensione-Armaia
12.07973861	44.24765722	-11.2386142	Ascensione-Armaia
11.95985629	44.36303094	-7.1478486	Ascensione-Armaia
11.93685622	44.40396105	-5.240707	Ascensione-Armaia
12.11148391	44.18928563	-12.8349731	Ascensione-Armaia
11.85418989	44.33215511	-13.4715288	Ascensione-Armaia
11.94711564	44.41364702	-4.1509118	Ascensione-Armaia
12.0345861	44.37819303	-2.8112021	Ascensione-Armaia
11.97935937	44.31770237	-9.2037229	Ascensione-Armaia
12.14047892	44.16847774	-12.1388598	Ascensione-Armaia
11.81862485	44.35349491	-12.3023056	Ascensione-Armaia
11.97701766	44.31353097	-9.5763581	Ascensione-Armaia
11.88544553	44.40944798	-5.8895581	Ascensione-Armaia
11.87884619	44.37335807	-9.2551816	Ascensione-Armaia
12.15847781	44.1893389	-10.0379274	Ascensione-Armaia
12.13963228	44.24881856	-8.1228519	Ascensione-Armaia
11.97702805	44.34853529	-7.3495771	Ascensione-Armaia
12.00122156	44.33412542	-7.1514311	Ascensione-Armaia
12.15882343	44.20335367	-9.3271237	Ascensione-Armaia
11.79321052	44.35911621	-12.1676787	Ascensione-Armaia
12.05630379	44.28058282	-9.4896516	Ascensione-Armaia
11.89394279	44.32302133	-12.7914716	Ascensione-Armaia
12.07809671	44.29632799	-7.5874412	Ascensione-Armaia
12.09612798	44.24852004	-10.412362	Ascensione-Armaia
11.93021681	44.35845259	-8.8667854	Ascensione-Armaia
11.95200467	44.38354919	-6.2767258	Ascensione-Armaia
12.15630663	44.24985816	-7.1224157	Ascensione-Armaia
11.9506448	44.35432841	-8.1265145	Ascensione-Armaia
11.94483135	44.34947301	-8.7028559	Ascensione-Armaia
11.8889485	44.36861045	-9.4567175	Ascensione-Armaia
12.16699198	44.19168533	-9.4140772	Ascensione-Armaia
12.17820456	44.20065178	-8.3035162	Ascensione-Armaia
12.17752139	44.21510161	-7.6337419	Ascensione-Armaia
12.06383773	44.22839016	-13.2133706	Ascensione-Armaia
12.2266595	44.23294541	-3.8217775	Ascensione-Armaia
11.83295478	44.41195431	-6.4826342	Ascensione-Armaia
12.13283285	44.20944603	-10.568049	Ascensione-Armaia
12.03736959	44.37182737	-3.0840405	Ascensione-Armaia
11.7994751	44.38303005	-9.7809224	Ascensione-Armaia
12.137836	44.23817825	-8.7818137	Ascensione-Armaia
12.1801525	44.30281949	-2.9965888	Ascensione-Armaia
12.12130556	44.34666746	-2.1934243	Ascensione-Armaia
12.01196757	44.40636281	-1.9999697	Ascensione-Armaia
12.06253506	44.29067591	-8.474244	Ascensione-Armaia
11.81998796	44.34756503	-12.8477675	Ascensione-Armaia
11.92229058	44.41284254	-4.7778129	Ascensione-Armaia
12.19031209	44.25888817	-4.7051997	Ascensione-Armaia
11.95568241	44.35940769	-7.5702663	Ascensione-Armaia
11.89144641	44.36105877	-10.0659187	Ascensione-Armaia
12.16398314	44.17599443	-10.3654787	Ascensione-Armaia
11.88853782	44.34916612	-11.0755026	Ascensione-Armaia
12.07619472	44.2275191	-12.6599912	Ascensione-Armaia
12.07187459	44.29336971	-7.9997034	Ascensione-Armaia
12.20157461	44.2645096	-3.7580246	Ascensione-Armaia
12.04271171	44.38504509	-2.0000122	Ascensione-Armaia
12.14413805	44.20546296	-10.0942663	Ascensione-Armaia
12.1401863	44.18572309	-11.3073193	Ascensione-Armaia
12.10583993	44.21039349	-12.0517031	Ascensione-Armaia
11.95764024	44.38887119	-5.6780595	Ascensione-Armaia
12.12081293	44.26941647	-7.937018	Ascensione-Armaia
12.07631071	44.28906671	-8.2517016	Ascensione-Armaia
12.0949006	44.32061027	-5.0874787	Ascensione-Armaia
12.11334525	44.30136388	-6.1880045	Ascensione-Armaia
12.16028084	44.32891068	-2.3359726	Ascensione-Armaia
12.03348233	44.35195505	-4.6554797	Ascensione-Armaia
12.16569675	44.24088702	-7.0586179	Ascensione-Armaia
12.08838805	44.28127489	-8.6032979	Ascensione-Armaia
11.80132349	44.34728172	-13.1708486	Ascensione-Armaia
12.12241605	44.23378918	-9.8864524	Ascensione-Armaia
12.1458647	44.22062117	-9.2406087	Ascensione-Armaia
12.16348935	44.29259011	-4.4385964	Ascensione-Armaia
12.10523186	44.32973254	-4.043393	Ascensione-Armaia
12.04528803	44.36589137	-3.1962221	Ascensione-Armaia
11.94223213	44.43905689	-1.9999995	Ascensione-Armaia
11.87321894	44.40557554	-6.4541779	Ascensione-Armaia
12.05938933	44.36321012	-2.8764946	Ascensione-Armaia
11.99991436	44.27159254	-11.9252753	Ascensione-Armaia
12.09336774	44.30198376	-6.7122465	Ascensione-Armaia
11.91606305	44.42748111	-3.6082412	Ascensione-Armaia
11.95712341	44.4129273	-3.8671479	Ascensione-Armaia
12.13578439	44.27598469	-6.8039289	Ascensione-Armaia
12.02516544	44.2523164	-12.6978393	Ascensione-Armaia
11.94397739	44.28000189	-13.2349282	Ascensione-Armaia
12.16863283	44.2454749	-6.652983	Ascensione-Armaia
12.00925978	44.37668912	-4.0766281	Ascensione-Armaia
11.91289841	44.35460419	-9.8339111	Ascensione-Armaia
11.96483632	44.4303712	-2.2688642	Ascensione-Armaia
11.84224343	44.35016044	-12.1282734	Ascensione-Armaia
12.01682328	44.25371482	-12.8318847	Ascensione-Armaia
12.09375446	44.28634525	-8.03331	Ascensione-Armaia
12.01254811	44.29112466	-9.9892163	Ascensione-Armaia
12.23809843	44.25322312	-2.1413794	Ascensione-Armaia
12.21058161	44.22280219	-5.2807016	Ascensione-Armaia
12.13731246	44.21710033	-9.9150383	Ascensione-Armaia
11.99474129	44.2891427	-10.7201528	Ascensione-Armaia
11.78781908	44.34827055	-13.2903818	Ascensione-Armaia
12.06444968	44.3036278	-7.3813612	Ascensione-Armaia
12.08951899	44.22656038	-12.0617705	Ascensione-Armaia
12.19285958	44.26288746	-4.3562111	Ascensione-Armaia
12.00424937	44.28607233	-10.6526057	Ascensione-Armaia
11.8897488	44.38614929	-7.8745668	Ascensione-Armaia
12.20344376	44.21181818	-6.2471539	Ascensione-Armaia
12.11299425	44.34009465	-2.9741587	Ascensione-Armaia
12.08785997	44.2486748	-10.8104677	Ascensione-Armaia
12.22973074	44.25961433	-2.3265771	Ascensione-Armaia
12.157676	44.28284609	-5.3124038	Ascensione-Armaia
12.18227381	44.29333498	-3.3729238	Ascensione-Armaia
12.02392491	44.25664773	-12.3788891	Ascensione-Armaia
12.02770525	44.3154456	-7.5973045	Ascensione-Armaia
11.95116349	44.31393167	-10.7537241	Ascensione-Armaia
11.9662793	44.33840361	-8.4900727	Ascensione-Armaia
12.14394624	44.19183335	-10.781122	Ascensione-Armaia
12.00330094	44.29262527	-10.1709936	Ascensione-Armaia
11.96831893	44.31661993	-9.7860534	Ascensione-Armaia
12.00088782	44.3771662	-4.4128049	Ascensione-Armaia
12.0112843	44.402595	-2.2785927	Ascensione-Armaia
11.86239084	44.4040055	-6.7762558	Ascensione-Armaia
12.13504347	44.26022498	-7.7859793	Ascensione-Armaia
12.1993672	44.23737446	-5.2336814	Ascensione-Armaia
12.15757125	44.30059244	-4.2472985	Ascensione-Armaia
11.96390494	44.40445537	-4.2867439	Ascensione-Armaia
11.97554475	44.40704733	-3.6938427	Ascensione-Armaia
12.01699073	44.37344491	-3.9296506	Ascensione-Armaia
12.1520367	44.27752163	-5.911016	Ascensione-Armaia
11.88778383	44.40689473	-6.0669082	Ascensione-Armaia
12.08895929	44.31436898	-5.771317	Ascensione-Armaia
12.24426378	44.24861361	-2	Ascensione-Armaia
12.14001229	44.1471934	-13.2134194	Ascensione-Armaia
12.12844244	44.28765539	-6.4617182	Ascensione-Armaia
12.09081994	44.3173941	-5.4701359	Ascensione-Armaia
12.09393632	44.29061664	-7.6654889	Ascensione-Armaia
12.17651962	44.26261397	-5.3078586	Ascensione-Armaia
12.03550127	44.29997266	-8.5642357	Ascensione-Armaia
12.02860766	44.32512928	-6.8108744	Ascensione-Armaia
11.8132654	44.36423935	-11.3597146	Ascensione-Armaia
12.03616056	44.27456485	-10.5724057	Ascensione-Armaia
12.13520025	44.34173717	-2.2482519	Ascensione-Armaia
12.14302668	44.22031341	-9.4224781	Ascensione-Armaia
12.11594557	44.35115886	-2.0000019	Ascensione-Armaia
12.1248575	44.31784535	-4.5497668	Ascensione-Armaia
12.01812904	44.35009603	-5.3554199	Ascensione-Armaia
11.98321886	44.42177515	-2.3051606	Ascensione-Armaia
12.12087796	44.28990848	-6.6411549	Ascensione-Armaia
12.02257582	44.38624648	-2.8604106	Ascensione-Armaia
11.94312066	44.38187912	-6.7206908	Ascensione-Armaia
11.85695839	44.38932045	-8.2674419	Ascensione-Armaia
12.17677964	44.30119515	-3.2656142	Ascensione-Armaia
11.89724354	44.40322736	-6.1861453	Ascensione-Armaia
11.84218853	44.39180747	-8.2638579	Ascensione-Armaia
12.0497258	44.37992343	-2.0000004	Ascensione-Armaia
11.87641271	44.34810725	-11.5608022	Ascensione-Armaia
11.96465974	44.3954993	-4.9324104	Ascensione-Armaia
11.86935765	44.34017169	-12.413997	Ascensione-Armaia
12.10476981	44.20128358	-12.5892534	Ascensione-Armaia
12.19010906	44.28612096	-3.306229	Ascensione-Armaia
12.00316565	44.30108654	-9.5138347	Ascensione-Armaia
11.83213541	44.356465	-11.7880893	Ascensione-Armaia
11.92295294	44.32670648	-11.1644738	Ascensione-Armaia
12.09809009	44.29457459	-7.2213895	Ascensione-Armaia
11.95942213	44.32410424	-9.7269262	Ascensione-Armaia
12.00032332	44.25413905	-13.3059663	Ascensione-Armaia
12.10807471	44.27021274	-8.5136386	Ascensione-Armaia
12.0159245	44.24801976	-13.3134409	Ascensione-Armaia
11.96994165	44.36026749	-6.8870492	Ascensione-Armaia
12.09244942	44.2554454	-10.1734648	Ascensione-Armaia
12.07461977	44.35301891	-3.141142	Ascensione-Armaia
12.03984859	44.33820577	-5.4341413	Ascensione-Armaia
11.92629461	44.36053388	-8.9259355	Ascensione-Armaia
12.1963811	44.27656856	-3.4505034	Ascensione-Armaia
11.9468828	44.35340664	-8.3628236	Ascensione-Armaia
12.02001783	44.32210648	-7.3464847	Ascensione-Armaia
12.0690607	44.23133913	-12.7811826	Ascensione-Armaia
12.17085256	44.25645818	-5.9516012	Ascensione-Armaia
12.05305124	44.36624809	-2.8852338	Ascensione-Armaia
12.18804776	44.26835789	-4.3530874	Ascensione-Armaia
11.92205802	44.44401577	-2.0000004	Ascensione-Armaia
12.08577054	44.28605206	-8.2646007	Ascensione-Armaia
12.18794175	44.2315272	-6.2022262	Ascensione-Armaia
12.10103349	44.23304807	-11.1037329	Ascensione-Armaia
12.13120834	44.19949337	-11.1577373	Ascensione-Armaia
11.98098936	44.28330007	-11.6345678	Ascensione-Armaia
12.1790763	44.31039325	-2.5975463	Ascensione-Armaia
12.0278893	44.32600195	-6.7713544	Ascensione-Armaia
11.96339926	44.32872835	-9.2498327	Ascensione-Armaia
11.87537668	44.34586445	-11.774101	Ascensione-Armaia
12.09935929	44.25900088	-9.6215983	Ascensione-Armaia
12.0994622	44.19444086	-13.2485981	Ascensione-Armaia
12.17753802	44.31900741	-2.1537002	Ascensione-Armaia
11.88408437	44.33419336	-12.3732187	Ascensione-Armaia
12.19505255	44.27009313	-3.8652458	Ascensione-Armaia
11.85209876	44.34747024	-12.1517426	Ascensione-Armaia
11.93021678	44.39113377	-6.4485781	Ascensione-Armaia
12.10570242	44.25215795	-9.7216265	Ascensione-Armaia
12.10220143	44.3295244	-4.1506801	Ascensione-Armaia
12.00064825	44.41487386	-2.0000004	Ascensione-Armaia
11.88979893	44.37717866	-8.6737362	Ascensione-Armaia
11.82613554	44.40882303	-6.8904116	Ascensione-Armaia
12.0069115	44.34147023	-6.4200432	Ascensione-Armaia
12.15288904	44.27106168	-6.2061441	Ascensione-Armaia
12.04780574	44.31674166	-6.8464568	Ascensione-Armaia
11.94808596	44.35086728	-8.4667974	Ascensione-Armaia
12.12178879	44.19945275	-11.7189604	Ascensione-Armaia
11.89605034	44.31017751	-13.4715288	Ascensione-Armaia
11.98049678	44.25983844	-13.4714736	Ascensione-Armaia
11.91632961	44.32758745	-11.4237075	Ascensione-Armaia
11.99227176	44.4215589	-2.0000004	Ascensione-Armaia
12.06411162	44.22392717	-13.4716406	Ascensione-Armaia
11.87631008	44.35372557	-11.0620034	Ascensione-Armaia
11.98534777	44.42481575	-2	Ascensione-Armaia
12.08093422	44.34989212	-3.1809755	Ascensione-Armaia
12.22218264	44.22928787	-4.268988	Ascensione-Armaia
12.09026024	44.33877634	-3.7798794	Ascensione-Armaia
12.15670954	44.27550187	-5.7569257	Ascensione-Armaia
11.92851817	44.40077261	-5.7179401	Ascensione-Armaia
11.98430448	44.41531416	-2.7635732	Ascensione-Armaia
12.12058213	44.34324489	-2.495979	Ascensione-Armaia
12.16191722	44.26979048	-5.7605673	Ascensione-Armaia
12.11717852	44.20671468	-11.6009548	Ascensione-Armaia
11.91667855	44.38490375	-7.3844491	Ascensione-Armaia
12.10700299	44.19233333	-12.9310337	Ascensione-Armaia
11.96007326	44.39974675	-4.7773645	Ascensione-Armaia
12.02669311	44.3965575	-2.0000795	Ascensione-Armaia
12.17734147	44.25355858	-5.7356633	Ascensione-Armaia
11.8856467	44.41577532	-5.2809257	Ascensione-Armaia
11.90149028	44.37770055	-8.3702833	Ascensione-Armaia
11.98658526	44.36789842	-5.6525161	Ascensione-Armaia
12.02726339	44.30372479	-8.5280166	Ascensione-Armaia
11.91621913	44.43850516	-2.6201674	Ascensione-Armaia
12.03827831	44.35682613	-4.1208877	Ascensione-Armaia
11.84284291	44.38016544	-9.3672085	Ascensione-Armaia
11.96603161	44.36886389	-6.491843	Ascensione-Armaia
12.16034232	44.31829387	-3.0432207	Ascensione-Armaia
11.9314899	44.36544326	-8.3738681	Ascensione-Armaia
12.06140914	44.22609267	-13.4715288	Ascensione-Armaia
11.86564648	44.41100658	-6.0546926	Ascensione-Armaia
12.14674504	44.22632405	-8.8967681	Ascensione-Armaia
11.91387977	44.42199233	-4.1460888	Ascensione-Armaia
12.11120398	44.32302217	-4.4608891	Ascensione-Armaia
11.96017101	44.39253417	-5.3267431	Ascensione-Armaia
12.06091042	44.35563294	-3.3801796	Ascensione-Armaia
12.06002329	44.32140945	-6.0976418	Ascensione-Armaia
12.04624089	44.26809019	-10.8124628	Ascensione-Armaia
12.20595282	44.28905851	-2.2536298	Ascensione-Armaia
12.05632689	44.35406674	-3.6618508	Ascensione-Armaia
12.13954636	44.26572346	-7.23747	Ascensione-Armaia
12.0791521	44.28129776	-8.839988	Ascensione-Armaia
11.98835614	44.28708435	-11.0875749	Ascensione-Armaia
12.10308317	44.23001662	-11.1808283	Ascensione-Armaia
12.08224351	44.35628444	-2.6390078	Ascensione-Armaia
11.88911711	44.32934685	-12.5739712	Ascensione-Armaia
11.93730471	44.3365604	-9.8844355	Ascensione-Armaia
12.12466073	44.25165869	-8.8183897	Ascensione-Armaia
12.02546063	44.30890109	-8.1816302	Ascensione-Armaia
12.01795261	44.35120986	-5.2908867	Ascensione-Armaia
11.95549303	44.36655781	-7.1427112	Ascensione-Armaia
12.06327073	44.35158303	-3.6205742	Ascensione-Armaia
12.06503748	44.3341151	-4.9292319	Ascensione-Armaia
12.12700762	44.33719857	-2.8461157	Ascensione-Armaia
12.06334833	44.25212918	-11.6329475	Ascensione-Armaia
12.01786212	44.31755723	-7.7607105	Ascensione-Armaia
11.9230619	44.40571999	-5.3964238	Ascensione-Armaia
12.02951089	44.29993431	-8.7518392	Ascensione-Armaia
11.8747668	44.39652232	-7.2783463	Ascensione-Armaia
11.95674314	44.42399546	-3.025268	Ascensione-Armaia
11.8641652	44.38575756	-8.4716614	Ascensione-Armaia
12.08388777	44.27382303	-9.2971917	Ascensione-Armaia
12.11981045	44.25708627	-8.729958	Ascensione-Armaia
11.93787613	44.28468964	-13.2201474	Ascensione-Armaia
11.99980271	44.35632927	-5.8112426	Ascensione-Armaia
11.95906766	44.38438356	-5.8821716	Ascensione-Armaia
12.03419589	44.36526627	-3.6490229	Ascensione-Armaia
11.97645008	44.27582329	-12.3530756	Ascensione-Armaia
12.1312384	44.230701	-9.5475733	Ascensione-Armaia
11.97056929	44.40060383	-4.3339511	Ascensione-Armaia
12.16349398	44.23141515	-7.6588987	Ascensione-Armaia
11.94175557	44.28889486	-12.7739736	Ascensione-Armaia
12.18888026	44.31229854	-2.0000004	Ascensione-Armaia
12.08025358	44.21351124	-13.305102	Ascensione-Armaia
12.14180354	44.24364818	-8.2703553	Ascensione-Armaia
12.01212264	44.39326281	-2.857455	Ascensione-Armaia
12.04827537	44.3809524	-1.999854	Ascensione-Armaia
12.05968843	44.25857232	-11.276112	Ascensione-Armaia
11.92004924	44.34760241	-10.0228977	Ascensione-Armaia
12.12148675	44.31253582	-5.0883444	Ascensione-Armaia
11.99867888	44.29684484	-9.9906496	Ascensione-Armaia
12.11855639	44.18575185	-12.5898388	Ascensione-Armaia
12.16946066	44.29397192	-4.0612905	Ascensione-Armaia
12.10292462	44.31473503	-5.3800744	Ascensione-Armaia
11.97422037	44.37723609	-5.580342	Ascensione-Armaia
11.94703384	44.32589557	-10.1602299	Ascensione-Armaia
11.88837811	44.35461818	-10.6632443	Ascensione-Armaia
12.04043848	44.23860461	-13.4715673	Ascensione-Armaia
12.21704924	44.27661169	-2.2396552	Ascensione-Armaia
11.94776498	44.41552155	-3.9788386	Ascensione-Armaia
12.05832133	44.29303667	-8.4155628	Ascensione-Armaia
11.84371811	44.40966979	-6.5305256	Ascensione-Armaia
12.15431295	44.26451694	-6.4680701	Ascensione-Armaia
12.19671154	44.20718527	-6.8770249	Ascensione-Armaia
12.18999013	44.24317538	-5.503184	Ascensione-Armaia
12.03534206	44.36224353	-3.8296206	Ascensione-Armaia
12.12046607	44.32278386	-4.2423764	Ascensione-Armaia
11.86241663	44.3436996	-12.2613608	Ascensione-Armaia
12.03424518	44.39126948	-1.999913	Ascensione-Armaia
11.90616045	44.33658004	-11.3705805	Ascensione-Armaia
12.08949918	44.21841492	-12.5538071	Ascensione-Armaia
12.16901132	44.26716949	-5.4953452	Ascensione-Armaia
12.12044191	44.24767156	-9.2664964	Ascensione-Armaia
12.06140174	44.34442403	-4.2409897	Ascensione-Armaia
12.11806965	44.20001226	-11.9018056	Ascensione-Armaia
11.93668551	44.37035228	-7.8218012	Ascensione-Armaia
12.09021322	44.32393593	-4.9664743	Ascensione-Armaia
12.03456117	44.30510669	-8.1838837	Ascensione-Armaia
12.21433968	44.22953407	-4.7251894	Ascensione-Armaia
11.92980361	44.36257594	-8.6355625	Ascensione-Armaia
12.01037362	44.32205636	-7.7044321	Ascensione-Armaia
11.97899381	44.35851776	-6.6047313	Ascensione-Armaia
12.1026449	44.35302137	-2.2607963	Ascensione-Armaia
12.15896709	44.24185549	-7.3903745	Ascensione-Armaia
12.12560511	44.32855032	-3.6187763	Ascensione-Armaia
12.15375846	44.19423211	-10.0793234	Ascensione-Armaia
12.09345293	44.25408099	-10.2090732	Ascensione-Armaia
12.086004	44.31953771	-5.4472983	Ascensione-Armaia
11.88666665	44.3217905	-13.2205893	Ascensione-Armaia
11.99212037	44.29848552	-10.108955	Ascensione-Armaia
11.82150259	44.34692886	-12.8720293	Ascensione-Armaia
12.11277594	44.1748865	-13.4714726	Ascensione-Armaia
11.95071459	44.35686967	-7.9655044	Ascensione-Armaia
11.88321933	44.36017669	-10.3348383	Ascensione-Armaia
11.91493204	44.38451598	-7.4669003	Ascensione-Armaia
12.06924403	44.31442034	-6.3719516	Ascensione-Armaia
12.17915475	44.18927982	-8.8060669	Ascensione-Armaia
11.96442725	44.36978479	-6.5108444	Ascensione-Armaia
12.1405168	44.30085373	-5.0686142	Ascensione-Armaia
12.13840964	44.34368014	-2.0000009	Ascensione-Armaia
11.98991785	44.28034855	-11.5636591	Ascensione-Armaia
11.98489157	44.26002493	-13.3144682	Ascensione-Armaia
12.09621792	44.22571643	-11.7834419	Ascensione-Armaia
12.10930807	44.30447976	-6.0887806	Ascensione-Armaia
11.84181885	44.35506246	-11.7003772	Ascensione-Armaia
12.08773187	44.21549773	-12.811916	Ascensione-Armaia
11.93942041	44.30782555	-11.6859655	Ascensione-Armaia
12.18125074	44.28467815	-3.8842878	Ascensione-Armaia
11.98167411	44.32909224	-8.3764815	Ascensione-Armaia
12.10639696	44.30909491	-5.7708138	Ascensione-Armaia
12.18111353	44.24731196	-5.8249946	Ascensione-Armaia
12.0594053	44.37097422	-2.3041879	Ascensione-Armaia
12.00543691	44.33195291	-7.1568092	Ascensione-Armaia
12.19023924	44.26505339	-4.401967	Ascensione-Armaia
12.23110494	44.2333202	-3.5379018	Ascensione-Armaia
12.19749995	44.28505594	-2.9426845	Ascensione-Armaia
11.91808805	44.39836032	-6.1624057	Ascensione-Armaia
12.06551137	44.32695648	-5.4858344	Ascensione-Armaia
11.86429059	44.35076691	-11.5899292	Ascensione-Armaia
11.94621364	44.42207633	-3.4280029	Ascensione-Armaia
12.1830412	44.30010765	-2.9747202	Ascensione-Armaia
12.10476244	44.34500709	-2.8357441	Ascensione-Armaia
12.00507758	44.37217825	-4.5578769	Ascensione-Armaia
12.0331003	44.24082694	-13.4715268	Ascensione-Armaia
11.86126883	44.33211802	-13.305062	Ascensione-Armaia
11.87632063	44.42840912	-4.2199199	Ascensione-Armaia
11.94806372	44.39938408	-5.211916	Ascensione-Armaia
11.96089501	44.42791349	-2.5843305	Ascensione-Armaia
12.0416548	44.30246049	-8.1761867	Ascensione-Armaia
11.84630256	44.375728	-9.736785	Ascensione-Armaia
12.09659588	44.33460275	-3.918142	Ascensione-Armaia
11.95799999	44.35335992	-7.867295	Ascensione-Armaia
12.18352772	44.26300163	-4.8902111	Ascensione-Armaia
12.11482518	44.27659078	-7.7966595	Ascensione-Armaia
12.04633488	44.30647379	-7.7118296	Ascensione-Armaia
11.92187549	44.35635745	-9.3955512	Ascensione-Armaia
12.01924824	44.29702224	-9.3112395	Ascensione-Armaia
11.95874212	44.29037458	-11.9300429	Ascensione-Armaia
12.12887895	44.25564554	-8.3702141	Ascensione-Armaia
11.9189278	44.29852721	-13.1996147	Ascensione-Armaia
12.14892924	44.30654092	-4.3142292	Ascensione-Armaia
11.97112676	44.30568157	-10.3490835	Ascensione-Armaia
12.06519818	44.35967997	-2.9249096	Ascensione-Armaia
12.10260794	44.26504623	-9.0944729	Ascensione-Armaia
11.90864578	44.34912105	-10.3979658	Ascensione-Armaia
12.14827371	44.2448277	-7.8415174	Ascensione-Armaia
12.11578479	44.33364486	-3.4380844	Ascensione-Armaia
11.83746591	44.41893004	-5.7435388	Ascensione-Armaia
11.81047036	44.35902897	-11.9023715	Ascensione-Armaia
12.04178424	44.37370885	-2.7599878	Ascensione-Armaia
12.06353184	44.27697585	-9.6104187	Ascensione-Armaia
11.94846228	44.28424524	-12.7581259	Ascensione-Armaia
12.00494759	44.40560366	-2.3584853	Ascensione-Armaia
12.03751018	44.34573465	-4.9657973	Ascensione-Armaia
11.98168691	44.39703177	-4.0104419	Ascensione-Armaia
11.87809253	44.44360255	-2.7375835	Ascensione-Armaia
12.13354678	44.25244551	-8.2782037	Ascensione-Armaia
12.07696958	44.30979393	-6.5034719	Ascensione-Armaia
11.98595583	44.26868194	-12.6037885	Ascensione-Armaia
11.95288007	44.29874305	-11.6340798	Ascensione-Armaia
12.09882153	44.21761308	-12.0719799	Ascensione-Armaia
11.95517651	44.27120663	-13.4715288	Ascensione-Armaia
11.97550558	44.38775858	-4.8764978	Ascensione-Armaia
12.01987257	44.2508774	-12.9640371	Ascensione-Armaia
11.96997545	44.42824977	-2.2574375	Ascensione-Armaia
12.12677244	44.26196668	-8.0929137	Ascensione-Armaia
11.81685131	44.38131547	-9.6694565	Ascensione-Armaia
12.00661172	44.41011352	-1.9999609	Ascensione-Armaia
12.19492945	44.19914078	-7.3790716	Ascensione-Armaia
12.16531138	44.18140553	-10.0200446	Ascensione-Armaia
12.01238104	44.37662361	-3.9429907	Ascensione-Armaia
11.88244158	44.35254526	-11.0230744	Ascensione-Armaia
12.14561203	44.15249364	-12.6183339	Ascensione-Armaia
12.00195155	44.25143624	-13.4715288	Ascensione-Armaia
12.17534875	44.19589664	-8.7079316	Ascensione-Armaia
11.85941117	44.33076247	-13.4715288	Ascensione-Armaia
11.84995255	44.37053008	-10.14226	Ascensione-Armaia
11.97684686	44.38162271	-5.184905	Ascensione-Armaia
11.91771233	44.32383529	-11.5851147	Ascensione-Armaia
12.01787944	44.24640301	-13.3887104	Ascensione-Armaia
11.88740265	44.44976423	-2	Ascensione-Armaia
12.18060438	44.25810983	-5.3120422	Ascensione-Armaia
11.94214802	44.35878514	-8.2658657	Ascensione-Armaia
11.89290165	44.41649034	-5.0972949	Ascensione-Armaia
11.91381438	44.34746359	-10.3347829	Ascensione-Armaia
12.05365161	44.27546797	-9.9934389	Ascensione-Armaia
11.8348492	44.37645063	-9.8493711	Ascensione-Armaia
12.04042526	44.27840959	-10.1342219	Ascensione-Armaia
12.18635814	44.21399808	-7.1601648	Ascensione-Armaia
12.01401154	44.34620733	-5.7927743	Ascensione-Armaia
12.0808629	44.21024509	-13.4715288	Ascensione-Armaia
11.99156989	44.41887561	-2.1981142	Ascensione-Armaia
12.08926968	44.24224162	-11.1285664	Ascensione-Armaia
12.19211669	44.23702382	-5.6819641	Ascensione-Armaia
12.1563929	44.21226136	-9.029767	Ascensione-Armaia
11.82619656	44.38215287	-9.441146	Ascensione-Armaia
11.93299938	44.30477747	-12.1694213	Ascensione-Armaia
12.09165764	44.30962369	-6.1057829	Ascensione-Armaia
12.17843719	44.27218216	-4.6981594	Ascensione-Armaia
12.07650802	44.34576434	-3.6469602	Ascensione-Armaia
11.98654869	44.34845418	-6.9256275	Ascensione-Armaia
11.9140811	44.29763344	-13.4715131	Ascensione-Armaia
11.86477201	44.33583404	-12.9015366	Ascensione-Armaia
11.97176221	44.27138848	-12.8513696	Ascensione-Armaia
12.15250985	44.22883411	-8.4385266	Ascensione-Armaia
11.90191262	44.31552987	-12.8601128	Ascensione-Armaia
11.95119372	44.28833094	-12.3704301	Ascensione-Armaia
12.08594283	44.22022796	-12.6196215	Ascensione-Armaia
12.06758269	44.23225282	-12.7942475	Ascensione-Armaia
12.10968715	44.30139457	-6.3412635	Ascensione-Armaia
12.17037679	44.17592487	-9.987052	Ascensione-Armaia
12.03317308	44.33409505	-5.9815691	Ascensione-Armaia
11.99149523	44.4220989	-2.0000004	Ascensione-Armaia
12.04418668	44.23948653	-13.299456	Ascensione-Armaia
12.07158335	44.30034119	-7.4236093	Ascensione-Armaia
12.03926033	44.29007085	-9.2391593	Ascensione-Armaia
12.20004401	44.22757253	-5.6752531	Ascensione-Armaia
12.11763741	44.33842019	-2.9835937	Ascensione-Armaia
12.06019668	44.23121766	-13.1773154	Ascensione-Armaia
12.11709058	44.34346682	-2.5787168	Ascensione-Armaia
11.96539287	44.33320287	-8.8723193	Ascensione-Armaia
12.04413766	44.25280395	-12.1677544	Ascensione-Armaia
12.17363226	44.18316798	-9.4364406	Ascensione-Armaia
11.92321281	44.29347665	-13.3448286	Ascensione-Armaia
12.09017954	44.27842586	-8.7194706	Ascensione-Armaia
11.93971056	44.34542995	-9.1982998	Ascensione-Armaia
12.07753534	44.24134493	-11.7579897	Ascensione-Armaia
11.9707869	44.42013632	-2.8518505	Ascensione-Armaia
12.15287875	44.3112503	-3.8354406	Ascensione-Armaia
12.16340708	44.28312779	-4.9776667	Ascensione-Armaia
11.96639741	44.43310533	-2.0000004	Ascensione-Armaia
12.04716354	44.35328326	-4.0559316	Ascensione-Armaia
12.02662704	44.39006956	-2.4302016	Ascensione-Armaia
11.92852649	44.33679392	-10.2686525	Ascensione-Armaia
12.106097	44.22283899	-11.3855732	Ascensione-Armaia
11.94946015	44.38864156	-5.9878125	Ascensione-Armaia
11.97812488	44.40365974	-3.7795898	Ascensione-Armaia
11.95466383	44.30504797	-11.1525874	Ascensione-Armaia
11.88536691	44.43691893	-3.2618671	Ascensione-Armaia
12.07387089	44.30011753	-7.3736883	Ascensione-Armaia
12.01785159	44.32697248	-7.0682096	Ascensione-Armaia
11.94744351	44.33905886	-9.2742157	Ascensione-Armaia
12.00005585	44.41149533	-2.2348149	Ascensione-Armaia
11.88006917	44.42147449	-4.8240798	Ascensione-Armaia
11.99190504	44.33393605	-7.594377	Ascensione-Armaia
12.07254841	44.26156578	-10.605663	Ascensione-Armaia
11.93807223	44.41232511	-4.4771333	Ascensione-Armaia
11.853265	44.34103891	-12.699665	Ascensione-Armaia
12.07376497	44.24244474	-11.843894	Ascensione-Armaia
12.15186036	44.2389393	-7.9462535	Ascensione-Armaia
12.18614115	44.31018362	-2.2628408	Ascensione-Armaia
12.02293516	44.26617124	-11.6495376	Ascensione-Armaia
11.98314927	44.2639525	-13.064186	Ascensione-Armaia
12.1128543	44.19435987	-12.4931469	Ascensione-Armaia
12.15038123	44.31416276	-3.7516499	Ascensione-Armaia
11.82523923	44.35766025	-11.7990402	Ascensione-Armaia
12.1409631	44.19770407	-10.6672849	Ascensione-Armaia
11.8672869	44.33338414	-13.0040546	Ascensione-Armaia
11.90588312	44.3747037	-8.5316018	Ascensione-Armaia
12.01056441	44.31047935	-8.5493483	Ascensione-Armaia
12.15679884	44.22573263	-8.338017	Ascensione-Armaia
12.06886959	44.34342576	-4.077406	Ascensione-Armaia
12.00104848	44.32541869	-7.7988389	Ascensione-Armaia
11.91991477	44.34007777	-10.4880354	Ascensione-Armaia
12.1239925	44.16488154	-13.3004838	Ascensione-Armaia
12.00636474	44.39791243	-2.8037006	Ascensione-Armaia
12.00038207	44.4050084	-2.6142563	Ascensione-Armaia
12.01408515	44.27066532	-11.5632705	Ascensione-Armaia
11.85869745	44.37106951	-9.9019006	Ascensione-Armaia
11.94096798	44.27843642	-13.4715288	Ascensione-Armaia
11.84311304	44.34314111	-12.7351801	Ascensione-Armaia
12.11952097	44.27975313	-7.377279	Ascensione-Armaia
11.95436864	44.32137951	-10.1343537	Ascensione-Armaia
12.12297676	44.2488225	-9.0675373	Ascensione-Armaia
11.7658247	44.35155338	-13.324997	Ascensione-Armaia
12.09769377	44.32504002	-4.647717	Ascensione-Armaia
11.80071961	44.37702709	-10.3354548	Ascensione-Armaia
12.17125084	44.32668735	-2.000229	Ascensione-Armaia
11.96497958	44.43176758	-2.1505644	Ascensione-Armaia
11.96330435	44.43386725	-2.0000009	Ascensione-Armaia
11.7997903	44.34439164	-13.4715288	Ascensione-Armaia
12.1387914	44.17627178	-11.8563916	Ascensione-Armaia
12.18739579	44.25245089	-5.1973691	Ascensione-Armaia
11.95610814	44.37603016	-6.5354091	Ascensione-Armaia
12.04797481	44.25677524	-11.7308364	Ascensione-Armaia
11.8794138	44.3219183	-13.4715288	Ascensione-Armaia
12.12308886	44.21022734	-11.0816833	Ascensione-Armaia
11.99809431	44.33993351	-6.9273805	Ascensione-Armaia
11.83184947	44.3652963	-10.9638689	Ascensione-Armaia
11.85394275	44.42847772	-4.568435	Ascensione-Armaia
11.987255	44.31660274	-8.9537215	Ascensione-Armaia
11.85709463	44.3553642	-11.3379797	Ascensione-Armaia
11.82915771	44.35624025	-11.8726816	Ascensione-Armaia
11.96533833	44.30270782	-10.8038007	Ascensione-Armaia
12.17174329	44.29488312	-3.8892402	Ascensione-Armaia
11.86174141	44.44344101	-3.012497	Ascensione-Armaia
11.95166546	44.32195655	-10.216517	Ascensione-Armaia
11.94898385	44.37117021	-7.1783064	Ascensione-Armaia
11.84981818	44.38516373	-8.7783974	Ascensione-Armaia
11.90497029	44.43820717	-2.8273437	Ascensione-Armaia
11.82453908	44.35187093	-12.3638217	Ascensione-Armaia
12.21340929	44.26924441	-2.8209257	Ascensione-Armaia
11.86219428	44.32953211	-13.4715288	Ascensione-Armaia
12.00882014	44.28045431	-10.9440356	Ascensione-Armaia
12.18174943	44.18668014	-8.7789566	Ascensione-Armaia
12.20313645	44.25483168	-4.145082	Ascensione-Armaia
12.00972502	44.34215905	-6.2480203	Ascensione-Armaia
12.21693119	44.22302661	-4.8905117	Ascensione-Armaia
11.95844111	44.34074728	-8.6797008	Ascensione-Armaia
12.18665064	44.20521995	-7.574474	Ascensione-Armaia
11.99183237	44.37767819	-4.7769174	Ascensione-Armaia
11.91386298	44.32174592	-11.8993608	Ascensione-Armaia
12.14618074	44.25844293	-7.2474379	Ascensione-Armaia
11.97484441	44.28407444	-11.8032602	Ascensione-Armaia
11.89890757	44.42216198	-4.4591933	Ascensione-Armaia
12.15409237	44.23257747	-8.1528869	Ascensione-Armaia
11.96207236	44.36576314	-6.8710463	Ascensione-Armaia
12.14375615	44.30161049	-4.8663515	Ascensione-Armaia
12.06690071	44.33765625	-4.5922065	Ascensione-Armaia
12.10241688	44.34000482	-3.3075019	Ascensione-Armaia
12.00193241	44.40339668	-2.6373481	Ascensione-Armaia
12.07288275	44.23567123	-12.3315454	Ascensione-Armaia
12.16723007	44.24993656	-6.4985094	Ascensione-Armaia
12.14532962	44.17951862	-11.3062067	Ascensione-Armaia
11.87104435	44.36888075	-9.8259577	Ascensione-Armaia
12.14144444	44.33523695	-2.6409609	Ascensione-Armaia
11.81412254	44.34201483	-13.4715288	Ascensione-Armaia
11.86631358	44.33855554	-12.6344658	Ascensione-Armaia
11.93166669	44.32561187	-10.8541381	Ascensione-Armaia
12.1287582	44.20596908	-10.982351	Ascensione-Armaia
12.02276865	44.34534827	-5.5348872	Ascensione-Armaia
11.82940118	44.37163527	-10.3963972	Ascensione-Armaia
12.12312852	44.34662215	-2.143394	Ascensione-Armaia
11.93109382	44.39978152	-5.7497558	Ascensione-Armaia
11.96764488	44.36582588	-6.6213081	Ascensione-Armaia
11.88225364	44.39686187	-7.0834163	Ascensione-Armaia
12.00895575	44.38794377	-3.3474428	Ascensione-Armaia
11.91521299	44.410297	-5.1604956	Ascensione-Armaia
12.06490316	44.28291005	-9.0698857	Ascensione-Armaia
12.18685401	44.26026078	-4.8427597	Ascensione-Armaia
12.13302751	44.30990622	-4.7757963	Ascensione-Armaia
12.09288856	44.32889466	-4.4881262	Ascensione-Armaia
11.98208427	44.38466215	-4.745227	Ascensione-Armaia
12.11914576	44.17127974	-13.2721962	Ascensione-Armaia
12.01357129	44.35285941	-5.3903906	Ascensione-Armaia
11.91153205	44.38883949	-7.1559143	Ascensione-Armaia
12.10857949	44.26779257	-8.6376126	Ascensione-Armaia
12.19618656	44.26830285	-3.8899773	Ascensione-Armaia
12.06473333	44.26429117	-10.6592526	Ascensione-Armaia
12.13809023	44.20897954	-10.2789687	Ascensione-Armaia
12.06082275	44.33765613	-4.7890232	Ascensione-Armaia
11.86846531	44.35657681	-10.9800561	Ascensione-Armaia
12.12166568	44.30496013	-5.5920222	Ascensione-Armaia
12.05383319	44.34371604	-4.5412128	Ascensione-Armaia
12.0748685	44.30360406	-7.0620603	Ascensione-Armaia
12.13077388	44.15316555	-13.4715288	Ascensione-Armaia
11.98657377	44.28812187	-11.0748955	Ascensione-Armaia
11.92270712	44.29187386	-13.4715288	Ascensione-Armaia
11.85601756	44.40060215	-7.2030212	Ascensione-Armaia
12.21742967	44.22040322	-4.989768	Ascensione-Armaia
11.85591022	44.37751289	-9.3884649	Ascensione-Armaia
12.12063158	44.28207541	-7.1800965	Ascensione-Armaia
12.12524988	44.20344276	-11.3143986	Ascensione-Armaia
12.04271305	44.28470335	-9.5613505	Ascensione-Armaia
11.87833469	44.38527191	-8.2035791	Ascensione-Armaia
11.84678272	44.41771011	-5.7125069	Ascensione-Armaia
12.08813174	44.25932431	-10.0951594	Ascensione-Armaia
12.21345612	44.24681392	-3.9281057	Ascensione-Armaia
11.90028179	44.36536316	-9.4369451	Ascensione-Armaia
11.94224126	44.3447057	-9.130107	Ascensione-Armaia
11.9368569	44.38556607	-6.6503382	Ascensione-Armaia
11.94175184	44.27789605	-13.4715288	Ascensione-Armaia
11.82244209	44.40426741	-7.3848971	Ascensione-Armaia
12.00574434	44.40763074	-2.1935815	Ascensione-Armaia
11.99550599	44.37078129	-5.0704108	Ascensione-Armaia
12.05620874	44.24082042	-12.6989995	Ascensione-Armaia
11.94161455	44.40845373	-4.7352424	Ascensione-Armaia
11.97330935	44.37207025	-5.960591	Ascensione-Armaia
12.15078229	44.31054384	-3.978852	Ascensione-Armaia
11.96592787	44.26586844	-13.4715288	Ascensione-Armaia
12.14460115	44.33435114	-2.6345161	Ascensione-Armaia
12.02418258	44.39340976	-2.3182959	Ascensione-Armaia
12.05404422	44.28201483	-9.4270628	Ascensione-Armaia
11.97662461	44.27824774	-12.1664624	Ascensione-Armaia
12.01881809	44.33424964	-6.4969775	Ascensione-Armaia
12.12669977	44.34417086	-2.2601254	Ascensione-Armaia
11.9883865	44.32464636	-8.3449549	Ascensione-Armaia
11.99917729	44.26754068	-12.271353	Ascensione-Armaia
12.14612227	44.17232385	-11.6126665	Ascensione-Armaia
12.07541086	44.32346804	-5.4596047	Ascensione-Armaia
11.90469363	44.33083595	-11.7920224	Ascensione-Armaia
12.05380864	44.31038257	-7.1695781	Ascensione-Armaia
12.01573468	44.38043047	-3.5454516	Ascensione-Armaia
11.9114945	44.43404549	-3.1220629	Ascensione-Armaia
12.03426956	44.36719449	-3.5211953	Ascensione-Armaia
12.09800391	44.1917625	-13.4715288	Ascensione-Armaia
12.01998653	44.24917834	-13.0986313	Ascensione-Armaia
12.01268761	44.34623748	-5.8501324	Ascensione-Armaia
12.20912432	44.21255618	-5.8716412	Ascensione-Armaia
12.05003222	44.28082372	-9.6454401	Ascensione-Armaia
11.93818257	44.37850748	-7.1462801	Ascensione-Armaia
11.96754682	44.26740016	-13.2994941	Ascensione-Armaia
11.97949343	44.31359091	-9.4600964	Ascensione-Armaia
12.07666148	44.23924481	-11.9300522	Ascensione-Armaia
11.96461713	44.29399513	-11.448104	Ascensione-Armaia
12.12527403	44.21789401	-10.5563591	Ascensione-Armaia
12.17618104	44.18141442	-9.3704572	Ascensione-Armaia
11.96630372	44.39116427	-5.1166926	Ascensione-Armaia
11.83485368	44.39347326	-8.2208399	Ascensione-Armaia
11.90936553	44.37925672	-8.058401	Ascensione-Armaia
12.09809438	44.31171928	-5.7614301	Ascensione-Armaia
12.01682258	44.36070723	-4.7430063	Ascensione-Armaia
11.9424663	44.41051954	-4.5416606	Ascensione-Armaia
11.95473387	44.43597822	-2.0000014	Ascensione-Armaia
11.86078761	44.3861488	-8.510097	Ascensione-Armaia
12.21702476	44.28147595	-1.9999736	Ascensione-Armaia
12.09751355	44.2076365	-12.6684658	Ascensione-Armaia
11.98464797	44.38934457	-4.3347011	Ascensione-Armaia
11.89786555	44.4184402	-4.8151193	Ascensione-Armaia
12.10807727	44.2347384	-10.650248	Ascensione-Armaia
12.21433072	44.23863248	-4.2781621	Ascensione-Armaia
11.8945777	44.35867164	-10.142769	Ascensione-Armaia
12.09322606	44.1969424	-13.4715288	Ascensione-Armaia
12.17947113	44.22551724	-7.0027689	Ascensione-Armaia
12.15590103	44.29328612	-4.7701977	Ascensione-Armaia
11.94115332	44.36836489	-7.730387	Ascensione-Armaia
12.06559837	44.29809947	-7.7873224	Ascensione-Armaia
12.14140185	44.21688983	-9.6905407	Ascensione-Armaia
12.1318556	44.20437405	-10.8775285	Ascensione-Armaia
12.22302493	44.23966695	-3.7081735	Ascensione-Armaia
12.00040034	44.36752098	-5.0704372	Ascensione-Armaia
11.98627004	44.35260793	-6.6750078	Ascensione-Armaia
12.17314181	44.29744643	-3.6705498	Ascensione-Armaia
11.93660099	44.32018666	-10.9950446	Ascensione-Armaia
11.80510753	44.3549949	-12.3732197	Ascensione-Armaia
11.91840625	44.43702017	-2.7055537	Ascensione-Armaia
11.92158754	44.32813808	-11.1342048	Ascensione-Armaia
12.05491434	44.24963291	-12.159476	Ascensione-Armaia
12.08659549	44.36265358	-2.0000083	Ascensione-Armaia
12.12623327	44.17086979	-12.8716684	Ascensione-Armaia
12.19628429	44.232305	-5.6670197	Ascensione-Armaia
11.90420134	44.33964918	-11.2740136	Ascensione-Armaia
12.11151045	44.20230695	-12.1531782	Ascensione-Armaia
12.04245744	44.38269906	-2.1602338	Ascensione-Armaia
12.14301907	44.30930324	-4.3922212	Ascensione-Armaia
11.8843064	44.3195576	-13.4715288	Ascensione-Armaia
12.06128399	44.32959138	-5.4052756	Ascensione-Armaia
11.93643434	44.41742657	-4.0579011	Ascensione-Armaia
12.01012291	44.33770419	-6.5615033	Ascensione-Armaia
12.07892481	44.36582635	-2.0000058	Ascensione-Armaia
11.7930091	44.36788397	-11.3322678	Ascensione-Armaia
11.98154265	44.28064047	-11.8117141	Ascensione-Armaia
11.99382105	44.2922519	-10.5068664	Ascensione-Armaia
11.9195745	44.36089912	-9.1255671	Ascensione-Armaia
12.03136211	44.28849996	-9.6077415	Ascensione-Armaia
12.1074006	44.3179685	-4.9893212	Ascensione-Armaia
11.87193744	44.37585184	-9.1844928	Ascensione-Armaia
11.88046032	44.40144857	-6.7137417	Ascensione-Armaia
12.13750533	44.21343178	-10.0935915	Ascensione-Armaia
12.12981314	44.34628234	-2.0000004	Ascensione-Armaia
11.92474865	44.32192355	-11.4012409	Ascensione-Armaia
12.08117047	44.34045989	-3.925302	Ascensione-Armaia
12.17406438	44.23909068	-6.6510201	Ascensione-Armaia
11.98621269	44.33875953	-7.5541703	Ascensione-Armaia
11.97294288	44.30963864	-10.0119343	Ascensione-Armaia
11.77041549	44.35567736	-12.8578471	Ascensione-Armaia
12.16402398	44.2888396	-4.6384516	Ascensione-Armaia
11.97449458	44.26596946	-13.1865395	Ascensione-Armaia
12.1027818	44.18658238	-13.4715805	Ascensione-Armaia
11.98504752	44.41474253	-2.7672241	Ascensione-Armaia
11.93430818	44.2967808	-12.621747	Ascensione-Armaia
12.14714593	44.21290585	-9.5467474	Ascensione-Armaia
12.14607869	44.27189386	-6.5438067	Ascensione-Armaia
12.18714152	44.22058986	-6.7891324	Ascensione-Armaia
11.95693141	44.36205938	-7.3467197	Ascensione-Armaia
11.89696315	44.37279389	-8.9074509	Ascensione-Armaia
11.76389144	44.35034149	-13.4715288	Ascensione-Armaia
12.1602379	44.23761469	-7.5405828	Ascensione-Armaia
11.91873864	44.44456657	-2.0000004	Ascensione-Armaia
11.95994166	44.42575256	-2.7886674	Ascensione-Armaia
12.05655536	44.35152193	-3.8426181	Ascensione-Armaia
11.9185316	44.3065415	-12.6886875	Ascensione-Armaia
11.93650899	44.36392721	-8.2268854	Ascensione-Armaia
12.11990497	44.16634523	-13.4717768	Ascensione-Armaia
12.1306027	44.2823506	-6.6750788	Ascensione-Armaia
11.92382769	44.44098407	-2.2325122	Ascensione-Armaia
11.9290213	44.44231013	-2.0001264	Ascensione-Armaia
12.12777646	44.23715782	-9.4059694	Ascensione-Armaia
11.95869442	44.32970966	-9.3965262	Ascensione-Armaia
12.09315149	44.359953	-1.9990835	Ascensione-Armaia
11.91299072	44.43238512	-3.2382202	Ascensione-Armaia
12.21001941	44.28440643	-2.266853	Ascensione-Armaia
12.03521866	44.31642307	-7.2778107	Ascensione-Armaia
12.09614946	44.20136251	-13.0742827	Ascensione-Armaia
12.04222435	44.33356372	-5.7107705	Ascensione-Armaia
11.93269173	44.34767578	-9.4031871	Ascensione-Armaia
12.138224	44.29741634	-5.3912778	Ascensione-Armaia
11.94932194	44.38228866	-6.4792917	Ascensione-Armaia
11.83832145	44.4002527	-7.5172001	Ascensione-Armaia
12.13473878	44.33068126	-3.2018818	Ascensione-Armaia
11.80839947	44.36879754	-11.0008933	Ascensione-Armaia
11.93126352	44.37143188	-7.9227368	Ascensione-Armaia
12.15441635	44.27762916	-5.7760964	Ascensione-Armaia
12.20325247	44.22023423	-5.8446428	Ascensione-Armaia
11.99775746	44.39881815	-3.1221084	Ascensione-Armaia
12.22666765	44.25387207	-2.7919135	Ascensione-Armaia
12.2067106	44.27870245	-2.7503364	Ascensione-Armaia
11.87193955	44.39926845	-7.0779442	Ascensione-Armaia
11.97080411	44.34318237	-7.9760057	Ascensione-Armaia
12.00021493	44.38485109	-3.9354748	Ascensione-Armaia
11.9630059	44.26730241	-13.4711987	Ascensione-Armaia
11.95222534	44.28226089	-12.766208	Ascensione-Armaia
12.14602032	44.30604949	-4.4842448	Ascensione-Armaia
12.21619084	44.25457341	-3.3829575	Ascensione-Armaia
12.09807873	44.24322046	-10.6359101	Ascensione-Armaia
12.07468996	44.33540877	-4.5282158	Ascensione-Armaia
11.89997568	44.30705811	-13.471038	Ascensione-Armaia
11.90059641	44.38759518	-7.50723	Ascensione-Armaia
11.87961349	44.36596081	-9.8981587	Ascensione-Armaia
12.19922095	44.29361259	-2.3970786	Ascensione-Armaia
12.14421263	44.27509316	-6.4427526	Ascensione-Armaia
11.85853449	44.38154809	-8.9708072	Ascensione-Armaia
11.77474365	44.35029465	-13.3040488	Ascensione-Armaia
11.99000905	44.26258282	-12.949497	Ascensione-Armaia
11.85022305	44.42413708	-5.0428674	Ascensione-Armaia
12.18995779	44.29393572	-2.905623	Ascensione-Armaia
11.86855154	44.39021486	-7.9775832	Ascensione-Armaia
12.15524546	44.33497141	-2.140705	Ascensione-Armaia
12.06955396	44.33624342	-4.6194126	Ascensione-Armaia
12.12363005	44.178134	-12.6661538	Ascensione-Armaia
11.8473075	44.35840358	-11.2818581	Ascensione-Armaia
12.18819575	44.19277513	-8.0942494	Ascensione-Armaia
12.07795508	44.30397576	-6.9399635	Ascensione-Armaia
11.86353922	44.39437179	-7.679751	Ascensione-Armaia
12.01203576	44.27811449	-11.0316469	Ascensione-Armaia
12.01726992	44.37824361	-3.6131416	Ascensione-Armaia
12.022972	44.31980494	-7.4095532	Ascensione-Armaia
11.91217349	44.3598163	-9.4591822	Ascensione-Armaia
11.93280002	44.33746203	-10.0229443	Ascensione-Armaia
12.0072859	44.2969088	-9.7072177	Ascensione-Armaia
12.08501101	44.23158731	-11.9806777	Ascensione-Armaia
12.03790183	44.3259001	-6.4499215	Ascensione-Armaia
12.14675493	44.34115366	-2.0000083	Ascensione-Armaia
12.18946574	44.19970693	-7.6775106	Ascensione-Armaia
11.9839131	44.31776844	-8.9904968	Ascensione-Armaia
12.17147083	44.24431098	-6.5464079	Ascensione-Armaia
12.13898527	44.30500194	-4.8537688	Ascensione-Armaia
11.98823523	44.36272957	-5.9209274	Ascensione-Armaia
12.03121116	44.38661223	-2.4356626	Ascensione-Armaia
11.8353612	44.36210809	-11.213042	Ascensione-Armaia
12.09908705	44.35765799	-2.0000341	Ascensione-Armaia
11.8717754	44.36096151	-10.5162658	Ascensione-Armaia
11.97078941	44.37335789	-5.9863604	Ascensione-Armaia
12.02801598	44.34927977	-5.0529455	Ascensione-Armaia
12.023157	44.29329005	-9.4777408	Ascensione-Armaia
12.00343825	44.34516153	-6.348305	Ascensione-Armaia
11.99232826	44.34489946	-6.881559	Ascensione-Armaia
12.08077752	44.31542486	-5.9366162	Ascensione-Armaia
12.12333654	44.24331381	-9.3355611	Ascensione-Armaia
11.93129108	44.43507484	-2.5958579	Ascensione-Armaia
11.98993667	44.35542997	-6.3269132	Ascensione-Armaia
11.95748047	44.31763827	-10.2256369	Ascensione-Armaia
12.1378662	44.1806479	-11.6962124	Ascensione-Armaia
11.9914659	44.3886211	-4.0711489	Ascensione-Armaia
11.84233842	44.36529453	-10.7765105	Ascensione-Armaia
12.24397185	44.24546953	-2.1720717	Ascensione-Armaia
12.06142011	44.37410052	-2.0000087	Ascensione-Armaia
11.9494	44.31712151	-10.6340954	Ascensione-Armaia
11.97902004	44.36613185	-6.1014074	Ascensione-Armaia
12.21113533	44.28828726	-2.0000009	Ascensione-Armaia
11.90302168	44.33725928	-11.4819355	Ascensione-Armaia
12.14694144	44.28487358	-5.7186119	Ascensione-Armaia
11.94658062	44.28414653	-12.8494609	Ascensione-Armaia
11.95988659	44.28504492	-12.2803432	Ascensione-Armaia
12.0421012	44.31988462	-6.784395	Ascensione-Armaia
12.2205165	44.24651251	-3.5212002	Ascensione-Armaia
11.99467624	44.32794013	-7.8469387	Ascensione-Armaia
12.01738068	44.39822469	-2.2991035	Ascensione-Armaia
12.20615423	44.24032267	-4.6833405	Ascensione-Armaia
12.12943674	44.27193395	-7.3606989	Ascensione-Armaia
12.15653902	44.25876062	-6.6431684	Ascensione-Armaia
11.98887639	44.40386964	-3.2437329	Ascensione-Armaia
11.88133785	44.44763459	-2.3001186	Ascensione-Armaia
11.81844327	44.39993427	-7.8629147	Ascensione-Armaia
12.17969458	44.21990442	-7.2675757	Ascensione-Armaia
12.13994967	44.3249886	-3.4639658	Ascensione-Armaia
12.14833265	44.15746361	-12.2114531	Ascensione-Armaia
12.0707898	44.21847263	-13.4715288	Ascensione-Armaia
12.0616862	44.35944825	-3.0690083	Ascensione-Armaia
11.9893008	44.42002851	-2.2330151	Ascensione-Armaia
12.15432469	44.18413833	-10.541749	Ascensione-Armaia
12.10928347	44.33355689	-3.6131836	Ascensione-Armaia
11.97738796	44.27353472	-12.501601	Ascensione-Armaia
11.87158091	44.39634916	-7.3629454	Ascensione-Armaia
12.10119951	44.30512571	-6.2427728	Ascensione-Armaia
11.90454154	44.37469836	-8.5710351	Ascensione-Armaia
12.15057915	44.3399911	-2.0000004	Ascensione-Armaia
11.9938088	44.40856904	-2.7171899	Ascensione-Armaia
11.93754797	44.39265083	-6.0840434	Ascensione-Armaia
12.07043136	44.25435314	-11.1821528	Ascensione-Armaia
11.97775583	44.40786127	-3.5414868	Ascensione-Armaia
12.08501534	44.31213174	-6.0689806	Ascensione-Armaia
11.98173813	44.41031447	-3.1984995	Ascensione-Armaia
11.8616939	44.36327542	-10.5313281	Ascensione-Armaia
12.12464447	44.19027484	-12.0042026	Ascensione-Armaia
11.90401032	44.43000119	-3.6279707	Ascensione-Armaia
12.09530435	44.2647147	-9.4269127	Ascensione-Armaia
11.88017167	44.40985174	-5.934656	Ascensione-Armaia
12.05083029	44.34900882	-4.2358449	Ascensione-Armaia
11.99308209	44.32917334	-7.8403742	Ascensione-Armaia
12.12338653	44.28245453	-7.0243897	Ascensione-Armaia
11.97105963	44.26374473	-13.4715288	Ascensione-Armaia
11.96584091	44.39788735	-4.7244882	Ascensione-Armaia
11.90469473	44.42762618	-3.8444226	Ascensione-Armaia
12.07792734	44.23471086	-12.1411001	Ascensione-Armaia
12.13553523	44.2576895	-7.8908092	Ascensione-Armaia
11.96736815	44.43276005	-2.0000004	Ascensione-Armaia
11.98049302	44.35241684	-6.9413455	Ascensione-Armaia
11.80103953	44.37260342	-10.7535388	Ascensione-Armaia
12.11586529	44.30722842	-5.6852302	Ascensione-Armaia
12.10050412	44.28838686	-7.60895	Ascensione-Armaia
11.97991821	44.29091011	-11.1140642	Ascensione-Armaia
12.06985655	44.26742658	-10.2603608	Ascensione-Armaia
11.85844082	44.3311078	-13.4715288	Ascensione-Armaia
11.92679704	44.28886468	-13.4715234	Ascensione-Armaia
12.03722473	44.26548185	-11.2668317	Ascensione-Armaia
12.10700874	44.33465505	-3.5928515	Ascensione-Armaia
12.03067834	44.39389242	-2.0000004	Ascensione-Armaia
12.14083355	44.16123734	-12.4737636	Ascensione-Armaia
11.97294598	44.29910017	-10.7668974	Ascensione-Armaia
12.11496576	44.26325682	-8.5963237	Ascensione-Armaia
11.79126898	44.37679312	-10.5076396	Ascensione-Armaia
12.17385315	44.24980593	-6.1299648	Ascensione-Armaia
12.04037729	44.24235529	-13.153977	Ascensione-Armaia
11.92063385	44.38990232	-6.8610605	Ascensione-Armaia
11.88353	44.32009793	-13.4715288	Ascensione-Armaia
12.12820898	44.29384016	-6.0645495	Ascensione-Armaia
12.01900598	44.40167636	-2.0000004	Ascensione-Armaia
12.13951315	44.22349897	-9.4550152	Ascensione-Armaia
11.98446765	44.27625882	-12.0596596	Ascensione-Armaia
12.21625966	44.26173925	-3.0237695	Ascensione-Armaia
12.10641492	44.24047116	-10.3912439	Ascensione-Armaia
12.22587094	44.22837695	-4.0935542	Ascensione-Armaia
11.88415739	44.43159724	-3.7904096	Ascensione-Armaia
12.13249287	44.22179919	-9.9423378	Ascensione-Armaia
12.08765856	44.20836383	-13.1895576	Ascensione-Armaia
12.03031404	44.36160152	-4.0612949	Ascensione-Armaia
11.87820668	44.34036064	-12.0998745	Ascensione-Armaia
11.89073014	44.42003964	-4.7921521	Ascensione-Armaia
11.93069185	44.33190987	-10.4816499	Ascensione-Armaia
11.93295844	44.30157213	-12.3817373	Ascensione-Armaia
12.05658115	44.33364094	-5.2402766	Ascensione-Armaia
12.02825528	44.26123221	-11.8797295	Ascensione-Armaia
11.93658617	44.42467973	-3.4072783	Ascensione-Armaia
12.11440227	44.28727135	-7.0940788	Ascensione-Armaia
12.13542753	44.1903269	-11.3614985	Ascensione-Armaia
12.16532977	44.20694714	-8.7626368	Ascensione-Armaia
12.13282319	44.31617825	-4.3611853	Ascensione-Armaia
12.03937384	44.33529865	-5.6673071	Ascensione-Armaia
12.15451538	44.31846707	-3.2856191	Ascensione-Armaia
12.01404022	44.36843795	-4.3834399	Ascensione-Armaia
12.14959301	44.32448893	-3.088226	Ascensione-Armaia
12.06672308	44.26079861	-10.9047795	Ascensione-Armaia
11.99771143	44.40073306	-3.004642	Ascensione-Armaia
11.90085697	44.36995378	-9.0657452	Ascensione-Armaia
12.02386719	44.35551436	-4.7460202	Ascensione-Armaia
11.8955154	44.38192125	-8.125057	Ascensione-Armaia
11.96980808	44.33082646	-8.8186049	Ascensione-Armaia
11.94235563	44.37334721	-7.3686569	Ascensione-Armaia
11.98314259	44.37527381	-5.3172641	Ascensione-Armaia
11.98069315	44.30471924	-10.069167	Ascensione-Armaia
12.10634295	44.18655136	-13.2715571	Ascensione-Armaia
11.94309821	44.4280317	-2.9649975	Ascensione-Armaia
11.97227239	44.27447394	-12.60383	Ascensione-Armaia
11.90956493	44.3167681	-12.4122788	Ascensione-Armaia
11.81213381	44.37507203	-10.3415044	Ascensione-Armaia
12.14893471	44.27334738	-6.3107996	Ascensione-Armaia
11.82576576	44.38996585	-8.7005378	Ascensione-Armaia
12.02928707	44.36263074	-4.0413906	Ascensione-Armaia
11.80903918	44.34540952	-13.2275356	Ascensione-Armaia
12.16942478	44.32813542	-2.0000004	Ascensione-Armaia
11.99917439	44.36455534	-5.3199646	Ascensione-Armaia
12.00877066	44.26740841	-11.9868608	Ascensione-Armaia
12.13101898	44.25558512	-8.2577703	Ascensione-Armaia
11.98826444	44.3218819	-8.5279731	Ascensione-Armaia
12.13715612	44.15068947	-13.2121035	Ascensione-Armaia
11.87141034	44.44915158	-2.3124419	Ascensione-Armaia
12.19247041	44.22351232	-6.3271927	Ascensione-Armaia
11.95250979	44.28807365	-12.3279995	Ascensione-Armaia
12.03364744	44.34148927	-5.4200781	Ascensione-Armaia
11.99014912	44.25795171	-13.3144023	Ascensione-Armaia
11.93792692	44.34230864	-9.4780026	Ascensione-Armaia
12.14081574	44.26567817	-7.1729425	Ascensione-Armaia
12.05782538	44.22834929	-13.4715332	Ascensione-Armaia
12.16708432	44.20009553	-8.9949923	Ascensione-Armaia
12.19295521	44.30157337	-2.3355947	Ascensione-Armaia
12.11155904	44.24508885	-9.8595659	Ascensione-Armaia
12.03013314	44.35678116	-4.4229126	Ascensione-Armaia
11.89445589	44.36516628	-9.6429061	Ascensione-Armaia
11.91377737	44.319475	-12.0447426	Ascensione-Armaia
12.11243245	44.27305653	-8.1300981	Ascensione-Armaia
12.15490181	44.31443215	-3.541456	Ascensione-Armaia
12.02332614	44.27378467	-11.0298005	Ascensione-Armaia
11.80886363	44.38047647	-9.8763696	Ascensione-Armaia
11.86366731	44.37447745	-9.4887619	Ascensione-Armaia
11.89776076	44.33228413	-12.0411718	Ascensione-Armaia
12.20708568	44.24475197	-4.4099001	Ascensione-Armaia
11.90792898	44.32092795	-12.2383574	Ascensione-Armaia
11.98404113	44.32130793	-8.7581201	Ascensione-Armaia
11.88564773	44.44159143	-2.8101767	Ascensione-Armaia
11.79437812	44.35209451	-12.8207099	Ascensione-Armaia
12.08812059	44.29504171	-7.4385476	Ascensione-Armaia
12.12397917	44.22599847	-10.2056174	Ascensione-Armaia
12.13443612	44.32475902	-3.7135617	Ascensione-Armaia
11.95763528	44.29292263	-11.7830346	Ascensione-Armaia
11.86018599	44.43215873	-4.1170795	Ascensione-Armaia
11.89481076	44.42636415	-4.1221213	Ascensione-Armaia
11.98217549	44.34809826	-7.1514265	Ascensione-Armaia
12.04167034	44.26910988	-10.8431982	Ascensione-Armaia
12.17941374	44.23217058	-6.6764294	Ascensione-Armaia
12.00630521	44.37088775	-4.588279	Ascensione-Armaia
11.96761326	44.41342956	-3.4733745	Ascensione-Armaia
12.20650873	44.29330049	-2	Ascensione-Armaia
12.0458732	44.27518692	-10.2235954	Ascensione-Armaia
11.96205777	44.27779681	-12.7342475	Ascensione-Armaia
12.04586819	44.32476024	-6.2813151	Ascensione-Armaia
12.01319071	44.2851276	-10.4370251	Ascensione-Armaia
12.08314882	44.23768224	-11.7048537	Ascensione-Armaia
12.19901894	44.24793297	-4.7314443	Ascensione-Armaia
12.01992862	44.38290988	-3.1950424	Ascensione-Armaia
11.95718896	44.293782	-11.747216	Ascensione-Armaia
12.15978171	44.16590213	-11.1126958	Ascensione-Armaia
12.17622707	44.29860214	-3.4405156	Ascensione-Armaia
12.10275153	44.26339441	-9.1895391	Ascensione-Armaia
11.93555109	44.39845536	-5.7068501	Ascensione-Armaia
11.84780776	44.40421912	-6.9872024	Ascensione-Armaia
11.98173183	44.31192189	-9.5008559	Ascensione-Armaia
12.15493318	44.17483396	-10.9630288	Ascensione-Armaia
11.90698671	44.39662841	-6.5608856	Ascensione-Armaia
12.03361513	44.30834056	-7.9615589	Ascensione-Armaia
12.13597667	44.14684632	-13.4715293	Ascensione-Armaia
12.03287293	44.26136638	-11.7292795	Ascensione-Armaia
12.17226823	44.28120359	-4.5757739	Ascensione-Armaia
12.0070298	44.35733735	-5.4114228	Ascensione-Armaia
11.8718505	44.42249222	-4.8571274	Ascensione-Armaia
11.78233886	44.34728466	-13.4715288	Ascensione-Armaia
12.1117012	44.23940949	-10.1949733	Ascensione-Armaia
11.96088603	44.29973617	-11.1983032	Ascensione-Armaia
12.08424859	44.33330324	-4.4020712	Ascensione-Armaia
11.96820614	44.34861785	-7.7316151	Ascensione-Armaia
11.87836121	44.40275554	-6.6423997	Ascensione-Armaia
12.22122443	44.26907444	-2.3654853	Ascensione-Armaia
12.184072	44.23598073	-6.21108	Ascensione-Armaia
12.11468157	44.17892919	-13.1580839	Ascensione-Armaia
11.86959465	44.44117493	-3.1048071	Ascensione-Armaia
11.89822276	44.40865266	-5.6805039	Ascensione-Armaia
12.0510938	44.358476	-3.529414	Ascensione-Armaia
11.96860689	44.38064963	-5.6455769	Ascensione-Armaia
11.90492527	44.35797264	-9.8458984	Ascensione-Armaia
12.02868626	44.26949127	-11.2074704	Ascensione-Armaia
12.01362505	44.31097258	-8.4025571	Ascensione-Armaia
12.23763948	44.2394908	-2.8442324	Ascensione-Armaia
11.87174262	44.32782046	-13.279291	Ascensione-Armaia
12.06363622	44.2896567	-8.5276862	Ascensione-Armaia
11.90684998	44.38268943	-7.8074617	Ascensione-Armaia
11.96974032	44.37513008	-5.9265864	Ascensione-Armaia
11.95592876	44.33491719	-9.1744806	Ascensione-Armaia
11.93840044	44.3296231	-10.293781	Ascensione-Armaia
11.99328551	44.25477888	-13.471542	Ascensione-Armaia
12.0934469	44.22214843	-12.1343945	Ascensione-Armaia
12.21344571	44.21663931	-5.41278	Ascensione-Armaia
12.0829181	44.32588753	-5.0352483	Ascensione-Armaia
11.94618022	44.4170167	-3.8802551	Ascensione-Armaia
12.14291621	44.31723141	-3.8615463	Ascensione-Armaia
12.06647219	44.23639345	-12.5617602	Ascensione-Armaia
12.16396329	44.22025266	-8.1843188	Ascensione-Armaia
12.135383	44.32135334	-3.9032207	Ascensione-Armaia
11.86920982	44.32643036	-13.4715258	Ascensione-Armaia
11.89466734	44.33401285	-12.0286259	Ascensione-Armaia
11.99324993	44.36074832	-5.8313917	Ascensione-Armaia
12.18648906	44.27946476	-3.8600905	Ascensione-Armaia
12.0731491	44.2371971	-12.2239946	Ascensione-Armaia
11.9933564	44.30318214	-9.7179327	Ascensione-Armaia
12.09223429	44.31640756	-5.512968	Ascensione-Armaia
12.11556741	44.30906015	-5.5373935	Ascensione-Armaia
11.96411936	44.26986566	-13.2418374	Ascensione-Armaia
11.94774222	44.39450462	-5.5967273	Ascensione-Armaia
12.18406042	44.30534748	-2.6428027	Ascensione-Armaia
11.89964029	44.32595494	-12.3354057	Ascensione-Armaia
12.09714493	44.22440104	-11.8117666	Ascensione-Armaia
11.83399715	44.33712882	-13.471517	Ascensione-Armaia
12.14050543	44.23075978	-9.0186941	Ascensione-Armaia
11.92140199	44.3893658	-6.8825691	Ascensione-Armaia
12.15706418	44.32442607	-2.7752231	Ascensione-Armaia
11.90867291	44.42778643	-3.743477	Ascensione-Armaia
11.89433258	44.33910014	-11.6503115	Ascensione-Armaia
12.1508073	44.15741039	-12.0662666	Ascensione-Armaia
12.06703742	44.35537875	-3.2018173	Ascensione-Armaia
12.01777512	44.31489455	-7.9615823	Ascensione-Armaia
12.12532774	44.15977909	-13.4715146	Ascensione-Armaia
11.80760737	44.3887418	-9.1055699	Ascensione-Armaia
11.89819836	44.33397256	-11.9121176	Ascensione-Armaia
11.97390785	44.40422934	-3.9501604	Ascensione-Armaia
12.16504649	44.33089017	-2.0000004	Ascensione-Armaia
12.13430073	44.1723765	-12.3161254	Ascensione-Armaia
12.04236033	44.31476431	-7.1760551	Ascensione-Armaia
12.13859337	44.28761238	-5.9643899	Ascensione-Armaia
11.97666493	44.34321279	-7.7163512	Ascensione-Armaia
12.11481298	44.23759458	-10.1185712	Ascensione-Armaia
11.94717778	44.27519254	-13.4715283	Ascensione-Armaia
11.91012806	44.32582673	-11.8328232	Ascensione-Armaia
12.16969792	44.27404486	-5.0964165	Ascensione-Armaia
12.16420179	44.17008377	-10.64308	Ascensione-Armaia
11.88228053	44.35365588	-10.9370378	Ascensione-Armaia
11.90856397	44.40586017	-5.7025095	Ascensione-Armaia
12.1172435	44.25113634	-9.2150839	Ascensione-Armaia
12.04256756	44.23795486	-13.4715288	Ascensione-Armaia
12.14956313	44.28993719	-5.2841728	Ascensione-Armaia
12.12633661	44.28746395	-6.5742483	Ascensione-Armaia
12.11236294	44.23879007	-10.1949736	Ascensione-Armaia
11.92578411	44.33082905	-10.7685791	Ascensione-Armaia
11.96276229	44.29777133	-11.2381753	Ascensione-Armaia
11.88338525	44.42589134	-4.3487504	Ascensione-Armaia
11.81597648	44.34376922	-13.2743564	Ascensione-Armaia
12.09264651	44.21523391	-12.5468886	Ascensione-Armaia
11.86263714	44.42232492	-5.019342	Ascensione-Armaia
11.84822322	44.33698437	-13.1719697	Ascensione-Armaia
11.93607014	44.282041	-13.47152	Ascensione-Armaia
11.99394726	44.31934371	-8.5065104	Ascensione-Armaia
11.92924888	44.29806299	-12.7760586	Ascensione-Armaia
11.98957953	44.29237755	-10.6514255	Ascensione-Armaia
11.93920818	44.31230356	-11.4005661	Ascensione-Armaia
12.13653282	44.29709212	-5.4916467	Ascensione-Armaia
12.11558082	44.33950032	-2.9445839	Ascensione-Armaia
12.0096719	44.30104838	-9.3063818	Ascensione-Armaia
11.89209466	44.32819977	-12.560976	Ascensione-Armaia
11.78643892	44.37162889	-11.0781914	Ascensione-Armaia
11.92529373	44.29625093	-13.0700927	Ascensione-Armaia
12.02866355	44.25770185	-12.1499443	Ascensione-Armaia
12.05118568	44.26119157	-11.2722207	Ascensione-Armaia
12.13353779	44.26004687	-7.8755735	Ascensione-Armaia
