16.726834	43.55200001	-0.9999993	Benkovac
15.332053	44.30268217	-7.8106035	Benkovac
15.46591566	44.24937841	-10.7190238	Benkovac
16.73016109	43.55526819	-1.3956937	Benkovac
16.24247593	43.77611259	-11.9577054	Benkovac
15.90169653	43.90456496	-6.7984445	Benkovac
15.23367343	44.29151782	-2.2786048	Benkovac
16.5151692	43.71085171	-11.3789071	Benkovac
15.3810066	44.20951951	-3.7536832	Benkovac
16.73815952	43.5631238	-2.3468831	Benkovac
16.52344891	43.61857552	-2.3906402	Benkovac
15.20806937	44.36005269	-5.4981756	Benkovac
15.49941098	44.18690422	-7.5519138	Benkovac
15.97350191	43.8125111	-4.1465374	Benkovac
16.62891834	43.63013751	-5.4334957	Benkovac
16.09169602	43.84641841	-11.9577064	Benkovac
15.94252254	43.78996464	-1.0000096	Benkovac
16.65024582	43.5871041	-1.3652562	Benkovac
15.18160382	44.40425076	-6.8515956	Benkovac
15.54917138	44.0874413	-2.5808783	Benkovac
15.79920004	43.94336985	-4.616903	Benkovac
15.31451491	44.32175724	-8.3534055	Benkovac
15.32080641	44.36138251	-11.5363284	Benkovac
16.74737467	43.57217244	-3.4426561	Benkovac
15.91134987	43.91537745	-8.0416821	Benkovac
15.83156815	43.8712599	-0.9999974	Benkovac
16.39459534	43.67198513	-4.7258237	Benkovac
15.94353034	43.80096519	-1.8094608	Benkovac
16.75543871	43.58008904	-4.4014544	Benkovac
15.79373194	44.04992354	-11.9577059	Benkovac
15.93783459	43.82718008	-3.3223299	Benkovac
16.12644494	43.8268131	-11.9577054	Benkovac
16.14801732	43.73634918	-5.195698	Benkovac
15.44700491	44.15924401	-3.0888126	Benkovac
16.26522284	43.7370753	-8.5474539	Benkovac
15.80144498	43.9969836	-8.5849188	Benkovac
16.76516785	43.58963806	-5.5580995	Benkovac
16.48619275	43.69762152	-9.4034063	Benkovac
16.49019135	43.6535448	-5.2377895	Benkovac
15.92360992	43.9317189	-9.8115701	Benkovac
15.27925998	44.38475846	-11.0890374	Benkovac
15.57428146	44.17988735	-10.4357906	Benkovac
15.23118388	44.43321211	-11.5049373	Benkovac
15.20996247	44.43210201	-10.2379617	Benkovac
15.1670489	44.41814337	-6.2862368	Benkovac
15.84139288	44.00685455	-11.2314696	Benkovac
16.25166417	43.70546004	-5.1017587	Benkovac
15.74596777	43.97213042	-4.0768592	Benkovac
16.77342576	43.59774122	-6.5397297	Benkovac
15.44136385	44.17173104	-3.7693895	Benkovac
16.29229723	43.70737978	-6.1314492	Benkovac
15.44604199	44.13199859	-1.0000003	Benkovac
16.78264488	43.60678545	-7.6354981	Benkovac
16.35954285	43.75170922	-11.9577054	Benkovac
15.21899972	44.37397528	-7.0081891	Benkovac
16.0839643	43.84191168	-11.2747513	Benkovac
15.944165	43.88954669	-7.9460627	Benkovac
16.43235341	43.72585438	-10.868015	Benkovac
16.66538739	43.58629734	-1.8106507	Benkovac
16.44244629	43.68339432	-6.9772774	Benkovac
16.28306783	43.69430534	-4.6318951	Benkovac
15.88019927	43.8834015	-4.2340499	Benkovac
15.30183839	44.27758237	-4.534466	Benkovac
15.33943978	44.33866939	-10.7782308	Benkovac
15.83329137	43.91474108	-4.210265	Benkovac
15.20270822	44.48712997	-11.9577034	Benkovac
16.79282553	43.61677051	-8.8454122	Benkovac
16.38488554	43.66172892	-3.5011319	Benkovac
16.38810712	43.72690077	-10.0610335	Benkovac
15.17120708	44.38942215	-5.3167491	Benkovac
15.15820385	44.46926423	-7.7192034	Benkovac
15.45490618	44.13658747	-1.7481117	Benkovac
16.64717553	43.58408753	-0.9999993	Benkovac
15.43962953	44.25283202	-9.7492657	Benkovac
16.80601736	43.62970503	-10.4129722	Benkovac
15.31364848	44.29279964	-6.2064424	Benkovac
16.23283704	43.72007982	-6.177801	Benkovac
15.12180273	44.40908454	-2.3549696	Benkovac
15.2260605	44.33829452	-5.1100909	Benkovac
15.85306513	43.96311281	-8.6489923	Benkovac
15.450017	44.26076664	-10.8297791	Benkovac
15.53831756	44.144531	-6.1440162	Benkovac
15.52430848	44.12097681	-3.769681	Benkovac
16.20804368	43.73181758	-6.8426828	Benkovac
16.3981873	43.6832414	-5.9006066	Benkovac
15.62831851	44.14200095	-10.3578043	Benkovac
16.2399893	43.77106487	-11.4326439	Benkovac
16.51318274	43.64964838	-5.4134917	Benkovac
15.35267879	44.21702028	-2.8481627	Benkovac
16.81722576	43.64069128	-11.744638	Benkovac
16.81901926	43.64244893	-11.9577054	Benkovac
16.26753165	43.67805187	-2.6843206	Benkovac
16.31452463	43.7557577	-11.4355213	Benkovac
16.4828511	43.64726781	-4.454722	Benkovac
15.5623473	44.13962037	-6.9644467	Benkovac
15.77889749	43.91135375	-1.3291121	Benkovac
16.28757719	43.74630528	-9.932859	Benkovac
15.9022087	43.90885253	-7.1293316	Benkovac
16.72070706	43.55990263	-1.4651322	Benkovac
15.50144126	44.23850916	-11.5196825	Benkovac
15.33775653	44.32847502	-9.9564344	Benkovac
16.50554622	43.69317276	-9.438005	Benkovac
16.56865545	43.65753701	-7.206512	Benkovac
16.11124	43.8353933	-11.9577054	Benkovac
16.1750886	43.79880628	-11.4502445	Benkovac
15.59086264	44.03692836	-0.9999969	Benkovac
16.38469603	43.63590408	-0.9999993	Benkovac
15.43450635	44.24093685	-8.6551859	Benkovac
16.08347687	43.82382595	-9.8608079	Benkovac
15.36884637	44.17896885	-0.9999993	Benkovac
16.55292186	43.65718566	-6.8944989	Benkovac
16.5721243	43.70292738	-11.9585701	Benkovac
15.4392988	44.19959043	-5.7673631	Benkovac
16.71090787	43.61653155	-5.9832854	Benkovac
15.71197969	44.10707548	-11.957723	Benkovac
15.20702594	44.34503446	-4.4735062	Benkovac
15.14152614	44.42641128	-4.6254606	Benkovac
15.32354239	44.3407949	-10.1704168	Benkovac
16.6248304	43.61993447	-4.3082386	Benkovac
15.77213225	43.93563675	-2.7482767	Benkovac
16.68015199	43.613895	-4.6906272	Benkovac
15.56835037	44.05795677	-1.4056825	Benkovac
15.54948884	44.21520737	-11.9577044	Benkovac
15.36130934	44.28171837	-7.8176501	Benkovac
15.16349919	44.35441332	-2.6303297	Benkovac
16.75554429	43.58805285	-5.088212	Benkovac
16.67092371	43.57461057	-0.9999993	Benkovac
15.75857736	43.92959944	-1.6567899	Benkovac
16.37494703	43.74854067	-11.9577044	Benkovac
16.20007063	43.70479375	-3.971992	Benkovac
16.55876558	43.64329268	-5.5619053	Benkovac
15.6106314	44.12583781	-8.3352186	Benkovac
16.16443808	43.73919124	-6.0270367	Benkovac
16.44891162	43.61995637	-0.9999989	Benkovac
16.15193223	43.79618132	-10.3948949	Benkovac
15.91093493	43.82173994	-1.564055	Benkovac
16.05091237	43.8487961	-10.36946	Benkovac
16.70629639	43.63055875	-7.0272345	Benkovac
16.58855421	43.60843242	-2.4843306	Benkovac
15.45612298	44.20346605	-6.8243723	Benkovac
15.85904991	43.94144965	-7.3805811	Benkovac
16.77404426	43.60524149	-7.2046118	Benkovac
15.99598607	43.86290969	-8.7750255	Benkovac
15.41080072	44.21270719	-5.4553742	Benkovac
16.48874381	43.7175213	-11.3893709	Benkovac
16.21041909	43.74197863	-7.9094423	Benkovac
15.20781285	44.29648076	-1.3956825	Benkovac
15.97763546	43.86760602	-8.1548492	Benkovac
16.02179332	43.85845619	-9.7956514	Benkovac
16.70863171	43.6418445	-8.0768515	Benkovac
16.13904527	43.74944033	-5.9792397	Benkovac
15.88804475	43.89112649	-5.1700347	Benkovac
15.65719092	44.01900006	-2.9960721	Benkovac
15.58205005	44.04947852	-1.4679857	Benkovac
15.94069028	43.94185982	-11.3741063	Benkovac
15.56573545	44.17148868	-9.4161131	Benkovac
15.3181388	44.2762281	-5.2531893	Benkovac
15.47277516	44.1660889	-4.7762235	Benkovac
15.38132518	44.17928073	-1.6030565	Benkovac
15.60274189	44.09941799	-6.0565251	Benkovac
15.8398578	43.93503561	-5.9885145	Benkovac
16.15818223	43.78445518	-9.628241	Benkovac
16.07300625	43.85695785	-11.9577054	Benkovac
15.55508625	44.16102041	-8.1452894	Benkovac
16.56989428	43.6234942	-3.7123179	Benkovac
15.86570413	43.90224604	-4.8837082	Benkovac
15.33694078	44.30879889	-8.4869571	Benkovac
15.89454035	43.88592602	-5.14528	Benkovac
16.02155535	43.76441699	-2.5970467	Benkovac
16.02854067	43.81579707	-6.8562357	Benkovac
15.54701389	44.06684827	-0.9999989	Benkovac
15.74271674	44.02236465	-7.4747488	Benkovac
16.01526318	43.84622517	-8.617098	Benkovac
15.68772322	43.99814865	-3.0317403	Benkovac
16.65245011	43.58668859	-1.3956956	Benkovac
15.36337785	44.33157474	-11.4168045	Benkovac
15.70231878	44.09096285	-10.3359281	Benkovac
15.3904993	44.27428063	-8.7702699	Benkovac
16.32639958	43.64911678	-0.9999901	Benkovac
15.34068263	44.28303888	-6.8688458	Benkovac
15.48372726	44.1796228	-6.2909929	Benkovac
16.80776369	43.64700011	-11.9577064	Benkovac
15.43265996	44.26061608	-9.9421143	Benkovac
15.57470576	44.12203504	-6.3075182	Benkovac
16.29176544	43.68066551	-3.4450328	Benkovac
16.34293472	43.6708012	-3.5116168	Benkovac
16.72361137	43.64040887	-8.473021	Benkovac
16.19975598	43.7314846	-6.6386528	Benkovac
16.39166933	43.6768325	-5.1243607	Benkovac
15.51036858	44.11184442	-2.4342789	Benkovac
15.22904947	44.32621392	-4.5013337	Benkovac
15.72847837	44.07096862	-10.2144124	Benkovac
16.48113732	43.61567144	-1.3500374	Benkovac
16.58514276	43.65310024	-7.0372014	Benkovac
15.38454206	44.19179382	-2.6893421	Benkovac
16.75105472	43.63936089	-9.3348001	Benkovac
15.65517266	44.00392391	-1.8272967	Benkovac
15.88836541	43.83039733	-0.9999993	Benkovac
16.37562168	43.70119701	-7.2290963	Benkovac
15.94847146	43.79054825	-1.3462337	Benkovac
16.05226973	43.72747216	-1.0002083	Benkovac
15.90812282	43.87766156	-5.2736955	Benkovac
15.15329164	44.33798919	-0.9999964	Benkovac
16.12814454	43.71586768	-2.7494769	Benkovac
15.15324545	44.37116262	-3.1323558	Benkovac
15.92472736	43.80926208	-1.4137679	Benkovac
16.0897357	43.8082306	-8.931971	Benkovac
16.40022625	43.63898167	-1.6701121	Benkovac
15.31035042	44.35045526	-10.2403326	Benkovac
16.30800309	43.65290374	-0.9999989	Benkovac
15.35170706	44.30511139	-8.9728067	Benkovac
15.29625231	44.38341258	-11.9577054	Benkovac
16.04835377	43.77585999	-4.6421058	Benkovac
16.02298576	43.853824	-9.5378787	Benkovac
15.54793125	44.13200131	-5.7141132	Benkovac
16.50654824	43.65240933	-5.5210091	Benkovac
16.18020949	43.70129093	-3.2122288	Benkovac
16.09772222	43.77373465	-6.5466586	Benkovac
15.91277833	43.85612713	-4.0285882	Benkovac
15.60679831	44.11106829	-7.0895164	Benkovac
15.85935519	43.87384698	-2.5335455	Benkovac
15.51466173	44.11973505	-3.2082913	Benkovac
15.29732577	44.26853543	-3.6633624	Benkovac
15.24581774	44.31115096	-4.2881773	Benkovac
15.30103208	44.28577025	-5.0910881	Benkovac
15.17828367	44.32236027	-1.3994993	Benkovac
15.61691508	44.10256264	-6.9744223	Benkovac
15.51407448	44.21744476	-10.5128494	Benkovac
15.30542178	44.2755163	-4.5609926	Benkovac
15.68876823	43.96874374	-1.0000003	Benkovac
15.97649518	43.85836679	-7.4595291	Benkovac
16.6153647	43.58949757	-0.9999993	Benkovac
15.55363016	44.15067424	-7.3309429	Benkovac
15.20052671	44.2966985	-1.0000013	Benkovac
15.81974966	43.87923309	-0.9999998	Benkovac
16.34767769	43.70940372	-7.4749874	Benkovac
15.69730669	43.98948326	-2.8928675	Benkovac
16.35600858	43.64300264	-0.999347	Benkovac
16.64396072	43.61504719	-4.1394029	Benkovac
15.40138818	44.26549689	-8.7046368	Benkovac
16.15245935	43.68490269	-0.9999993	Benkovac
15.58388457	44.06614205	-2.7511409	Benkovac
16.45173921	43.72499332	-11.2238416	Benkovac
16.43257678	43.71175143	-9.4822357	Benkovac
16.06261246	43.74184561	-2.587201	Benkovac
16.13777745	43.77749189	-8.3051364	Benkovac
15.3560876	44.32564249	-10.6334281	Benkovac
15.4223212	44.28755812	-11.3078045	Benkovac
15.60296587	44.06277654	-3.4426556	Benkovac
16.07337636	43.78917498	-6.7542227	Benkovac
16.5443054	43.67775112	-8.8682547	Benkovac
16.18656146	43.76750106	-9.2163768	Benkovac
15.35773269	44.20791019	-2.4653084	Benkovac
15.64885603	44.13248484	-10.6793065	Benkovac
16.04611534	43.83440066	-9.0522972	Benkovac
16.0634928	43.77323336	-5.0977255	Benkovac
15.90395913	43.84648373	-2.9104647	Benkovac
16.50900757	43.62395497	-2.6931959	Benkovac
16.34151555	43.65007311	-1.4074051	Benkovac
15.2138924	44.33145615	-3.9862598	Benkovac
16.02557534	43.79875867	-5.4154233	Benkovac
16.19291066	43.68135299	-1.4774969	Benkovac
16.38330874	43.71380821	-8.6506554	Benkovac
15.41285493	44.30365074	-11.9577054	Benkovac
15.53015747	44.13650428	-5.1700334	Benkovac
16.51450031	43.64475442	-4.9385716	Benkovac
15.16604323	44.47695892	-8.6551722	Benkovac
15.68211349	43.98379877	-1.7366961	Benkovac
16.1186583	43.77487394	-7.3957904	Benkovac
15.37549864	44.33054841	-11.9578309	Benkovac
16.34414631	43.74896136	-11.3651136	Benkovac
15.95207408	43.88054994	-7.7325203	Benkovac
15.90979857	43.92637817	-8.7578653	Benkovac
16.71996452	43.55477924	-0.9999998	Benkovac
15.6593289	44.09014377	-8.1576722	Benkovac
15.81533526	43.888031	-1.4185238	Benkovac
16.6643172	43.61118772	-4.0983802	Benkovac
16.15161098	43.70067627	-2.3107147	Benkovac
16.2247855	43.77089612	-10.8796092	Benkovac
15.79597743	44.04295698	-11.5753275	Benkovac
15.82978881	44.01697098	-11.3974622	Benkovac
16.43561178	43.73227329	-11.5791468	Benkovac
15.22743925	44.44350845	-11.9581956	Benkovac
15.40690707	44.21379945	-5.3603162	Benkovac
15.18066261	44.43201425	-7.9327468	Benkovac
16.44034478	43.73508154	-11.9570916	Benkovac
15.44298568	44.24927033	-9.6672188	Benkovac
15.22436839	44.44624298	-11.9577054	Benkovac
15.26485064	44.31730114	-5.6479605	Benkovac
15.31110106	44.26959319	-4.4328258	Benkovac
15.76030605	44.07330303	-11.9577049	Benkovac
15.90919106	43.90924352	-7.5057755	Benkovac
16.44352537	43.66397317	-5.1253094	Benkovac
15.50008575	44.09883986	-0.9999495	Benkovac
16.29893025	43.72241768	-7.7744296	Benkovac
15.78974676	43.90372377	-1.306283	Benkovac
16.595225	43.59917269	-1.6453826	Benkovac
16.01332545	43.89615295	-11.9577059	Benkovac
15.97679655	43.79000618	-2.6229376	Benkovac
15.12178771	44.37655537	-1.0000023	Benkovac
16.37791401	43.73498058	-10.660284	Benkovac
15.14889417	44.34794484	-1.3932425	Benkovac
16.04097053	43.79389039	-5.7093399	Benkovac
16.67759244	43.62221594	-5.4701169	Benkovac
16.7220249	43.6294409	-7.4766489	Benkovac
15.3817806	44.30618775	-10.5665814	Benkovac
16.35845319	43.70055464	-6.8108181	Benkovac
15.31934839	44.31036688	-7.7572952	Benkovac
15.30415029	44.23237765	-1.4734495	Benkovac
15.58410568	44.1598816	-9.4798839	Benkovac
15.34393417	44.31202554	-9.0647044	Benkovac
15.30084176	44.32948377	-8.2594793	Benkovac
15.20135809	44.4236542	-9.2106129	Benkovac
15.76610478	43.91539986	-0.9999993	Benkovac
16.63424522	43.59336278	-1.7303338	Benkovac
15.45978623	44.14897397	-2.9000013	Benkovac
15.92757198	43.92765411	-9.7198836	Benkovac
15.22869264	44.3870488	-8.3940748	Benkovac
16.4950409	43.61539671	-1.5650072	Benkovac
15.8866578	43.85204113	-2.4039556	Benkovac
16.10277177	43.81852858	-10.291222	Benkovac
15.91902617	43.92358701	-9.0041243	Benkovac
15.3744848	44.27215231	-7.812421	Benkovac
15.62052876	44.02367548	-1.5100682	Benkovac
16.68762245	43.60854912	-4.4908675	Benkovac
16.64453684	43.64086218	-6.815098	Benkovac
15.55888228	44.10499174	-4.3129947	Benkovac
15.77922913	43.98862946	-6.8955138	Benkovac
15.63966923	44.00733484	-1.3005765	Benkovac
16.15679946	43.68917864	-1.5173812	Benkovac
15.28866474	44.34782025	-9.0090387	Benkovac
15.52996937	44.1015726	-2.6555462	Benkovac
15.78556153	43.93938555	-3.6690387	Benkovac
16.46202677	43.66634932	-5.7992274	Benkovac
16.1663072	43.69854722	-2.6512652	Benkovac
15.55138636	44.2061254	-11.3622616	Benkovac
15.85679463	43.86034688	-1.4413802	Benkovac
16.4145225	43.72367916	-10.283139	Benkovac
15.61249594	44.08392204	-5.4230321	Benkovac
15.37581513	44.18320322	-1.6467176	Benkovac
15.19414653	44.42637722	-8.757429	Benkovac
16.36930956	43.69120061	-6.0979083	Benkovac
16.03683037	43.76812217	-3.5458604	Benkovac
16.30709521	43.67075546	-2.7684993	Benkovac
16.08093754	43.71527032	-1.0000008	Benkovac
16.17126539	43.7612551	-8.1377273	Benkovac
16.62919466	43.64960773	-7.4490672	Benkovac
16.71695346	43.65000749	-9.0660885	Benkovac
16.24806323	43.67738124	-2.2164002	Benkovac
16.27664534	43.76876633	-11.9577054	Benkovac
16.41558117	43.70548019	-8.4817226	Benkovac
15.70541154	44.03883038	-6.7922701	Benkovac
16.08577674	43.7676249	-5.6001061	Benkovac
15.38537192	44.23128362	-5.4986535	Benkovac
15.40371583	44.20159594	-4.2982489	Benkovac
15.48753036	44.12360865	-2.260327	Benkovac
15.40837283	44.22269821	-6.0596949	Benkovac
15.31366678	44.37188235	-11.9577049	Benkovac
15.80031988	44.00227177	-8.9084493	Benkovac
15.42076746	44.22009016	-6.463634	Benkovac
16.0100932	43.86565908	-9.6900692	Benkovac
15.21709863	44.28486045	-1.0000008	Benkovac
15.62858922	44.11762016	-8.6237862	Benkovac
15.43324726	44.13976279	-1.0000003	Benkovac
16.55658789	43.67051114	-8.3352954	Benkovac
15.86431673	44.00150733	-11.9577059	Benkovac
16.65594504	43.68441627	-11.5142132	Benkovac
16.20714967	43.74713932	-8.2366521	Benkovac
16.1123914	43.79856831	-9.1726085	Benkovac
16.57665666	43.61395851	-2.8462598	Benkovac
16.39796692	43.73415479	-10.9910296	Benkovac
15.42953504	44.24495791	-8.6877318	Benkovac
16.02468483	43.86800499	-10.6022596	Benkovac
16.61609554	43.64580044	-6.8260369	Benkovac
16.02309002	43.74279931	-1.0000008	Benkovac
16.55779328	43.67945544	-9.2805841	Benkovac
16.1725509	43.7513226	-7.3444349	Benkovac
16.68455933	43.65765175	-9.251807	Benkovac
15.13785703	44.35146982	-1.000138	Benkovac
15.43959804	44.23310506	-8.2984781	Benkovac
16.18841141	43.75644495	-8.3484167	Benkovac
15.50452907	44.1031017	-1.5222669	Benkovac
16.09721946	43.73353381	-3.1294762	Benkovac
15.32690737	44.28620152	-6.395143	Benkovac
15.26012527	44.41497823	-11.9577044	Benkovac
16.51494711	43.68329729	-8.7089178	Benkovac
15.87586267	43.88898207	-4.4222806	Benkovac
15.96216352	43.77718166	-0.9999139	Benkovac
15.7759281	43.96197109	-4.8276492	Benkovac
15.50302326	44.14339687	-4.4509162	Benkovac
15.45856074	44.21735923	-7.9788193	Benkovac
15.93743175	43.89916871	-8.2632847	Benkovac
16.34583873	43.64511282	-1.0000926	Benkovac
15.95305927	43.78231529	-0.9999993	Benkovac
15.8709688	43.84337522	-0.9999998	Benkovac
16.03821913	43.82616357	-8.0749527	Benkovac
16.72183011	43.67327981	-11.5208724	Benkovac
15.50446769	44.22796835	-10.8657386	Benkovac
16.62521061	43.666798	-9.1547857	Benkovac
15.9970339	43.90163529	-11.497805	Benkovac
15.81122769	43.91702299	-3.3044947	Benkovac
15.40966448	44.24255353	-7.5151307	Benkovac
16.75571073	43.59718891	-5.8776996	Benkovac
16.2316174	43.76543482	-10.6640633	Benkovac
16.14001353	43.81542123	-11.5935423	Benkovac
15.35430747	44.26979925	-6.6286651	Benkovac
15.18144812	44.48041471	-10.0087193	Benkovac
15.64752217	44.15123203	-11.9577059	Benkovac
15.90160779	43.95081403	-10.1181031	Benkovac
15.47455982	44.20528674	-7.8005302	Benkovac
16.25185902	43.73286674	-7.8504686	Benkovac
15.32459701	44.24455073	-3.3589512	Benkovac
15.89604358	43.9233247	-7.8712164	Benkovac
16.04691875	43.73408914	-1.3652591	Benkovac
15.53269039	44.07661598	-0.9999993	Benkovac
16.62523232	43.6092344	-3.210566	Benkovac
15.92222996	43.91541168	-8.6018905	Benkovac
15.79140452	43.96042053	-5.4660786	Benkovac
15.29963857	44.30174057	-6.1849331	Benkovac
15.47702453	44.11675214	-1.2672845	Benkovac
15.24134618	44.29775849	-3.1002288	Benkovac
16.08218564	43.75897179	-4.7393011	Benkovac
16.72726081	43.66011575	-10.2912208	Benkovac
15.26719719	44.33644141	-7.1522764	Benkovac
15.75520001	44.02318616	-8.1519952	Benkovac
15.28222595	44.25097451	-1.6690111	Benkovac
15.20450145	44.2932218	-0.9999993	Benkovac
16.1911847	43.79136419	-11.4003084	Benkovac
15.97129257	43.91719749	-11.2471668	Benkovac
15.88253701	43.95270277	-9.3290936	Benkovac
16.64403201	43.63278249	-5.9718707	Benkovac
16.37441254	43.72086005	-9.1735728	Benkovac
15.40756718	44.18964986	-3.5762967	Benkovac
15.53537717	44.09080593	-2.1480858	Benkovac
16.68259959	43.66830121	-10.3173792	Benkovac
15.32600432	44.36374973	-11.9577059	Benkovac
16.15053892	43.6856169	-0.9999993	Benkovac
15.29096067	44.37821795	-11.3260687	Benkovac
15.79203617	43.89792218	-0.9999998	Benkovac
16.28102545	43.7201223	-7.1753753	Benkovac
16.64344703	43.62350656	-5.003796	Benkovac
15.52123367	44.12772414	-4.1046971	Benkovac
15.51580434	44.18582626	-8.2176278	Benkovac
16.53440152	43.65850762	-6.7066232	Benkovac
15.12643323	44.43082262	-3.6236175	Benkovac
16.14572751	43.71718663	-3.4939036	Benkovac
15.74527768	43.93428002	-1.3492542	Benkovac
15.66662185	43.99527168	-1.78164	Benkovac
16.20339762	43.71988585	-5.5519198	Benkovac
15.98527629	43.87576848	-9.1103184	Benkovac
16.16394381	43.68254148	-0.9999998	Benkovac
15.45454727	44.17425721	-4.559352	Benkovac
15.26632165	44.3025803	-4.6482944	Benkovac
15.72488953	43.94839269	-1.3500199	Benkovac
15.16432422	44.44766363	-7.3006789	Benkovac
15.27512233	44.40187806	-11.9577049	Benkovac
15.13896953	44.3566301	-1.3951292	Benkovac
15.66966264	44.05222727	-5.9702109	Benkovac
16.59253837	43.66009587	-7.8894668	Benkovac
15.30437615	44.34061413	-9.2382545	Benkovac
16.57101086	43.59703415	-0.9999993	Benkovac
15.70947276	44.02602725	-6.0860117	Benkovac
15.85839234	43.85275424	-0.9999993	Benkovac
15.51543907	44.13300577	-4.2368971	Benkovac
15.2091398	44.47499373	-11.9577078	Benkovac
15.24670728	44.40212546	-10.3765889	Benkovac
16.69993084	43.57516985	-2.0539183	Benkovac
16.47003336	43.65548582	-4.9412547	Benkovac
15.11075689	44.39737853	-0.9999969	Benkovac
15.98291286	43.81437558	-4.7591007	Benkovac
16.15861072	43.7293745	-4.9876241	Benkovac
16.17549788	43.70760021	-3.7470357	Benkovac
15.61323167	44.06871966	-4.3700589	Benkovac
15.20929047	44.39490132	-7.8089766	Benkovac
16.3495068	43.73921066	-10.4985828	Benkovac
15.91814107	43.80817329	-0.9999993	Benkovac
15.75010473	43.98480016	-5.1795275	Benkovac
16.16177639	43.7119592	-3.6300369	Benkovac
15.10194802	44.41399999	-0.9999993	Benkovac
15.89960474	43.82866364	-1.458473	Benkovac
15.81322802	43.96173368	-6.6184467	Benkovac
15.76298613	43.96578279	-4.4724084	Benkovac
16.26014262	43.66925702	-1.6515682	Benkovac
15.58789452	44.10473064	-5.7117185	Benkovac
15.39132635	44.1692162	-1.3024788	Benkovac
16.36468648	43.65533557	-2.4111326	Benkovac
16.23124323	43.68476713	-2.609054	Benkovac
16.41995743	43.70243196	-8.2780865	Benkovac
15.80763201	43.88740614	-0.9999993	Benkovac
15.44373057	44.14987667	-2.2365467	Benkovac
15.13873505	44.36210701	-1.7304017	Benkovac
15.64707332	44.06222476	-5.5595963	Benkovac
15.46217833	44.26812633	-11.9577054	Benkovac
16.48295677	43.67435359	-7.0757236	Benkovac
15.2243887	44.4407949	-11.6117244	Benkovac
16.30887949	43.68823757	-4.5557839	Benkovac
15.62874195	44.03222579	-2.5238096	Benkovac
15.85809949	43.9992077	-11.4907904	Benkovac
16.65646979	43.58045228	-0.9999993	Benkovac
15.90538109	43.81769887	-0.9999989	Benkovac
16.36218814	43.74557852	-11.39793	Benkovac
15.78807314	43.98629975	-7.1682376	Benkovac
16.10453951	43.79084148	-8.2366356	Benkovac
15.14058815	44.40492105	-3.6573885	Benkovac
15.24347339	44.26746166	-0.999993	Benkovac
16.22434115	43.78383792	-11.9577049	Benkovac
15.65519754	43.99223452	-0.9999998	Benkovac
15.53387271	44.15461087	-6.6978673	Benkovac
15.79121714	43.9937909	-7.856916	Benkovac
16.57061306	43.6034892	-1.6594134	Benkovac
16.66495922	43.60155684	-3.1154456	Benkovac
15.55943683	44.12137529	-5.5143462	Benkovac
15.95140442	43.78332918	-0.9999993	Benkovac
15.53206222	44.1796482	-8.4944239	Benkovac
15.83727552	43.98300798	-9.3153006	Benkovac
15.25026996	44.42358444	-11.9577044	Benkovac
15.56955149	44.16789928	-9.3436475	Benkovac
15.96173142	43.80780999	-3.2172301	Benkovac
15.75325238	43.95436944	-3.1807198	Benkovac
15.39174229	44.19205321	-3.0365011	Benkovac
16.57437974	43.63367788	-4.8425682	Benkovac
15.23959931	44.33683794	-5.7775874	Benkovac
16.29912892	43.69804307	-5.3369492	Benkovac
15.49298821	44.24946275	-11.9577054	Benkovac
15.35980127	44.31468056	-10.0524349	Benkovac
15.68638907	44.09711171	-9.9819613	Benkovac
16.37000736	43.64516758	-1.543116	Benkovac
15.71293675	43.96085974	-1.6401512	Benkovac
15.68742515	44.12401987	-11.9577078	Benkovac
15.18328739	44.41999066	-7.638712	Benkovac
15.72273846	44.02899686	-6.9542103	Benkovac
16.73920819	43.62845449	-7.9879152	Benkovac
15.57908091	44.1456965	-8.2174038	Benkovac
15.67663479	44.0786948	-8.192856	Benkovac
15.96976877	43.79878296	-2.9936937	Benkovac
16.56447634	43.7000209	-11.5164129	Benkovac
15.63419882	44.15317414	-11.4459652	Benkovac
15.27318571	44.35365109	-8.6917938	Benkovac
16.2675538	43.66122555	-1.0000013	Benkovac
16.09605019	43.78248539	-7.2245748	Benkovac
15.52861899	44.16729066	-7.4100686	Benkovac
15.61634467	44.01940083	-1.0000052	Benkovac
16.6130553	43.62713551	-4.8451842	Benkovac
15.69914201	44.10470014	-11.1529334	Benkovac
15.69217477	44.08693317	-9.5474012	Benkovac
16.68259481	43.64209617	-7.6107703	Benkovac
16.12702299	43.76582412	-6.9316195	Benkovac
15.75616339	43.96377031	-3.990586	Benkovac
15.77782927	43.90749874	-0.9999993	Benkovac
15.96275917	43.83848392	-5.3830817	Benkovac
15.96104183	43.90952796	-10.1913468	Benkovac
15.17694425	44.36366191	-3.9810279	Benkovac
16.69049106	43.59588321	-3.5035316	Benkovac
15.49687049	44.11114033	-1.7504891	Benkovac
16.73648091	43.66915546	-11.3869915	Benkovac
15.51858818	44.23394661	-11.9577054	Benkovac
16.40781727	43.69777303	-7.5492898	Benkovac
15.39105	44.2937112	-10.1599583	Benkovac
16.33852425	43.75603075	-11.9577811	Benkovac
15.95742835	43.78421985	-1.3373006	Benkovac
16.16355706	43.69844385	-2.5523631	Benkovac
15.33157717	44.21030535	-1.3119906	Benkovac
15.29608096	44.3212743	-7.4343191	Benkovac
15.17058196	44.39341878	-5.5352996	Benkovac
16.72782231	43.568631	-2.4605533	Benkovac
15.22022467	44.44217657	-11.4630418	Benkovac
16.07741506	43.76413631	-5.0026068	Benkovac
15.64693155	44.09823127	-8.1310738	Benkovac
16.69675868	43.63925367	-7.5660622	Benkovac
16.27489053	43.68565047	-3.5967476	Benkovac
15.39881448	44.20583822	-4.3938573	Benkovac
16.46823729	43.70265461	-9.4590518	Benkovac
16.11159187	43.79200664	-8.5906683	Benkovac
16.27240379	43.7098008	-5.964068	Benkovac
16.74110417	43.58096157	-3.9789481	Benkovac
16.62120104	43.63730705	-6.0384521	Benkovac
15.22560254	44.30528406	-2.8933216	Benkovac
15.27702784	44.28542657	-3.9147769	Benkovac
15.79543063	43.92925617	-3.418638	Benkovac
15.74712619	44.07650106	-11.5310965	Benkovac
16.60355975	43.65161306	-7.2065131	Benkovac
16.02446845	43.82669262	-7.5184969	Benkovac
16.17549213	43.71020032	-3.9753175	Benkovac
15.33708116	44.21861167	-2.1718665	Benkovac
15.84562295	43.8699725	-1.5892987	Benkovac
15.42679942	44.16416985	-2.5385501	Benkovac
15.35070956	44.25598307	-5.4786767	Benkovac
16.65753822	43.59426799	-2.2327406	Benkovac
15.59614725	44.16363827	-10.3373743	Benkovac
15.82942335	44.02498806	-11.958888	Benkovac
16.06051644	43.76224563	-4.1227542	Benkovac
15.96384055	43.79558639	-2.4838001	Benkovac
15.69012938	44.02741842	-5.2256604	Benkovac
15.95246562	43.84738932	-5.4672631	Benkovac
15.94634088	43.9347931	-11.1779954	Benkovac
15.48735298	44.24438185	-11.3194574	Benkovac
16.1902218	43.73085063	-6.2505657	Benkovac
16.65837854	43.62176685	-5.0863118	Benkovac
16.05374473	43.78608863	-5.6636835	Benkovac
16.36412375	43.71416983	-8.2913438	Benkovac
15.52966763	44.19373779	-9.4429979	Benkovac
15.95231331	43.92080821	-10.5204578	Benkovac
16.22948637	43.73045142	-7.1475385	Benkovac
16.48109487	43.66284278	-5.9181273	Benkovac
15.60780262	44.16942893	-11.3218377	Benkovac
16.05838749	43.7994398	-6.8932148	Benkovac
15.13247819	44.36659678	-1.425658	Benkovac
15.26819674	44.40215511	-11.5862664	Benkovac
15.73475527	44.00871992	-6.1130018	Benkovac
15.95687425	43.85957263	-6.5335459	Benkovac
15.13502747	44.3836852	-2.3368968	Benkovac
16.77643258	43.61816451	-8.3962141	Benkovac
15.66430819	44.06439453	-6.5678462	Benkovac
16.70756946	43.66952011	-10.8819115	Benkovac
15.88917818	43.96492489	-10.5304454	Benkovac
15.94206508	43.91003332	-9.2506217	Benkovac
15.70005353	44.11538695	-11.9567791	Benkovac
15.980166	43.81985228	-4.9949968	Benkovac
15.31214726	44.30234662	-6.8288718	Benkovac
16.06950278	43.75634277	-4.0590394	Benkovac
16.5885715	43.69371037	-11.2927869	Benkovac
15.83338386	43.90307994	-3.3760719	Benkovac
16.1236551	43.79962902	-9.6693104	Benkovac
15.31060611	44.22096886	-0.9999998	Benkovac
16.48077342	43.6177853	-1.555495	Benkovac
15.83018609	43.99404556	-9.7661651	Benkovac
15.36700372	44.25294879	-6.0888652	Benkovac
15.43397186	44.28045453	-11.3984032	Benkovac
16.18755662	43.72208033	-5.4135216	Benkovac
15.46053725	44.16407961	-4.0680623	Benkovac
16.49085216	43.62522587	-2.5066739	Benkovac
16.18684525	43.74193291	-7.0654998	Benkovac
16.09854642	43.79174105	-8.045463	Benkovac
15.71292459	43.98450982	-3.3149581	Benkovac
16.1868836	43.78175424	-10.4329488	Benkovac
15.18715511	44.43961255	-8.758857	Benkovac
15.40851026	44.29896433	-11.4098206	Benkovac
15.91301854	43.95750407	-11.1527576	Benkovac
15.10755269	44.41950961	-1.6696361	Benkovac
15.22335284	44.31177064	-3.25239	Benkovac
15.84153081	43.88286844	-2.3178944	Benkovac
15.37280109	44.32111732	-11.1602069	Benkovac
16.09602978	43.70884342	-0.9999998	Benkovac
15.33885474	44.24876681	-4.374346	Benkovac
15.67574078	44.01764194	-3.8193262	Benkovac
16.73933434	43.67453006	-11.9577054	Benkovac
15.19294637	44.41539135	-8.2062939	Benkovac
15.7544775	43.94478418	-2.5509996	Benkovac
15.1927809	44.41028989	-7.8721173	Benkovac
16.17443642	43.71799055	-4.5954975	Benkovac
16.56609551	43.69680139	-11.2190667	Benkovac
16.67106634	43.60497389	-3.610064	Benkovac
16.41843348	43.65779128	-3.9253836	Benkovac
15.46696686	44.26522635	-11.9577083	Benkovac
15.4181886	44.22489414	-6.707084	Benkovac
15.25934842	44.34716249	-7.5517592	Benkovac
15.56190097	44.158385	-8.2879465	Benkovac
15.67894991	44.08799224	-8.9671517	Benkovac
15.40116508	44.23403795	-6.489266	Benkovac
16.36229859	43.72746927	-9.5859144	Benkovac
15.81728838	43.89990748	-2.3673353	Benkovac
15.65956781	44.07390037	-7.0067531	Benkovac
16.35541496	43.68305247	-4.995533	Benkovac
15.45605634	44.26211291	-11.2272122	Benkovac
15.26662999	44.36799036	-9.3005467	Benkovac
15.34063685	44.31609364	-9.1944744	Benkovac
15.36687456	44.23534458	-4.8488702	Benkovac
16.32903564	43.7160948	-7.7610581	Benkovac
15.63060769	44.06964757	-5.2857921	Benkovac
16.66007022	43.65946102	-9.0086612	Benkovac
15.58100623	44.19608247	-11.9577074	Benkovac
15.13262203	44.35609249	-0.9999993	Benkovac
15.16598096	44.39731894	-5.3359962	Benkovac
15.11373366	44.40044428	-1.3614525	Benkovac
15.80572347	44.03283393	-11.3413382	Benkovac
15.57881577	44.04515117	-0.9999993	Benkovac
15.8031342	44.01230723	-9.7585416	Benkovac
15.39129628	44.19844051	-3.4958538	Benkovac
15.25125578	44.33920836	-6.5854058	Benkovac
15.32957189	44.31901365	-8.8761185	Benkovac
15.89825815	43.86011333	-3.5567984	Benkovac
15.33681095	44.2654735	-5.442056	Benkovac
15.78186984	43.97937315	-6.3690866	Benkovac
15.28294136	44.25874445	-2.2591839	Benkovac
15.15630901	44.4109359	-5.1426683	Benkovac
16.15425095	43.68993316	-1.4986698	Benkovac
15.16227961	44.43062414	-6.4309372	Benkovac
15.25949944	44.3936156	-10.5480408	Benkovac
15.88271864	43.97906047	-11.2343255	Benkovac
16.47574587	43.63040008	-2.6537567	Benkovac
16.14383846	43.69302796	-1.3847357	Benkovac
15.79504148	44.02022852	-9.9183587	Benkovac
15.14603581	44.38601929	-3.2989112	Benkovac
15.39371525	44.2579039	-7.7850748	Benkovac
15.77836848	44.04841984	-11.0892694	Benkovac
16.64912395	43.58342061	-0.9999993	Benkovac
15.28054179	44.36219518	-9.665679	Benkovac
16.34981937	43.66028368	-2.6006444	Benkovac
15.77508989	43.92166064	-1.8860345	Benkovac
16.21662849	43.67715048	-1.5453802	Benkovac
16.00694685	43.87675947	-10.2931234	Benkovac
16.31734599	43.70225529	-6.1340466	Benkovac
16.18860684	43.69100738	-2.3554471	Benkovac
15.50127448	44.13190238	-3.5087623	Benkovac
15.37179861	44.26129236	-6.9156876	Benkovac
15.24190722	44.42147901	-11.3522718	Benkovac
15.98918386	43.79409125	-3.4754408	Benkovac
16.46905559	43.64477661	-3.882585	Benkovac
15.94836393	43.83512757	-4.4114422	Benkovac
16.53007041	43.6807098	-8.8220958	Benkovac
15.72984641	44.08700292	-11.4193324	Benkovac
16.04494019	43.87277773	-11.9577054	Benkovac
15.5549592	44.09572051	-3.4569237	Benkovac
16.49157575	43.62840715	-2.8415638	Benkovac
15.99158923	43.82291998	-5.7940637	Benkovac
16.36069111	43.64446284	-1.2504657	Benkovac
16.40356175	43.65543921	-3.3411121	Benkovac
15.53315509	44.22511415	-11.9577054	Benkovac
16.7008074	43.64972368	-8.7184281	Benkovac
15.25959228	44.26123527	-1.3205496	Benkovac
16.13924132	43.8052926	-10.708745	Benkovac
16.57156452	43.68671636	-10.272046	Benkovac
16.45490806	43.68948551	-7.8654495	Benkovac
16.57990775	43.67527682	-9.2363521	Benkovac
15.51737684	44.09399029	-1.4969935	Benkovac
15.4783128	44.25835404	-11.9577054	Benkovac
15.18035086	44.39757657	-6.3555456	Benkovac
16.68770058	43.67904048	-11.5163543	Benkovac
16.49060884	43.61067619	-0.9999998	Benkovac
15.32845951	44.3043322	-7.7549354	Benkovac
15.923661	43.90382083	-7.8761466	Benkovac
15.57785005	44.1942218	-11.6742508	Benkovac
15.85309654	43.85670286	-0.9999993	Benkovac
15.14146436	44.37250023	-2.3773226	Benkovac
16.0731819	43.77795433	-5.882101	Benkovac
16.67339433	43.59964366	-3.2333919	Benkovac
16.03596454	43.86066044	-10.6350169	Benkovac
16.46646359	43.72336551	-11.4198089	Benkovac
16.74433914	43.66720039	-11.4916209	Benkovac
15.37012672	44.2249297	-4.2835067	Benkovac
15.85517712	43.86383764	-1.6113949	Benkovac
15.65817872	44.03886225	-4.4532979	Benkovac
16.7410971	43.65844393	-10.6274676	Benkovac
16.13575985	43.82155545	-11.9577054	Benkovac
16.23021576	43.76145447	-10.2684488	Benkovac
16.69059842	43.62333258	-5.8621173	Benkovac
16.41932858	43.73940608	-11.9577039	Benkovac
16.72175197	43.57750715	-3.0112921	Benkovac
15.80195885	43.89543772	-1.3024779	Benkovac
16.60990255	43.6107019	-3.0930916	Benkovac
16.32240475	43.67681897	-3.691034	Benkovac
15.71949107	43.99823168	-4.612856	Benkovac
16.7104916	43.64624765	-8.5296195	Benkovac
16.12932436	43.81044275	-10.7879105	Benkovac
15.37046226	44.30108968	-9.6377576	Benkovac
15.99381598	43.83658569	-6.8498151	Benkovac
15.33338939	44.27488554	-5.929064	Benkovac
15.39131765	44.16519327	-0.9999998	Benkovac
15.23275374	44.40756018	-9.9421361	Benkovac
15.63820537	44.05719902	-4.7653237	Benkovac
16.17148218	43.7746647	-9.2791551	Benkovac
16.24726062	43.71461383	-5.9276391	Benkovac
15.83087649	43.87783226	-1.4389749	Benkovac
16.28343973	43.73186064	-8.4007348	Benkovac
15.93357008	43.95023858	-11.6261688	Benkovac
15.31447088	44.25488572	-3.5720174	Benkovac
15.96595905	43.93147757	-11.9577054	Benkovac
15.69096432	44.07719849	-8.7968992	Benkovac
16.50037216	43.63352992	-3.5313958	Benkovac
16.20466649	43.77199295	-10.2479481	Benkovac
15.78421648	44.00057962	-7.9893153	Benkovac
15.51527777	44.15859557	-6.1497413	Benkovac
15.85620971	43.91374233	-5.2499157	Benkovac
15.69741161	43.96887273	-1.437785	Benkovac
15.71062304	44.0154932	-5.3963989	Benkovac
16.15333507	43.77643873	-8.7759764	Benkovac
15.37581176	44.1745924	-0.9999993	Benkovac
15.28484554	44.33630687	-7.9886317	Benkovac
16.52454044	43.60492204	-1.0000003	Benkovac
15.31133205	44.28387201	-5.4467622	Benkovac
15.2047426	44.42149703	-9.2656151	Benkovac
15.24211446	44.32411928	-5.0542879	Benkovac
16.72940554	43.61097329	-6.147839	Benkovac
16.6956039	43.61532216	-5.3488554	Benkovac
15.71969549	44.04923581	-8.2380783	Benkovac
15.87546229	43.93308218	-7.5746231	Benkovac
15.6181239	44.15621425	-10.8785804	Benkovac
16.46610792	43.71367486	-10.4738485	Benkovac
15.52239164	44.14455133	-5.4199419	Benkovac
15.50670279	44.11342282	-2.3697064	Benkovac
15.72477113	44.09813971	-11.9577049	Benkovac
15.28853412	44.31146743	-6.3594792	Benkovac
15.49032559	44.22374419	-9.9045618	Benkovac
15.19695285	44.49798721	-11.9577044	Benkovac
15.21696218	44.31840975	-3.319961	Benkovac
15.95951458	43.89787769	-9.3095938	Benkovac
15.68425881	44.05526152	-6.908789	Benkovac
15.90946807	43.90176548	-7.0048684	Benkovac
15.88222788	43.89587725	-5.2266716	Benkovac
16.01666128	43.75268604	-1.4815394	Benkovac
15.26202212	44.25521917	-1.0000892	Benkovac
16.38639068	43.67864743	-5.1922768	Benkovac
15.85817382	43.97892294	-10.0344002	Benkovac
15.26960824	44.35724355	-8.7770155	Benkovac
15.89821544	43.93911036	-9.1117408	Benkovac
15.11812626	44.42990156	-2.9328165	Benkovac
15.61178965	44.04992053	-2.9532547	Benkovac
15.28059913	44.26625811	-2.6931637	Benkovac
15.56976138	44.18493164	-10.6084427	Benkovac
16.15782702	43.80561751	-11.4050667	Benkovac
15.47935286	44.19007405	-6.8764504	Benkovac
15.97716134	43.8038499	-3.7056256	Benkovac
15.74451317	44.05480393	-9.8631859	Benkovac
15.4631045	44.12624317	-1.3452825	Benkovac
15.73933113	43.94016435	-1.4840931	Benkovac
16.37423748	43.67745177	-4.8228081	Benkovac
16.20302752	43.67450157	-0.9999974	Benkovac
15.24839084	44.36391675	-8.0132403	Benkovac
15.93168763	43.93407022	-10.3749019	Benkovac
16.44279271	43.72852299	-11.3513958	Benkovac
15.49523273	44.10213016	-0.9999993	Benkovac
16.13077914	43.81665715	-11.3641615	Benkovac
16.50860064	43.70176795	-10.3425863	Benkovac
15.96436235	43.87271423	-7.824311	Benkovac
16.12481974	43.78355723	-8.3517304	Benkovac
15.48787055	44.16669979	-5.5095894	Benkovac
15.34639736	44.20100399	-1.409013	Benkovac
16.53249429	43.66862026	-7.7116558	Benkovac
15.55884106	44.1722775	-9.1612078	Benkovac
16.75819219	43.66232471	-11.55345	Benkovac
15.19557533	44.37151487	-5.533372	Benkovac
15.93852441	43.8595595	-5.589015	Benkovac
16.02873959	43.87789946	-11.4925789	Benkovac
15.21719349	44.35046381	-5.3942591	Benkovac
15.58263716	44.188097	-11.4326346	Benkovac
15.35872853	44.19257167	-1.4413475	Benkovac
15.94268043	43.81346899	-2.6270096	Benkovac
15.64590104	44.08028407	-6.7950416	Benkovac
15.76243557	43.95954331	-3.9995106	Benkovac
15.32540934	44.21029845	-0.9999998	Benkovac
16.62242866	43.60176403	-2.3901619	Benkovac
16.00402681	43.83252357	-7.080036	Benkovac
15.66204292	44.1413321	-11.9577059	Benkovac
15.28006084	44.36751207	-10.0249315	Benkovac
15.51712012	44.10318256	-2.1433587	Benkovac
15.12793669	44.43954089	-4.104682	Benkovac
15.35458555	44.22618879	-3.5867596	Benkovac
16.23621954	43.70916847	-5.1547968	Benkovac
15.91042866	43.88965548	-6.2191769	Benkovac
16.76242908	43.65224674	-10.8353031	Benkovac
16.53948175	43.67050687	-8.0359249	Benkovac
15.23617295	44.37104334	-7.7848365	Benkovac
16.69509482	43.6820555	-11.9577059	Benkovac
15.14169882	44.45305874	-5.7483365	Benkovac
16.2532201	43.68704153	-3.2898223	Benkovac
15.64485328	44.02896016	-3.0907054	Benkovac
15.19096878	44.50141379	-11.630495	Benkovac
16.57594027	43.66598322	-8.2066898	Benkovac
16.6374081	43.58574908	-0.9999979	Benkovac
16.70377204	43.58561443	-3.0831065	Benkovac
16.00927606	43.79970382	-4.780265	Benkovac
15.96862499	43.84814526	-6.3504416	Benkovac
15.39695273	44.21449619	-4.9082083	Benkovac
15.80324337	43.90480124	-2.0382235	Benkovac
15.42412128	44.20703213	-5.6353848	Benkovac
15.12842435	44.3962208	-2.3397503	Benkovac
15.97872451	43.92196099	-11.9577054	Benkovac
16.30042912	43.65794958	-1.3490863	Benkovac
15.64524707	44.14265699	-11.2319481	Benkovac
15.95386448	43.82311666	-3.8668858	Benkovac
15.50630916	44.2413899	-11.9577054	Benkovac
16.49848681	43.64243241	-4.3628575	Benkovac
15.99038572	43.8519599	-7.732521	Benkovac
15.58228077	44.08827455	-4.2583011	Benkovac
16.54104321	43.60212181	-0.9999993	Benkovac
15.8363543	43.89248551	-2.7582755	Benkovac
15.22933405	44.2767902	-1.0000008	Benkovac
15.42963238	44.15024354	-1.6220775	Benkovac
16.23948954	43.74278869	-8.5894242	Benkovac
15.54596805	44.15205505	-7.0571706	Benkovac
15.68883423	44.04180443	-6.1813681	Benkovac
15.61550072	44.14083138	-9.647742	Benkovac
15.9634991	43.88689607	-8.7574281	Benkovac
15.19371045	44.50410267	-11.9577054	Benkovac
16.19962291	43.73395835	-6.85172	Benkovac
15.45333155	44.24333722	-9.6923319	Benkovac
15.27364601	44.24753712	-0.9990423	Benkovac
16.42463155	43.66779783	-5.0416043	Benkovac
16.31716113	43.65730188	-1.6289754	Benkovac
16.01067993	43.89140584	-11.4944754	Benkovac
16.12536942	43.74155158	-4.8202153	Benkovac
15.49829129	44.10514172	-1.3652513	Benkovac
15.18771378	44.45702838	-9.5274166	Benkovac
16.22997276	43.66895481	-1.000013	Benkovac
15.97554997	43.76963024	-1.0000003	Benkovac
15.11598235	44.38751556	-0.9999984	Benkovac
16.66153368	43.59561192	-2.4762462	Benkovac
16.45992328	43.67942946	-7.0134227	Benkovac
15.86565826	43.86907963	-2.4990929	Benkovac
15.18838027	44.38758797	-6.1632988	Benkovac
15.47348574	44.1534987	-3.863557	Benkovac
16.46996528	43.69106377	-8.3795671	Benkovac
15.19509749	44.49625419	-11.7398802	Benkovac
16.24634163	43.69554899	-3.9996971	Benkovac
16.64875802	43.66983545	-9.8817345	Benkovac
15.27360867	44.25420519	-1.4813817	Benkovac
15.18461142	44.48862007	-10.5986947	Benkovac
16.28127493	43.66431765	-1.5921141	Benkovac
15.81968021	43.97834532	-8.1267928	Benkovac
16.28660462	43.657307	-1.0000003	Benkovac
16.22013153	43.74221311	-8.1329721	Benkovac
15.89903373	43.89507361	-6.007095	Benkovac
16.19614102	43.79584618	-11.9577054	Benkovac
16.10735911	43.76555011	-6.2008224	Benkovac
16.71881091	43.66013449	-10.1100194	Benkovac
16.59403695	43.67902959	-9.8717518	Benkovac
16.45696614	43.65314784	-4.4014554	Benkovac
15.29339717	44.23336901	-1.0000091	Benkovac
15.49335164	44.1991706	-8.1969401	Benkovac
16.16465953	43.8092447	-11.9577074	Benkovac
15.8331587	43.96481637	-7.8064762	Benkovac
15.92749236	43.84226759	-3.8300272	Benkovac
15.91981725	43.94611219	-10.6631644	Benkovac
16.60057507	43.66828961	-8.8768031	Benkovac
15.32105586	44.3310661	-9.3438367	Benkovac
16.45759361	43.63927445	-3.0754957	Benkovac
15.20241006	44.40783524	-8.2546948	Benkovac
15.37039985	44.17787222	-0.9999993	Benkovac
15.30041941	44.3806049	-11.9585911	Benkovac
15.60246674	44.18193092	-11.9577093	Benkovac
15.93147641	43.95624805	-11.9577552	Benkovac
15.86742458	43.87973484	-3.3481724	Benkovac
15.15924319	44.38227338	-4.1807491	Benkovac
15.21858795	44.43245546	-10.7490667	Benkovac
16.71509746	43.60245055	-4.9203259	Benkovac
16.4246347	43.69196247	-7.3784608	Benkovac
15.13857879	44.44124961	-5.0116425	Benkovac
16.55072387	43.62663196	-3.7003675	Benkovac
16.53520375	43.7118596	-11.9577054	Benkovac
15.42762198	44.23416931	-7.8333172	Benkovac
16.3856633	43.63883253	-1.3062835	Benkovac
16.51786839	43.60985399	-1.3923646	Benkovac
15.59946981	44.08859911	-5.1215052	Benkovac
15.87803662	43.86905981	-3.1339923	Benkovac
15.47360155	44.23602688	-10.0657896	Benkovac
16.21018404	43.69031626	-2.7306912	Benkovac
16.22214277	43.75677465	-9.5915257	Benkovac
15.61323812	44.17459434	-11.9577054	Benkovac
15.30512537	44.2463768	-2.5038944	Benkovac
15.33301646	44.22944307	-2.7254576	Benkovac
15.29598279	44.35920275	-10.1876207	Benkovac
15.16317389	44.38106475	-4.3275426	Benkovac
16.63341676	43.69253447	-11.9577064	Benkovac
15.12860791	44.36367528	-1.0000033	Benkovac
15.32558514	44.29599821	-7.0144549	Benkovac
16.04146877	43.80648842	-6.7009558	Benkovac
15.28440741	44.29754547	-5.1495662	Benkovac
15.41791636	44.25343375	-8.6942279	Benkovac
15.94496365	43.94712381	-11.9577054	Benkovac
16.04328499	43.87379115	-11.9577054	Benkovac
15.54656704	44.07415645	-1.5017533	Benkovac
15.72020212	44.08129007	-10.5361524	Benkovac
15.75179564	43.92504058	-0.9999554	Benkovac
16.08743409	43.77400284	-6.1972721	Benkovac
16.49683507	43.68006619	-7.9614008	Benkovac
15.54207314	44.14125679	-6.0913596	Benkovac
15.75347681	44.00613635	-6.8583773	Benkovac
15.19225647	44.47418006	-10.5979769	Benkovac
15.98263181	43.83198558	-5.9575935	Benkovac
15.59472309	44.07794208	-4.126085	Benkovac
15.31885864	44.23245164	-2.2213275	Benkovac
15.84661274	43.92538448	-5.6218309	Benkovac
15.25929324	44.29077521	-3.4531173	Benkovac
15.86503512	43.85559638	-1.5374232	Benkovac
15.5103919	44.20322338	-9.2772537	Benkovac
16.23015052	43.75418985	-9.5391851	Benkovac
16.05419024	43.75490377	-3.2828548	Benkovac
16.78998084	43.62649734	-9.5812774	Benkovac
16.05583481	43.73063538	-1.3960135	Benkovac
16.68550166	43.63296029	-6.7184335	Benkovac
15.18657051	44.30890327	-1.0000003	Benkovac
15.87910393	43.84441414	-1.4898626	Benkovac
15.17355177	44.44174554	-7.77913	Benkovac
16.40077961	43.7055067	-8.179625	Benkovac
15.5644625	44.19974936	-11.4792576	Benkovac
15.67110582	43.98110491	-0.9999998	Benkovac
16.36354634	43.65042196	-1.8971253	Benkovac
15.90534681	43.96941583	-11.6376302	Benkovac
15.54008585	44.10914331	-3.6923533	Benkovac
15.76231814	44.0473893	-10.220357	Benkovac
16.48751359	43.63652347	-3.5282879	Benkovac
16.53690162	43.60645464	-1.3747689	Benkovac
15.67896581	44.10725971	-10.3434754	Benkovac
15.7000508	44.1114415	-11.6753963	Benkovac
15.99950115	43.83071037	-6.7375756	Benkovac
15.74824182	44.03522147	-8.6599307	Benkovac
16.54711009	43.68639673	-9.7821373	Benkovac
16.68087618	43.57559936	-1.4299378	Benkovac
15.19289362	44.31285686	-1.6097127	Benkovac
16.80404371	43.64197029	-11.3969779	Benkovac
15.36381219	44.33881587	-11.9575941	Benkovac
15.2175524	44.41042108	-9.2720025	Benkovac
15.76696929	44.00961991	-7.7743781	Benkovac
15.68925335	44.10723739	-10.8445994	Benkovac
15.83261851	43.92602507	-4.9892898	Benkovac
16.05718926	43.74421092	-2.5904066	Benkovac
15.3228403	44.22055457	-1.5887874	Benkovac
16.39486718	43.69324647	-6.8298526	Benkovac
15.620886	44.03768254	-2.521619	Benkovac
16.43618916	43.64680037	-3.2890382	Benkovac
16.00004397	43.81914794	-5.8767294	Benkovac
16.03830542	43.86889449	-11.3641107	Benkovac
15.40897559	44.16203079	-1.5664339	Benkovac
15.990586	43.81895788	-5.4517924	Benkovac
15.10514373	44.40797079	-0.9999993	Benkovac
15.7374814	43.93467735	-1.0005047	Benkovac
16.11197561	43.82977767	-11.5572552	Benkovac
15.73044259	43.97303468	-3.3708411	Benkovac
16.34785261	43.69117724	-5.6532195	Benkovac
16.45831507	43.73094717	-11.9577074	Benkovac
16.08440688	43.79806398	-7.9177657	Benkovac
15.91667699	43.96622718	-11.9576995	Benkovac
15.59112863	44.13296306	-7.8930926	Benkovac
15.98142659	43.89331076	-10.1214339	Benkovac
15.48121195	44.2161928	-8.9224603	Benkovac
16.20619149	43.78482967	-11.3880618	Benkovac
15.36048679	44.1850002	-1.0000477	Benkovac
15.58031756	44.17590042	-10.4432391	Benkovac
15.1827444	44.49334652	-10.6488685	Benkovac
15.8595987	43.9521859	-8.1795802	Benkovac
15.20831237	44.3100109	-2.2936204	Benkovac
15.23555351	44.28021184	-1.5469364	Benkovac
15.65913746	44.12424522	-10.5913216	Benkovac
15.73209473	44.03772677	-8.0369017	Benkovac
16.12145432	43.81784962	-11.0507474	Benkovac
16.53268371	43.6455662	-5.3397816	Benkovac
15.20017103	44.48342105	-11.6041014	Benkovac
16.1783223	43.72772678	-5.5581026	Benkovac
16.39700796	43.74400116	-11.9577059	Benkovac
15.39477975	44.31666867	-11.9577044	Benkovac
16.12011627	43.80616864	-10.0933721	Benkovac
15.92938751	43.79977542	-0.9999989	Benkovac
16.7280561	43.6204421	-6.913548	Benkovac
16.69785008	43.63384501	-7.0267376	Benkovac
15.19203915	44.36076572	-4.6430556	Benkovac
15.59987422	44.14529755	-9.2044874	Benkovac
16.74128348	43.67386321	-11.9577054	Benkovac
15.2081403	44.44525053	-10.6417391	Benkovac
16.72722007	43.65055881	-9.4693924	Benkovac
16.5971864	43.64263144	-6.1671008	Benkovac
15.47663325	44.25509268	-11.636203	Benkovac
15.56768835	44.08424012	-3.2562222	Benkovac
16.03457037	43.7570701	-2.5970474	Benkovac
15.427711	44.18286003	-3.9834068	Benkovac
16.08185645	43.73995253	-3.1192364	Benkovac
15.80893814	43.95011386	-5.574271	Benkovac
15.6633556	44.11485597	-10.1247635	Benkovac
15.88656589	43.93739794	-8.4235594	Benkovac
16.01747082	43.83516409	-7.867064	Benkovac
15.53074585	44.08293294	-1.3576488	Benkovac
15.69936487	44.05878564	-7.9074201	Benkovac
15.84513539	44.01442221	-11.9577025	Benkovac
16.55402794	43.68729737	-10.0248734	Benkovac
16.42387003	43.7097399	-9.0804783	Benkovac
16.66833268	43.67563183	-10.8241268	Benkovac
16.43966748	43.63586956	-2.315971	Benkovac
15.35223275	44.34069703	-11.5392083	Benkovac
16.01879795	43.8460267	-8.7619705	Benkovac
16.18271073	43.7147035	-4.606911	Benkovac
16.3763877	43.66305773	-3.4263775	Benkovac
15.29953918	44.25949955	-3.1416097	Benkovac
16.11256572	43.73162795	-3.5206522	Benkovac
15.2101676	44.42879808	-10.0402882	Benkovac
15.93257051	43.94083948	-10.9020614	Benkovac
16.36890153	43.6690428	-3.870932	Benkovac
15.79502435	43.97504081	-6.6937537	Benkovac
16.74187825	43.61582519	-6.9967757	Benkovac
15.87517635	43.94414483	-8.3565013	Benkovac
15.25585783	44.4101927	-11.4099393	Benkovac
16.2511484	43.72396701	-6.9444599	Benkovac
15.42199621	44.27295636	-10.2681619	Benkovac
15.37706525	44.28619158	-8.9267391	Benkovac
16.22062449	43.70227943	-4.1436224	Benkovac
15.67269658	44.09484733	-9.1475474	Benkovac
15.53134351	44.13077884	-4.8159704	Benkovac
15.19533208	44.32596997	-2.5900345	Benkovac
15.96871095	43.82741968	-4.9269869	Benkovac
15.5733317	44.0958939	-4.366974	Benkovac
15.80958751	44.03882776	-11.9577054	Benkovac
15.25925642	44.33008753	-6.3095152	Benkovac
15.74535139	44.064649	-10.6027357	Benkovac
15.62679674	44.05517718	-4.0633348	Benkovac
16.05490336	43.86716302	-11.9576751	Benkovac
15.92385856	43.86062657	-4.9084383	Benkovac
16.26808521	43.69562179	-4.4552597	Benkovac
15.99635326	43.88819826	-10.5366273	Benkovac
16.5511034	43.60620027	-1.5973475	Benkovac
16.26908739	43.75816444	-10.7397074	Benkovac
15.58019175	44.07787642	-3.4112655	Benkovac
15.55113928	44.1145692	-4.6211784	Benkovac
16.03518663	43.73596832	-0.9999993	Benkovac
15.24370915	44.27142871	-1.2996243	Benkovac
16.04072879	43.86764332	-11.3796283	Benkovac
15.65112605	44.05212783	-5.044401	Benkovac
15.15067086	44.45404945	-6.4941933	Benkovac
15.84188609	43.9510544	-7.2393289	Benkovac
16.64911737	43.59322173	-1.9768734	Benkovac
15.24729091	44.37756428	-8.829242	Benkovac
16.40328277	43.69013175	-6.6909571	Benkovac
16.29675017	43.76462936	-11.9577064	Benkovac
16.52386122	43.66013983	-6.6843449	Benkovac
16.00778043	43.75144243	-0.9999998	Benkovac
15.98762375	43.91044108	-11.6209837	Benkovac
16.4365973	43.62623944	-1.311515	Benkovac
15.27602896	44.32655042	-6.8564762	Benkovac
15.1348175	44.44630012	-4.9265102	Benkovac
15.72154866	43.94579	-1.0000013	Benkovac
16.06824353	43.85421618	-11.5396585	Benkovac
15.21955868	44.42065141	-10.0431607	Benkovac
16.08903081	43.78560817	-7.1599061	Benkovac
15.84084656	43.97255409	-8.736026	Benkovac
15.61018823	44.03011117	-1.4564085	Benkovac
15.66830214	44.13078495	-11.5077972	Benkovac
16.57668477	43.64534034	-6.0874382	Benkovac
16.38322648	43.64930119	-2.2598724	Benkovac
16.18998803	43.72186894	-5.474396	Benkovac
15.69213174	44.01304866	-4.3063353	Benkovac
15.67247729	44.04005536	-5.2465866	Benkovac
16.64464124	43.60439799	-3.0519544	Benkovac
16.67404441	43.6104784	-4.1959981	Benkovac
16.21041711	43.78976782	-11.9577044	Benkovac
15.77048427	43.9503602	-3.7280347	Benkovac
16.74612876	43.60509942	-6.2239337	Benkovac
15.94465749	43.87057177	-6.6633838	Benkovac
16.1856067	43.678086	-0.9999993	Benkovac
16.72063826	43.65619953	-9.7357266	Benkovac
16.31815946	43.76022208	-11.9577054	Benkovac
15.18056095	44.33459717	-2.3145428	Benkovac
15.706841	43.97574527	-2.3923033	Benkovac
16.41225788	43.68443312	-6.3533047	Benkovac
15.42231698	44.23342023	-7.5148645	Benkovac
16.06463353	43.82521035	-9.1488424	Benkovac
16.17176341	43.78777499	-10.3977537	Benkovac
16.25302467	43.75520014	-10.1116851	Benkovac
16.43950499	43.70098204	-8.6076202	Benkovac
16.40328865	43.71608061	-9.2903519	Benkovac
16.59081219	43.59367048	-0.9999989	Benkovac
16.61547574	43.67607235	-9.9421351	Benkovac
16.48985179	43.70784248	-10.4797945	Benkovac
15.90956599	43.8669339	-4.6083382	Benkovac
16.33591221	43.68113887	-4.4019305	Benkovac
15.77709341	44.06156328	-11.9577054	Benkovac
15.2932468	44.27388894	-3.8537567	Benkovac
16.53968088	43.6166971	-2.4810028	Benkovac
15.87324738	43.87655509	-3.4046046	Benkovac
15.68085264	44.06835824	-7.6688072	Benkovac
15.38800343	44.22158481	-4.9521776	Benkovac
15.46574484	44.22954086	-9.2208953	Benkovac
15.22357104	44.39722828	-8.761233	Benkovac
16.29689475	43.73656898	-9.1498333	Benkovac
15.74562417	43.99454294	-5.6475127	Benkovac
16.63735006	43.67606392	-10.3249876	Benkovac
15.21915892	44.29017481	-1.4850711	Benkovac
16.12539181	43.69633491	-1.0000008	Benkovac
15.20258804	44.43429755	-9.7499986	Benkovac
16.44092663	43.72279727	-10.7511146	Benkovac
15.25774089	44.34127269	-7.0507866	Benkovac
16.31927552	43.73812107	-9.7666888	Benkovac
16.17952319	43.80291966	-11.9577049	Benkovac
15.4481316	44.27822975	-11.9576961	Benkovac
15.17969361	44.45072488	-8.6351993	Benkovac
15.40689402	44.27370129	-9.5576165	Benkovac
15.36679575	44.33681304	-11.9577054	Benkovac
16.14534532	43.81745904	-11.9580125	Benkovac
16.54068047	43.67666008	-8.6856754	Benkovac
15.459471	44.27005347	-11.9577904	Benkovac
16.52941138	43.6341669	-4.105161	Benkovac
15.52412309	44.11126932	-3.0650472	Benkovac
15.23089947	44.34712479	-5.9499914	Benkovac
16.07433701	43.75111685	-3.7929168	Benkovac
16.15743191	43.75196065	-6.8540965	Benkovac
16.52870014	43.6624244	-7.0116128	Benkovac
16.78963495	43.65432861	-11.9577044	Benkovac
16.70480785	43.59596133	-4.006711	Benkovac
15.74425228	44.04525854	-9.1735733	Benkovac
16.42391332	43.7149056	-9.597169	Benkovac
16.42097921	43.63666317	-1.9440565	Benkovac
15.4217199	44.19440171	-4.5774238	Benkovac
16.4816788	43.72515009	-11.9577059	Benkovac
15.43627989	44.21391332	-6.7057126	Benkovac
16.10851277	43.80567273	-9.5509593	Benkovac
16.02604497	43.85419199	-9.7053013	Benkovac
16.71371561	43.67888892	-11.9577059	Benkovac
16.44907176	43.73323996	-11.9577054	Benkovac
15.4779713	44.11261452	-1.0000003	Benkovac
16.33737983	43.70037056	-6.3580521	Benkovac
15.98302817	43.77247868	-1.5440765	Benkovac
15.91288746	43.93871074	-9.7947628	Benkovac
15.49968421	44.21175649	-9.4303953	Benkovac
16.6343716	43.65732623	-8.3371203	Benkovac
16.55785676	43.61665265	-2.7948949	Benkovac
15.24278196	44.3308781	-5.5733136	Benkovac
16.13713942	43.78897842	-9.2534735	Benkovac
16.23709418	43.77840545	-11.9577054	Benkovac
15.87804553	43.90846149	-5.9293447	Benkovac
15.24083499	44.39270433	-9.4403824	Benkovac
16.63127512	43.68595228	-11.2400316	Benkovac
15.33904261	44.35515302	-11.9577054	Benkovac
15.14928181	44.46050495	-6.65387	Benkovac
15.35965498	44.33407492	-11.4134486	Benkovac
16.61379089	43.5941515	-1.4527659	Benkovac
16.47610801	43.61319641	-0.9999993	Benkovac
16.00472662	43.78575027	-3.5082874	Benkovac
15.36010455	44.29310182	-8.5548248	Benkovac
16.01259559	43.81355262	-5.9908896	Benkovac
15.16984619	44.32352338	-1.0000013	Benkovac
15.52708606	44.20506896	-10.1761278	Benkovac
15.70711081	43.9559017	-1.0000018	Benkovac
15.6310236	44.16247677	-11.9577049	Benkovac
16.11030192	43.70276414	-0.9999993	Benkovac
15.56607635	44.05384448	-1.0000003	Benkovac
15.95862955	43.79527996	-2.1946981	Benkovac
15.6341579	44.10619537	-8.0773278	Benkovac
15.43227286	44.28966017	-11.9577054	Benkovac
15.11655216	44.42145945	-2.4576969	Benkovac
16.54680255	43.63975953	-4.987389	Benkovac
15.37001394	44.21539699	-3.610065	Benkovac
15.63494279	44.0063993	-1.0000399	Benkovac
15.78826083	44.01006026	-8.8615352	Benkovac
16.23940969	43.77309791	-11.5924486	Benkovac
16.07660089	43.72734405	-1.864389	Benkovac
15.99961536	43.77448127	-2.4186998	Benkovac
15.59695188	44.05499409	-2.5913419	Benkovac
15.16538518	44.37039817	-3.7648426	Benkovac
16.45297174	43.62512625	-1.5971107	Benkovac
15.20229222	44.46554423	-11.0267313	Benkovac
15.99958373	43.82566446	-6.3594983	Benkovac
15.26342792	44.35738908	-8.43878	Benkovac
16.73398759	43.66928875	-11.3223104	Benkovac
16.52147041	43.71527093	-11.9577064	Benkovac
15.94101195	43.94981852	-11.9575716	Benkovac
15.93845707	43.84787096	-4.7800279	Benkovac
16.44364522	43.71754728	-10.3092681	Benkovac
15.77079741	43.96880509	-5.071588	Benkovac
15.34152178	44.23772995	-3.7356209	Benkovac
16.13606677	43.72974826	-4.2076495	Benkovac
15.97468377	43.8062707	-3.7773262	Benkovac
15.79280831	43.91446676	-2.2275096	Benkovac
15.82413928	44.02234407	-11.5108304	Benkovac
16.00683934	43.83793403	-7.6126915	Benkovac
16.21407335	43.7129152	-5.0737093	Benkovac
16.21694891	43.72295401	-6.1383278	Benkovac
15.45388289	44.2703343	-11.6954041	Benkovac
15.30275296	44.37384216	-11.5774876	Benkovac
15.39855775	44.17825918	-2.3107391	Benkovac
15.51356493	44.17293593	-7.1480154	Benkovac
15.46228346	44.26211373	-11.5106483	Benkovac
16.5040141	43.71960576	-11.9577049	Benkovac
15.7298239	44.05988319	-9.4950758	Benkovac
15.53461008	44.21469348	-11.2414593	Benkovac
16.56818713	43.70366296	-11.9577054	Benkovac
15.77377038	43.97555583	-5.6992425	Benkovac
16.75597976	43.66792745	-11.9577064	Benkovac
16.42440729	43.6260442	-0.9999989	Benkovac
16.55490512	43.59976887	-0.9999979	Benkovac
15.26792778	44.34630242	-7.9049888	Benkovac
15.82364877	43.93847013	-5.4496651	Benkovac
16.28671464	43.67267515	-2.5409259	Benkovac
16.15778884	43.7639331	-7.8790042	Benkovac
15.46483292	44.19053768	-6.2500914	Benkovac
15.21948619	44.45546258	-11.9577069	Benkovac
16.25536436	43.77314343	-11.9577064	Benkovac
16.65415306	43.68901307	-11.9577044	Benkovac
15.81617558	44.01542038	-10.6260584	Benkovac
16.70622487	43.56033709	-0.9999993	Benkovac
16.53222079	43.62599041	-3.3099647	Benkovac
16.17199824	43.68866127	-1.7785501	Benkovac
16.51897206	43.65077481	-5.6384941	Benkovac
16.41292675	43.64734645	-2.7834803	Benkovac
15.6334147	44.1290039	-9.6753265	Benkovac
15.27924789	44.37393226	-10.3920496	Benkovac
15.53943805	44.12296697	-4.6516568	Benkovac
16.2641112	43.74610674	-9.4292064	Benkovac
16.22223222	43.75360211	-9.3172528	Benkovac
15.92843938	43.87831202	-6.3630462	Benkovac
15.25265172	44.2811611	-2.4358228	Benkovac
15.60547788	44.02695335	-0.9992347	Benkovac
16.60775373	43.68612218	-10.8450511	Benkovac
16.4964311	43.63498766	-3.5957774	Benkovac
16.68105572	43.58734064	-2.44343	Benkovac
15.89536427	43.89964589	-6.1353884	Benkovac
16.01166481	43.83937887	-7.940174	Benkovac
15.39470481	44.28414376	-9.6739007	Benkovac
16.36371569	43.64111019	-0.9999984	Benkovac
15.80240507	43.98727469	-7.9322924	Benkovac
15.17382611	44.47323414	-9.1112701	Benkovac
16.70212281	43.66149097	-9.9568763	Benkovac
15.38268745	44.19674252	-2.9442689	Benkovac
16.34498676	43.72013971	-8.4949018	Benkovac
15.6682535	44.08400415	-8.1543958	Benkovac
15.44044294	44.14006038	-1.3500369	Benkovac
15.92510453	43.82481682	-2.5047823	Benkovac
15.82585983	44.00781224	-10.5475282	Benkovac
16.46866772	43.61504614	-1.0000008	Benkovac
15.58955208	44.18350451	-11.4396991	Benkovac
15.27945509	44.24341196	-0.9999984	Benkovac
15.335503	44.35009802	-11.4204007	Benkovac
15.99118427	43.76080909	-0.9999998	Benkovac
16.53429769	43.70495669	-11.2683289	Benkovac
16.10887644	43.75185587	-5.0977326	Benkovac
15.73062014	43.93943512	-0.9999993	Benkovac
15.37109189	44.1869784	-1.6745902	Benkovac
15.87449477	43.92064824	-6.6334166	Benkovac
16.117708	43.7580149	-5.9361984	Benkovac
15.51500566	44.0886716	-1.0000223	Benkovac
15.87144432	43.98832817	-11.3546512	Benkovac
15.54513186	44.16987598	-8.3563863	Benkovac
15.76716743	43.9883596	-6.2780613	Benkovac
16.44859873	43.70748753	-9.4551676	Benkovac
15.62440554	44.04476827	-3.2007003	Benkovac
15.17921752	44.3501145	-3.2371971	Benkovac
15.17318226	44.4839648	-9.5074422	Benkovac
15.19492216	44.39910569	-7.272148	Benkovac
15.63385315	44.0481261	-3.9043104	Benkovac
15.74341859	44.08510861	-11.9577054	Benkovac
15.80952888	44.00604605	-9.6295943	Benkovac
16.75759946	43.61223525	-7.2340971	Benkovac
16.21175489	43.74589726	-8.2975221	Benkovac
16.65366646	43.64730503	-7.6407313	Benkovac
16.65865149	43.60219689	-3.0707391	Benkovac
16.33230832	43.66121249	-2.3326185	Benkovac
16.40238335	43.67969286	-5.6579679	Benkovac
15.56405891	44.07066733	-2.106472	Benkovac
15.14943424	44.37262909	-3.0088819	Benkovac
15.62924141	44.09113024	-6.7577938	Benkovac
15.76156308	43.97467392	-5.030742	Benkovac
15.5219262	44.22678085	-11.5715233	Benkovac
16.04385702	43.73107114	-0.9999993	Benkovac
15.72776696	43.95991506	-2.3088382	Benkovac
15.46453201	44.17903353	-5.3726184	Benkovac
15.7707465	44.01997744	-8.6956021	Benkovac
16.67356793	43.68571456	-11.9577044	Benkovac
15.78858685	44.03645175	-10.7477928	Benkovac
15.34350173	44.29480672	-7.8362285	Benkovac
16.19108903	43.71427265	-4.7362746	Benkovac
15.31835175	44.28921378	-6.1744706	Benkovac
15.12212786	44.38413075	-1.3419539	Benkovac
16.02936862	43.86010358	-10.2988304	Benkovac
16.77470408	43.66036259	-11.9577049	Benkovac
16.78345681	43.64221876	-10.704036	Benkovac
16.51932471	43.66633775	-7.1744066	Benkovac
15.17512174	44.40681754	-6.4492483	Benkovac
16.34386377	43.72794317	-9.2534732	Benkovac
15.99640499	43.76365229	-1.4456322	Benkovac
15.58703841	44.19242076	-11.9577054	Benkovac
16.55641562	43.69211014	-10.5574962	Benkovac
15.73372129	43.98539491	-4.4090643	Benkovac
15.44580911	44.18475039	-4.9493391	Benkovac
16.09738353	43.74720079	-4.290617	Benkovac
16.01596119	43.77448174	-3.128762	Benkovac
15.91100956	43.83435651	-2.4372479	Benkovac
15.2064339	44.38207646	-6.823183	Benkovac
15.63737378	44.01781494	-1.9297879	Benkovac
15.5996718	44.03911062	-1.586908	Benkovac
15.21520025	44.30375016	-2.2783787	Benkovac
15.20036775	44.30275577	-1.3804808	Benkovac
15.92557466	43.8947381	-7.348241	Benkovac
16.70442533	43.56575608	-1.4023509	Benkovac
15.81840915	43.99214773	-9.0586964	Benkovac
15.89323024	43.91228934	-6.9411708	Benkovac
16.41696338	43.73403004	-11.370345	Benkovac
16.43288493	43.71859711	-10.1531712	Benkovac
15.19337542	44.34317956	-3.5868807	Benkovac
16.04112397	43.74365125	-1.8491751	Benkovac
15.50109629	44.16883114	-6.2719692	Benkovac
15.67762414	44.00768284	-3.2067606	Benkovac
15.25962988	44.38126232	-9.7606969	Benkovac
15.64729108	44.11323829	-9.2237491	Benkovac
16.21158819	43.75917587	-9.4137096	Benkovac
15.17734352	44.37825468	-4.9424143	Benkovac
15.66938946	44.02722867	-4.1841075	Benkovac
15.34911607	44.32076164	-9.9402808	Benkovac
16.0673314	43.8371637	-10.1865904	Benkovac
16.09764708	43.82952419	-10.915202	Benkovac
15.67419153	44.13304715	-11.9577054	Benkovac
16.1280617	43.70141195	-1.5250594	Benkovac
16.01012016	43.82612494	-6.8517634	Benkovac
15.29008624	44.2620705	-2.8446512	Benkovac
15.41448058	44.17882856	-3.0783492	Benkovac
16.32897197	43.75219979	-11.3770233	Benkovac
15.85092661	43.90099677	-4.077099	Benkovac
16.00591484	43.85545603	-8.772172	Benkovac
15.10715545	44.41224015	-1.3357694	Benkovac
16.38135336	43.68837782	-6.0637556	Benkovac
16.58596051	43.62284369	-3.9268114	Benkovac
16.35671974	43.64918467	-1.6311541	Benkovac
16.0281064	43.78372203	-4.3676868	Benkovac
16.4230218	43.67846233	-6.0341697	Benkovac
16.73120431	43.59514633	-4.8523192	Benkovac
15.84852158	43.98968321	-10.340921	Benkovac
15.55221905	44.19161265	-10.310721	Benkovac
16.43915557	43.67345955	-5.937627	Benkovac
15.81459501	44.02468347	-11.2039085	Benkovac
15.40731632	44.28470646	-10.3501951	Benkovac
15.8960635	43.98012096	-11.9577054	Benkovac
16.09312716	43.71502093	-1.417575	Benkovac
16.30891876	43.74565018	-10.3074356	Benkovac
16.25202919	43.76849194	-11.4229007	Benkovac
16.07105373	43.81136329	-8.3614954	Benkovac
15.78005449	43.97128419	-5.6979465	Benkovac
15.24822768	44.3326207	-5.9654187	Benkovac
15.21429614	44.29739393	-1.7775311	Benkovac
15.37060831	44.19971692	-2.5418651	Benkovac
15.22803274	44.35942833	-6.5801538	Benkovac
16.40624126	43.66702007	-4.5251125	Benkovac
15.95271737	43.94134379	-11.9580003	Benkovac
16.60819867	43.69437528	-11.7056439	Benkovac
16.05395308	43.81732657	-8.0778033	Benkovac
16.39366627	43.68448236	-5.9266121	Benkovac
15.99491951	43.80915617	-4.8845948	Benkovac
15.99385198	43.91068014	-11.9577054	Benkovac
15.43043464	44.22674265	-7.4034129	Benkovac
15.14696897	44.36168394	-2.1698783	Benkovac
15.20746834	44.29120926	-1.0002376	Benkovac
15.35036055	44.32963723	-10.6445877	Benkovac
15.76399939	44.0343497	-9.3795059	Benkovac
16.67038994	43.64706041	-7.9090872	Benkovac
15.86871542	43.96554832	-9.5830604	Benkovac
15.96962667	43.77795108	-1.3832269	Benkovac
16.25124241	43.66457926	-1.0000086	Benkovac
15.56509248	44.2057405	-11.9577069	Benkovac
15.29124033	44.38779339	-11.9577054	Benkovac
16.03263246	43.85156581	-9.7889818	Benkovac
15.89047282	43.87499762	-4.1826803	Benkovac
16.60792433	43.69686116	-11.9577117	Benkovac
16.31141956	43.71652446	-7.4412155	Benkovac
16.41014718	43.69247406	-7.0795915	Benkovac
15.89106564	43.83720214	-1.6078104	Benkovac
15.25171245	44.34850407	-7.2087733	Benkovac
15.82714031	43.95014386	-6.4588781	Benkovac
15.21134918	44.4546257	-11.2837889	Benkovac
16.75744461	43.62192568	-8.0602064	Benkovac
15.7818727	44.02790073	-9.8088492	Benkovac
16.78053948	43.65429214	-11.6390555	Benkovac
16.47621307	43.62106492	-1.7628543	Benkovac
16.10914775	43.72181188	-2.568036	Benkovac
15.68018104	44.11858681	-11.2142708	Benkovac
16.50122787	43.66296892	-6.4139351	Benkovac
15.2323343	44.32060456	-4.3253372	Benkovac
16.24019042	43.76322967	-10.6517235	Benkovac
15.74159715	43.94860397	-2.1948587	Benkovac
16.43951552	43.65537854	-4.198138	Benkovac
15.47148874	44.13625064	-2.4781485	Benkovac
16.58533661	43.70069273	-11.9577044	Benkovac
16.50803701	43.60772129	-1.0000008	Benkovac
16.52936288	43.69456169	-10.1445011	Benkovac
15.74189114	43.9609149	-3.0802122	Benkovac
15.93957248	43.92195	-9.9442818	Benkovac
16.5544552	43.70707608	-11.9577054	Benkovac
15.1932829	44.44776221	-9.5792528	Benkovac
15.26580048	44.27045631	-2.2883822	Benkovac
16.11110434	43.70871506	-1.5317132	Benkovac
16.1441048	43.76474649	-7.4552489	Benkovac
15.23027583	44.31562674	-3.8689705	Benkovac
15.8203193	44.03131558	-11.9576995	Benkovac
16.6851775	43.62140886	-5.5201258	Benkovac
15.95510314	43.78697568	-1.4412742	Benkovac
16.32928791	43.69187274	-5.3402783	Benkovac
16.50320968	43.63984647	-4.2262857	Benkovac
16.05178504	43.86482148	-11.6419149	Benkovac
15.71347037	44.10185079	-11.6609622	Benkovac
16.03411856	43.84215899	-9.1288404	Benkovac
15.38517987	44.24655407	-6.5587497	Benkovac
16.40529003	43.63079172	-0.9999993	Benkovac
16.0315668	43.88253934	-11.9577054	Benkovac
15.29050191	44.37193661	-10.8519378	Benkovac
16.61324154	43.65691495	-7.923947	Benkovac
15.96259185	43.9292704	-11.6323988	Benkovac
15.49361129	44.15192413	-4.6620809	Benkovac
15.70674206	44.07686893	-9.5554752	Benkovac
16.24439704	43.77539847	-11.9577054	Benkovac
15.70342099	44.00190298	-4.0761478	Benkovac
16.71881831	43.58783597	-3.7955482	Benkovac
15.98227078	43.81109964	-4.4851973	Benkovac
15.42086744	44.14727336	-0.9999993	Benkovac
15.96431184	43.79108511	-2.1647913	Benkovac
15.4843152	44.14210985	-3.5021046	Benkovac
15.44118159	44.26986837	-11.0207254	Benkovac
16.60456143	43.61992851	-3.9520179	Benkovac
16.59845078	43.63251777	-5.1448087	Benkovac
15.23937627	44.43309537	-11.9576663	Benkovac
15.39483838	44.20487894	-4.1275487	Benkovac
16.26700347	43.72287866	-7.1622833	Benkovac
15.85762936	43.88846513	-3.50116	Benkovac
16.41376716	43.69816309	-7.7171767	Benkovac
16.23987352	43.66953893	-1.2625682	Benkovac
16.28321053	43.76078594	-11.293474	Benkovac
15.46081155	44.12303359	-1.0000008	Benkovac
16.5097799	43.6372668	-4.0823924	Benkovac
15.50734318	44.19441827	-8.4773031	Benkovac
15.57189549	44.10809256	-5.1709674	Benkovac
15.35582868	44.24452318	-4.9341213	Benkovac
15.664301	44.10295812	-9.3186226	Benkovac
15.97562545	43.90487487	-10.6203328	Benkovac
15.16287642	44.33725199	-1.4912923	Benkovac
16.38239642	43.74376125	-11.6323988	Benkovac
16.55342051	43.69917677	-11.1689339	Benkovac
16.68904887	43.56728303	-1.0000008	Benkovac
16.74561944	43.64975236	-10.0382054	Benkovac
16.06467401	43.72219415	-1.0000003	Benkovac
16.6623844	43.63208257	-6.2217933	Benkovac
15.16982398	44.45906495	-8.2071663	Benkovac
15.3922096	44.31275353	-11.5534481	Benkovac
15.98167893	43.84490262	-6.798452	Benkovac
15.50652026	44.12246006	-3.0393512	Benkovac
15.13247764	44.41831816	-3.5778446	Benkovac
16.73207137	43.67576607	-11.9577054	Benkovac
15.3256516	44.25928984	-4.4452141	Benkovac
16.69864652	43.63204774	-6.8897689	Benkovac
15.40630147	44.15610791	-0.9999998	Benkovac
15.63855094	44.04014648	-3.5714315	Benkovac
16.14211793	43.68920655	-0.9999984	Benkovac
15.84636722	43.86127681	-0.9995643	Benkovac
15.4908656	44.10478303	-1.0000003	Benkovac
15.28840952	44.24339532	-1.4508216	Benkovac
16.33403749	43.73810054	-10.0686563	Benkovac
15.88220328	43.98945968	-11.9577054	Benkovac
16.76772436	43.63007962	-9.1165045	Benkovac
15.34544825	44.19584873	-0.9999969	Benkovac
16.76407281	43.64320432	-10.1162012	Benkovac
15.35207938	44.34655485	-11.9577259	Benkovac
16.00550807	43.84523191	-8.0468873	Benkovac
15.15616082	44.38718056	-4.1427332	Benkovac
15.85645048	43.93226664	-6.593947	Benkovac
15.71718088	44.06106218	-8.9519464	Benkovac
15.76506707	44.06063593	-11.2956771	Benkovac
15.61399036	44.04044074	-2.3821087	Benkovac
16.10537758	43.78368391	-7.6632657	Benkovac
15.5925853	44.18866215	-11.9574325	Benkovac
16.31941771	43.72888278	-8.8440037	Benkovac
15.16055365	44.46562592	-7.7522606	Benkovac
16.47819746	43.61277979	-0.9999993	Benkovac
16.38533213	43.671856	-4.4918065	Benkovac
16.37081595	43.65438536	-2.4530343	Benkovac
15.81513461	43.926875	-4.2026558	Benkovac
