10.539997	44.803	-2.9999999	Campegine-Correggio
10.53981824	44.80002272	-3.3213934	Campegine-Correggio
10.6258138	44.79813652	-5.6916735	Campegine-Correggio
10.79248861	44.69994595	-14.0036512	Campegine-Correggio
10.66704532	44.73831788	-12.4634208	Campegine-Correggio
10.82891336	44.79270138	-3.1978578	Campegine-Correggio
10.59854389	44.73118537	-12.3947364	Campegine-Correggio
10.82444885	44.75184307	-7.6576991	Campegine-Correggio
10.70694788	44.7229838	-13.7908173	Campegine-Correggio
10.70296419	44.70675531	-15.5736571	Campegine-Correggio
10.76670215	44.80935087	-3.1490883	Campegine-Correggio
10.7949581	44.74750819	-8.8861118	Campegine-Correggio
10.68027699	44.80348707	-5.4305409	Campegine-Correggio
10.53944065	44.79373289	-4.0003378	Campegine-Correggio
10.64672787	44.718803	-14.5661659	Campegine-Correggio
10.70853705	44.74901567	-10.9826132	Campegine-Correggio
10.56762752	44.72895518	-11.8761757	Campegine-Correggio
10.66121887	44.76163804	-9.947351	Campegine-Correggio
10.58387985	44.74330956	-10.7141766	Campegine-Correggio
10.82427298	44.75874259	-6.9289137	Campegine-Correggio
10.63434871	44.80643327	-4.894225	Campegine-Correggio
10.62144617	44.72598148	-13.4774381	Campegine-Correggio
10.76194411	44.70301649	-14.5699017	Campegine-Correggio
10.73442829	44.81615245	-3.2097841	Campegine-Correggio
10.63218131	44.78891826	-6.7713319	Campegine-Correggio
10.62114643	44.73848071	-12.111515	Campegine-Correggio
10.79048828	44.70708493	-13.3039833	Campegine-Correggio
10.62522188	44.71768296	-14.424787	Campegine-Correggio
10.82616052	44.79523546	-2.9999999	Campegine-Correggio
10.60177924	44.70715748	-15.0926742	Campegine-Correggio
10.65269591	44.81712453	-3.9560878	Campegine-Correggio
10.53900499	44.78647484	-4.7837357	Campegine-Correggio
10.81510631	44.69061344	-14.4065926	Campegine-Correggio
10.61985467	44.71712019	-14.4155033	Campegine-Correggio
10.55087949	44.75814817	-8.2221475	Campegine-Correggio
10.59170037	44.7932612	-5.4447787	Campegine-Correggio
10.76709692	44.77144524	-7.1602914	Campegine-Correggio
10.79173804	44.68573794	-15.5322362	Campegine-Correggio
10.59548585	44.77931835	-7.0657504	Campegine-Correggio
10.75116255	44.7765011	-7.0264615	Campegine-Correggio
10.79760453	44.77184571	-6.2293182	Campegine-Correggio
10.53862075	44.78007239	-5.4747323	Campegine-Correggio
10.77828445	44.73481572	-10.7198503	Campegine-Correggio
10.79340488	44.75507482	-8.1278687	Campegine-Correggio
10.65853979	44.79645459	-6.1898336	Campegine-Correggio
10.64135907	44.70853295	-15.6157113	Campegine-Correggio
10.56305777	44.74867153	-9.6034859	Campegine-Correggio
10.77180926	44.79139322	-4.9055277	Campegine-Correggio
10.77768137	44.80772794	-2.9999969	Campegine-Correggio
10.7276206	44.74515603	-10.9317731	Campegine-Correggio
10.66076526	44.77204614	-8.8242543	Campegine-Correggio
10.53830356	44.7747863	-6.0452067	Campegine-Correggio
10.69953811	44.73232636	-12.866755	Campegine-Correggio
10.763368	44.76564051	-7.8851616	Campegine-Correggio
10.55349224	44.80645887	-2.9999999	Campegine-Correggio
10.67966022	44.79336426	-6.5232828	Campegine-Correggio
10.71133772	44.71485728	-14.5490839	Campegine-Correggio
10.75025985	44.71688111	-13.3920292	Campegine-Correggio
10.82214894	44.70956798	-12.2098155	Campegine-Correggio
10.69932952	44.73734512	-12.3306984	Campegine-Correggio
10.68258312	44.79664048	-6.1416244	Campegine-Correggio
10.53787136	44.76758257	-6.8225775	Campegine-Correggio
10.73235711	44.77250184	-7.9070303	Campegine-Correggio
10.59298991	44.81005985	-3.63837	Campegine-Correggio
10.75001909	44.76627109	-8.1429194	Campegine-Correggio
10.56854663	44.76676112	-7.763236	Campegine-Correggio
10.67837478	44.77225897	-8.8011613	Campegine-Correggio
10.56035045	44.71212056	-13.5312826	Campegine-Correggio
10.53746601	44.76082507	-7.5517397	Campegine-Correggio
10.61840586	44.70597019	-15.6011503	Campegine-Correggio
10.7993981	44.71657307	-12.0575192	Campegine-Correggio
10.59607438	44.79444927	-5.4249857	Campegine-Correggio
10.72171905	44.73266522	-12.4035309	Campegine-Correggio
10.59540836	44.78846577	-6.0630934	Campegine-Correggio
10.67504971	44.77092011	-8.9458004	Campegine-Correggio
10.70927355	44.76107952	-9.6809748	Campegine-Correggio
10.82638586	44.7159594	-11.4205178	Campegine-Correggio
10.53715336	44.75561232	-8.114179	Campegine-Correggio
10.75946399	44.71912112	-12.9310753	Campegine-Correggio
10.73966718	44.72365794	-12.9275529	Campegine-Correggio
10.62145926	44.70408204	-15.8558973	Campegine-Correggio
10.6768542	44.81127756	-4.5896649	Campegine-Correggio
10.81042892	44.70422329	-13.0826	Campegine-Correggio
10.61987221	44.8114229	-4.1104408	Campegine-Correggio
10.55503188	44.77313584	-6.696275	Campegine-Correggio
10.62238851	44.80671996	-4.6817938	Campegine-Correggio
10.65329612	44.7977674	-6.0483903	Campegine-Correggio
10.5410477	44.77320834	-6.2952909	Campegine-Correggio
10.56916377	44.71367377	-13.5858998	Campegine-Correggio
10.53672237	44.74842568	-8.8895414	Campegine-Correggio
10.64448877	44.80986918	-4.6446312	Campegine-Correggio
10.68102557	44.70622828	-15.8557518	Campegine-Correggio
10.76351922	44.71866256	-12.8650131	Campegine-Correggio
10.60469272	44.79547317	-5.5093136	Campegine-Correggio
10.56546839	44.7041968	-14.5293993	Campegine-Correggio
10.79539161	44.80179482	-3.1123949	Campegine-Correggio
10.65528134	44.82600248	-3.0003656	Campegine-Correggio
10.70022139	44.74352912	-11.6582904	Campegine-Correggio
10.79272476	44.71012424	-12.9167191	Campegine-Correggio
10.78913637	44.68339385	-15.8556874	Campegine-Correggio
10.8132906	44.70988131	-12.4070455	Campegine-Correggio
10.76314709	44.79279046	-5.0028505	Campegine-Correggio
10.76185902	44.74106609	-10.5366926	Campegine-Correggio
10.53632716	44.74183432	-9.6006253	Campegine-Correggio
10.80617171	44.79340374	-3.7145238	Campegine-Correggio
10.67463496	44.71079468	-15.4319135	Campegine-Correggio
10.69183769	44.74671094	-11.4033195	Campegine-Correggio
10.70550377	44.72991906	-13.0637648	Campegine-Correggio
10.56402251	44.77392279	-6.8628356	Campegine-Correggio
10.53597663	44.73598734	-10.2313606	Campegine-Correggio
10.73892115	44.76901668	-8.1192008	Campegine-Correggio
10.70572377	44.73714912	-12.2861615	Campegine-Correggio
10.58592982	44.79805475	-4.7750282	Campegine-Correggio
10.65227341	44.81016665	-4.707411	Campegine-Correggio
10.5891608	44.75267838	-9.8220109	Campegine-Correggio
10.80494696	44.78885875	-4.2298676	Campegine-Correggio
10.64444949	44.72651398	-13.7009071	Campegine-Correggio
10.61130789	44.81979932	-3.0000004	Campegine-Correggio
10.70417822	44.71125701	-15.0785106	Campegine-Correggio
10.62282734	44.779054	-7.7170565	Campegine-Correggio
10.75953939	44.75150213	-9.4845155	Campegine-Correggio
10.70371918	44.82193821	-3.2089056	Campegine-Correggio
10.82079485	44.70304189	-12.9383502	Campegine-Correggio
10.53556808	44.7291716	-10.9665489	Campegine-Correggio
10.74336514	44.76457629	-8.4842839	Campegine-Correggio
10.65070675	44.78437536	-7.4914963	Campegine-Correggio
10.81233767	44.79861629	-3.0000067	Campegine-Correggio
10.55245394	44.79655578	-4.0565819	Campegine-Correggio
10.61546294	44.70809003	-15.3020184	Campegine-Correggio
10.8206068	44.67562093	-15.8557528	Campegine-Correggio
10.55489729	44.69607003	-15.1356156	Campegine-Correggio
10.7594545	44.70401774	-14.5365004	Campegine-Correggio
10.53516181	44.72239259	-11.6977198	Campegine-Correggio
10.55718078	44.80195191	-3.5977635	Campegine-Correggio
10.76244909	44.75492793	-9.0486385	Campegine-Correggio
10.62338034	44.77537961	-8.1302736	Campegine-Correggio
10.64803356	44.74033063	-12.2441093	Campegine-Correggio
10.62217367	44.72255069	-13.8592889	Campegine-Correggio
10.58956658	44.75948727	-9.0871461	Campegine-Correggio
10.7466497	44.69733778	-15.5579882	Campegine-Correggio
10.68042955	44.72879502	-13.4421603	Campegine-Correggio
10.76089965	44.73181636	-11.545557	Campegine-Correggio
10.54720658	44.70665615	-13.7600409	Campegine-Correggio
10.57447372	44.71826442	-13.2173099	Campegine-Correggio
10.64885459	44.79662909	-6.1371046	Campegine-Correggio
10.64218013	44.71351843	-15.0844051	Campegine-Correggio
10.53481137	44.71654436	-12.3284552	Campegine-Correggio
10.62420463	44.77155969	-8.5601064	Campegine-Correggio
10.68164912	44.82599884	-2.9999999	Campegine-Correggio
10.66396468	44.81325315	-4.3763353	Campegine-Correggio
10.797681	44.79523906	-3.7413334	Campegine-Correggio
10.53445648	44.71062124	-12.9672252	Campegine-Correggio
10.82185104	44.69339609	-13.9354867	Campegine-Correggio
10.62009995	44.76544338	-9.1416345	Campegine-Correggio
10.80133966	44.75891125	-7.5075458	Campegine-Correggio
10.81636403	44.72792776	-10.4096338	Campegine-Correggio
10.80329417	44.77771296	-5.4579247	Campegine-Correggio
10.79662871	44.76716812	-6.7522081	Campegine-Correggio
10.71022825	44.72399157	-13.6042396	Campegine-Correggio
10.71497986	44.74291409	-11.4760709	Campegine-Correggio
10.65971315	44.76611033	-9.4647569	Campegine-Correggio
10.78685987	44.76849657	-6.8959054	Campegine-Correggio
10.53396884	44.70248098	-13.8450316	Campegine-Correggio
10.75456066	44.7554245	-9.1873135	Campegine-Correggio
10.63491089	44.75070956	-10.9562549	Campegine-Correggio
10.63314457	44.81350926	-4.1103148	Campegine-Correggio
10.79370919	44.70490103	-13.4449098	Campegine-Correggio
10.62509263	44.80366691	-5.0770082	Campegine-Correggio
10.64899374	44.7561564	-10.5366958	Campegine-Correggio
10.77595778	44.79524989	-4.3749613	Campegine-Correggio
10.69911815	44.77028147	-8.7998867	Campegine-Correggio
10.57927634	44.75329656	-9.5060293	Campegine-Correggio
10.61259358	44.70242098	-15.8556605	Campegine-Correggio
10.7725882	44.73913862	-10.427712	Campegine-Correggio
10.54748692	44.73512411	-10.6495482	Campegine-Correggio
10.79334879	44.72552886	-11.2643658	Campegine-Correggio
10.65771948	44.78583752	-7.3357716	Campegine-Correggio
10.65787373	44.7805798	-7.9032288	Campegine-Correggio
10.71052712	44.70275693	-15.8557518	Campegine-Correggio
10.83039343	44.78078699	-4.4261849	Campegine-Correggio
10.53360622	44.69642652	-14.4978632	Campegine-Correggio
10.76644653	44.7441717	-10.0732214	Campegine-Correggio
10.69869524	44.76334999	-9.5479006	Campegine-Correggio
10.55284553	44.7666233	-7.3486068	Campegine-Correggio
10.74710281	44.75218347	-9.7126638	Campegine-Correggio
10.57411512	44.73393338	-11.4945463	Campegine-Correggio
10.60217697	44.78530068	-6.5643246	Campegine-Correggio
10.67747495	44.75747861	-10.3960811	Campegine-Correggio
10.59443775	44.76129035	-9.0121747	Campegine-Correggio
10.53330943	44.69147089	-15.0321805	Campegine-Correggio
10.62612222	44.73944527	-12.0723302	Campegine-Correggio
10.58690831	44.69699323	-15.8557806	Campegine-Correggio
10.62278044	44.73039332	-13.0152806	Campegine-Correggio
10.67085624	44.82600027	-2.9999965	Campegine-Correggio
10.57628691	44.81089238	-3.1276752	Campegine-Correggio
10.76031179	44.71585153	-13.2564794	Campegine-Correggio
10.53296807	44.6857697	-15.6468466	Campegine-Correggio
10.6523874	44.77388536	-8.6261155	Campegine-Correggio
10.63972307	44.79534374	-6.1652299	Campegine-Correggio
10.64122676	44.7382584	-12.3859515	Campegine-Correggio
10.53285204	44.68383197	-15.8557518	Campegine-Correggio
10.72215548	44.76761179	-8.6742328	Campegine-Correggio
10.59556978	44.78429352	-6.5234051	Campegine-Correggio
10.8133599	44.79705347	-3.1396053	Campegine-Correggio
10.72783028	44.80792161	-4.2457772	Campegine-Correggio
10.60744992	44.70379726	-15.5885936	Campegine-Correggio
10.71572713	44.78131304	-7.3713002	Campegine-Correggio
10.58269608	44.74786134	-10.1865359	Campegine-Correggio
10.69878249	44.75055431	-10.919589	Campegine-Correggio
10.75744685	44.79216687	-5.206786	Campegine-Correggio
10.57928057	44.75938434	-8.8400782	Campegine-Correggio
10.62511038	44.78652413	-6.945109	Campegine-Correggio
10.62101357	44.79938354	-5.4526351	Campegine-Correggio
10.63667087	44.72828437	-13.4135353	Campegine-Correggio
10.62625841	44.82290476	-2.9999999	Campegine-Correggio
10.67462126	44.77692295	-8.2979998	Campegine-Correggio
10.77896319	44.72225097	-12.0327662	Campegine-Correggio
10.74041003	44.70871437	-14.4991185	Campegine-Correggio
10.58075894	44.7760732	-7.0510685	Campegine-Correggio
10.62212729	44.82204676	-2.9999999	Campegine-Correggio
10.58941373	44.81506912	-2.9999989	Campegine-Correggio
10.5754448	44.7068498	-14.4899525	Campegine-Correggio
10.60425314	44.81428988	-3.4421879	Campegine-Correggio
10.61943915	44.71024728	-15.1567206	Campegine-Correggio
10.58499303	44.69933166	-15.5519432	Campegine-Correggio
10.57106254	44.80272705	-3.8903856	Campegine-Correggio
10.61904732	44.70376501	-15.8557518	Campegine-Correggio
10.64922066	44.74195177	-12.0713451	Campegine-Correggio
10.82479	44.72643387	-10.3491212	Campegine-Correggio
10.69239681	44.79749909	-5.9485372	Campegine-Correggio
10.79356227	44.71471692	-12.4063102	Campegine-Correggio
10.67439601	44.70686446	-15.8557518	Campegine-Correggio
10.81687983	44.78723278	-4.09237	Campegine-Correggio
10.59040019	44.69978414	-15.6385511	Campegine-Correggio
10.63319482	44.82372805	-2.9999716	Campegine-Correggio
10.69783189	44.80581442	-5.0001591	Campegine-Correggio
10.74252332	44.78991636	-5.8074249	Campegine-Correggio
10.82521714	44.69703481	-13.4613685	Campegine-Correggio
10.74106634	44.79984404	-4.7857445	Campegine-Correggio
10.70967613	44.76766925	-8.9698899	Campegine-Correggio
10.66005574	44.79098823	-6.7798988	Campegine-Correggio
10.76581547	44.80546716	-3.5865492	Campegine-Correggio
10.79143885	44.69554925	-14.4994335	Campegine-Correggio
10.81994295	44.71722554	-11.4536616	Campegine-Correggio
10.64925345	44.82553292	-2.9999994	Campegine-Correggio
10.78966681	44.79968458	-3.50383	Campegine-Correggio
10.81140049	44.71705603	-11.6939535	Campegine-Correggio
10.76197017	44.77309723	-7.1275604	Campegine-Correggio
10.74695084	44.79494597	-5.16489	Campegine-Correggio
10.73119296	44.77793014	-7.3573971	Campegine-Correggio
10.55867509	44.69357463	-15.5154593	Campegine-Correggio
10.72757314	44.75724904	-9.6460724	Campegine-Correggio
10.67778774	44.76261661	-9.8416707	Campegine-Correggio
10.82058068	44.79387073	-3.2902592	Campegine-Correggio
10.5968855	44.70158185	-15.5903822	Campegine-Correggio
10.56133631	44.73332794	-11.2357959	Campegine-Correggio
10.54298429	44.71271216	-12.9780228	Campegine-Correggio
10.66507431	44.72196166	-14.2276908	Campegine-Correggio
10.72839173	44.72137549	-13.4431644	Campegine-Correggio
10.70691553	44.76781694	-8.9843894	Campegine-Correggio
10.79996457	44.70148033	-13.6463256	Campegine-Correggio
10.79720942	44.77658675	-5.7358497	Campegine-Correggio
10.72935444	44.78695735	-6.4409222	Campegine-Correggio
10.75682724	44.71133641	-13.8229662	Campegine-Correggio
10.5981804	44.80875399	-3.9100697	Campegine-Correggio
10.59179546	44.72067258	-13.3892155	Campegine-Correggio
10.58805305	44.73380463	-11.8588141	Campegine-Correggio
10.7595493	44.70980363	-13.9199681	Campegine-Correggio
10.61617825	44.77577371	-7.9233879	Campegine-Correggio
10.69628974	44.8116423	-4.3905311	Campegine-Correggio
10.68120902	44.77101369	-8.9056111	Campegine-Correggio
10.7800158	44.69358916	-15.0414769	Campegine-Correggio
10.59463587	44.74852191	-10.4124025	Campegine-Correggio
10.79628289	44.78104461	-5.28858	Campegine-Correggio
10.54314143	44.76204723	-7.5773519	Campegine-Correggio
10.81694169	44.75321052	-7.7076661	Campegine-Correggio
10.7826784	44.76153263	-7.7570022	Campegine-Correggio
10.70610166	44.74828671	-11.0876987	Campegine-Correggio
10.61529508	44.768735	-8.6727099	Campegine-Correggio
10.66928926	44.74609997	-11.6239335	Campegine-Correggio
10.5951711	44.76542583	-8.5773812	Campegine-Correggio
10.78271768	44.79712485	-3.9784926	Campegine-Correggio
10.65403368	44.80442906	-5.3292845	Campegine-Correggio
10.57518429	44.77238109	-7.315089	Campegine-Correggio
10.62357764	44.76120988	-9.6769561	Campegine-Correggio
10.72308745	44.77447362	-7.9213425	Campegine-Correggio
10.60205502	44.72627074	-13.0114186	Campegine-Correggio
10.65455165	44.81185983	-4.5270375	Campegine-Correggio
10.66773366	44.80198594	-5.5927423	Campegine-Correggio
10.79959899	44.76882273	-6.4991744	Campegine-Correggio
10.64277367	44.73201271	-13.0832296	Campegine-Correggio
10.62709491	44.80281522	-5.1992953	Campegine-Correggio
10.63690841	44.78525193	-7.2275765	Campegine-Correggio
10.76265923	44.79786639	-4.47435	Campegine-Correggio
10.65135542	44.79505753	-6.3384962	Campegine-Correggio
10.71017511	44.80974617	-4.4514691	Campegine-Correggio
10.79091269	44.74816531	-8.9345208	Campegine-Correggio
10.62264474	44.76324287	-9.4399283	Campegine-Correggio
10.67716903	44.75245196	-10.9384281	Campegine-Correggio
10.62179076	44.74913112	-10.9625305	Campegine-Correggio
10.71709495	44.72444773	-13.38962	Campegine-Correggio
10.71285072	44.8196071	-3.3635902	Campegine-Correggio
10.66624223	44.78848755	-7.0498124	Campegine-Correggio
10.7695938	44.71740675	-12.8203544	Campegine-Correggio
10.75117117	44.73793078	-11.1307666	Campegine-Correggio
10.54272775	44.74125266	-9.8443072	Campegine-Correggio
10.55619241	44.73655897	-10.737027	Campegine-Correggio
10.59074221	44.69787189	-15.8557518	Campegine-Correggio
10.55520027	44.76212255	-7.9080211	Campegine-Correggio
10.66379295	44.75677009	-10.4726536	Campegine-Correggio
10.73140682	44.73111617	-12.3339791	Campegine-Correggio
10.64899949	44.72959268	-13.4047316	Campegine-Correggio
10.56505004	44.80374217	-3.6228241	Campegine-Correggio
10.67906285	44.72220139	-14.1632875	Campegine-Correggio
10.72024469	44.71781237	-14.019288	Campegine-Correggio
10.56540629	44.76055791	-8.3636399	Campegine-Correggio
10.71358933	44.76616716	-9.0351441	Campegine-Correggio
10.59141204	44.71165787	-14.3654784	Campegine-Correggio
10.59509498	44.77004993	-8.0700045	Campegine-Correggio
10.83008255	44.77576182	-4.968537	Campegine-Correggio
10.57137544	44.78783276	-5.5284867	Campegine-Correggio
10.80805116	44.76582433	-6.5981036	Campegine-Correggio
10.63073141	44.77059012	-8.745303	Campegine-Correggio
10.76405525	44.69244337	-15.6293959	Campegine-Correggio
10.70933359	44.80008492	-5.4969452	Campegine-Correggio
10.61650221	44.75953351	-9.705706	Campegine-Correggio
10.59870842	44.80438715	-4.399306	Campegine-Correggio
10.62894948	44.76529502	-9.2988207	Campegine-Correggio
10.76013304	44.74318068	-10.3555002	Campegine-Correggio
10.57086229	44.69330502	-15.8557142	Campegine-Correggio
10.65118227	44.73335371	-12.9989938	Campegine-Correggio
10.76046772	44.76305837	-8.2323821	Campegine-Correggio
10.76477479	44.76798991	-7.5951272	Campegine-Correggio
10.68912137	44.81760881	-3.8238241	Campegine-Correggio
10.6009476	44.74970025	-10.4266302	Campegine-Correggio
10.59948009	44.75810611	-9.4748276	Campegine-Correggio
10.77322134	44.68778203	-15.8557518	Campegine-Correggio
10.75001422	44.72258828	-12.7909657	Campegine-Correggio
10.82838348	44.74828593	-7.9333949	Campegine-Correggio
10.61790208	44.75452235	-10.2850936	Campegine-Correggio
10.73679671	44.79634714	-5.2613065	Campegine-Correggio
10.79532518	44.78627123	-4.7620233	Campegine-Correggio
10.70517166	44.72370853	-13.7331688	Campegine-Correggio
10.63958733	44.7787821	-7.9634008	Campegine-Correggio
10.75066657	44.78763439	-5.8533754	Campegine-Correggio
10.65368649	44.79118234	-6.7592472	Campegine-Correggio
10.62825453	44.73349115	-12.745151	Campegine-Correggio
10.59897631	44.76920719	-8.2502445	Campegine-Correggio
10.54636347	44.7536169	-8.5917499	Campegine-Correggio
10.56157974	44.79890884	-4.0551307	Campegine-Correggio
10.54058819	44.71691449	-12.4503583	Campegine-Correggio
10.67689256	44.74790913	-11.428552	Campegine-Correggio
10.65323444	44.82598017	-2.9999999	Campegine-Correggio
10.76383457	44.77323543	-7.0656837	Campegine-Correggio
10.61846547	44.74664926	-11.1581171	Campegine-Correggio
10.53879314	44.7215185	-11.895578	Campegine-Correggio
10.57114503	44.8108793	-3.0000023	Campegine-Correggio
10.78971407	44.78394274	-5.1733138	Campegine-Correggio
10.58678605	44.77327912	-7.5081605	Campegine-Correggio
10.70292803	44.81713929	-3.7321591	Campegine-Correggio
10.81489283	44.75897734	-7.1479889	Campegine-Correggio
10.77526879	44.68949585	-15.614202	Campegine-Correggio
10.77012015	44.80672366	-3.3273944	Campegine-Correggio
10.7656343	44.81102876	-3.00039	Campegine-Correggio
10.76086462	44.72486551	-12.2842701	Campegine-Correggio
10.59088395	44.76982224	-7.9894041	Campegine-Correggio
10.79793372	44.79992409	-3.2366381	Campegine-Correggio
10.68557955	44.77459423	-8.4765022	Campegine-Correggio
10.64939132	44.76270931	-9.8296264	Campegine-Correggio
10.65262477	44.76873138	-9.1822243	Campegine-Correggio
10.65260708	44.75339918	-10.8366991	Campegine-Correggio
10.62783289	44.80864636	-4.5747211	Campegine-Correggio
10.69477334	44.75945223	-10.006375	Campegine-Correggio
10.63736672	44.76580996	-9.3457689	Campegine-Correggio
10.5830422	44.72122914	-13.1083265	Campegine-Correggio
10.61995119	44.79119267	-6.3239149	Campegine-Correggio
10.79625386	44.7592175	-7.6067673	Campegine-Correggio
10.77147981	44.74988488	-9.3200471	Campegine-Correggio
10.60992968	44.78912358	-6.3224086	Campegine-Correggio
10.7984739	44.79072806	-4.1990062	Campegine-Correggio
10.54494209	44.77812898	-5.8654286	Campegine-Correggio
10.71016886	44.82091873	-3.2522606	Campegine-Correggio
10.53969557	44.69829819	-14.4641537	Campegine-Correggio
10.58790993	44.81153172	-3.3495096	Campegine-Correggio
10.76243052	44.75037522	-9.5323006	Campegine-Correggio
10.81723869	44.7410019	-8.9975095	Campegine-Correggio
10.8288243	44.75541632	-7.1640585	Campegine-Correggio
10.58936294	44.72743128	-12.5888915	Campegine-Correggio
10.75831967	44.6918783	-15.8564877	Campegine-Correggio
10.6799414	44.79797917	-6.0251146	Campegine-Correggio
10.53815172	44.69116455	-15.2019169	Campegine-Correggio
10.62078825	44.73255912	-12.7502845	Campegine-Correggio
10.57058246	44.74924229	-9.731204	Campegine-Correggio
10.70298289	44.78898519	-6.7532806	Campegine-Correggio
10.73985456	44.74053207	-11.1278116	Campegine-Correggio
10.61697297	44.72303647	-13.7037948	Campegine-Correggio
10.6884832	44.76918354	-9.0271389	Campegine-Correggio
10.73819966	44.74707749	-10.4714015	Campegine-Correggio
10.66061737	44.75324909	-10.8525558	Campegine-Correggio
10.79487852	44.7632494	-7.2178563	Campegine-Correggio
10.77583095	44.70266587	-14.2013285	Campegine-Correggio
10.59064212	44.70393173	-15.1910966	Campegine-Correggio
10.78239812	44.74502803	-9.5163413	Campegine-Correggio
10.71533023	44.79582666	-5.8357977	Campegine-Correggio
10.71030142	44.77790679	-7.8651298	Campegine-Correggio
10.79877256	44.80193312	-2.9999999	Campegine-Correggio
10.65180623	44.7621353	-9.894169	Campegine-Correggio
10.76037124	44.77725917	-6.7233429	Campegine-Correggio
10.56184672	44.80859975	-3.0000057	Campegine-Correggio
10.65097077	44.78872987	-7.0213968	Campegine-Correggio
10.58617689	44.76484259	-8.4161813	Campegine-Correggio
10.72568178	44.82010831	-2.9999999	Campegine-Correggio
10.63380417	44.74273745	-11.8087015	Campegine-Correggio
10.5773	44.73886994	-11.0345917	Campegine-Correggio
10.7674368	44.69726932	-15.0188768	Campegine-Correggio
10.7871741	44.80511634	-3.0000033	Campegine-Correggio
10.72423359	44.79578102	-5.6253859	Campegine-Correggio
10.7674317	44.78624602	-5.5796866	Campegine-Correggio
10.62031566	44.70726233	-15.4961097	Campegine-Correggio
10.54330742	44.79492576	-3.9782421	Campegine-Correggio
10.7106722	44.78397409	-7.2102755	Campegine-Correggio
10.70253809	44.70416463	-15.8560009	Campegine-Correggio
10.56482322	44.73341882	-11.3177721	Campegine-Correggio
10.62476121	44.79819621	-5.6675687	Campegine-Correggio
10.67070735	44.75142006	-11.0499266	Campegine-Correggio
10.70698155	44.75371262	-10.4966302	Campegine-Correggio
10.55576506	44.78947528	-4.9258534	Campegine-Correggio
10.681944	44.70783339	-15.6742162	Campegine-Correggio
10.55296012	44.72078126	-12.3746473	Campegine-Correggio
10.75400471	44.80500526	-3.9232113	Campegine-Correggio
10.81486928	44.78032481	-4.8791468	Campegine-Correggio
10.8015159	44.79808691	-3.3374457	Campegine-Correggio
10.76525293	44.79631264	-4.5748856	Campegine-Correggio
10.70844554	44.7836054	-7.2745289	Campegine-Correggio
10.56331365	44.79039881	-5.0369828	Campegine-Correggio
10.82979243	44.77107141	-5.4747323	Campegine-Correggio
10.56133228	44.7010359	-14.77108	Campegine-Correggio
10.5647979	44.75230304	-9.2512264	Campegine-Correggio
10.78786355	44.77378303	-6.3056002	Campegine-Correggio
10.54703485	44.77092251	-6.7141068	Campegine-Correggio
10.76615713	44.76214693	-8.1744222	Campegine-Correggio
10.72145197	44.70027194	-15.8557518	Campegine-Correggio
10.55753969	44.71743642	-12.8698063	Campegine-Correggio
10.75958796	44.78418544	-6.0049073	Campegine-Correggio
10.57181141	44.74337193	-10.4042247	Campegine-Correggio
10.56008127	44.69082058	-15.855954	Campegine-Correggio
10.62822319	44.75986998	-9.8793337	Campegine-Correggio
10.6034907	44.71330527	-14.4601996	Campegine-Correggio
10.56315611	44.71320834	-13.4861256	Campegine-Correggio
10.62413452	44.78784935	-6.784412	Campegine-Correggio
10.68311774	44.7126551	-15.1451718	Campegine-Correggio
10.6747963	44.82295999	-3.3283217	Campegine-Correggio
10.73381631	44.81826141	-3.0000004	Campegine-Correggio
10.76920797	44.81005924	-3.0000594	Campegine-Correggio
10.56727017	44.80321793	-3.7415477	Campegine-Correggio
10.67630736	44.80058339	-5.7441681	Campegine-Correggio
10.6908892	44.7331356	-12.8690509	Campegine-Correggio
10.59486013	44.71228432	-14.3754305	Campegine-Correggio
10.82553201	44.76555615	-6.1718807	Campegine-Correggio
10.80107367	44.75078374	-8.3783953	Campegine-Correggio
10.59044554	44.72326493	-13.0716896	Campegine-Correggio
10.6267992	44.8143988	-3.9360594	Campegine-Correggio
10.64704378	44.77645849	-8.3070128	Campegine-Correggio
10.7119146	44.80429458	-5.0166967	Campegine-Correggio
10.73334962	44.80304246	-4.631827	Campegine-Correggio
10.71767366	44.78915952	-6.4889432	Campegine-Correggio
10.66485972	44.78344171	-7.5944259	Campegine-Correggio
10.6493957	44.71935461	-14.5090477	Campegine-Correggio
10.56156902	44.80681112	-3.1883241	Campegine-Correggio
10.58812036	44.71399098	-14.0276669	Campegine-Correggio
10.82939526	44.76464961	-6.1677377	Campegine-Correggio
10.7092506	44.7926716	-6.2934322	Campegine-Correggio
10.56326039	44.7251341	-12.1845533	Campegine-Correggio
10.68314021	44.79070034	-6.7733636	Campegine-Correggio
10.74246321	44.78490131	-6.3427465	Campegine-Correggio
10.61372897	44.79374115	-5.9039657	Campegine-Correggio
10.80025578	44.7439219	-9.1289279	Campegine-Correggio
10.64555553	44.78974322	-6.845181	Campegine-Correggio
10.55958838	44.79430091	-4.504288	Campegine-Correggio
10.61270422	44.74893367	-10.7775854	Campegine-Correggio
10.70618959	44.7433856	-11.6124781	Campegine-Correggio
10.60118358	44.78939582	-6.093994	Campegine-Correggio
10.65184577	44.80313316	-5.4666696	Campegine-Correggio
10.67377501	44.78258337	-7.6871022	Campegine-Correggio
10.67531678	44.80510037	-5.2565594	Campegine-Correggio
10.66909611	44.77379819	-8.635183	Campegine-Correggio
10.79571083	44.80276707	-2.999975	Campegine-Correggio
10.75145131	44.81425648	-3.0000038	Campegine-Correggio
10.55728787	44.70028225	-14.7418153	Campegine-Correggio
10.64647253	44.71459366	-15.0201278	Campegine-Correggio
10.8254112	44.73990357	-8.9015939	Campegine-Correggio
10.56049278	44.69767708	-15.1168392	Campegine-Correggio
10.64766081	44.73418575	-12.906986	Campegine-Correggio
10.7861113	44.72708733	-11.3109203	Campegine-Correggio
10.56319671	44.691543	-15.8557279	Campegine-Correggio
10.58537129	44.80392525	-4.1184716	Campegine-Correggio
10.61427237	44.71662692	-14.3424999	Campegine-Correggio
10.6153414	44.74093894	-11.7110272	Campegine-Correggio
10.67877829	44.77888513	-8.0860585	Campegine-Correggio
10.74387236	44.77493505	-7.3695148	Campegine-Correggio
10.68225309	44.76384792	-9.6636485	Campegine-Correggio
10.74823685	44.7109526	-14.0716332	Campegine-Correggio
10.60746923	44.76970531	-8.3888762	Campegine-Correggio
10.83077801	44.78700293	-3.7552753	Campegine-Correggio
10.56077971	44.70628019	-14.1830731	Campegine-Correggio
10.67465322	44.78887608	-7.0078986	Campegine-Correggio
10.62320376	44.75502912	-10.3438522	Campegine-Correggio
10.67945191	44.81684727	-3.9882972	Campegine-Correggio
10.69423141	44.82219258	-3.2792123	Campegine-Correggio
10.66444915	44.77753232	-8.232175	Campegine-Correggio
10.69782305	44.72703503	-13.4518695	Campegine-Correggio
10.69713107	44.71544778	-14.7014764	Campegine-Correggio
10.74171303	44.71453205	-13.8488021	Campegine-Correggio
10.72763614	44.7263399	-12.9333282	Campegine-Correggio
10.53847457	44.73664217	-10.229854	Campegine-Correggio
10.62605965	44.81963057	-3.3535214	Campegine-Correggio
10.81166261	44.73344016	-9.9461893	Campegine-Correggio
10.7550201	44.74578092	-10.2023307	Campegine-Correggio
10.8069847	44.76148884	-7.0867218	Campegine-Correggio
10.65591176	44.77568492	-8.4315571	Campegine-Correggio
10.77484142	44.75778393	-8.3837235	Campegine-Correggio
10.68946583	44.73839715	-12.3194176	Campegine-Correggio
10.82672587	44.77098222	-5.5639945	Campegine-Correggio
10.75675156	44.69937295	-15.0973412	Campegine-Correggio
10.74518635	44.69487147	-15.8557557	Campegine-Correggio
10.62228442	44.75728586	-10.0827525	Campegine-Correggio
10.64702778	44.76329389	-9.7372176	Campegine-Correggio
10.67790991	44.71772124	-14.6555472	Campegine-Correggio
10.57960102	44.71372881	-13.8421449	Campegine-Correggio
10.62280668	44.74847582	-11.0509515	Campegine-Correggio
10.60842267	44.77918742	-7.3742201	Campegine-Correggio
10.62777259	44.74779571	-11.1854974	Campegine-Correggio
10.72793133	44.71647492	-13.975598	Campegine-Correggio
10.54079145	44.73013367	-11.008027	Campegine-Correggio
10.82590269	44.70813672	-12.2641766	Campegine-Correggio
10.7570993	44.69426211	-15.6323925	Campegine-Correggio
10.76366172	44.72876304	-11.789099	Campegine-Correggio
10.72645837	44.70215495	-15.5343583	Campegine-Correggio
10.82407513	44.67853482	-15.4560179	Campegine-Correggio
10.64905687	44.71502661	-14.9757997	Campegine-Correggio
10.79744222	44.70603162	-13.2283168	Campegine-Correggio
10.69433992	44.70858721	-15.4658016	Campegine-Correggio
10.82696542	44.78128333	-4.4625931	Campegine-Correggio
10.55200413	44.74083577	-10.1507554	Campegine-Correggio
10.71918056	44.70393444	-15.5211757	Campegine-Correggio
10.75017154	44.75906993	-8.9056067	Campegine-Correggio
10.54519827	44.79031204	-4.5371654	Campegine-Correggio
10.7015386	44.75473038	-10.4432758	Campegine-Correggio
10.70770258	44.73534893	-12.4570179	Campegine-Correggio
10.62463532	44.77866986	-7.7927568	Campegine-Correggio
10.63288506	44.71352845	-14.9696586	Campegine-Correggio
10.64447972	44.80342573	-5.34492	Campegine-Correggio
10.68887316	44.72325624	-13.9492362	Campegine-Correggio
10.67045028	44.72677128	-13.7089598	Campegine-Correggio
10.54819681	44.72574533	-11.6969686	Campegine-Correggio
10.76140953	44.72108202	-12.6703563	Campegine-Correggio
10.68083155	44.74420489	-11.7853497	Campegine-Correggio
10.82449946	44.68540988	-14.7148036	Campegine-Correggio
10.54500945	44.8042848	-2.9999999	Campegine-Correggio
10.75898406	44.69420673	-15.5905966	Campegine-Correggio
10.73330902	44.78205382	-6.8672714	Campegine-Correggio
10.55519405	44.71187596	-13.4129037	Campegine-Correggio
10.78982238	44.73234359	-10.6448593	Campegine-Correggio
10.64977078	44.76896371	-9.1546615	Campegine-Correggio
10.77421668	44.71169615	-13.290879	Campegine-Correggio
10.71593134	44.8034477	-5.0098412	Campegine-Correggio
10.80079518	44.70994698	-12.7251595	Campegine-Correggio
10.5366406	44.68480518	-15.8557523	Campegine-Correggio
10.53822277	44.70527682	-13.6584735	Campegine-Correggio
10.63983335	44.82214281	-3.2534584	Campegine-Correggio
10.58098409	44.70392494	-14.9489261	Campegine-Correggio
10.74965477	44.78139282	-6.5422137	Campegine-Correggio
10.64498954	44.76973987	-9.0119456	Campegine-Correggio
10.80607904	44.78406224	-4.7104584	Campegine-Correggio
10.64978858	44.74793847	-11.4256282	Campegine-Correggio
10.62732469	44.82306833	-2.9999999	Campegine-Correggio
10.66922275	44.71559568	-14.9143138	Campegine-Correggio
10.62808495	44.7258816	-13.5694271	Campegine-Correggio
10.79560115	44.73681341	-10.0052171	Campegine-Correggio
10.70597422	44.70702178	-15.5122538	Campegine-Correggio
10.73400213	44.6974166	-15.8557518	Campegine-Correggio
10.62645101	44.79163096	-6.4070905	Campegine-Correggio
10.68066022	44.80977608	-4.751601	Campegine-Correggio
10.77974716	44.76655994	-7.3091886	Campegine-Correggio
10.6859016	44.80235506	-5.4941905	Campegine-Correggio
10.67808012	44.76741931	-9.3234257	Campegine-Correggio
10.55643807	44.73094404	-11.3591155	Campegine-Correggio
10.56440589	44.77950082	-6.262588	Campegine-Correggio
10.82005497	44.68512908	-14.8603094	Campegine-Correggio
10.77330812	44.76438331	-7.7282487	Campegine-Correggio
10.67581629	44.73021977	-13.3368304	Campegine-Correggio
10.69200696	44.74268339	-11.8335599	Campegine-Correggio
10.61275237	44.79993607	-5.2045604	Campegine-Correggio
10.59071864	44.74852301	-10.315817	Campegine-Correggio
10.74780779	44.74391564	-10.5753301	Campegine-Correggio
10.64108912	44.82461552	-2.9999994	Campegine-Correggio
10.7221495	44.76084101	-9.3949833	Campegine-Correggio
10.69845167	44.77860284	-7.9139012	Campegine-Correggio
10.73335953	44.81060632	-3.8262079	Campegine-Correggio
10.53666725	44.68643788	-15.6777303	Campegine-Correggio
10.79954831	44.7642834	-6.9829828	Campegine-Correggio
10.7660706	44.73454067	-11.1059274	Campegine-Correggio
10.58332744	44.78847093	-5.7586625	Campegine-Correggio
10.60562752	44.71778699	-14.0192889	Campegine-Correggio
10.76386376	44.78732852	-5.5672196	Campegine-Correggio
10.6136053	44.72881103	-12.9964774	Campegine-Correggio
10.60957348	44.7638267	-9.0791155	Campegine-Correggio
10.76929052	44.7811166	-6.0698043	Campegine-Correggio
10.56552854	44.78493649	-5.6979698	Campegine-Correggio
10.59825735	44.72016906	-13.5915638	Campegine-Correggio
10.54718877	44.69629417	-14.8943265	Campegine-Correggio
10.60707709	44.75267196	-10.2412817	Campegine-Correggio
10.77278236	44.77644216	-6.4638553	Campegine-Correggio
10.66265321	44.73113116	-13.2386539	Campegine-Correggio
10.64843991	44.7470335	-11.5209452	Campegine-Correggio
10.55551987	44.68965385	-15.8557386	Campegine-Correggio
10.56434269	44.76594484	-7.7463437	Campegine-Correggio
10.79000428	44.70164874	-13.8947806	Campegine-Correggio
10.82691745	44.78806078	-3.7432225	Campegine-Correggio
10.76492627	44.80243811	-3.9327562	Campegine-Correggio
10.75350919	44.69297698	-15.8557396	Campegine-Correggio
10.6005431	44.7795111	-7.159798	Campegine-Correggio
10.75808741	44.71574847	-13.3234506	Campegine-Correggio
10.77758533	44.77119877	-6.8800719	Campegine-Correggio
10.77257831	44.70735779	-13.7988304	Campegine-Correggio
10.6565686	44.81818102	-3.844598	Campegine-Correggio
10.56376259	44.75577699	-8.8443692	Campegine-Correggio
10.59127419	44.78369187	-6.481349	Campegine-Correggio
10.70120031	44.7847382	-7.2273109	Campegine-Correggio
10.57605176	44.76786129	-7.8314524	Campegine-Correggio
10.73502013	44.69950817	-15.6086805	Campegine-Correggio
10.68102727	44.7512627	-11.026308	Campegine-Correggio
10.80788843	44.75423917	-7.8338383	Campegine-Correggio
10.67923397	44.78636692	-7.278556	Campegine-Correggio
10.60793152	44.80937255	-4.0633607	Campegine-Correggio
10.7608215	44.81212778	-2.9999828	Campegine-Correggio
10.61409114	44.81390189	-3.7080712	Campegine-Correggio
10.54575899	44.68714728	-15.8557528	Campegine-Correggio
10.61636072	44.78472057	-6.949796	Campegine-Correggio
10.68054314	44.73684639	-12.577535	Campegine-Correggio
10.71236265	44.8116256	-4.2252992	Campegine-Correggio
10.79700561	44.69009024	-14.9331971	Campegine-Correggio
10.67541529	44.72362724	-14.047912	Campegine-Correggio
10.82492039	44.69222853	-13.9796161	Campegine-Correggio
10.56018745	44.77720904	-6.3947311	Campegine-Correggio
10.67054666	44.80885646	-4.8510258	Campegine-Correggio
10.57629708	44.80679028	-3.5770009	Campegine-Correggio
10.6210203	44.71894181	-14.2367562	Campegine-Correggio
10.56774029	44.73821951	-10.8656528	Campegine-Correggio
10.60257725	44.73666423	-11.887921	Campegine-Correggio
10.759256	44.69864042	-15.1125199	Campegine-Correggio
10.69620443	44.82460446	-2.9999999	Campegine-Correggio
10.67652547	44.74187652	-12.0793759	Campegine-Correggio
10.59387291	44.80454033	-4.2646327	Campegine-Correggio
10.71035102	44.81540885	-3.8417977	Campegine-Correggio
10.7336065	44.76213833	-8.979808	Campegine-Correggio
10.62452834	44.76672421	-9.0898379	Campegine-Correggio
10.5747456	44.79908167	-4.3818754	Campegine-Correggio
10.60954983	44.8175959	-3.2009965	Campegine-Correggio
10.72006013	44.73860008	-11.8122162	Campegine-Correggio
10.82549319	44.70150554	-12.9792777	Campegine-Correggio
10.69687115	44.80122929	-5.5021481	Campegine-Correggio
10.64646289	44.81465411	-4.1486078	Campegine-Correggio
10.74279545	44.70246196	-15.1063778	Campegine-Correggio
10.71951248	44.81839009	-3.3321244	Campegine-Correggio
10.59675866	44.74466371	-10.8816368	Campegine-Correggio
10.64993948	44.71055975	-15.4577977	Campegine-Correggio
10.69326982	44.70505293	-15.8557543	Campegine-Correggio
10.55786793	44.74543263	-9.8119067	Campegine-Correggio
10.79737691	44.69565849	-14.3319843	Campegine-Correggio
10.64151554	44.7586952	-10.1694671	Campegine-Correggio
10.79345422	44.73671897	-10.0746796	Campegine-Correggio
10.77967121	44.80551786	-3.1765175	Campegine-Correggio
10.74593453	44.81084179	-3.4970311	Campegine-Correggio
10.77386219	44.72743239	-11.6322513	Campegine-Correggio
10.78889386	44.6923463	-14.9135594	Campegine-Correggio
10.75568763	44.73203017	-11.6493026	Campegine-Correggio
10.54845936	44.74447526	-9.6523475	Campegine-Correggio
10.5969962	44.81548857	-3.1450306	Campegine-Correggio
10.65304679	44.75762045	-10.3812047	Campegine-Correggio
10.60179988	44.81782458	-3.0000946	Campegine-Correggio
10.55742062	44.78218597	-5.7713522	Campegine-Correggio
10.62631527	44.78338961	-7.3008197	Campegine-Correggio
10.68886197	44.7290431	-13.3287933	Campegine-Correggio
10.8275894	44.73543863	-9.3194056	Campegine-Correggio
10.71220865	44.73563676	-12.3174069	Campegine-Correggio
10.64236253	44.74428783	-11.7449242	Campegine-Correggio
10.60200044	44.77393787	-7.8021475	Campegine-Correggio
10.64791167	44.70686562	-15.8558295	Campegine-Correggio
10.67503476	44.7173695	-14.7228383	Campegine-Correggio
10.56408147	44.74038597	-10.5369539	Campegine-Correggio
10.5405239	44.75594715	-8.1722432	Campegine-Correggio
10.58101219	44.78253497	-6.3502872	Campegine-Correggio
10.59364568	44.72466635	-12.996017	Campegine-Correggio
10.69858096	44.72144153	-14.0438812	Campegine-Correggio
10.70889168	44.75482428	-10.355882	Campegine-Correggio
10.6257375	44.81430963	-3.9280243	Campegine-Correggio
10.67303244	44.72148682	-14.2789305	Campegine-Correggio
10.78767516	44.68844854	-15.3625951	Campegine-Correggio
10.80860397	44.7449359	-8.8040459	Campegine-Correggio
10.75764194	44.73784564	-10.9835588	Campegine-Correggio
10.62295382	44.76834352	-8.8895626	Campegine-Correggio
10.75784892	44.7263063	-12.2060255	Campegine-Correggio
10.74606399	44.73422591	-11.6485067	Campegine-Correggio
10.56082726	44.72419892	-12.2215551	Campegine-Correggio
10.54035114	44.74697182	-9.1508622	Campegine-Correggio
10.68963366	44.79279912	-6.4813475	Campegine-Correggio
10.80798324	44.74041828	-9.3003227	Campegine-Correggio
10.69280951	44.78644268	-7.1307911	Campegine-Correggio
10.70412652	44.71717288	-14.4447889	Campegine-Correggio
10.65656852	44.72536367	-13.8607074	Campegine-Correggio
10.67973655	44.82600016	-3.0000135	Campegine-Correggio
10.55127695	44.74998855	-9.1274416	Campegine-Correggio
10.59702101	44.81681286	-3.0000912	Campegine-Correggio
10.55351347	44.70339991	-14.2939569	Campegine-Correggio
10.73389804	44.71370141	-14.1262518	Campegine-Correggio
10.82677014	44.7221798	-10.7496079	Campegine-Correggio
10.56607504	44.77113889	-7.2225563	Campegine-Correggio
10.79832084	44.78040439	-5.3008817	Campegine-Correggio
10.81300973	44.72229335	-11.0956085	Campegine-Correggio
10.82715444	44.72839978	-10.0786985	Campegine-Correggio
10.5843315	44.73777837	-11.330624	Campegine-Correggio
10.70805948	44.74119573	-11.8262801	Campegine-Correggio
10.6530715	44.82330126	-3.2892372	Campegine-Correggio
10.76251322	44.76879664	-7.5718036	Campegine-Correggio
10.68572811	44.80966423	-4.7114862	Campegine-Correggio
10.67531738	44.75764743	-10.3780092	Campegine-Correggio
10.7991358	44.68295305	-15.6357552	Campegine-Correggio
10.76294427	44.78009877	-6.3586737	Campegine-Correggio
10.63167594	44.77491473	-8.2869252	Campegine-Correggio
10.76357223	44.71372202	-13.3870299	Campegine-Correggio
10.65899838	44.71686078	-14.777828	Campegine-Correggio
10.66864125	44.70904521	-15.6207582	Campegine-Correggio
10.56200725	44.69435546	-15.5187196	Campegine-Correggio
10.71146057	44.79687051	-5.8182267	Campegine-Correggio
10.62245762	44.77133961	-8.5515137	Campegine-Correggio
10.79428699	44.73126964	-10.6289918	Campegine-Correggio
10.78442088	44.71085656	-13.0817325	Campegine-Correggio
10.61246762	44.73391088	-12.4135118	Campegine-Correggio
10.73987762	44.75821902	-9.2452093	Campegine-Correggio
10.73981926	44.72822826	-12.4376788	Campegine-Correggio
10.80657079	44.6867275	-15.041475	Campegine-Correggio
10.59468141	44.77436331	-7.5881741	Campegine-Correggio
10.58367834	44.79253203	-5.3230736	Campegine-Correggio
10.676172	44.73606695	-12.7060944	Campegine-Correggio
10.63287818	44.75495555	-10.4701465	Campegine-Correggio
10.59404799	44.75375138	-9.8271098	Campegine-Correggio
10.76238624	44.80590625	-3.6248383	Campegine-Correggio
10.82134547	44.6780359	-15.5800565	Campegine-Correggio
10.66384524	44.80620255	-5.1374896	Campegine-Correggio
10.76887482	44.79648182	-4.4510262	Campegine-Correggio
10.70412512	44.82384534	-2.9999999	Campegine-Correggio
10.63784949	44.72383348	-13.9113197	Campegine-Correggio
10.56754799	44.69912075	-15.1366337	Campegine-Correggio
10.6900269	44.76477592	-9.48412	Campegine-Correggio
10.65255169	44.78277705	-7.6663774	Campegine-Correggio
10.56207087	44.72961337	-11.6634657	Campegine-Correggio
10.79180859	44.77828474	-5.7124276	Campegine-Correggio
10.56729784	44.80817576	-3.1993148	Campegine-Correggio
10.62328881	44.74429665	-11.5110956	Campegine-Correggio
10.79061608	44.71481179	-12.481014	Campegine-Correggio
10.70815444	44.80592554	-4.8823383	Campegine-Correggio
10.68564339	44.82561626	-2.9999999	Campegine-Correggio
10.71305662	44.82297421	-2.9999999	Campegine-Correggio
10.65226406	44.77859888	-8.1173832	Campegine-Correggio
10.59234413	44.71694963	-13.8090419	Campegine-Correggio
10.71039668	44.73073396	-12.8828595	Campegine-Correggio
10.71791207	44.81167804	-4.0855839	Campegine-Correggio
10.59590019	44.79906681	-4.9151151	Campegine-Correggio
10.75955325	44.75750847	-8.8449345	Campegine-Correggio
10.79447108	44.77241479	-6.2574984	Campegine-Correggio
10.65004678	44.77350585	-8.6645917	Campegine-Correggio
10.70794047	44.77248074	-8.4733491	Campegine-Correggio
10.78291538	44.75048337	-8.9224437	Campegine-Correggio
10.60799599	44.75817234	-9.6611312	Campegine-Correggio
10.56111629	44.7680704	-7.4226787	Campegine-Correggio
10.7572552	44.77048027	-7.5198098	Campegine-Correggio
10.62769865	44.8202989	-3.3060057	Campegine-Correggio
10.668198	44.81813678	-3.8490336	Campegine-Correggio
10.5614195	44.71574275	-13.1645145	Campegine-Correggio
10.76191321	44.74619699	-9.9908465	Campegine-Correggio
10.72820277	44.73846808	-11.629298	Campegine-Correggio
10.79608614	44.7525232	-8.3229242	Campegine-Correggio
10.77764247	44.74208269	-9.9677125	Campegine-Correggio
10.82796455	44.74150874	-8.6645659	Campegine-Correggio
10.7381045	44.73497288	-11.7616219	Campegine-Correggio
10.68735915	44.71707676	-14.6274247	Campegine-Correggio
10.65040837	44.77946177	-8.0217764	Campegine-Correggio
10.57294557	44.79251387	-5.055538	Campegine-Correggio
10.57930745	44.69524633	-15.8557523	Campegine-Correggio
10.60729921	44.74148494	-11.4686068	Campegine-Correggio
10.65932926	44.7097841	-15.5410009	Campegine-Correggio
10.62073084	44.81883477	-3.3195106	Campegine-Correggio
10.7057799	44.70383658	-15.8557518	Campegine-Correggio
10.78124028	44.78973468	-4.8060809	Campegine-Correggio
10.7825796	44.68520219	-15.8557572	Campegine-Correggio
10.80797284	44.69438574	-14.1915306	Campegine-Correggio
10.70898658	44.77693414	-7.9846805	Campegine-Correggio
10.831211	44.794	-2.9999999	Campegine-Correggio
10.62385305	44.78319656	-7.2865936	Campegine-Correggio
10.62572038	44.70897232	-15.376726	Campegine-Correggio
10.62442769	44.79268817	-6.2621827	Campegine-Correggio
10.5693545	44.78137462	-6.1846595	Campegine-Correggio
10.70741169	44.73058172	-12.9712338	Campegine-Correggio
10.80303594	44.80089076	-3.0000009	Campegine-Correggio
10.59278247	44.7448864	-10.7656989	Campegine-Correggio
10.59855258	44.79943781	-4.9364027	Campegine-Correggio
10.64600281	44.7068451	-15.8557518	Campegine-Correggio
10.62198233	44.73484572	-12.5212887	Campegine-Correggio
10.63600048	44.80010897	-5.6017474	Campegine-Correggio
10.55580786	44.75506207	-8.6988163	Campegine-Correggio
10.58829896	44.7184145	-13.5482689	Campegine-Correggio
10.54983078	44.69114229	-15.5327797	Campegine-Correggio
10.79143202	44.68276972	-15.8557518	Campegine-Correggio
10.70142703	44.79441041	-6.1870389	Campegine-Correggio
10.72399527	44.80333925	-4.8264203	Campegine-Correggio
10.81541319	44.76335684	-6.668911	Campegine-Correggio
10.62154074	44.7449977	-11.4084673	Campegine-Correggio
10.76429138	44.80913311	-3.2351156	Campegine-Correggio
10.59070663	44.73995425	-11.2528484	Campegine-Correggio
10.82384631	44.67482691	-15.8557518	Campegine-Correggio
10.64735793	44.72919497	-13.445307	Campegine-Correggio
10.71600351	44.7551811	-10.1459595	Campegine-Correggio
10.59017892	44.77918467	-6.9471178	Campegine-Correggio
10.7932769	44.74173071	-9.5480514	Campegine-Correggio
10.65687223	44.74849791	-11.3651533	Campegine-Correggio
10.76957311	44.75533266	-8.7977655	Campegine-Correggio
10.81468615	44.77334603	-5.6258878	Campegine-Correggio
10.54952519	44.78439775	-5.307101	Campegine-Correggio
10.65904065	44.74281796	-11.9779315	Campegine-Correggio
10.56560254	44.77631484	-6.6441393	Campegine-Correggio
10.56064272	44.74099275	-10.3766249	Campegine-Correggio
10.78587341	44.75526817	-8.328376	Campegine-Correggio
10.7985786	44.78512017	-4.7925638	Campegine-Correggio
10.76159401	44.73674625	-11.0027209	Campegine-Correggio
10.54016454	44.76587052	-7.0746708	Campegine-Correggio
10.5923881	44.72944057	-12.4451195	Campegine-Correggio
10.71276004	44.70786229	-15.258726	Campegine-Correggio
10.5409257	44.78369175	-5.1427928	Campegine-Correggio
10.68302132	44.78490884	-7.3960646	Campegine-Correggio
10.57465323	44.76276353	-8.3540653	Campegine-Correggio
10.59683549	44.6991408	-15.8557518	Campegine-Correggio
10.79806759	44.75541277	-7.9645262	Campegine-Correggio
10.661771	44.82600011	-2.999975	Campegine-Correggio
10.63572942	44.7191335	-14.3957982	Campegine-Correggio
10.70472395	44.81149798	-4.3191971	Campegine-Correggio
10.68444487	44.82327052	-3.2641459	Campegine-Correggio
10.7858564	44.69690492	-14.5192294	Campegine-Correggio
10.74054836	44.80457687	-4.2943632	Campegine-Correggio
10.77941256	44.71626634	-12.6543805	Campegine-Correggio
10.81104742	44.68074053	-15.5608524	Campegine-Correggio
10.68499529	44.78001736	-7.9006276	Campegine-Correggio
10.63959764	44.70612381	-15.8557489	Campegine-Correggio
10.64478762	44.72104468	-14.2990004	Campegine-Correggio
10.78250768	44.70552375	-13.7031927	Campegine-Correggio
10.80263892	44.73581158	-9.9289244	Campegine-Correggio
10.6824028	44.75750464	-10.3425928	Campegine-Correggio
10.63634678	44.81796885	-3.6646063	Campegine-Correggio
10.57555675	44.69709521	-15.5593226	Campegine-Correggio
10.79808046	44.68114091	-15.855743	Campegine-Correggio
10.80021206	44.72197525	-11.462271	Campegine-Correggio
10.82418258	44.77535983	-5.1647631	Campegine-Correggio
10.81323669	44.76851884	-6.1767765	Campegine-Correggio
10.56267754	44.73680351	-10.8926223	Campegine-Correggio
10.72738145	44.75202741	-10.2063773	Campegine-Correggio
10.56728859	44.70863024	-14.0903837	Campegine-Correggio
10.75134238	44.79951987	-4.5716678	Campegine-Correggio
10.60771172	44.72323674	-13.4714115	Campegine-Correggio
10.74195064	44.81641425	-2.9999999	Campegine-Correggio
10.76582641	44.79195498	-5.0210135	Campegine-Correggio
10.76360813	44.69043174	-15.8557518	Campegine-Correggio
10.62019586	44.72276345	-13.8068661	Campegine-Correggio
10.66198596	44.82384934	-3.2322587	Campegine-Correggio
10.65162885	44.73897178	-12.3932028	Campegine-Correggio
10.77529932	44.69849093	-14.6595643	Campegine-Correggio
10.55974099	44.75960215	-8.312245	Campegine-Correggio
10.79587223	44.74208096	-9.4381413	Campegine-Correggio
10.56692267	44.71836174	-13.0169493	Campegine-Correggio
10.64625814	44.78231315	-7.6612169	Campegine-Correggio
10.65446466	44.70686518	-15.8557137	Campegine-Correggio
10.61942688	44.78065946	-7.4633563	Campegine-Correggio
10.65192358	44.78647972	-7.2665209	Campegine-Correggio
10.81118338	44.67793042	-15.8557518	Campegine-Correggio
10.79466482	44.79250206	-4.119993	Campegine-Correggio
10.62066232	44.71301872	-14.8754979	Campegine-Correggio
10.70649708	44.76025	-9.8003761	Campegine-Correggio
10.77445246	44.78483334	-5.5245734	Campegine-Correggio
10.57186722	44.77603888	-6.8314755	Campegine-Correggio
10.73148968	44.70565642	-15.0402152	Campegine-Correggio
10.71356349	44.77400824	-8.201179	Campegine-Correggio
10.68100044	44.8153576	-4.1489823	Campegine-Correggio
10.78690043	44.73854584	-10.0724358	Campegine-Correggio
10.65943461	44.80162405	-5.6317711	Campegine-Correggio
10.70646959	44.7151428	-14.6364647	Campegine-Correggio
10.56071925	44.75160157	-9.2163534	Campegine-Correggio
10.64701907	44.72360794	-14.0479061	Campegine-Correggio
10.63090818	44.79637725	-5.9451322	Campegine-Correggio
10.76306397	44.76068854	-8.4194252	Campegine-Correggio
10.57923555	44.72741367	-12.3362887	Campegine-Correggio
10.82186132	44.72199194	-10.897311	Campegine-Correggio
10.71754707	44.82195496	-3.0000004	Campegine-Correggio
10.73769837	44.75215145	-9.9436126	Campegine-Correggio
10.79199365	44.69189861	-14.8714623	Campegine-Correggio
10.61527886	44.80511188	-4.6961058	Campegine-Correggio
10.59355669	44.73485215	-11.8812606	Campegine-Correggio
10.74797131	44.72849352	-12.2122013	Campegine-Correggio
10.6679457	44.70686588	-15.8557787	Campegine-Correggio
10.71062438	44.82322288	-3.0000912	Campegine-Correggio
10.75660456	44.81074413	-3.2493065	Campegine-Correggio
10.57165519	44.72320396	-12.6062885	Campegine-Correggio
10.79088296	44.76108739	-7.5645546	Campegine-Correggio
10.70995365	44.77221094	-8.4797486	Campegine-Correggio
10.64475614	44.7519694	-10.9397444	Campegine-Correggio
10.83109123	44.79206469	-3.2089061	Campegine-Correggio
10.67139744	44.73263034	-13.0769698	Campegine-Correggio
10.64880009	44.72447647	-13.9566913	Campegine-Correggio
10.56189154	44.72029781	-12.6785953	Campegine-Correggio
10.61009245	44.71096193	-14.8662108	Campegine-Correggio
10.65014144	44.82253565	-3.3367093	Campegine-Correggio
10.75778043	44.72141293	-12.7283707	Campegine-Correggio
10.79049616	44.71963502	-11.9731447	Campegine-Correggio
10.82353155	44.73295184	-9.6892597	Campegine-Correggio
10.81487448	44.74796298	-8.3191931	Campegine-Correggio
10.62234939	44.74091636	-11.8664791	Campegine-Correggio
10.78922902	44.7905595	-4.4852103	Campegine-Correggio
10.62047741	44.72741932	-13.3046891	Campegine-Correggio
10.63024849	44.77989551	-7.7282554	Campegine-Correggio
10.71668588	44.74866622	-10.8227371	Campegine-Correggio
10.80848909	44.72723306	-10.6883423	Campegine-Correggio
10.65541542	44.82357838	-3.26183	Campegine-Correggio
10.66766733	44.76939375	-9.1104997	Campegine-Correggio
10.56739872	44.7904776	-5.1394769	Campegine-Correggio
10.59259454	44.70662705	-14.9423246	Campegine-Correggio
10.57894648	44.8126687	-3.0000013	Campegine-Correggio
10.54716513	44.80220253	-3.2888788	Campegine-Correggio
10.81266133	44.69971149	-13.5038024	Campegine-Correggio
10.62544662	44.8095094	-4.4462718	Campegine-Correggio
10.56924495	44.75550231	-9.0126762	Campegine-Correggio
10.72409528	44.71176711	-14.5691722	Campegine-Correggio
10.75553076	44.70638076	-14.3816288	Campegine-Correggio
10.7934688	44.72009231	-11.8381434	Campegine-Correggio
10.76443027	44.77818299	-6.5234933	Campegine-Correggio
10.59701807	44.79120091	-5.8024078	Campegine-Correggio
10.71098964	44.78916625	-6.6498217	Campegine-Correggio
10.56724664	44.80997963	-3.0003134	Campegine-Correggio
10.80409788	44.77244226	-5.9973817	Campegine-Correggio
10.62111597	44.7518417	-10.6514908	Campegine-Correggio
10.56650408	44.79612284	-4.498684	Campegine-Correggio
10.74924111	44.70556814	-14.6200087	Campegine-Correggio
10.77337521	44.80203746	-3.7299769	Campegine-Correggio
10.60134324	44.76499385	-8.7644685	Campegine-Correggio
10.67392971	44.76401761	-9.6906544	Campegine-Correggio
10.74011456	44.71928624	-13.3817758	Campegine-Correggio
10.73359166	44.76650751	-8.5151678	Campegine-Correggio
10.76462931	44.78195088	-6.1176696	Campegine-Correggio
10.60572055	44.80235286	-4.7806097	Campegine-Correggio
10.76516986	44.72353042	-12.3000726	Campegine-Correggio
10.76448263	44.70771803	-13.9971937	Campegine-Correggio
10.82435828	44.74596861	-8.2844172	Campegine-Correggio
10.64870894	44.75146487	-11.0429016	Campegine-Correggio
10.79857831	44.72811921	-10.8518951	Campegine-Correggio
10.58802303	44.7084505	-14.6309427	Campegine-Correggio
10.73167633	44.79218485	-5.8282655	Campegine-Correggio
10.56337978	44.74359922	-10.1675637	Campegine-Correggio
10.79332264	44.76750693	-6.8119681	Campegine-Correggio
10.72442477	44.78206254	-7.0811991	Campegine-Correggio
10.64620177	44.71012359	-15.5022474	Campegine-Correggio
10.66988094	44.79634205	-6.2020353	Campegine-Correggio
10.62928207	44.70496192	-15.8557518	Campegine-Correggio
10.59503601	44.74013855	-11.3374248	Campegine-Correggio
10.7823406	44.77847308	-5.9691893	Campegine-Correggio
10.69127612	44.75263368	-10.773807	Campegine-Correggio
10.68138601	44.82168295	-3.4660194	Campegine-Correggio
10.59856663	44.81281338	-3.4747601	Campegine-Correggio
