14.057498	43.021	-2.1000001	Conrad
13.98340627	43.22974795	-2.5231649	Conrad
13.93374226	43.41338995	-2.9131724	Conrad
13.92664566	43.21967243	-7.9258969	Conrad
14.05210774	43.02006085	-2.6126529	Conrad
13.93906452	43.27190505	-4.6765848	Conrad
14.02290796	43.17306263	-2.1000001	Conrad
13.99555457	43.05943145	-7.6116971	Conrad
13.96933753	43.09552835	-9.7721087	Conrad
13.84926883	43.40847167	-10.5852813	Conrad
13.88584239	43.34537253	-8.6237725	Conrad
14.04888465	43.05890812	-2.6162352	Conrad
13.95439287	43.26124603	-3.7309927	Conrad
13.97084086	43.1918212	-5.6078051	Conrad
13.94894452	43.12234763	-10.5857335	Conrad
13.97587277	43.23522268	-2.877899	Conrad
13.86488387	43.34473909	-10.5852813	Conrad
14.03551916	43.01716992	-4.1903843	Conrad
13.89843021	43.21515758	-10.5852745	Conrad
14.04434324	43.10369565	-2.6977264	Conrad
13.90599338	43.4183258	-5.202431	Conrad
14.03304352	43.14998384	-2.1000152	Conrad
13.9316102	43.42277174	-2.771751	Conrad
14.02255538	43.01490994	-5.4234019	Conrad
13.88256903	43.24794852	-10.5845025	Conrad
13.93397018	43.35446832	-4.0491194	Conrad
13.87748032	43.37302724	-8.8658433	Conrad
13.98207909	43.10667779	-8.2300076	Conrad
13.91284056	43.2809899	-6.643161	Conrad
13.96241632	43.25173472	-3.4015306	Conrad
13.88281664	43.28364117	-9.4080591	Conrad
13.95276579	43.242549	-4.6166362	Conrad
13.92419213	43.332376	-5.14222	Conrad
13.98437755	43.16725954	-5.7154248	Conrad
13.8532027	43.39798522	-10.5859444	Conrad
13.85908111	43.40204365	-9.9575543	Conrad
13.94084815	43.15717153	-9.9753929	Conrad
14.02144827	43.10299412	-4.8488776	Conrad
13.91208935	43.35294669	-6.103989	Conrad
13.98667527	43.09693739	-8.154602	Conrad
13.95948897	43.30032391	-2.1000001	Conrad
13.90263734	43.29225384	-7.4838177	Conrad
13.96448134	43.05159228	-10.5852706	Conrad
14.00550322	43.01193617	-7.0453281	Conrad
13.89304579	43.41607769	-6.431029	Conrad
13.96752334	43.09359946	-9.9754019	Conrad
13.94865018	43.35564191	-2.6670877	Conrad
14.02881646	43.0966563	-4.2070955	Conrad
13.98775697	43.08773995	-8.1242183	Conrad
14.01363301	43.17328711	-2.8870731	Conrad
13.85923196	43.37048711	-10.5852725	Conrad
13.97947763	43.15878146	-6.4995282	Conrad
13.96453321	43.27087615	-2.4665782	Conrad
13.92655988	43.39275121	-3.9832213	Conrad
13.97206779	43.26311588	-2.0994464	Conrad
13.88009855	43.41382897	-7.6596275	Conrad
14.05036576	43.10802726	-2.1000001	Conrad
13.95352132	43.16098612	-8.6938372	Conrad
14.0412068	43.10643349	-2.9706253	Conrad
13.97850911	43.00722622	-9.6130101	Conrad
13.968288	43.00544209	-10.5852813	Conrad
14.05693878	43.02782653	-2.1000001	Conrad
14.01952744	43.06132103	-5.3497813	Conrad
13.87022867	43.2836966	-10.5852818	Conrad
13.87466945	43.29476516	-10.0798094	Conrad
13.96539984	43.23721797	-3.7149839	Conrad
13.86696082	43.32127515	-10.5852828	Conrad
13.94784293	43.38962641	-2.0999859	Conrad
14.01707844	43.18275355	-2.0999278	Conrad
13.85910502	43.38873719	-10.2306231	Conrad
13.92015794	43.30400584	-5.749473	Conrad
13.9031865	43.34896933	-6.9725914	Conrad
13.96975525	43.22632929	-3.8755049	Conrad
13.91045176	43.39947102	-5.3212035	Conrad
13.90958063	43.28203378	-6.917165	Conrad
13.9421689	43.29830873	-3.7365657	Conrad
13.8615578	43.40009669	-9.7790958	Conrad
13.98403268	43.07377969	-8.5810755	Conrad
13.96330226	43.15151575	-8.2065118	Conrad
13.93561377	43.2245519	-6.8972784	Conrad
13.89487608	43.26928084	-8.6788751	Conrad
13.9715725	43.13800304	-7.9911054	Conrad
13.92225612	43.20794805	-8.9263431	Conrad
14.00431852	43.04213566	-6.9235186	Conrad
13.88870916	43.24856804	-10.0183902	Conrad
13.94029518	43.42019643	-2.1000001	Conrad
14.03789552	43.13864877	-2.1003121	Conrad
13.90108506	43.23466181	-9.4818641	Conrad
14.05148823	43.0943355	-2.1000001	Conrad
13.95495613	43.35278438	-2.1001343	Conrad
13.94523037	43.28662292	-3.5672474	Conrad
13.98325307	43.20172759	-4.0271666	Conrad
14.01279595	43.09674957	-5.7079019	Conrad
13.97355885	43.04419613	-9.7914376	Conrad
13.95007456	43.23337493	-5.217642	Conrad
13.91364326	43.19065718	-10.5854337	Conrad
13.91548391	43.25005462	-7.6005018	Conrad
13.9260568	43.28328887	-5.3880444	Conrad
13.89542308	43.35004979	-7.686185	Conrad
13.93099537	43.23009264	-7.0284315	Conrad
13.96821278	43.08234612	-9.9977752	Conrad
13.9164168	43.41038296	-4.5571959	Conrad
13.94231209	43.41487686	-2.1000001	Conrad
13.93826266	43.1471818	-10.5852828	Conrad
13.94402856	43.33537701	-3.2625298	Conrad
13.9665475	43.10202982	-9.778463	Conrad
14.04372616	43.08987592	-2.8617967	Conrad
14.01667194	43.13919474	-3.9590277	Conrad
13.96030719	43.29085438	-2.1000001	Conrad
13.86849582	43.30362194	-10.5852755	Conrad
13.86263434	43.41079468	-9.316908	Conrad
13.91704638	43.19758922	-9.9247369	Conrad
13.89320354	43.32220576	-8.1231121	Conrad
13.99674429	43.15324448	-5.1843259	Conrad
13.9854581	43.01576895	-8.8954066	Conrad
14.02028424	43.15558312	-3.0143765	Conrad
13.94814419	43.3146018	-3.0457542	Conrad
13.86589749	43.3335023	-10.5852818	Conrad
13.9238593	43.22617309	-7.8187496	Conrad
13.95441506	43.13730395	-9.5346629	Conrad
13.86518518	43.34178496	-10.586043	Conrad
13.9346968	43.25868492	-5.5688016	Conrad
13.93282066	43.3455502	-4.2284771	Conrad
13.98673111	43.03293219	-8.6435001	Conrad
14.02372079	43.1715972	-2.1000001	Conrad
14.02707544	43.10558617	-4.2831932	Conrad
13.99761467	43.21480521	-2.1001871	Conrad
14.03582119	43.05742603	-3.8522891	Conrad
13.93857177	43.4046148	-2.6474559	Conrad
13.90186177	43.37341766	-6.6287932	Conrad
13.99045721	43.2123051	-2.8466575	Conrad
13.94188772	43.4164225	-2.1000001	Conrad
13.90788405	43.33406263	-6.6536359	Conrad
14.01432465	43.16996191	-2.992565	Conrad
13.85063679	43.40523406	-10.5852813	Conrad
13.88773018	43.23648897	-10.5853214	Conrad
13.98997556	43.17694322	-4.7320134	Conrad
14.02726284	43.1633866	-2.1000001	Conrad
13.93443108	43.15605335	-10.5852813	Conrad
13.99973229	43.09118986	-6.9751698	Conrad
14.00972382	43.19497931	-2.0999713	Conrad
13.92642063	43.16947377	-10.5852584	Conrad
14.05432029	43.05977624	-2.0999986	Conrad
13.89324192	43.22427885	-10.5850757	Conrad
13.87612723	43.40500536	-8.3402313	Conrad
13.89009812	43.40743236	-7.0143923	Conrad
14.03839888	43.11576868	-2.9027943	Conrad
14.00095586	43.16924398	-4.1859632	Conrad
13.92954525	43.41428095	-3.2711453	Conrad
14.01873466	43.11489492	-4.6776097	Conrad
13.90631596	43.20245758	-10.5852354	Conrad
13.9227495	43.40527143	-4.0807274	Conrad
13.89420202	43.40652567	-6.6652579	Conrad
13.91283115	43.35860314	-5.9227959	Conrad
13.96739532	43.27385682	-2.1000103	Conrad
13.96311531	43.06815755	-10.5852813	Conrad
13.92372315	43.18985832	-9.7619852	Conrad
13.92260072	43.37069565	-4.7871464	Conrad
14.05552022	43.04513805	-2.1000001	Conrad
13.89953427	43.25423498	-8.8450945	Conrad
13.9615421	43.23273077	-4.2389981	Conrad
13.90893284	43.26283666	-7.6849962	Conrad
14.02152579	43.02810886	-5.4182921	Conrad
13.85247044	43.4008939	-10.5852813	Conrad
14.00075783	43.01954671	-7.4316125	Conrad
14.04429917	43.07623945	-2.9128963	Conrad
13.93109097	43.29070065	-4.8345145	Conrad
13.90780911	43.2134135	-9.8740098	Conrad
13.8734943	43.3462377	-9.7675635	Conrad
13.91736534	43.23509073	-8.0308596	Conrad
13.95507799	43.15965086	-8.6230831	Conrad
13.99960569	43.19154424	-3.1481104	Conrad
13.85895417	43.4064899	-9.8030445	Conrad
13.99586039	43.13536915	-5.9448824	Conrad
13.91480054	43.38329846	-5.2477191	Conrad
14.04371941	43.10848304	-2.7010411	Conrad
13.97230943	43.00925569	-10.1786951	Conrad
13.92119113	43.2569401	-6.8285332	Conrad
13.88626786	43.38222913	-7.8778251	Conrad
13.95010752	43.17179902	-8.4274288	Conrad
13.93803178	43.38469573	-3.0957381	Conrad
13.89285236	43.33570432	-8.0462798	Conrad
13.91789285	43.28896858	-6.0832761	Conrad
13.96231909	43.28554011	-2.1000001	Conrad
13.9424211	43.22940391	-6.0553743	Conrad
13.9823535	43.09779687	-8.5346717	Conrad
13.93753267	43.21037567	-7.4872429	Conrad
13.95764962	43.19722225	-6.4625322	Conrad
13.8773903	43.40360522	-8.2606679	Conrad
13.8709577	43.27531094	-10.5852813	Conrad
13.8970771	43.39232966	-6.6870781	Conrad
13.88702463	43.3595696	-8.2631534	Conrad
13.97601583	43.2409483	-2.6314241	Conrad
13.90793507	43.41052988	-5.3217556	Conrad
13.94499211	43.19555576	-7.6367675	Conrad
14.00449506	43.20367282	-2.1001944	Conrad
13.89920464	43.22187954	-10.1610616	Conrad
13.94987269	43.2253931	-5.6300109	Conrad
13.95315433	43.18538022	-7.4624586	Conrad
13.881216	43.26567361	-10.023473	Conrad
13.96813138	43.17213752	-6.8596788	Conrad
13.96110855	43.09248112	-10.5852813	Conrad
13.89757719	43.27833395	-8.0927305	Conrad
13.97946025	43.13071144	-7.5716962	Conrad
14.03230569	43.1423081	-2.4587571	Conrad
13.89473845	43.22110158	-10.5852813	Conrad
13.95427121	43.36027312	-2.1000001	Conrad
13.96515664	43.12747084	-8.9592684	Conrad
14.02814473	43.08008972	-4.3975449	Conrad
13.96965491	43.2583733	-2.4996126	Conrad
13.96633387	43.02913823	-10.5852818	Conrad
13.97701736	43.25212759	-2.1000318	Conrad
14.05004241	43.10958326	-2.1000001	Conrad
13.94384978	43.4078581	-2.1000001	Conrad
13.96464519	43.16354874	-7.6046036	Conrad
13.96780666	43.01128009	-10.5852813	Conrad
13.97402168	43.2111944	-4.3149394	Conrad
13.93869	43.42400001	-2.1000001	Conrad
13.91931395	43.42063798	-3.9384776	Conrad
13.89114009	43.30308378	-8.4714166	Conrad
13.87595352	43.32799813	-9.6895347	Conrad
13.9443294	43.15119469	-9.8958511	Conrad
13.98392317	43.11916143	-7.6040842	Conrad
13.95473544	43.29834027	-2.5607242	Conrad
13.93436458	43.19608841	-8.5196871	Conrad
13.93467508	43.17540833	-9.5679307	Conrad
13.98406026	43.23664672	-2.1000001	Conrad
13.95784867	43.21307118	-5.601783	Conrad
13.87760874	43.31193779	-9.6652076	Conrad
13.89394493	43.2793129	-8.4020892	Conrad
13.95045593	43.12928068	-10.191077	Conrad
13.98535668	43.04925759	-8.6462576	Conrad
14.00370084	43.16417062	-4.1528194	Conrad
13.91835248	43.18287669	-10.5854669	Conrad
14.00824538	43.10069503	-6.1039921	Conrad
13.96068147	43.2893086	-2.1000001	Conrad
13.97259765	43.02291169	-10.0461124	Conrad
13.87332685	43.35215685	-9.6643846	Conrad
13.85621322	43.38423612	-10.5852247	Conrad
13.95264867	43.27743717	-3.2648458	Conrad
13.99358388	43.16635459	-4.9638146	Conrad
13.9836874	43.14342714	-6.713188	Conrad
13.90232492	43.22474653	-9.7663328	Conrad
13.98273407	43.23944782	-2.0997798	Conrad
13.90957613	43.27500008	-7.1613361	Conrad
13.92493763	43.28470522	-5.4587572	Conrad
13.93223743	43.41879844	-2.8645591	Conrad
13.8710087	43.34098498	-10.0469478	Conrad
13.98774915	43.23070261	-2.1000001	Conrad
13.87831254	43.2749804	-9.922369	Conrad
14.00249863	43.17889224	-3.553973	Conrad
14.0326906	43.13139022	-2.8303323	Conrad
14.03999167	43.02347829	-3.7224786	Conrad
13.90461753	43.31408033	-7.1214187	Conrad
13.93144522	43.3192075	-4.5704481	Conrad
14.02861397	43.04553939	-4.6194816	Conrad
13.86602799	43.37118802	-9.9498394	Conrad
13.94486483	43.13189048	-10.5852662	Conrad
13.90541757	43.24536812	-8.6733111	Conrad
13.8713328	43.27376502	-10.5852813	Conrad
13.99716873	43.20227418	-2.8030648	Conrad
13.91959083	43.34838054	-5.4437192	Conrad
13.87915358	43.40955678	-7.9026957	Conrad
13.91646751	43.32070807	-5.9592501	Conrad
13.87742565	43.27643719	-9.9709825	Conrad
13.99634607	43.10023484	-7.2044272	Conrad
13.9328562	43.15878685	-10.585439	Conrad
14.01063565	43.13145561	-4.7821325	Conrad
13.95684429	43.1034591	-10.5852701	Conrad
13.93987927	43.18727673	-8.5060206	Conrad
13.95026742	43.35957787	-2.4801036	Conrad
13.91688134	43.2274332	-8.3776277	Conrad
13.94328288	43.25224907	-5.0658466	Conrad
13.91301214	43.41579097	-4.6765203	Conrad
13.95665059	43.33316412	-2.0999991	Conrad
13.94040637	43.16092742	-9.8254705	Conrad
13.96985976	43.20064558	-5.2336932	Conrad
14.05167583	43.02978827	-2.5784014	Conrad
13.87580048	43.2634952	-10.5852911	Conrad
14.05310468	43.07461004	-2.0999976	Conrad
13.92661469	43.35547053	-4.7250965	Conrad
13.86278603	43.35429789	-10.5852818	Conrad
13.93778886	43.35741126	-3.664452	Conrad
13.94145133	43.36797026	-3.118127	Conrad
13.95360538	43.28968963	-2.7363961	Conrad
13.93936436	43.28721398	-4.0887379	Conrad
13.95249874	43.3683681	-2.0999947	Conrad
13.97084248	43.16239585	-7.1248814	Conrad
13.9245305	43.27555674	-5.8196584	Conrad
13.97310178	43.06237728	-9.6938016	Conrad
14.00889413	43.07906128	-6.209921	Conrad
13.96188359	43.08308859	-10.5852813	Conrad
13.89625059	43.41277954	-6.2708247	Conrad
13.99700934	43.1244369	-6.249331	Conrad
14.04612697	43.11895741	-2.0999937	Conrad
13.96122379	43.11828068	-9.6482078	Conrad
14.01136182	43.10285021	-5.7769553	Conrad
13.93059612	43.24470866	-6.4827185	Conrad
13.95801422	43.31738643	-2.0999986	Conrad
13.87319458	43.3956556	-8.8036866	Conrad
14.00601197	43.10728342	-6.0868686	Conrad
13.89966398	43.35478666	-7.2033206	Conrad
13.91139258	43.22400203	-9.0031859	Conrad
13.96078437	43.09403727	-10.5852813	Conrad
