15.409816	37.333	-6.0000002	Eracle
15.43750154	37.29441877	-6.6750168	Eracle
15.43326983	37.29949081	-14.5000025	Eracle
15.83680876	36.92859962	-7.4832034	Eracle
15.7495998	37.00314642	-14.3546871	Eracle
15.49702551	37.23842852	-19.7101565	Eracle
15.409816	37.333	-7.2125002	Eracle
15.73409456	37.0166249	-8.3062502	Eracle
15.44163475	37.28956727	-10.1437502	Eracle
15.46960996	37.2566498	-6.9000002	Eracle
15.60606905	37.16174524	-6.3000002	Eracle
15.69577625	37.04896108	-18.9249949	Eracle
15.7184693	37.02990505	-21.0000007	Eracle
15.6547826	37.08891905	-12.3322263	Eracle
15.76856853	36.98673529	-5.9999978	Eracle
15.43490152	37.29748028	-8.0750071	Eracle
15.52557217	37.22015591	-13.5757813	Eracle
15.7290883	37.02097703	-6.7249851	Eracle
15.53626436	37.21355032	-21.0000002	Eracle
15.46326468	37.26411801	-8.6484377	Eracle
15.61611391	37.15075457	-8.639844	Eracle
15.5146714	37.22688721	-15.95	Eracle
15.409816	37.333	-9.7500002	Eracle
15.76463813	36.99008697	-7.9093738	Eracle
15.47579315	37.25231722	-18.8125002	Eracle
15.62193993	37.14437876	-11.3	Eracle
15.409816	37.333	-11.9	Eracle
15.43486465	37.29752277	-14.9593574	Eracle
15.74856173	37.00405008	-16.046875	Eracle
15.78689496	36.97112951	-21.0000002	Eracle
15.65948821	37.08094072	-9.7500002	Eracle
15.62292743	37.14291312	-7.5125002	Eracle
15.57686189	37.18922535	-18.8375002	Eracle
15.63454774	37.12321877	-9.0968752	Eracle
15.409816	37.333	-13.5	Eracle
15.42587809	37.3100549	-6.0000002	Eracle
15.81716686	36.94533671	-12.7992188	Eracle
15.58467569	37.18461711	-10.4625	Eracle
15.57700634	37.18914015	-21.0000002	Eracle
15.5101205	37.22985762	-15.6	Eracle
15.6484392	37.09967203	-19.8750002	Eracle
15.62721916	37.13564031	-12.728125	Eracle
15.409816	37.333	-15.1	Eracle
15.71734266	37.03084955	-18.9953127	Eracle
15.82349307	36.93994692	-7.021094	Eracle
15.68614931	37.05730799	-12.0062496	Eracle
15.70082627	37.04473118	-21.0000002	Eracle
15.57668458	37.18932989	-14.834375	Eracle
15.77542549	36.98090059	-6.8586921	Eracle
15.442227	37.28887173	-16.3257817	Eracle
15.409816	37.333	-16.7	Eracle
15.73881421	37.01252332	-6.0000002	Eracle
15.47703104	37.25150759	-13.09375	Eracle
15.49045759	37.24272491	-6.5203127	Eracle
15.43978627	37.29174111	-20.4437502	Eracle
15.47687948	37.25160672	-21.0000002	Eracle
15.42974157	37.3045341	-9.3695315	Eracle
15.6945222	37.0500237	-17.7000076	Eracle
15.409816	37.333	-18.3000002	Eracle
15.58467569	37.18461711	-12.375	Eracle
15.79976292	36.96016319	-21.0000002	Eracle
15.76162102	36.99269158	-13.0250018	Eracle
15.72882092	37.02120544	-10.4750049	Eracle
15.46363145	37.26368633	-18.0484377	Eracle
15.64304609	37.10881211	-21.0000002	Eracle
15.72530853	37.02415457	-17.8375002	Eracle
15.409816	37.333	-19.9375002	Eracle
15.81486825	36.94729517	-6.0000002	Eracle
15.5898868	37.1794456	-21.0000002	Eracle
15.52004435	37.22356947	-19.8406252	Eracle
15.65475121	37.08897218	-21.0000002	Eracle
15.72855238	37.0214334	-8.3999983	Eracle
15.80413624	36.95643645	-18.4605471	Eracle
15.70388553	37.04215838	-6.9281252	Eracle
15.46960996	37.2566498	-13.05	Eracle
15.409816	37.333	-21.0000002	Eracle
15.46960996	37.2566498	-20.4000002	Eracle
15.67165123	37.0699114	-15.8957031	Eracle
15.43326989	37.29949048	-18.6999963	Eracle
15.62193993	37.14437876	-14.6875	Eracle
15.59173636	37.17742288	-6.0000002	Eracle
15.64947733	37.09791241	-7.0390627	Eracle
15.841032	36.925	-9.0500002	Eracle
15.47101836	37.25543997	-19.6500002	Eracle
15.53461208	37.21457208	-6.0000002	Eracle
15.61747175	37.14926867	-6.0000002	Eracle
15.43439139	37.29808419	-20.1000105	Eracle
15.69704449	37.04790723	-11.2500002	Eracle
15.62863862	37.13323462	-7.0330076	Eracle
15.65948821	37.08094072	-6.0000002	Eracle
15.76151956	36.99277611	-11.2562502	Eracle
15.61491013	37.15207183	-18.1859377	Eracle
15.41651702	37.32342877	-6.5843752	Eracle
15.62765807	37.13489647	-15.7115237	Eracle
15.4332707	37.29949161	-7.3124993	Eracle
15.64341537	37.10818625	-18.2757815	Eracle
15.54829464	37.20610878	-9.8156238	Eracle
15.58467569	37.18461711	-17.1250002	Eracle
15.54793703	37.20633693	-6.0000007	Eracle
15.58618754	37.18349093	-21.0000002	Eracle
15.841032	36.925	-19.9000002	Eracle
15.58618754	37.18349093	-14.8625	Eracle
15.62193993	37.14437876	-6.0000002	Eracle
15.64634896	37.1032148	-13.96875	Eracle
15.66057742	37.07953557	-20.2750002	Eracle
15.62785834	37.13455701	-10.314844	Eracle
15.46960996	37.2566498	-9.0000002	Eracle
15.65948821	37.08094072	-20.1250002	Eracle
15.76477086	36.98997188	-20.4031272	Eracle
15.46960996	37.2566498	-6.0000002	Eracle
15.6727311	37.06897218	-12.0581543	Eracle
15.841032	36.925	-15.35	Eracle
15.45493798	37.27391645	-10.3125002	Eracle
15.58467569	37.18461711	-6.0000002	Eracle
15.81352751	36.94843728	-21.0000002	Eracle
15.42944691	37.30495531	-13.2015625	Eracle
15.69625146	37.04856556	-7.3499905	Eracle
15.76153108	36.99276717	-9.3156218	Eracle
15.6030255	37.16507485	-14.51875	Eracle
15.45354384	37.27555655	-17.5718752	Eracle
15.59938463	37.16905758	-18.5921877	Eracle
15.58467569	37.18461711	-14.8937499	Eracle
15.69483552	37.04975814	-14.4500125	Eracle
15.4145012	37.32630819	-15.4125	Eracle
15.80509714	36.955618	-6.905469	Eracle
15.71837513	37.02998648	-13.7148452	Eracle
15.57445857	37.1906426	-17.3128909	Eracle
15.47101836	37.25543996	-11.25	Eracle
15.43541757	37.29687655	-20.9999822	Eracle
15.58987476	37.17945877	-9.4339846	Eracle
15.65948821	37.08094072	-7.3625002	Eracle
15.64022261	37.11359753	-6.7359377	Eracle
15.6287797	37.13299553	-6.0000002	Eracle
15.69577472	37.04896018	-20.4500002	Eracle
15.64675266	37.10252972	-10.9609375	Eracle
15.73631713	37.0146949	-16.0343738	Eracle
15.62292743	37.14291312	-20.1000002	Eracle
15.62292743	37.14291312	-21.0000002	Eracle
15.55146938	37.20419022	-17.7593792	Eracle
15.64661368	37.10276604	-6.0000002	Eracle
15.72049352	37.02820219	-6.9609358	Eracle
15.5146716	37.22688739	-9.2500002	Eracle
15.62292743	37.14291312	-11.7000001	Eracle
15.51467158	37.22688735	-18.1000002	Eracle
15.83808213	36.92751429	-19.9875002	Eracle
15.51996686	37.22361732	-11.684375	Eracle
15.49526958	37.23957672	-16.025	Eracle
15.73625669	37.01474805	-19.3955071	Eracle
15.60328073	37.16479563	-20.2796877	Eracle
15.72864134	37.02135702	-16.8750122	Eracle
15.55919694	37.19964054	-12.6242183	Eracle
15.4666758	37.26010338	-16.05	Eracle
15.65624201	37.08644469	-14.2484375	Eracle
15.68594639	37.05747792	-21.0000017	Eracle
15.68963858	37.05427012	-6.6874939	Eracle
15.65075231	37.09575124	-17.924219	Eracle
15.74929124	37.00341609	-11.9796875	Eracle
15.50253228	37.23482601	-6.9921877	Eracle
15.47101836	37.25543996	-6.0000002	Eracle
15.51467133	37.22688715	-19.8500007	Eracle
15.47101836	37.25543996	-15.7	Eracle
15.52050931	37.22328234	-7.0812502	Eracle
15.75455114	36.99884264	-21.0000002	Eracle
15.44319849	37.28772764	-6.0000002	Eracle
15.45343395	37.27568614	-14.046875	Eracle
15.62292743	37.14291312	-6.0000002	Eracle
15.63609551	37.12059423	-17.1570315	Eracle
15.54979862	37.20519073	-21.0000168	Eracle
15.66057742	37.07953557	-21.0000002	Eracle
15.74189213	37.00984786	-13.2382813	Eracle
15.48945999	37.24337783	-18.0156252	Eracle
15.7305087	37.01975275	-20.4250032	Eracle
15.62654333	37.13678556	-19.0199221	Eracle
15.57389043	37.19097738	-7.6386721	Eracle
15.43439207	37.29808467	-13.0500033	Eracle
15.55886718	37.1998328	-14.851562	Eracle
15.41388174	37.32719306	-11.0882813	Eracle
15.70752581	37.03909981	-17.2281255	Eracle
15.73068653	37.01959949	-13.0999995	Eracle
15.43327034	37.29949118	-21.0000002	Eracle
15.66057742	37.07953557	-6.0000002	Eracle
15.66631471	37.07454948	-18.2097659	Eracle
15.41421439	37.32671791	-21.0000002	Eracle
15.43927234	37.29234513	-13.3625002	Eracle
15.45644196	37.27214675	-21.0000002	Eracle
15.841032	36.925	-6.0000002	Eracle
15.6041837	37.16380782	-8.4724612	Eracle
15.5996736	37.1687415	-21.0000002	Eracle
15.41421437	37.32671791	-13.396875	Eracle
15.56227139	37.19782975	-9.5531252	Eracle
15.4347904	37.29760875	-16.9125103	Eracle
15.841032	36.925	-6.9500002	Eracle
15.604215	37.16377357	-12.1898438	Eracle
15.53383768	37.21505114	-11.8710938	Eracle
15.74820914	37.00435828	-9.3125002	Eracle
15.72225033	37.02672827	-6.0000007	Eracle
15.57963287	37.1875912	-6.0000002	Eracle
15.77306898	36.98290715	-19.9597649	Eracle
15.55010883	37.20499995	-7.0562361	Eracle
15.52004434	37.22356945	-6.0000002	Eracle
15.61308036	37.15407403	-21.0000002	Eracle
15.73033208	37.01990599	-6.0000051	Eracle
15.43439241	37.2980846	-11.3	Eracle
15.62292742	37.14291312	-15.875	Eracle
15.61639799	37.15044369	-6.8703127	Eracle
15.46960996	37.2566498	-21.0000002	Eracle
15.62193993	37.14437876	-12.9	Eracle
15.46564882	37.2613121	-11.3625	Eracle
15.48210875	37.24818629	-20.2500002	Eracle
15.66906529	37.0721591	-21.0000002	Eracle
15.41394347	37.32710486	-16.9687502	Eracle
15.74269835	37.00914616	-6.6578127	Eracle
15.79003402	36.96845478	-7.1062502	Eracle
15.52004435	37.22356946	-21.0000002	Eracle
15.83738958	36.92810455	-14.2750001	Eracle
15.42591796	37.309998	-15.9953125	Eracle
15.69627017	37.0485443	-16.6281331	Eracle
15.58467569	37.1846171	-19.7812502	Eracle
15.43327034	37.29949118	-6.0000002	Eracle
15.55126144	37.20431602	-20.5500012	Eracle
15.53871139	37.21203839	-8.427342	Eracle
15.72328321	37.02585662	-11.3781248	Eracle
15.41626903	37.32378301	-19.5411135	Eracle
15.41751096	37.32200893	-8.6628909	Eracle
15.5740645	37.19087485	-20.255469	Eracle
15.51032246	37.22972531	-20.2750007	Eracle
15.81716978	36.94533441	-16.442969	Eracle
15.66057742	37.07953557	-18.6625002	Eracle
15.63429692	37.12364384	-13.15	Eracle
15.729088	37.02097654	-21.0000002	Eracle
15.49745779	37.23814523	-10.3937505	Eracle
15.46322801	37.26416117	-20.3359377	Eracle
15.70825274	37.03849084	-19.8792971	Eracle
15.62193993	37.14437876	-16.9937502	Eracle
15.62292743	37.14291312	-13.775	Eracle
15.77945542	36.97746903	-15.6417969	Eracle
15.62193993	37.14437876	-6.9000002	Eracle
15.46960996	37.2566498	-10.9	Eracle
15.78915147	36.96920671	-20.5046877	Eracle
15.66057742	37.07953557	-16.9375	Eracle
15.66973926	37.07157306	-14.1992187	Eracle
15.46960996	37.2566498	-18.1500002	Eracle
15.64857502	37.09944173	-9.4410159	Eracle
15.69640723	37.0484326	-9.5523423	Eracle
15.72908837	37.02097692	-14.8249978	Eracle
15.50739331	37.23164331	-5.9999998	Eracle
15.47975625	37.24972513	-16.6390625	Eracle
15.78058349	36.97650755	-8.8140627	Eracle
15.61631012	37.15053985	-10.9484377	Eracle
15.83444763	36.93061193	-16.186426	Eracle
15.63603652	37.12069378	-20.2066409	Eracle
15.55084074	37.20456304	-8.6499944	Eracle
15.82679982	36.93712929	-8.6515627	Eracle
15.73860487	37.01270631	-10.4812495	Eracle
15.47794048	37.25091272	-7.1718752	Eracle
15.55231427	37.20369785	-5.9999998	Eracle
15.76100134	36.9932289	-15.5124995	Eracle
15.5348064	37.21445306	-10.0828127	Eracle
15.54413919	37.20868043	-20.3484348	Eracle
15.46608895	37.26079408	-21.0000002	Eracle
15.83402734	36.93097012	-10.286719	Eracle
15.58618754	37.18349093	-8.9000002	Eracle
15.77765857	36.97899827	-17.831446	Eracle
15.65948821	37.08094072	-18.3000002	Eracle
15.53099607	37.21680556	-20.3875002	Eracle
15.79909274	36.96073438	-6.0000002	Eracle
15.43033903	37.30368036	-17.8968752	Eracle
15.66057742	37.07953557	-11.375	Eracle
15.65948821	37.08094072	-21.0000002	Eracle
15.78991113	36.96855949	-18.4078127	Eracle
15.62193993	37.14437876	-9.1500002	Eracle
15.51467158	37.22688736	-10.9	Eracle
15.43327034	37.29949119	-12.3	Eracle
15.69328088	37.05109583	-11.15	Eracle
15.59164967	37.17751769	-11.8554688	Eracle
15.6558101	37.08717696	-6.5945315	Eracle
15.55967055	37.19936265	-21.0000012	Eracle
15.57994805	37.18740532	-9.6359377	Eracle
15.43490216	37.29748013	-18.4749968	Eracle
15.66867265	37.07249985	-8.3062502	Eracle
15.6945235	37.05002479	-21.0000002	Eracle
15.45009559	37.27961378	-6.8312502	Eracle
15.7625488	36.99188417	-6.6500007	Eracle
15.45185649	37.27754207	-19.6062502	Eracle
15.59045516	37.17882404	-18.0968752	Eracle
15.68487708	37.05841159	-17.2562502	Eracle
15.79576622	36.96356831	-9.4246096	Eracle
15.54948678	37.20537916	-19.3374949	Eracle
15.73797439	37.01325349	-17.7937502	Eracle
15.71131996	37.03591052	-11.7058594	Eracle
15.49203661	37.24169231	-21.0000002	Eracle
15.66789358	37.07317707	-6.6625002	Eracle
15.841032	36.925	-13.7	Eracle
15.49261113	37.24131622	-8.4156252	Eracle
15.69952343	37.04582096	-15.6140635	Eracle
15.48965251	37.24325176	-12.3082032	Eracle
15.75620796	36.99740087	-7.24297	Eracle
15.44677573	37.28351986	-8.2578127	Eracle
15.76848349	36.98681458	-10.1562505	Eracle
15.76450342	36.99020076	-14.2562484	Eracle
15.55314815	37.20319666	-13.5562509	Eracle
15.49223837	37.24155981	-6.0000002	Eracle
15.74960053	37.00314698	-6.0000002	Eracle
15.83563588	36.92959924	-12.3921875	Eracle
15.51092849	37.22932848	-11.3812502	Eracle
15.63657114	37.11978838	-11.2953125	Eracle
15.72790139	37.0219828	-19.2765691	Eracle
15.7276754	37.02217092	-12.0359375	Eracle
15.77031548	36.9852494	-12.6179667	Eracle
15.42597366	37.3099183	-21.0000002	Eracle
15.42811066	37.30686487	-7.252344	Eracle
15.50296007	37.23454346	-13.7546877	Eracle
15.45303041	37.27616088	-12.0890625	Eracle
15.58467569	37.1846171	-7.5812502	Eracle
15.65615842	37.08658643	-8.5078127	Eracle
15.72386799	37.02536468	-20.5031252	Eracle
15.43327034	37.29949118	-10.7	Eracle
15.59327282	37.1757425	-15.6390625	Eracle
15.58618754	37.18349093	-19.9500002	Eracle
15.64157228	37.11130955	-8.7515627	Eracle
15.478591	37.25048726	-10.1789065	Eracle
15.54793776	37.20633762	-18.2499954	Eracle
15.48070673	37.24910343	-14.6992188	Eracle
15.58467569	37.18461711	-21.0000002	Eracle
15.80240733	36.95790934	-16.3302737	Eracle
15.51467186	37.22688756	-13.1499998	Eracle
15.83265337	36.93214106	-21.0000002	Eracle
15.65683066	37.08544668	-16.3203125	Eracle
15.55309951	37.20323096	-10.5343823	Eracle
15.46381487	37.2634705	-13.8968749	Eracle
15.66703711	37.07392148	-20.3515627	Eracle
15.66057742	37.07953557	-15.15	Eracle
15.44319845	37.28772762	-21.0000002	Eracle
15.5455084	37.2078356	-11.2093608	Eracle
15.54979569	37.20518782	-12.040618	Eracle
15.65497413	37.08859424	-6.0000002	Eracle
15.59196756	37.17717003	-20.1000002	Eracle
15.51992811	37.22364125	-17.3343752	Eracle
15.46330135	37.26407485	-6.8625002	Eracle
15.51407276	37.22726482	-7.2726462	Eracle
15.62193993	37.14437876	-21.0000002	Eracle
15.79963159	36.96027497	-12.9052735	Eracle
15.47101836	37.25543996	-13.9	Eracle
15.55921668	37.19962901	-16.7738284	Eracle
15.55000397	37.20506233	-15.5281188	Eracle
15.54455503	37.20842895	-16.0125022	Eracle
15.65948821	37.08094072	-12.60625	Eracle
15.6335725	37.1248719	-21.0000002	Eracle
15.82105207	36.94202679	-18.2976565	Eracle
15.52012183	37.22352159	-15.21875	Eracle
15.47698051	37.25154063	-6.0000002	Eracle
15.72133399	37.02749494	-15.8070315	Eracle
15.42162194	37.31613595	-12.7359375	Eracle
15.56460853	37.19645063	-6.0000002	Eracle
15.68117657	37.06163081	-7.205469	Eracle
15.73410526	37.01661504	-14.4499993	Eracle
15.47101836	37.25543996	-17.3000002	Eracle
15.75215244	37.00092699	-20.1109368	Eracle
15.80719166	36.95383313	-20.1289065	Eracle
15.50905373	37.23055631	-8.7515613	Eracle
15.43439241	37.2980846	-6.0000002	Eracle
15.46165076	37.26601735	-6.0000002	Eracle
15.62643885	37.13696267	-21.0000002	Eracle
15.64359638	37.10787917	-16.2023438	Eracle
15.79106169	36.967579	-15.928125	Eracle
15.50910918	37.23051777	-20.9999998	Eracle
15.4343918	37.29808441	-9.6999958	Eracle
15.73346485	37.01717264	-12.025	Eracle
15.58618754	37.18349093	-17.5875002	Eracle
15.76418943	36.99046624	-21.0000193	Eracle
15.81742107	36.9451202	-10.9230469	Eracle
15.59277552	37.17628639	-6.8695315	Eracle
15.68701103	37.05655854	-13.4000005	Eracle
15.5450061	37.20814825	-13.5742117	Eracle
15.82598993	36.93781944	-20.205469	Eracle
15.51467151	37.2268873	-21.0000002	Eracle
15.60445097	37.16351542	-6.0000002	Eracle
15.51467151	37.2268873	-6.0000002	Eracle
15.76020753	36.99392215	-6.0000017	Eracle
15.83685341	36.92856152	-18.5062502	Eracle
15.41421437	37.32671791	-6.0000002	Eracle
15.61574796	37.15115502	-13.8511719	Eracle
15.53933208	37.21165644	-6.8062498	Eracle
15.78314152	36.97432772	-6.0000002	Eracle
15.6873863	37.05623159	-9.7750002	Eracle
15.45724902	37.27119717	-16.046875	Eracle
15.56731412	37.19485549	-11.3234375	Eracle
15.73068439	37.0195978	-17.8375105	Eracle
15.56066173	37.19877755	-19.4078137	Eracle
15.62292743	37.14291312	-18.5000002	Eracle
15.78237899	36.97497727	-11.2982422	Eracle
15.66057742	37.07953557	-9.1000002	Eracle
15.78247124	36.97489882	-13.98125	Eracle
15.81132618	36.95031205	-14.4164062	Eracle
15.43326979	37.29949057	-9.0999983	Eracle
15.67030272	37.07108306	-6.0000002	Eracle
15.53249415	37.21588029	-15.9335938	Eracle
15.81177327	36.94993145	-9.2226565	Eracle
15.77420431	36.98194212	-21.0000002	Eracle
15.58618754	37.18349093	-12.5	Eracle
15.63751814	37.11818229	-14.4550781	Eracle
15.76303526	36.99146158	-18.6000017	Eracle
15.47101836	37.25543996	-21.0000002	Eracle
15.69452346	37.05002462	-12.4999986	Eracle
15.46960996	37.2566498	-15.5	Eracle
15.43327034	37.29949118	-20.2750002	Eracle
15.4332709	37.29949155	-16.9000002	Eracle
15.68432958	37.05888676	-19.8124993	Eracle
15.841032	36.925	-11.45	Eracle
15.69279594	37.05151881	-8.3999998	Eracle
15.58618754	37.18349093	-10.55	Eracle
15.841032	36.925	-17.6500002	Eracle
15.83113413	36.93343575	-6.0000002	Eracle
15.72244514	37.02656122	-9.4042971	Eracle
15.67050161	37.07091015	-9.8218752	Eracle
15.68577258	37.05763387	-6.0000002	Eracle
15.7081165	37.03860337	-6.0000002	Eracle
15.42755892	37.30765312	-10.8375	Eracle
15.58618754	37.18349093	-6.0000002	Eracle
15.70858905	37.03820621	-15.0375	Eracle
15.61265421	37.15454033	-19.799219	Eracle
15.47101836	37.25543996	-8.7500002	Eracle
15.7688499	36.98649903	-15.1367212	Eracle
15.5586322	37.19997358	-7.2273445	Eracle
15.76660987	36.98839869	-16.915624	Eracle
15.52017998	37.22348573	-9.0839846	Eracle
15.60043935	37.16790387	-16.958594	Eracle
15.47101836	37.25543996	-6.9000002	Eracle
15.61495588	37.15202178	-16.309375	Eracle
15.63914465	37.11542495	-6.0000002	Eracle
15.62292743	37.14291312	-9.9000002	Eracle
15.50713191	37.2318128	-17.8814456	Eracle
15.44383151	37.28698324	-18.6308601	Eracle
15.6911598	37.05294026	-15.2500068	Eracle
15.53599432	37.21371902	-18.2234377	Eracle
15.62193993	37.14437876	-19.6250002	Eracle
15.66057742	37.07953557	-6.9000002	Eracle
15.65620021	37.08651556	-10.15	Eracle
15.58618754	37.18349093	-6.9500002	Eracle
15.65948821	37.08094072	-15.6375	Eracle
15.5784772	37.18827275	-12.3507813	Eracle
15.70903382	37.03783296	-8.6718752	Eracle
15.65644752	37.08609627	-19.0933596	Eracle
15.75662893	36.99703657	-17.4625007	Eracle
15.59175563	37.17740181	-13.6859376	Eracle
15.65059202	37.09602285	-15.4585938	Eracle
15.64267832	37.10943492	-12.5273438	Eracle
15.69631258	37.04850436	-6.0000032	Eracle
15.42766654	37.30749944	-19.7765627	Eracle
15.841032	36.925	-21.0000002	Eracle
15.66057742	37.07953557	-13.175	Eracle
15.74004987	37.0114458	-21.0000002	Eracle
15.69940657	37.04592108	-13.5343761	Eracle
15.82557656	36.93817162	-14.7703124	Eracle
