10.582487	43.992	-1.0000001	Garfagnana
10.3161773	44.123225	-1.0000001	Garfagnana
10.25165386	44.19905154	-5.6691145	Garfagnana
10.58406317	43.99365923	-1.2563263	Garfagnana
10.3714276	44.16445527	-8.2262707	Garfagnana
10.44302535	44.11376399	-6.6253645	Garfagnana
10.27259157	44.15576604	-2.1551246	Garfagnana
10.41865569	44.14893427	-9.0195912	Garfagnana
10.49309495	44.11268248	-9.0969251	Garfagnana
10.58727	43.99703479	-1.777817	Garfagnana
10.42244292	44.09549377	-3.6303824	Garfagnana
10.51949874	44.08080839	-7.132494	Garfagnana
10.34438197	44.20296004	-10.8343082	Garfagnana
10.33303028	44.23455491	-13.6019688	Garfagnana
10.35906297	44.21289073	-12.6390914	Garfagnana
10.54868226	44.01177173	-1.3623927	Garfagnana
10.2465833	44.25801799	-11.5863004	Garfagnana
10.44688563	44.14718682	-10.3158556	Garfagnana
10.56152286	44.02941643	-3.8879669	Garfagnana
10.59009646	44.00000974	-2.2374371	Garfagnana
10.3271118	44.23170892	-12.9970704	Garfagnana
10.49178871	44.07607171	-5.1719464	Garfagnana
10.43029657	44.08852785	-3.3204649	Garfagnana
10.59474402	44.00490096	-2.9931568	Garfagnana
10.40652716	44.15455164	-8.9934831	Garfagnana
10.41811767	44.18184415	-12.4794371	Garfagnana
10.21696418	44.22543359	-6.6165272	Garfagnana
10.32181648	44.18492913	-7.767233	Garfagnana
10.28299858	44.2343697	-11.0187452	Garfagnana
10.55808637	44.09164932	-10.3029344	Garfagnana
10.2992423	44.18692306	-6.8220299	Garfagnana
10.37768181	44.21012301	-13.3224322	Garfagnana
10.49422879	44.1171248	-9.625598	Garfagnana
10.54361312	44.12071844	-12.5711432	Garfagnana
10.32988558	44.17295491	-6.912765	Garfagnana
10.34849794	44.18894983	-9.5674918	Garfagnana
10.24159411	44.24357807	-9.8148043	Garfagnana
10.5993647	44.00976326	-3.7444579	Garfagnana
10.3568668	44.13730571	-4.6229195	Garfagnana
10.37756161	44.21406889	-13.727943	Garfagnana
10.33837157	44.14061681	-3.9891834	Garfagnana
10.36283431	44.12025485	-3.1218722	Garfagnana
10.56331209	44.1055138	-12.0281358	Garfagnana
10.54098424	44.07812046	-7.9898393	Garfagnana
10.60317017	44.01376727	-4.3631764	Garfagnana
10.45381684	44.17636672	-13.7278321	Garfagnana
10.57001531	44.0496651	-6.4668206	Garfagnana
10.38653277	44.16873055	-9.4720455	Garfagnana
10.36317069	44.17365611	-8.748896	Garfagnana
10.208169	44.19873152	-3.364388	Garfagnana
10.58518833	44.03314868	-5.4945475	Garfagnana
10.54295132	44.0687583	-7.1032166	Garfagnana
10.51821895	44.07568322	-6.5303485	Garfagnana
10.25646305	44.27045114	-13.4075143	Garfagnana
10.57108379	43.99751601	-1.0000001	Garfagnana
10.51416182	44.14620896	-13.7279215	Garfagnana
10.48376005	44.13873727	-11.3796605	Garfagnana
10.27702429	44.24259147	-11.5846427	Garfagnana
10.31889898	44.13963494	-2.8556026	Garfagnana
10.22458636	44.25098851	-9.6874696	Garfagnana
10.41412302	44.08578602	-2.1776124	Garfagnana
10.54631718	44.07277492	-7.7009248	Garfagnana
10.53785122	44.11896832	-12.0836241	Garfagnana
10.39114014	44.16186774	-8.980628	Garfagnana
10.60803604	44.01888636	-5.1542528	Garfagnana
10.22323063	44.24670165	-9.1681886	Garfagnana
10.36890848	44.09728477	-1.0000025	Garfagnana
10.51920409	44.12487408	-11.7256446	Garfagnana
10.42938778	44.11486607	-6.0182484	Garfagnana
10.61211379	44.02317582	-5.8171649	Garfagnana
10.27109511	44.24833166	-11.8736764	Garfagnana
10.4498091	44.17830698	-13.7279391	Garfagnana
10.34634678	44.17353903	-7.8458213	Garfagnana
10.61515868	44.02637845	-6.3121397	Garfagnana
10.48353549	44.14563854	-12.0951197	Garfagnana
10.2335644	44.2369694	-8.6997303	Garfagnana
10.19201837	44.20411474	-3.0705655	Garfagnana
10.55098973	44.09820561	-10.6136122	Garfagnana
10.49480307	44.07216313	-4.923891	Garfagnana
10.42398022	44.15257739	-9.6783702	Garfagnana
10.38326161	44.16895286	-9.3223762	Garfagnana
10.46270382	44.050823	-0.9999991	Garfagnana
10.47877096	44.07432673	-4.3010782	Garfagnana
10.61831243	44.02969532	-6.8247921	Garfagnana
10.35643662	44.1959725	-10.7207289	Garfagnana
10.46798617	44.10044873	-6.5151566	Garfagnana
10.39672206	44.17710363	-10.8812975	Garfagnana
10.58215091	44.01721313	-3.6517887	Garfagnana
10.64169825	44.06757492	-12.0333517	Garfagnana
10.62181977	44.03338373	-7.3948968	Garfagnana
10.50438808	44.1074984	-9.12625	Garfagnana
10.41771541	44.07268153	-1.0001993	Garfagnana
10.43494353	44.1652405	-11.5817574	Garfagnana
10.63182649	44.07098164	-11.888754	Garfagnana
10.55526174	44.11764081	-12.8666891	Garfagnana
10.5611866	44.06613006	-7.7583941	Garfagnana
10.32466551	44.18993091	-8.4432663	Garfagnana
10.24640942	44.2516324	-10.9105438	Garfagnana
10.46571404	44.06517595	-2.6630792	Garfagnana
10.62568075	44.03744362	-8.022454	Garfagnana
10.21282419	44.19141153	-2.8473116	Garfagnana
10.48177775	44.06565929	-3.5563592	Garfagnana
10.30314319	44.22013552	-10.5420736	Garfagnana
10.57513573	44.10714158	-12.8170348	Garfagnana
10.56270801	44.11116275	-12.5852379	Garfagnana
10.62951473	44.0414747	-8.6455916	Garfagnana
10.55143772	44.10324991	-11.1633243	Garfagnana
10.27519738	44.20931377	-7.9630681	Garfagnana
10.44164168	44.08684712	-3.7253788	Garfagnana
10.30142244	44.19825345	-8.1346045	Garfagnana
10.52073609	44.11846102	-11.1248614	Garfagnana
10.45522278	44.0573735	-1.2995372	Garfagnana
10.58516609	44.04902557	-7.1747718	Garfagnana
10.34745229	44.16818734	-7.3460072	Garfagnana
10.36134786	44.16410457	-7.6559123	Garfagnana
10.2416311	44.26459345	-12.0104264	Garfagnana
10.52930615	44.06112421	-5.5963796	Garfagnana
10.54674481	44.05422367	-5.7580551	Garfagnana
10.22609221	44.23627842	-8.2318246	Garfagnana
10.35532787	44.11512837	-2.1943482	Garfagnana
10.63413755	44.04633457	-9.396893	Garfagnana
10.21693292	44.1744159	-1.2795675	Garfagnana
10.41225956	44.13141947	-6.8378288	Garfagnana
10.42100554	44.19222772	-13.7279166	Garfagnana
10.49623762	44.13806305	-11.9468971	Garfagnana
10.4096763	44.1657615	-10.3426483	Garfagnana
10.28947946	44.1388544	-1.2287013	Garfagnana
10.63837987	44.05079394	-10.0863219	Garfagnana
10.62036586	44.04641512	-8.7002826	Garfagnana
10.25725523	44.25600419	-11.9413727	Garfagnana
10.21898114	44.17809148	-1.773982	Garfagnana
10.40910921	44.14865794	-8.5012708	Garfagnana
10.40680743	44.19922848	-13.7279186	Garfagnana
10.34560895	44.1845517	-8.9557622	Garfagnana
10.64216013	44.05476711	-10.7006214	Garfagnana
10.3637213	44.11184177	-2.2761061	Garfagnana
10.48301146	44.16156019	-13.727922	Garfagnana
10.27392589	44.26129094	-13.3763028	Garfagnana
10.25051345	44.21709356	-7.5230587	Garfagnana
10.44272371	44.17406192	-12.9149771	Garfagnana
10.26502667	44.1935558	-5.7718661	Garfagnana
10.48095945	44.12570234	-9.8548473	Garfagnana
10.33264693	44.1439259	-4.0311681	Garfagnana
10.50660475	44.13527906	-12.1827828	Garfagnana
10.48334953	44.04296668	-1.273732	Garfagnana
10.55111438	44.06776494	-7.4158886	Garfagnana
10.27991922	44.25135433	-12.6568434	Garfagnana
10.64758604	44.06046924	-11.5822945	Garfagnana
10.27372525	44.24367264	-11.5273282	Garfagnana
10.47787359	44.05413477	-2.1481549	Garfagnana
10.42547654	44.08172009	-2.354671	Garfagnana
10.56873092	44.08726226	-10.3829754	Garfagnana
10.57414084	44.10354027	-12.3844229	Garfagnana
10.37467675	44.15556789	-7.4701438	Garfagnana
10.46491264	44.13645115	-10.1504039	Garfagnana
10.54030883	44.13348422	-13.7278995	Garfagnana
10.4065642	44.18338181	-12.0508072	Garfagnana
10.28505629	44.14676128	-1.8396895	Garfagnana
10.65195155	44.06505634	-12.2916114	Garfagnana
10.56766612	44.09855553	-11.5248302	Garfagnana
10.29581246	44.21517377	-9.640513	Garfagnana
10.37872857	44.11629809	-3.516858	Garfagnana
10.45261917	44.17289943	-13.3019156	Garfagnana
10.49093007	44.13276073	-11.1132848	Garfagnana
10.46398692	44.10565947	-6.8623579	Garfagnana
10.63650741	44.07425416	-12.4750172	Garfagnana
10.35375781	44.10740509	-1.2958243	Garfagnana
10.44617273	44.10956467	-6.3541431	Garfagnana
10.31620699	44.19876959	-8.9466646	Garfagnana
10.45650671	44.08586574	-4.3826502	Garfagnana
10.65603168	44.0693431	-12.954524	Garfagnana
10.49860882	44.03258926	-1.0001617	Garfagnana
10.4912912	44.06514558	-4.0063084	Garfagnana
10.53341939	44.13690108	-13.7279102	Garfagnana
10.65921433	44.07268659	-13.4715958	Garfagnana
10.53786851	44.02315595	-2.0139796	Garfagnana
10.26784013	44.25836732	-12.7487447	Garfagnana
10.45751298	44.06360806	-2.0770255	Garfagnana
10.29994465	44.25173354	-13.727922	Garfagnana
10.461259	44.14714207	-11.0721283	Garfagnana
10.66079211	44.074344	-13.727922	Garfagnana
10.26159694	44.16326051	-2.3860499	Garfagnana
10.43183752	44.07959847	-2.4556402	Garfagnana
10.4207121	44.07915449	-1.8353785	Garfagnana
10.33514353	44.18822851	-8.7997165	Garfagnana
10.53492986	44.04289289	-3.9532757	Garfagnana
10.29652871	44.14029589	-1.7423102	Garfagnana
10.30994374	44.12828648	-1.1977682	Garfagnana
10.30758237	44.15152149	-3.4979608	Garfagnana
10.33228192	44.13259107	-2.8296378	Garfagnana
10.57529761	44.0813401	-10.0918465	Garfagnana
10.37332719	44.21423288	-13.5207027	Garfagnana
10.50714181	44.09101641	-7.5429471	Garfagnana
10.59450303	44.07977771	-10.9097193	Garfagnana
10.28817573	44.21249023	-8.9647566	Garfagnana
10.40979496	44.12481095	-6.0182146	Garfagnana
10.47579892	44.09448245	-6.2832752	Garfagnana
10.33833608	44.11681217	-1.5029102	Garfagnana
10.6281436	44.05456436	-9.9614737	Garfagnana
10.47548861	44.04433239	-1.0000001	Garfagnana
10.35688693	44.15656145	-6.6328187	Garfagnana
10.31021953	44.14016938	-2.4517896	Garfagnana
10.5009775	44.05177344	-3.1249107	Garfagnana
10.4730412	44.15062815	-12.0595919	Garfagnana
10.64980302	44.07819599	-13.5732428	Garfagnana
10.58518333	44.10153653	-12.7374156	Garfagnana
10.45154454	44.1117531	-6.8667933	Garfagnana
10.33156556	44.19305093	-9.127446	Garfagnana
10.58938659	44.00572327	-2.8058844	Garfagnana
10.58875857	44.06438863	-8.9857711	Garfagnana
10.31342415	44.20625154	-9.5971471	Garfagnana
10.3230408	44.21481527	-10.9975514	Garfagnana
10.3107838	44.24392796	-13.4557135	Garfagnana
10.23133826	44.16481289	-0.9999996	Garfagnana
10.4320804	44.0973816	-4.3374571	Garfagnana
10.55642702	44.1099095	-12.1220172	Garfagnana
10.40329476	44.10475168	-3.5820487	Garfagnana
10.51864801	44.11401364	-10.5502359	Garfagnana
10.25850254	44.25988293	-12.412316	Garfagnana
10.57934835	44.00650536	-2.3747144	Garfagnana
10.38887706	44.10005913	-2.3293873	Garfagnana
10.46744373	44.16945982	-13.727921	Garfagnana
10.44411324	44.12063286	-7.3993179	Garfagnana
10.43656354	44.09429992	-4.2540045	Garfagnana
10.57754395	44.02123698	-3.8419615	Garfagnana
10.52501452	44.08949394	-8.3301563	Garfagnana
10.29470089	44.13646272	-1.2433624	Garfagnana
10.20707672	44.21004591	-4.4870592	Garfagnana
10.23709222	44.26037939	-11.3301122	Garfagnana
10.58312867	44.01128872	-3.0746402	Garfagnana
10.21592242	44.1722669	-1.0000016	Garfagnana
10.31546879	44.19021724	-8.0024288	Garfagnana
10.58622319	44.077227	-10.2155899	Garfagnana
10.51388088	44.06932354	-5.6376264	Garfagnana
10.5992204	44.01728749	-4.5336002	Garfagnana
10.25960732	44.18456163	-4.5410562	Garfagnana
10.26715685	44.24533687	-11.3524442	Garfagnana
10.33129711	44.11851455	-1.3097428	Garfagnana
10.52478352	44.03348293	-2.4374156	Garfagnana
10.26868791	44.22888413	-9.7040443	Garfagnana
10.27840118	44.16717989	-3.6621454	Garfagnana
10.58783057	44.03758061	-6.0991096	Garfagnana
10.60468154	44.02110104	-5.216953	Garfagnana
10.41349245	44.19585665	-13.7280099	Garfagnana
10.24431781	44.20589147	-6.0182572	Garfagnana
10.5291281	44.02000752	-1.2331222	Garfagnana
10.3600813	44.20729742	-12.0980821	Garfagnana
10.54004048	44.07393206	-7.502348	Garfagnana
10.32368051	44.14864194	-4.0482918	Garfagnana
10.23367308	44.23051596	-8.0319837	Garfagnana
10.41538999	44.14501235	-8.4367846	Garfagnana
10.34417746	44.1904143	-9.4939801	Garfagnana
10.56547207	44.01321825	-2.3749913	Garfagnana
10.36899646	44.11342659	-2.7141812	Garfagnana
10.37749562	44.16026642	-8.111076	Garfagnana
10.27554471	44.23913929	-11.1425765	Garfagnana
10.51129676	44.07440785	-6.0309542	Garfagnana
10.32261874	44.17313501	-6.5584677	Garfagnana
10.44501313	44.13260182	-8.6953106	Garfagnana
10.62749343	44.08257419	-12.8948619	Garfagnana
10.55577651	44.06305986	-7.156249	Garfagnana
10.32476937	44.16731172	-6.0533758	Garfagnana
10.24315037	44.2255184	-8.0125105	Garfagnana
10.36254639	44.13135227	-4.2827943	Garfagnana
10.2840522	44.22763262	-10.3585306	Garfagnana
10.56264614	44.01909783	-2.8528399	Garfagnana
10.23259228	44.19992555	-4.7833145	Garfagnana
10.41605845	44.17311815	-11.44916	Garfagnana
10.54451293	44.07831035	-8.1950728	Garfagnana
10.61865946	44.03315899	-7.2092814	Garfagnana
10.50519282	44.03575928	-1.6759269	Garfagnana
10.49518658	44.15538052	-13.727922	Garfagnana
10.4622225	44.09534713	-5.6796048	Garfagnana
10.32087349	44.15956441	-5.0387733	Garfagnana
10.39740892	44.18281922	-11.5183595	Garfagnana
10.35235949	44.22640292	-13.727922	Garfagnana
10.38331388	44.15960236	-8.3398758	Garfagnana
10.38567273	44.10526211	-2.7033858	Garfagnana
10.37034968	44.11887914	-3.3610736	Garfagnana
10.59117505	44.02203142	-4.6239217	Garfagnana
10.57853793	44.06721403	-8.7616019	Garfagnana
10.59223505	44.10747812	-13.7279215	Garfagnana
10.49844345	44.04658579	-2.4499801	Garfagnana
10.25054894	44.22503196	-8.3538326	Garfagnana
10.5867873	44.07288066	-9.7841446	Garfagnana
10.29374085	44.20124169	-8.0578141	Garfagnana
10.6315715	44.05967278	-10.6779713	Garfagnana
10.62587656	44.04171193	-8.4844215	Garfagnana
10.39471331	44.11000826	-3.6759127	Garfagnana
10.34819003	44.1334856	-3.7654569	Garfagnana
10.2363121	44.20106589	-5.096964	Garfagnana
10.44396714	44.10170049	-5.4173866	Garfagnana
10.26555493	44.15203301	-1.3991285	Garfagnana
10.37433742	44.17340469	-9.3140289	Garfagnana
10.49898224	44.12016141	-10.1907308	Garfagnana
10.44705409	44.10408151	-5.8284397	Garfagnana
10.64944048	44.07448037	-13.1611319	Garfagnana
10.58132529	44.04362757	-6.4064662	Garfagnana
10.42428028	44.12544593	-6.8513091	Garfagnana
10.53495504	44.11633074	-11.6552154	Garfagnana
10.42799976	44.12109522	-6.5944298	Garfagnana
10.59902494	44.05038815	-8.028462	Garfagnana
10.30280875	44.21559585	-10.0437931	Garfagnana
10.34197594	44.11030921	-0.9999781	Garfagnana
10.63256732	44.05014578	-9.7200631	Garfagnana
10.4038573	44.13492471	-6.7773059	Garfagnana
10.5817688	44.09830055	-12.2197979	Garfagnana
10.31365555	44.15771852	-4.4653104	Garfagnana
10.38904807	44.13811719	-6.3568863	Garfagnana
10.49363769	44.15342831	-13.4420191	Garfagnana
10.44458892	44.10586635	-5.8845329	Garfagnana
10.27756704	44.14560867	-1.3338717	Garfagnana
10.62406621	44.06750495	-11.1232281	Garfagnana
10.49086881	44.08824673	-6.3941717	Garfagnana
10.40448694	44.19273945	-12.9280479	Garfagnana
10.4816444	44.14947276	-12.39469	Garfagnana
10.36560437	44.21139665	-12.8160602	Garfagnana
10.33383287	44.23535503	-13.7279322	Garfagnana
10.26284575	44.1495758	-1.0000001	Garfagnana
10.4974525	44.14562422	-12.8103458	Garfagnana
10.41311878	44.12836741	-6.5651034	Garfagnana
10.29203234	44.16725897	-4.368839	Garfagnana
10.23379057	44.19828188	-4.6726903	Garfagnana
10.52865201	44.04250574	-3.5908846	Garfagnana
10.62053136	44.08061926	-12.3313863	Garfagnana
10.27315699	44.25258189	-12.4265338	Garfagnana
10.2718657	44.24033086	-11.0798949	Garfagnana
10.42709851	44.18164	-12.9177877	Garfagnana
10.55221899	44.02829727	-3.2931458	Garfagnana
10.49923836	44.06069638	-3.9630811	Garfagnana
10.59329604	44.0485676	-7.5423951	Garfagnana
10.48286691	44.07889669	-4.9944713	Garfagnana
10.32640211	44.23687195	-13.5080719	Garfagnana
10.34388724	44.23049715	-13.727921	Garfagnana
10.6463673	44.06339025	-11.8292296	Garfagnana
10.50531185	44.14686503	-13.3442628	Garfagnana
10.42475644	44.10313191	-4.5493446	Garfagnana
10.31152601	44.13218664	-1.6883238	Garfagnana
10.41846157	44.18605611	-12.9434752	Garfagnana
10.40175243	44.18892323	-12.384961	Garfagnana
10.342907	44.19422556	-9.8330191	Garfagnana
10.32872071	44.2103844	-10.8188407	Garfagnana
10.31935486	44.23877023	-13.348127	Garfagnana
10.31637543	44.18040291	-7.0088246	Garfagnana
10.41805918	44.10763393	-4.6642496	Garfagnana
10.51643333	44.02394467	-1.0000006	Garfagnana
10.47066206	44.1594239	-12.8512203	Garfagnana
10.5636044	44.09718981	-11.1726651	Garfagnana
10.25621253	44.21536082	-7.6313274	Garfagnana
10.18848117	44.21013945	-3.5118861	Garfagnana
10.30772323	44.21128768	-9.8389806	Garfagnana
10.43209171	44.17556356	-12.5295694	Garfagnana
10.26370316	44.22137632	-8.6527823	Garfagnana
10.65429353	44.07083025	-13.0230255	Garfagnana
10.36388723	44.20553557	-12.1130401	Garfagnana
10.36799792	44.18459406	-10.1457081	Garfagnana
10.53687303	44.07094743	-7.0238883	Garfagnana
10.31886925	44.23350442	-12.765044	Garfagnana
10.65610524	44.07461742	-13.5168956	Garfagnana
10.27906602	44.18118346	-5.1802362	Garfagnana
10.45272482	44.17547899	-13.5773307	Garfagnana
10.50452385	44.03990559	-2.0758365	Garfagnana
10.57847903	43.99393888	-0.9999996	Garfagnana
10.33650646	44.1945599	-9.540524	Garfagnana
10.48678426	44.11835468	-9.3746577	Garfagnana
10.2805367	44.25660034	-13.2369757	Garfagnana
10.41543179	44.19171017	-13.3876412	Garfagnana
10.42149497	44.11633812	-5.753912	Garfagnana
10.40161608	44.12959712	-6.0980833	Garfagnana
10.24834673	44.21403411	-7.0882166	Garfagnana
10.42331079	44.16860351	-11.3421947	Garfagnana
10.20159079	44.21634441	-4.8537325	Garfagnana
10.35900929	44.14101248	-5.1238917	Garfagnana
10.42357516	44.1482616	-9.2001236	Garfagnana
10.41054643	44.1948832	-13.4729908	Garfagnana
10.2685333	44.17708009	-4.2057557	Garfagnana
10.46986761	44.06416533	-2.7696959	Garfagnana
10.32853445	44.15791335	-5.2724698	Garfagnana
10.25737535	44.22357548	-8.5619879	Garfagnana
10.60963119	44.08201418	-11.9212335	Garfagnana
10.39423691	44.12909545	-5.6669033	Garfagnana
10.31685062	44.21168592	-10.3487245	Garfagnana
10.58398808	44.05584903	-7.8371332	Garfagnana
10.23333322	44.20993183	-5.8660465	Garfagnana
10.54072434	44.11091385	-11.3955743	Garfagnana
10.26384704	44.2697739	-13.7279234	Garfagnana
10.38942543	44.15529642	-8.196469	Garfagnana
10.46369985	44.15646775	-12.1742198	Garfagnana
10.21738534	44.19397994	-3.3569532	Garfagnana
10.25835634	44.23205733	-9.5005047	Garfagnana
10.43100471	44.13301201	-7.9964945	Garfagnana
10.2325948	44.20362018	-5.1685257	Garfagnana
10.53303258	44.1259256	-12.5542423	Garfagnana
10.49962101	44.09234928	-7.2837927	Garfagnana
10.54985536	44.0830178	-8.9672524	Garfagnana
10.55042057	44.12367244	-13.2395768	Garfagnana
10.33188993	44.16756297	-6.4569036	Garfagnana
10.25029477	44.20296613	-6.0143814	Garfagnana
10.57199389	44.01730973	-3.1420357	Garfagnana
10.34884254	44.21724751	-12.5772144	Garfagnana
10.29494026	44.18243991	-6.1265244	Garfagnana
10.57276831	44.06425134	-8.1524132	Garfagnana
10.29590621	44.1911417	-7.0982437	Garfagnana
10.51070424	44.12229294	-11.0168971	Garfagnana
10.26358217	44.15750971	-1.8783585	Garfagnana
10.32513162	44.13372697	-2.5694454	Garfagnana
10.54653223	44.08502671	-9.0037257	Garfagnana
10.35150857	44.19647636	-10.5125387	Garfagnana
10.33525483	44.11355655	-1.0001808	Garfagnana
10.46689688	44.12529887	-9.0920754	Garfagnana
10.30144749	44.13338911	-1.2800753	Garfagnana
10.29192092	44.22588902	-10.5768768	Garfagnana
10.44401906	44.13786223	-9.1913899	Garfagnana
10.36290682	44.1478239	-6.0404044	Garfagnana
10.37712979	44.09327536	-0.9998385	Garfagnana
10.36999895	44.09908372	-1.2463829	Garfagnana
10.24200993	44.15965162	-0.9999981	Garfagnana
10.53513844	44.13394242	-13.50242	Garfagnana
10.44768878	44.06876947	-2.1204601	Garfagnana
10.52526268	44.05578617	-4.8240062	Garfagnana
10.22683398	44.23101634	-7.7219342	Garfagnana
10.47600789	44.06203388	-2.8730343	Garfagnana
10.39959596	44.14409765	-7.5307935	Garfagnana
10.55943431	44.09874156	-11.1166483	Garfagnana
10.30047304	44.2496729	-13.536503	Garfagnana
10.50506929	44.09585257	-7.9376827	Garfagnana
10.34874109	44.15512828	-6.0519465	Garfagnana
10.30930508	44.19975485	-8.6975194	Garfagnana
10.2174031	44.21618229	-5.6743626	Garfagnana
10.30800617	44.12737397	-1.0000001	Garfagnana
10.25825497	44.26432956	-12.8633731	Garfagnana
10.56473529	44.04748135	-5.9652152	Garfagnana
10.41612718	44.13886854	-7.8235247	Garfagnana
10.49310579	44.0547464	-3.0181549	Garfagnana
10.50768195	44.02817616	-0.9999874	Garfagnana
10.40853485	44.07732855	-0.9999972	Garfagnana
10.60435162	44.04199991	-7.4128512	Garfagnana
10.5585481	44.05837637	-6.8021429	Garfagnana
10.26809002	44.16043971	-2.4197379	Garfagnana
10.2002322	44.22897575	-6.1000079	Garfagnana
10.44975081	44.08268151	-3.6994356	Garfagnana
10.62390495	44.04982164	-9.2422137	Garfagnana
10.44844131	44.17546164	-13.3559644	Garfagnana
10.31173682	44.23669961	-12.7382486	Garfagnana
10.27518987	44.26401803	-13.727922	Garfagnana
10.31195171	44.14408034	-2.951464	Garfagnana
10.23855576	44.20962803	-6.1110613	Garfagnana
10.42566833	44.14490476	-8.9540748	Garfagnana
10.41114365	44.19702721	-13.7279395	Garfagnana
10.53709747	44.03225295	-2.9376378	Garfagnana
10.42950129	44.14145907	-8.7980617	Garfagnana
10.3248025	44.1639294	-5.7022943	Garfagnana
10.55896876	44.02332513	-3.1122047	Garfagnana
10.18272559	44.20631882	-2.8083697	Garfagnana
10.24985983	44.1849682	-4.0846842	Garfagnana
10.42960608	44.1065604	-5.163648	Garfagnana
10.33319671	44.20055539	-10.006359	Garfagnana
10.33667575	44.2305114	-13.360004	Garfagnana
10.56413332	44.10132953	-11.6357828	Garfagnana
10.47686098	44.13010907	-10.1120858	Garfagnana
10.34753163	44.12999537	-3.3666058	Garfagnana
10.35379241	44.19063271	-10.0236214	Garfagnana
10.53290903	44.09433613	-9.2529868	Garfagnana
10.46278991	44.07192049	-3.227525	Garfagnana
10.22008201	44.210849	-5.259766	Garfagnana
10.2573659	44.15555145	-1.3524542	Garfagnana
10.47314183	44.11277437	-8.0848786	Garfagnana
10.54041607	44.03560998	-3.4629945	Garfagnana
10.45106629	44.16745507	-12.6517955	Garfagnana
10.54420997	44.09701462	-10.1305172	Garfagnana
10.29082197	44.23569864	-11.5604771	Garfagnana
10.50404243	44.08854222	-7.1209012	Garfagnana
10.34791013	44.14606998	-5.0631041	Garfagnana
10.33510931	44.17949009	-7.8720409	Garfagnana
10.21936381	44.18842878	-2.8827193	Garfagnana
10.34729972	44.20711091	-11.4237494	Garfagnana
10.29280836	44.16046961	-3.6892152	Garfagnana
10.20732125	44.21858667	-5.3912434	Garfagnana
10.20716232	44.22939048	-6.5103231	Garfagnana
10.52441936	44.05858361	-5.0761073	Garfagnana
10.39519315	44.09547272	-2.1855118	Garfagnana
10.55346939	44.0060343	-0.9999996	Garfagnana
10.32036145	44.16319363	-5.3903697	Garfagnana
10.50087323	44.10207436	-8.3715722	Garfagnana
10.32263186	44.12316803	-1.3358751	Garfagnana
10.54118495	44.08747555	-8.9756667	Garfagnana
10.39830788	44.19573333	-12.9130914	Garfagnana
10.56334949	44.00125663	-0.9999996	Garfagnana
10.42367815	44.13127405	-7.4273522	Garfagnana
10.48282024	44.10463521	-7.7182731	Garfagnana
10.60325239	44.05289394	-8.5102474	Garfagnana
10.45985117	44.13991546	-10.243764	Garfagnana
10.29310682	44.13493576	-0.9997901	Garfagnana
10.47447867	44.08255181	-4.9520787	Garfagnana
10.17083767	44.19802927	-1.3137779	Garfagnana
10.49973986	44.03351953	-1.1572682	Garfagnana
10.39009302	44.10770373	-3.1907716	Garfagnana
10.34240296	44.13164405	-3.2668785	Garfagnana
10.53354338	44.11217185	-11.1467061	Garfagnana
10.57212515	44.00749122	-2.109274	Garfagnana
10.47205619	44.1634555	-13.3456422	Garfagnana
10.32912256	44.18117485	-7.7437627	Garfagnana
10.32374067	44.15405542	-4.6161876	Garfagnana
10.43852676	44.13159353	-8.2467397	Garfagnana
10.48084289	44.04767079	-1.6314244	Garfagnana
10.5317068	44.06529667	-6.1610879	Garfagnana
10.49420149	44.09173078	-6.9339285	Garfagnana
10.26834317	44.2364754	-10.490868	Garfagnana
10.21304667	44.24245893	-8.1859724	Garfagnana
10.46767551	44.05473448	-1.6709137	Garfagnana
10.35102841	44.14929717	-5.5648402	Garfagnana
10.39442513	44.16755961	-9.7521161	Garfagnana
10.40052609	44.20044712	-13.5224195	Garfagnana
10.40033867	44.1630077	-9.5725648	Garfagnana
10.52153831	44.05516219	-4.5666231	Garfagnana
10.47427193	44.15510574	-12.5918595	Garfagnana
10.37594278	44.1119345	-2.9119493	Garfagnana
10.22582161	44.19180105	-3.5767093	Garfagnana
10.42866883	44.08508043	-2.8741056	Garfagnana
10.25930204	44.2274546	-9.0707911	Garfagnana
10.20652834	44.18979246	-2.3448844	Garfagnana
10.22653658	44.17922278	-2.2808687	Garfagnana
10.34052195	44.16615024	-6.7665084	Garfagnana
10.28938397	44.1367419	-0.9999576	Garfagnana
10.26571946	44.16692858	-2.9859288	Garfagnana
10.22132906	44.18291754	-2.4056637	Garfagnana
10.35205887	44.22422401	-13.4815392	Garfagnana
10.60895118	44.06584465	-10.1736031	Garfagnana
10.30454673	44.16520806	-4.7926883	Garfagnana
10.59631282	44.07234626	-10.2153329	Garfagnana
10.45443281	44.1553588	-11.5679317	Garfagnana
10.42435504	44.07278638	-1.3510973	Garfagnana
10.48371957	44.05668358	-2.7232965	Garfagnana
10.38103875	44.20489426	-12.9545221	Garfagnana
10.42353404	44.08554069	-2.6503619	Garfagnana
10.54619339	44.12823217	-13.4914825	Garfagnana
10.23100572	44.19015594	-3.6685155	Garfagnana
10.21716582	44.23178646	-7.2902122	Garfagnana
10.53318397	44.07014434	-6.7454157	Garfagnana
10.18663274	44.21466143	-3.8858788	Garfagnana
10.2405367	44.19786818	-4.9741939	Garfagnana
10.35595805	44.13195847	-4.0096266	Garfagnana
10.65842056	44.07549054	-13.7279229	Garfagnana
10.59138925	44.08761725	-11.5806378	Garfagnana
10.43701923	44.10991233	-5.9056943	Garfagnana
10.31482059	44.1849074	-7.406498	Garfagnana
10.35615609	44.14524616	-5.4138955	Garfagnana
10.4341043	44.18277718	-13.3971554	Garfagnana
10.24382278	44.20129407	-5.5056023	Garfagnana
10.50467344	44.15079391	-13.7279215	Garfagnana
10.47022034	44.11796947	-8.4856506	Garfagnana
10.50388686	44.0562391	-3.7444588	Garfagnana
10.51222415	44.12999117	-11.9102984	Garfagnana
10.35907081	44.20468636	-11.7699537	Garfagnana
10.38612473	44.20972461	-13.7279205	Garfagnana
10.22184431	44.25171288	-9.6178634	Garfagnana
10.49066234	44.03662716	-0.9999835	Garfagnana
10.42956429	44.1700124	-11.8118282	Garfagnana
10.39657528	44.13395115	-6.3010914	Garfagnana
10.47189312	44.13209002	-10.065502	Garfagnana
10.27038245	44.17211948	-3.7748585	Garfagnana
10.43793498	44.09218782	-4.1013065	Garfagnana
10.29772218	44.13259489	-0.9999996	Garfagnana
10.23838816	44.18779533	-3.7965248	Garfagnana
10.55952167	44.09458778	-10.687638	Garfagnana
10.2946931	44.17779748	-5.6218819	Garfagnana
10.56671655	44.06908483	-8.3544631	Garfagnana
10.26435457	44.23390651	-10.0111856	Garfagnana
10.47280016	44.04813233	-1.253839	Garfagnana
10.57192535	44.01299379	-2.681588	Garfagnana
10.35931237	44.20139816	-11.4391222	Garfagnana
10.28125787	44.19405438	-6.6564377	Garfagnana
10.28031072	44.21663775	-9.001355	Garfagnana
10.4382064	44.07291513	-2.0739181	Garfagnana
10.52959592	44.07460593	-7.0202847	Garfagnana
10.21387785	44.18639374	-2.3796847	Garfagnana
10.42370116	44.06978812	-0.9999884	Garfagnana
10.4098663	44.1084266	-4.3131817	Garfagnana
10.39583681	44.15558359	-8.5552704	Garfagnana
10.53495419	44.07739707	-7.5950733	Garfagnana
10.45823818	44.15150031	-11.3668482	Garfagnana
10.40973856	44.19199873	-13.1271261	Garfagnana
10.59926094	44.05925417	-8.9795333	Garfagnana
10.56053484	44.03485832	-4.4136063	Garfagnana
10.28491209	44.16311454	-3.5649195	Garfagnana
10.30167247	44.18227151	-6.4535609	Garfagnana
10.47237388	44.06852637	-3.3586751	Garfagnana
10.29830162	44.16387181	-4.3311361	Garfagnana
10.53128672	44.05097417	-4.6225301	Garfagnana
10.26883128	44.14668164	-1.0000001	Garfagnana
10.60110513	44.08547605	-11.8513272	Garfagnana
10.23153376	44.24834727	-9.7797249	Garfagnana
10.64311747	44.07683795	-13.0871075	Garfagnana
10.47852621	44.13896539	-11.1342791	Garfagnana
10.46874203	44.08909444	-5.3511927	Garfagnana
10.25189824	44.24521995	-10.5319937	Garfagnana
10.50800831	44.05070683	-3.3859476	Garfagnana
10.58433062	44.02353309	-4.4325064	Garfagnana
10.41768173	44.16465496	-10.6354347	Garfagnana
10.54813083	44.09017422	-9.624765	Garfagnana
10.26416744	44.17105289	-3.343399	Garfagnana
10.55241725	44.08720617	-9.5419654	Garfagnana
10.28846361	44.24170253	-12.0761676	Garfagnana
10.54430039	44.08192149	-8.5617657	Garfagnana
10.3432632	44.11938614	-2.0275138	Garfagnana
10.28751906	44.21845356	-9.5631734	Garfagnana
10.21151584	44.17682404	-1.2565582	Garfagnana
10.38338018	44.19875243	-12.4375875	Garfagnana
10.22674414	44.1730666	-1.6391559	Garfagnana
10.23620731	44.19416769	-4.3601378	Garfagnana
10.37619624	44.09691139	-1.3334317	Garfagnana
10.38069375	44.14749355	-6.9224153	Garfagnana
10.24039335	44.27121659	-12.6363263	Garfagnana
10.32407013	44.11921679	-0.9999972	Garfagnana
10.41853391	44.07458436	-1.243255	Garfagnana
10.59381062	44.03188598	-5.8022494	Garfagnana
10.20599423	44.19485849	-2.845107	Garfagnana
10.24844467	44.24125768	-9.9355099	Garfagnana
10.48912444	44.15645035	-13.5185763	Garfagnana
10.25393245	44.17607222	-3.3507152	Garfagnana
10.39063203	44.1109594	-3.5608348	Garfagnana
10.5210105	44.09587393	-8.7835615	Garfagnana
10.29983836	44.23473323	-11.9201041	Garfagnana
10.59241352	44.10441453	-13.4124864	Garfagnana
10.24396395	44.21169797	-6.614175	Garfagnana
10.46339392	44.05814215	-1.7995343	Garfagnana
10.46351676	44.12317425	-8.692229	Garfagnana
10.31022413	44.19577688	-8.3229743	Garfagnana
10.19835751	44.20931938	-3.9494093	Garfagnana
10.25063294	44.15885167	-1.357148	Garfagnana
10.39046526	44.1198583	-4.495211	Garfagnana
10.38795042	44.14353598	-6.8747869	Garfagnana
10.29594486	44.19521451	-7.5318995	Garfagnana
10.21531997	44.18100371	-1.894253	Garfagnana
10.30434162	44.19065519	-7.4787964	Garfagnana
10.34023951	44.14610886	-4.6609364	Garfagnana
10.3692416	44.21102771	-12.9699962	Garfagnana
10.49649136	44.08863484	-6.7308451	Garfagnana
10.30303161	44.17273656	-5.5127776	Garfagnana
10.42440527	44.175579	-12.1374845	Garfagnana
10.25337872	44.19019288	-4.8186524	Garfagnana
10.48658512	44.09596668	-6.9929862	Garfagnana
10.494472	44.14219695	-12.294485	Garfagnana
10.51584502	44.04921454	-3.6452955	Garfagnana
10.21207043	44.20513754	-4.239433	Garfagnana
10.39892958	44.09079985	-1.8960367	Garfagnana
10.52019978	44.13983429	-13.3616627	Garfagnana
10.25843422	44.21893368	-8.1238896	Garfagnana
10.59531259	44.02508921	-5.1595003	Garfagnana
10.29366495	44.24385505	-12.5708658	Garfagnana
10.2449249	44.21689619	-7.2067606	Garfagnana
10.6149999	44.0896748	-13.0075733	Garfagnana
10.43736027	44.14403225	-9.4825211	Garfagnana
10.28253328	44.24968274	-12.6188307	Garfagnana
10.4708551	44.0926182	-5.832633	Garfagnana
10.62797855	44.04560087	-9.0038408	Garfagnana
10.37234383	44.13683319	-5.3652794	Garfagnana
10.53982546	44.01499761	-1.2505484	Garfagnana
10.2656501	44.26479348	-13.3035201	Garfagnana
10.28151047	44.15333054	-2.3539986	Garfagnana
10.30113726	44.24569684	-13.1489791	Garfagnana
10.29124869	44.14297875	-1.7562843	Garfagnana
10.44466421	44.16555771	-12.1143746	Garfagnana
10.49752464	44.1077952	-8.8060721	Garfagnana
10.31228782	44.15434963	-4.0404234	Garfagnana
10.52693597	44.06292186	-5.6614339	Garfagnana
10.21458836	44.23722028	-7.7208288	Garfagnana
10.44578963	44.09045359	-4.3198048	Garfagnana
10.2830293	44.26003926	-13.727922	Garfagnana
10.40464031	44.09783901	-2.9323893	Garfagnana
10.39496622	44.17863741	-10.9527491	Garfagnana
10.25743516	44.17128507	-3.0229874	Garfagnana
10.64306105	44.08291502	-13.7279225	Garfagnana
10.56468269	44.11923384	-13.5315348	Garfagnana
10.45450447	44.13782578	-9.7427125	Garfagnana
10.18353319	44.1907164	-1.2231803	Garfagnana
10.35481761	44.20652045	-11.746359	Garfagnana
10.57924479	44.1137542	-13.7279561	Garfagnana
10.60455503	44.08883594	-12.3838707	Garfagnana
10.63759692	44.05350184	-10.3329808	Garfagnana
10.28483445	44.25249161	-13.034568	Garfagnana
10.64052198	44.05715549	-10.8696639	Garfagnana
10.50408428	44.10021812	-8.340488	Garfagnana
10.45766438	44.0792099	-3.7370008	Garfagnana
10.29917076	44.20307324	-8.5301559	Garfagnana
10.43925635	44.14833615	-10.0319312	Garfagnana
10.26316573	44.24044698	-10.6307188	Garfagnana
10.35162008	44.1853688	-9.3593274	Garfagnana
10.4319302	44.162073	-11.0917538	Garfagnana
10.25662976	44.24998107	-11.279568	Garfagnana
10.36548055	44.18919452	-10.4924251	Garfagnana
10.37266302	44.15115168	-6.8988353	Garfagnana
10.54585446	44.04113221	-4.3261644	Garfagnana
10.31346935	44.23107026	-12.2302916	Garfagnana
10.50976797	44.03019344	-1.3204146	Garfagnana
10.23430148	44.16963651	-1.6629127	Garfagnana
10.29580151	44.22067246	-10.2227713	Garfagnana
10.55449079	44.05566923	-6.3077204	Garfagnana
10.60695653	44.05998388	-9.4507547	Garfagnana
10.42395019	44.11130183	-5.3586505	Garfagnana
10.16891099	44.196	-1.0000001	Garfagnana
10.19404622	44.21398124	-4.2075311	Garfagnana
10.441769	44.0610515	-0.9999996	Garfagnana
10.36866006	44.17007796	-8.6663083	Garfagnana
10.20971007	44.21387489	-5.0260894	Garfagnana
10.17661794	44.20411674	-2.2551134	Garfagnana
10.28097128	44.18654387	-5.8459072	Garfagnana
10.65055986	44.06749229	-12.4783311	Garfagnana
10.58695327	44.02851944	-5.0947286	Garfagnana
10.39536153	44.11454958	-4.1840528	Garfagnana
10.54470574	44.11449706	-11.9800426	Garfagnana
10.33168459	44.1153493	-1.0000035	Garfagnana
10.55287456	44.12710885	-13.727922	Garfagnana
10.52854816	44.13503969	-13.2810689	Garfagnana
10.31744644	44.1543692	-4.3156764	Garfagnana
10.21300133	44.22165908	-6.0127243	Garfagnana
10.35326888	44.10484866	-1.0000006	Garfagnana
10.23936448	44.2537188	-10.7551737	Garfagnana
10.35939241	44.22129441	-13.5467242	Garfagnana
10.3367721	44.20471029	-10.6299107	Garfagnana
10.5108295	44.11294217	-10.0327511	Garfagnana
10.48732524	44.08202733	-5.5560912	Garfagnana
10.18947664	44.19360542	-1.8394132	Garfagnana
10.48890825	44.08499259	-5.9497396	Garfagnana
10.28810534	44.19965967	-7.6013837	Garfagnana
10.39195026	44.18090523	-11.0293126	Garfagnana
10.2939229	44.15546487	-3.2160572	Garfagnana
10.55162776	44.05037097	-5.6000614	Garfagnana
10.27267405	44.21372071	-8.3008776	Garfagnana
10.5540683	44.07299496	-8.1210627	Garfagnana
10.41996429	44.14095366	-8.2410167	Garfagnana
10.2501122	44.27674196	-13.727922	Garfagnana
10.56787323	44.06237583	-7.7031515	Garfagnana
10.57929896	43.99671284	-1.3355992	Garfagnana
10.30436829	44.14407182	-2.548984	Garfagnana
10.55629148	44.07617368	-8.5715626	Garfagnana
10.40180949	44.08074394	-1.0000001	Garfagnana
10.46659135	44.16637669	-13.36111	Garfagnana
10.28918667	44.19307703	-6.9591867	Garfagnana
10.621662	44.08625768	-12.9865641	Garfagnana
10.48331641	44.08782355	-5.9630035	Garfagnana
10.44214401	44.18029217	-13.5456197	Garfagnana
10.37244677	44.21666503	-13.7277901	Garfagnana
10.57124099	44.04529509	-6.0668781	Garfagnana
10.44162344	44.09658965	-4.756523	Garfagnana
10.60390417	44.03146632	-6.2745747	Garfagnana
10.40396974	44.14014759	-7.3363388	Garfagnana
10.53487955	44.05870735	-5.6254762	Garfagnana
10.28197426	44.17273276	-4.4336107	Garfagnana
10.50388912	44.07391658	-5.5876288	Garfagnana
10.5989556	44.10423043	-13.727922	Garfagnana
10.45904819	44.17371995	-13.7278336	Garfagnana
10.23358669	44.17403569	-2.0924239	Garfagnana
10.48987496	44.14962609	-12.8463404	Garfagnana
10.19209548	44.19794393	-2.4307872	Garfagnana
10.35022681	44.13001365	-3.5103956	Garfagnana
10.20130702	44.19872621	-3.0003394	Garfagnana
10.49297162	44.04359859	-1.8489469	Garfagnana
10.29027499	44.18710301	-6.3817483	Garfagnana
10.36568824	44.21996044	-13.7279283	Garfagnana
10.5415816	44.10263554	-10.5775677	Garfagnana
10.41540811	44.07554367	-1.1778985	Garfagnana
10.59647627	44.01188312	-3.8209688	Garfagnana
10.25932974	44.19676763	-5.8203418	Garfagnana
10.32619542	44.17682207	-7.1324628	Garfagnana
10.26262213	44.18884608	-5.1495567	Garfagnana
10.51379796	44.09272894	-8.0738299	Garfagnana
10.59782046	44.09544734	-12.7393531	Garfagnana
10.4417744	44.15245675	-10.5951456	Garfagnana
10.51174282	44.14349407	-13.3163639	Garfagnana
10.24348312	44.18025324	-3.2583219	Garfagnana
10.54147919	44.05915034	-6.010238	Garfagnana
10.37585948	44.17919278	-9.9984852	Garfagnana
10.26559338	44.21577778	-8.1561413	Garfagnana
10.29967271	44.1496956	-2.899443	Garfagnana
10.19805018	44.18932387	-1.8468707	Garfagnana
10.43535523	44.11894386	-6.7594672	Garfagnana
10.54902452	44.05900039	-6.3806405	Garfagnana
10.41470409	44.07419514	-1.0000001	Garfagnana
10.48937697	44.13881342	-11.6750904	Garfagnana
10.40069316	44.11114153	-4.1107027	Garfagnana
10.39290805	44.2062826	-13.727922	Garfagnana
10.37045038	44.12790797	-4.3227115	Garfagnana
10.57282138	44.11488841	-13.5091598	Garfagnana
10.34881882	44.16266701	-6.8424698	Garfagnana
10.48796706	44.06087765	-3.3853802	Garfagnana
10.61271788	44.07345895	-11.1729493	Garfagnana
10.36544091	44.19894684	-11.5080089	Garfagnana
10.22443232	44.19975313	-4.332494	Garfagnana
10.43307406	44.06525619	-1.0000011	Garfagnana
10.37975127	44.09846432	-1.6803936	Garfagnana
10.5594808	44.0884573	-10.036066	Garfagnana
10.29626737	44.23948929	-12.2413399	Garfagnana
10.47201708	44.14175857	-11.0801117	Garfagnana
10.25049718	44.19455726	-5.1335352	Garfagnana
10.4797094	44.11554183	-8.7143697	Garfagnana
10.48668858	44.12831294	-10.4248189	Garfagnana
10.466498	44.07830008	-4.0930396	Garfagnana
10.34620271	44.13845704	-4.178669	Garfagnana
10.27494719	44.22233252	-9.3301839	Garfagnana
10.33994655	44.18949781	-9.1803451	Garfagnana
10.19211255	44.18605595	-1.1914156	Garfagnana
10.27168835	44.18808245	-5.5332174	Garfagnana
10.41809122	44.13707676	-7.736773	Garfagnana
10.54533897	44.06404203	-6.7258994	Garfagnana
10.63375463	44.08552479	-13.5279435	Garfagnana
10.29359323	44.24876287	-13.0875016	Garfagnana
10.64188098	44.08182694	-13.5522496	Garfagnana
10.17707045	44.19534737	-1.3640489	Garfagnana
10.51708852	44.03033755	-1.7104205	Garfagnana
10.40181916	44.17500855	-10.9202025	Garfagnana
10.2998972	44.13835584	-1.7158287	Garfagnana
10.60703115	44.10032741	-13.727922	Garfagnana
10.55329301	44.09347758	-10.2428055	Garfagnana
10.52988936	44.05720726	-5.2111624	Garfagnana
10.20718049	44.17925406	-1.2800602	Garfagnana
10.34883607	44.22122696	-12.9987188	Garfagnana
10.58781604	44.09343036	-12.0134649	Garfagnana
10.38335523	44.09657693	-1.6739186	Garfagnana
10.20503124	44.22528328	-5.968806	Garfagnana
10.42184375	44.14472892	-8.7372308	Garfagnana
10.30264979	44.24099276	-12.7277525	Garfagnana
10.40648747	44.09057035	-2.2722394	Garfagnana
10.34565611	44.12498544	-2.7436554	Garfagnana
10.59270631	44.06998227	-9.7802784	Garfagnana
10.26649901	44.23260793	-9.9870848	Garfagnana
10.26338546	44.23063343	-9.6178753	Garfagnana
10.50029642	44.11360225	-9.5631734	Garfagnana
10.57040592	44.03003823	-4.4084749	Garfagnana
10.45577059	44.05427972	-0.9999478	Garfagnana
10.22716188	44.22638352	-7.2558239	Garfagnana
10.5016397	44.03109631	-1.0000865	Garfagnana
10.3262079	44.23903999	-13.7279288	Garfagnana
10.3682741	44.14904917	-6.4514618	Garfagnana
10.45106667	44.12210841	-7.9213506	Garfagnana
10.4811352	44.14226005	-11.6156017	Garfagnana
10.6022798	44.09921215	-13.3664962	Garfagnana
10.19204366	44.18425608	-0.9999996	Garfagnana
10.3863855	44.1152339	-3.7964002	Garfagnana
10.28553097	44.15869124	-3.1279493	Garfagnana
10.30881251	44.24744821	-13.7279225	Garfagnana
10.50927643	44.10520132	-9.1346093	Garfagnana
10.56905315	44.11889878	-13.727901	Garfagnana
10.24151882	44.26884132	-12.4479488	Garfagnana
10.31620972	44.16175112	-5.0237364	Garfagnana
10.49789549	44.15406837	-13.7279518	Garfagnana
10.51069794	44.10886158	-9.5932957	Garfagnana
10.61155613	44.03635009	-7.1834559	Garfagnana
10.24487513	44.27592754	-13.3655309	Garfagnana
10.46228197	44.05276433	-1.1801046	Garfagnana
10.37251333	44.19590628	-11.565169	Garfagnana
10.18163876	44.20940356	-3.0727066	Garfagnana
10.54018953	44.09426128	-9.6305706	Garfagnana
10.32740595	44.13863952	-3.2022506	Garfagnana
10.35908049	44.22315453	-13.727922	Garfagnana
10.51984411	44.06007499	-4.9890604	Garfagnana
10.61719079	44.06729706	-10.749235	Garfagnana
10.45478759	44.09314712	-5.0658636	Garfagnana
10.36121907	44.18355513	-9.6783595	Garfagnana
10.20127082	44.17957026	-1.000002	Garfagnana
10.44456905	44.06300744	-1.3505152	Garfagnana
10.31752427	44.12707536	-1.4728775	Garfagnana
10.45126262	44.13353954	-9.1239966	Garfagnana
10.37077277	44.15718305	-7.433224	Garfagnana
10.58156394	44.09064782	-11.3986165	Garfagnana
10.31822838	44.14617185	-3.5019413	Garfagnana
10.51588969	44.11514297	-10.5248424	Garfagnana
10.37137445	44.20216444	-12.157922	Garfagnana
10.47243067	44.10849933	-7.5955626	Garfagnana
10.56811861	44.10215079	-11.9296388	Garfagnana
10.53318991	44.1010309	-9.9660316	Garfagnana
10.2573183	44.17984259	-3.9237196	Garfagnana
10.40708545	44.16120642	-9.7272442	Garfagnana
10.52360353	44.02047731	-0.9999991	Garfagnana
10.45038191	44.09958912	-5.5227696	Garfagnana
10.30568007	44.14800119	-3.0282437	Garfagnana
10.45517724	44.11332024	-7.2225373	Garfagnana
10.45922984	44.06874251	-2.7086563	Garfagnana
10.21379375	44.20109105	-3.9085291	Garfagnana
10.24582917	44.19005059	-4.4167623	Garfagnana
10.53357982	44.08759881	-8.5859305	Garfagnana
10.34251588	44.18702013	-9.0496836	Garfagnana
10.58392688	44.10707629	-13.2600143	Garfagnana
10.49139545	44.12320814	-10.1249918	Garfagnana
10.1983019	44.22374642	-5.4520103	Garfagnana
10.37658005	44.16793459	-8.8621281	Garfagnana
10.3057793	44.20498455	-9.0712353	Garfagnana
10.54941403	44.03493304	-3.852045	Garfagnana
10.26497135	44.22547929	-9.1527549	Garfagnana
10.3003208	44.21078512	-9.4064331	Garfagnana
10.51155816	44.09735103	-8.4373272	Garfagnana
10.27526831	44.14356882	-1.0000001	Garfagnana
10.61470335	44.03028242	-6.702153	Garfagnana
10.62182635	44.09317593	-13.7279376	Garfagnana
10.30617123	44.13757693	-1.9670406	Garfagnana
10.5238177	44.07127513	-6.3670931	Garfagnana
10.4101638	44.11949792	-5.4836451	Garfagnana
10.37055835	44.15270908	-6.95542	Garfagnana
10.48377689	44.07738298	-4.8846991	Garfagnana
10.19488379	44.21944397	-4.8219671	Garfagnana
10.39687325	44.10259746	-3.0174835	Garfagnana
10.27531924	44.15100853	-1.7907984	Garfagnana
10.38952561	44.17179097	-9.9497364	Garfagnana
10.48366966	44.10982346	-8.3113738	Garfagnana
10.57029737	44.0355814	-4.9899081	Garfagnana
10.3660687	44.15156249	-6.5978019	Garfagnana
10.48835149	44.05049021	-2.3227867	Garfagnana
10.41668479	44.17809054	-12.0082144	Garfagnana
10.62861597	44.07784138	-12.4509864	Garfagnana
10.33342543	44.17425092	-7.2356666	Garfagnana
10.5694423	44.10518734	-12.3183502	Garfagnana
10.43373319	44.06866656	-1.3949161	Garfagnana
10.44805584	44.14232341	-9.8704598	Garfagnana
10.23949704	44.22284549	-7.5400411	Garfagnana
10.51442451	44.03424976	-1.9882936	Garfagnana
10.38326243	44.1641648	-8.8209024	Garfagnana
10.24983227	44.26460248	-12.4457384	Garfagnana
10.47755014	44.07070067	-3.8582308	Garfagnana
10.36574932	44.14578587	-5.9763756	Garfagnana
10.28631531	44.24691952	-12.5191905	Garfagnana
10.4963746	44.1511438	-13.3401578	Garfagnana
10.45621307	44.16276319	-12.4346905	Garfagnana
10.31155924	44.22053303	-11.0155257	Garfagnana
10.21583332	44.24304425	-8.3946517	Garfagnana
10.23193254	44.25823708	-10.8332042	Garfagnana
10.32402115	44.19768978	-9.232546	Garfagnana
10.41958719	44.09144723	-3.0572315	Garfagnana
10.41080156	44.10172495	-3.6638038	Garfagnana
10.39047557	44.19357241	-12.2728292	Garfagnana
10.47595544	44.07249077	-3.9619286	Garfagnana
10.42615083	44.16132198	-10.7160946	Garfagnana
10.52855696	44.10813823	-10.4621456	Garfagnana
10.57189211	44.07171532	-8.8980511	Garfagnana
10.44995826	44.15066616	-10.8414901	Garfagnana
10.25366335	44.22040733	-8.0357165	Garfagnana
10.43253025	44.10186023	-4.8283009	Garfagnana
10.55859591	44.01390269	-2.095463	Garfagnana
10.53411228	44.13113231	-13.1543546	Garfagnana
10.43852522	44.08215222	-3.0685621	Garfagnana
10.36108892	44.11635187	-2.6190289	Garfagnana
10.49265659	44.03725215	-1.1706671	Garfagnana
10.33706926	44.12853379	-2.6600367	Garfagnana
10.33723748	44.21069534	-11.2881275	Garfagnana
10.49749599	44.09402589	-7.346241	Garfagnana
10.3685245	44.13451602	-4.9241671	Garfagnana
10.48653017	44.15286891	-13.0075572	Garfagnana
10.22399759	44.16836259	-0.9999996	Garfagnana
10.28930652	44.15104393	-2.5111651	Garfagnana
10.56474219	44.08372463	-9.8040304	Garfagnana
10.49101714	44.15749696	-13.7279205	Garfagnana
10.56371032	44.09283819	-10.7166344	Garfagnana
10.61883901	44.0756301	-11.7162594	Garfagnana
10.46366414	44.16197946	-12.7473639	Garfagnana
10.33108117	44.17620643	-7.3174698	Garfagnana
10.53675004	44.13528927	-13.727922	Garfagnana
10.47621178	44.14483539	-11.6231402	Garfagnana
10.25910812	44.20445098	-6.623289	Garfagnana
10.29781439	44.16956606	-4.9095272	Garfagnana
10.61928558	44.04171525	-8.1473026	Garfagnana
10.39282046	44.11563718	-4.1687018	Garfagnana
10.29110252	44.25416114	-13.532398	Garfagnana
10.52942604	44.04688918	-4.0946964	Garfagnana
10.52869167	44.07937058	-7.4691983	Garfagnana
10.53778842	44.0537152	-5.2456795	Garfagnana
10.20813389	44.23333961	-6.9739484	Garfagnana
10.48210293	44.04097383	-0.9999996	Garfagnana
10.57064256	44.1079212	-12.6673155	Garfagnana
10.45312134	44.07308943	-2.8561549	Garfagnana
10.47008195	44.12808463	-9.550775	Garfagnana
10.43024263	44.0753416	-1.9230865	Garfagnana
10.35540433	44.20135206	-11.2286292	Garfagnana
10.40416355	44.11478289	-4.6741634	Garfagnana
10.44605435	44.15441034	-11.0254486	Garfagnana
10.62298841	44.0618451	-10.4686019	Garfagnana
10.39824155	44.1181875	-4.7164591	Garfagnana
10.5736807	44.11029026	-13.0754317	Garfagnana
10.30764516	44.18386198	-6.9280959	Garfagnana
10.43864218	44.10411834	-5.3873236	Garfagnana
10.38956085	44.13342144	-5.8856659	Garfagnana
10.36200295	44.14366434	-5.558872	Garfagnana
10.24450179	44.17196127	-2.4318912	Garfagnana
10.33689777	44.18286673	-8.321202	Garfagnana
10.30963261	44.14962478	-3.406839	Garfagnana
10.40051127	44.1852461	-11.9361656	Garfagnana
10.56147185	44.05234933	-6.3135897	Garfagnana
10.33099172	44.15033637	-4.6121832	Garfagnana
10.25742871	44.16074772	-1.9062769	Garfagnana
10.31001626	44.17041115	-5.6242282	Garfagnana
10.48169132	44.13419033	-10.7918341	Garfagnana
10.33879348	44.11370373	-1.1966978	Garfagnana
10.54466145	44.01029277	-1.0000025	Garfagnana
10.32057195	44.22863184	-12.335817	Garfagnana
10.5640416	44.00788577	-1.7372135	Garfagnana
10.55757041	44.12147423	-13.3887315	Garfagnana
10.39084648	44.18517208	-11.4160143	Garfagnana
10.21902519	44.18486207	-2.4929171	Garfagnana
10.46349538	44.11657524	-7.9938266	Garfagnana
10.50516195	44.1032142	-8.7116867	Garfagnana
10.23126084	44.25362456	-10.3161319	Garfagnana
10.30113725	44.2252643	-10.9829112	Garfagnana
10.37242828	44.20636722	-12.6523707	Garfagnana
10.42958988	44.14768503	-9.4519996	Garfagnana
10.50599681	44.11704396	-10.2197496	Garfagnana
10.61175821	44.05476278	-9.1436048	Garfagnana
10.56274559	44.00394393	-1.2535641	Garfagnana
10.59194347	44.05459918	-8.1119465	Garfagnana
10.39191016	44.1749263	-10.4036146	Garfagnana
10.46870724	44.04777535	-1.0000001	Garfagnana
10.51485696	44.11107364	-10.0427191	Garfagnana
10.38543113	44.10983813	-3.175776	Garfagnana
10.41121391	44.14139504	-7.8396057	Garfagnana
10.43163461	44.1569089	-10.5293326	Garfagnana
10.36112619	44.10336465	-1.2452774	Garfagnana
10.40724986	44.12785028	-6.2013224	Garfagnana
10.47209536	44.13702598	-10.5906942	Garfagnana
10.41426377	44.13469786	-7.2863977	Garfagnana
10.41938452	44.10111273	-4.0543697	Garfagnana
10.26431716	44.25248103	-11.9477257	Garfagnana
10.53950298	44.13133276	-13.4607989	Garfagnana
10.33791056	44.13661884	-3.5477936	Garfagnana
10.3583168	44.17808682	-8.9541229	Garfagnana
10.25546612	44.22923969	-9.0532738	Garfagnana
10.62894261	44.08973778	-13.7279225	Garfagnana
10.38697756	44.12626975	-4.9957061	Garfagnana
10.35160083	44.2106735	-12.021776	Garfagnana
10.38287028	44.1359151	-5.8071522	Garfagnana
10.51559588	44.10103332	-9.0350388	Garfagnana
10.38894861	44.10414617	-2.7594903	Garfagnana
10.37013621	44.10369072	-1.7413692	Garfagnana
10.4927203	44.10618323	-8.3892666	Garfagnana
10.25672953	44.27338502	-13.7279229	Garfagnana
10.57503539	44.08742261	-10.7227186	Garfagnana
10.5383946	44.01332321	-1.0000035	Garfagnana
10.28024821	44.22454263	-9.8360728	Garfagnana
10.39802607	44.12260015	-5.1728282	Garfagnana
10.5309871	44.13010025	-12.882503	Garfagnana
10.31464091	44.15153551	-3.8715265	Garfagnana
10.20359848	44.23251819	-6.6480151	Garfagnana
10.5447708	44.02670522	-2.7431988	Garfagnana
10.63573604	44.07840297	-12.8749747	Garfagnana
10.52762057	44.12604292	-12.28044	Garfagnana
10.51106485	44.08281149	-6.8949496	Garfagnana
10.53003593	44.1228198	-12.0717335	Garfagnana
10.31634103	44.1357166	-2.311462	Garfagnana
10.31316984	44.16529551	-5.2437071	Garfagnana
10.2345297	44.22088184	-7.0720046	Garfagnana
10.54304322	44.04935951	-5.0534347	Garfagnana
10.24865913	44.23248355	-9.0311875	Garfagnana
10.35381113	44.16866112	-7.7321537	Garfagnana
10.43562596	44.13759845	-8.7195477	Garfagnana
10.26370139	44.17509497	-3.7477716	Garfagnana
10.43301035	44.08592067	-3.1854581	Garfagnana
10.64123219	44.06118872	-11.33315	Garfagnana
10.26146511	44.24452044	-10.9657857	Garfagnana
10.58697077	44.0688381	-9.3654067	Garfagnana
10.38586247	44.13024542	-5.3597553	Garfagnana
10.3240338	44.20175046	-9.6635772	Garfagnana
10.47452361	44.07708183	-4.3750445	Garfagnana
10.35021497	44.12036148	-2.4868551	Garfagnana
10.33103756	44.12231336	-1.6919151	Garfagnana
10.55753741	44.04657967	-5.5011764	Garfagnana
10.30220847	44.17807665	-6.0364787	Garfagnana
10.57085532	44.00025154	-1.2778707	Garfagnana
10.51255315	44.0452299	-3.0553145	Garfagnana
10.55533577	44.01966963	-2.5392174	Garfagnana
10.38156907	44.15506062	-7.769212	Garfagnana
10.47265103	44.12523851	-9.3803364	Garfagnana
10.39113542	44.20106241	-13.089317	Garfagnana
10.42198655	44.15831443	-10.1841222	Garfagnana
10.61367535	44.04030125	-7.7103328	Garfagnana
10.52456927	44.12248977	-11.7480201	Garfagnana
10.28311933	44.21047192	-8.4917408	Garfagnana
10.53665319	44.06335828	-6.2088176	Garfagnana
10.40980589	44.13238193	-6.8126505	Garfagnana
10.60399803	44.06941703	-10.298454	Garfagnana
10.61736737	44.05079139	-9.0101933	Garfagnana
10.56497869	44.05874669	-7.1706109	Garfagnana
10.28172192	44.24304964	-11.8735245	Garfagnana
10.37484732	44.19092857	-11.1693553	Garfagnana
10.30247466	44.1600185	-4.1366861	Garfagnana
10.44663106	44.07873667	-3.1218722	Garfagnana
10.51849238	44.05347395	-4.2299093	Garfagnana
10.39720901	44.17212541	-10.3785626	Garfagnana
10.50312516	44.08401772	-6.6005076	Garfagnana
10.54961958	44.10947546	-11.7163976	Garfagnana
10.35247464	44.14063488	-4.7380238	Garfagnana
10.46848057	44.05966958	-2.2280011	Garfagnana
10.38158064	44.10555187	-2.5246622	Garfagnana
10.37925433	44.09507862	-1.3003634	Garfagnana
10.20861577	44.18368858	-1.8186749	Garfagnana
10.34558236	44.22724194	-13.4696622	Garfagnana
10.50341039	44.12338648	-10.7591783	Garfagnana
10.40386938	44.18695639	-12.2916349	Garfagnana
10.57700197	44.11486268	-13.728045	Garfagnana
10.21044466	44.17491508	-1.0000001	Garfagnana
10.38024331	44.16428309	-8.6756151	Garfagnana
10.57774806	44.11218237	-13.4853019	Garfagnana
10.2381398	44.20576399	-5.6869341	Garfagnana
10.37588276	44.13214511	-5.0498436	Garfagnana
10.54100188	44.12576618	-12.9595157	Garfagnana
10.59115838	44.0107854	-3.4324754	Garfagnana
10.27631125	44.17755774	-4.6548661	Garfagnana
10.37376402	44.09493633	-0.9999698	Garfagnana
10.27760156	44.24657801	-12.035672	Garfagnana
10.48327253	44.08316035	-5.4669561	Garfagnana
10.4118789	44.08009051	-1.4649903	Garfagnana
10.58500822	44.00221009	-2.209815	Garfagnana
10.49806691	44.08250055	-6.1745892	Garfagnana
10.36225053	44.12524591	-3.620713	Garfagnana
10.24372994	44.20859065	-6.2749199	Garfagnana
10.46478795	44.12741486	-9.2013352	Garfagnana
10.24068571	44.24779693	-10.2070274	Garfagnana
10.54355283	44.01991336	-1.9617848	Garfagnana
10.60738446	44.09176558	-12.8390689	Garfagnana
10.50009468	44.09723572	-7.8189727	Garfagnana
10.3702068	44.21777684	-13.7278443	Garfagnana
10.45971882	44.13297836	-9.5131754	Garfagnana
10.4033476	44.16632588	-10.0783123	Garfagnana
10.33611113	44.15949609	-5.8387843	Garfagnana
10.35162717	44.18058964	-8.8610403	Garfagnana
10.34496359	44.19885306	-10.4288131	Garfagnana
10.61494576	44.08500505	-12.5101134	Garfagnana
10.46479598	44.0836742	-4.5750328	Garfagnana
10.35158943	44.2016751	-11.0674334	Garfagnana
10.55749131	44.08222766	-9.2742411	Garfagnana
10.35411206	44.17418471	-8.3243554	Garfagnana
10.47452041	44.06612447	-3.2207433	Garfagnana
10.41825014	44.12264071	-6.2395001	Garfagnana
10.62065231	44.09184782	-13.5271393	Garfagnana
10.38357738	44.09000088	-1.0000001	Garfagnana
10.43593194	44.12696548	-7.6266404	Garfagnana
10.29636965	44.14620176	-2.360066	Garfagnana
10.56514078	44.04134072	-5.3358092	Garfagnana
10.35226039	44.13464694	-4.1028023	Garfagnana
10.17325413	44.19379547	-1.0000001	Garfagnana
10.41190945	44.1142622	-5.0299569	Garfagnana
10.36620327	44.19368178	-10.99894	Garfagnana
10.59432286	44.04340122	-7.0478349	Garfagnana
10.22683282	44.20923753	-5.4492502	Garfagnana
10.2361627	44.17894839	-2.7449786	Garfagnana
10.31803804	44.22303771	-11.6129752	Garfagnana
10.59870677	44.06677417	-9.7476954	Garfagnana
10.36083617	44.13642031	-4.7322169	Garfagnana
10.59616866	44.08962911	-12.0384615	Garfagnana
10.37282784	44.14645851	-6.4099073	Garfagnana
10.57006839	44.09295728	-11.0547081	Garfagnana
10.38130552	44.18303912	-10.6881915	Garfagnana
10.44700126	44.16010674	-11.669815	Garfagnana
10.61454161	44.09669696	-13.7279264	Garfagnana
10.3199447	44.16919397	-6.0037887	Garfagnana
10.55079057	44.11524374	-12.3799996	Garfagnana
10.46475615	44.06124527	-2.1974464	Garfagnana
10.18670192	44.20164549	-2.5313277	Garfagnana
10.4098349	44.13662837	-7.2639777	Garfagnana
10.38102901	44.17283523	-9.6090372	Garfagnana
10.45570334	44.12675436	-8.6513685	Garfagnana
10.4014547	44.11957452	-5.0304059	Garfagnana
10.3567654	44.11069931	-1.7988092	Garfagnana
10.33753638	44.17744816	-7.7870551	Garfagnana
10.41092129	44.09408854	-2.8738326	Garfagnana
10.60985064	44.02482089	-5.8754464	Garfagnana
10.33510157	44.12478146	-2.164502	Garfagnana
10.3453771	44.11234253	-1.3895968	Garfagnana
10.53426475	44.02836087	-2.3805138	Garfagnana
10.39092811	44.14868413	-7.572779	Garfagnana
10.19083991	44.21909031	-4.5708895	Garfagnana
10.33046196	44.21650541	-11.5568834	Garfagnana
10.23659082	44.26721918	-12.017607	Garfagnana
10.44827703	44.1698741	-12.7565001	Garfagnana
10.52674908	44.02498145	-1.6379146	Garfagnana
10.51771397	44.13264671	-12.4728082	Garfagnana
10.28715019	44.25579171	-13.5027769	Garfagnana
10.40671106	44.19635476	-13.4229874	Garfagnana
10.45892437	44.0527425	-0.9998907	Garfagnana
10.34229901	44.12574467	-2.6462882	Garfagnana
10.47849601	44.09808226	-6.8026952	Garfagnana
10.56963168	44.02419174	-3.7497748	Garfagnana
10.45110905	44.11622567	-7.3100869	Garfagnana
10.23087056	44.19711607	-4.398766	Garfagnana
10.2263122	44.21322121	-5.8373307	Garfagnana
10.61935886	44.05438523	-9.4927391	Garfagnana
10.51415233	44.13901379	-12.9650201	Garfagnana
10.39298167	44.0878013	-1.2684771	Garfagnana
10.35572574	44.21840501	-13.0525787	Garfagnana
10.45813499	44.1726711	-13.5701803	Garfagnana
10.19781071	44.19460286	-2.3849342	Garfagnana
10.35693416	44.16163998	-7.1650873	Garfagnana
10.38544095	44.17842219	-10.4255006	Garfagnana
10.54062001	44.10686716	-10.9679984	Garfagnana
10.51849917	44.11991171	-11.1638141	Garfagnana
10.2286117	44.1860197	-3.1075372	Garfagnana
10.51379761	44.03887511	-2.4459718	Garfagnana
10.37966181	44.19447307	-11.794151	Garfagnana
10.53090994	44.0373292	-3.1583326	Garfagnana
10.65203975	44.07857514	-13.727922	Garfagnana
10.24793744	44.27565857	-13.499631	Garfagnana
10.57786209	44.03199252	-4.9970865	Garfagnana
10.42837817	44.14962823	-9.5911104	Garfagnana
10.49226987	44.08163108	-5.7771208	Garfagnana
10.43921587	44.09869515	-4.85294	Garfagnana
10.51856771	44.04611257	-3.4566908	Garfagnana
10.33806038	44.22052777	-12.3725421	Garfagnana
10.51509625	44.08666147	-7.5098017	Garfagnana
10.23004553	44.26033743	-10.9525282	Garfagnana
10.32095195	44.16604775	-5.7220511	Garfagnana
10.30728186	44.22677578	-11.4579991	Garfagnana
10.61029967	44.09532647	-13.3655279	Garfagnana
10.3613363	44.16990363	-8.2602741	Garfagnana
10.44474592	44.12644267	-8.0387506	Garfagnana
10.44083812	44.16303042	-11.6494581	Garfagnana
10.43434934	44.09058251	-3.7480355	Garfagnana
10.50415441	44.03173793	-1.1967467	Garfagnana
10.43192122	44.15101361	-9.9226646	Garfagnana
10.19398863	44.22240465	-5.0835416	Garfagnana
10.26541429	44.21106955	-7.6479088	Garfagnana
10.50770827	44.10145008	-8.6610262	Garfagnana
10.23234589	44.24332797	-9.2988374	Garfagnana
10.46556322	44.14286824	-10.8541947	Garfagnana
10.55203602	44.04419498	-4.9669789	Garfagnana
10.41512016	44.09765174	-3.4676922	Garfagnana
10.58961465	44.05921401	-8.4815221	Garfagnana
10.2213557	44.22119826	-6.4071574	Garfagnana
10.49220269	44.08611749	-6.2414403	Garfagnana
10.19692032	44.22549029	-5.5608386	Garfagnana
10.27626187	44.17270251	-4.1377855	Garfagnana
10.3192751	44.13147002	-2.0239234	Garfagnana
10.29442378	44.22970167	-11.1092791	Garfagnana
10.34221031	44.15222899	-5.4036728	Garfagnana
10.39127949	44.20525355	-13.5342965	Garfagnana
10.39019583	44.16590786	-9.3604216	Garfagnana
10.34546416	44.17960985	-8.4325027	Garfagnana
10.30147239	44.14541442	-2.5376788	Garfagnana
10.28820048	44.25741541	-13.7280401	Garfagnana
10.52493287	44.12994412	-12.5562462	Garfagnana
10.22872721	44.2190391	-6.572335	Garfagnana
10.46739004	44.13205753	-9.8234081	Garfagnana
10.27253357	44.19360103	-6.1613268	Garfagnana
10.57499553	44.0025336	-1.7314127	Garfagnana
10.52296438	44.05097774	-4.1968941	Garfagnana
10.27068844	44.20474639	-7.2479519	Garfagnana
10.42955878	44.09250007	-3.6950186	Garfagnana
10.24932288	44.20956459	-6.6640867	Garfagnana
10.57669959	44.03824989	-5.600203	Garfagnana
10.2884557	44.22287371	-10.0796932	Garfagnana
10.23297862	44.26342145	-11.4298253	Garfagnana
10.2488814	44.22143534	-7.8902229	Garfagnana
10.52132851	44.066007	-5.6861019	Garfagnana
10.40668101	44.19077778	-12.8398897	Garfagnana
10.41530006	44.15413343	-9.3985505	Garfagnana
10.29026218	44.17325641	-4.9136705	Garfagnana
10.20072053	44.18354617	-1.3855943	Garfagnana
10.39896832	44.20320713	-13.7279225	Garfagnana
10.24545303	44.27166068	-12.9506573	Garfagnana
10.63378636	44.06476755	-11.3309405	Garfagnana
10.64653616	44.07188386	-12.737421	Garfagnana
10.42311426	44.13555458	-7.8440204	Garfagnana
10.52605604	44.11468914	-11.0130352	Garfagnana
10.57788479	44.07493912	-9.5463243	Garfagnana
10.25548616	44.21133931	-7.1678481	Garfagnana
10.42272703	44.0776546	-1.7834923	Garfagnana
10.60531725	44.07346263	-10.7945528	Garfagnana
10.27832703	44.19826055	-6.9519867	Garfagnana
10.52246022	44.04063714	-3.0760152	Garfagnana
10.40313764	44.12288444	-5.4649915	Garfagnana
10.52472266	44.14110485	-13.7279234	Garfagnana
10.4680707	44.12267593	-8.8743263	Garfagnana
10.55505259	44.09040985	-10.0157645	Garfagnana
10.45605251	44.14464237	-10.5357215	Garfagnana
10.31381248	44.17549241	-6.357172	Garfagnana
10.46168104	44.09005442	-5.0912755	Garfagnana
10.30943941	44.15551438	-4.0161507	Garfagnana
10.58196225	44.06169809	-8.3528151	Garfagnana
10.47517219	44.1655384	-13.727922	Garfagnana
10.56683804	44.11367498	-13.0658194	Garfagnana
10.4756588	44.08769542	-5.5572488	Garfagnana
10.34452632	44.15937564	-6.2718127	Garfagnana
10.28802991	44.18289232	-5.8204796	Garfagnana
10.32801535	44.2205122	-11.8562975	Garfagnana
10.45581016	44.11075189	-6.9835814	Garfagnana
10.42961903	44.15264458	-9.9739261	Garfagnana
10.24523622	44.16550058	-1.7849981	Garfagnana
10.47461826	44.1028788	-7.1121921	Garfagnana
10.45036142	44.10790775	-6.4028435	Garfagnana
10.45849652	44.11743964	-7.8281164	Garfagnana
10.25216251	44.1669319	-2.2915753	Garfagnana
10.42342168	44.18808429	-13.4124845	Garfagnana
10.49559643	44.06717753	-4.4460411	Garfagnana
10.32873884	44.12790667	-2.1534674	Garfagnana
10.5090675	44.04145273	-2.4769601	Garfagnana
10.46890031	44.07216679	-3.5665951	Garfagnana
10.48457628	44.14320218	-11.8946163	Garfagnana
10.20777404	44.17626734	-0.9999937	Garfagnana
10.53554213	44.06831268	-6.6769992	Garfagnana
10.21730962	44.24694324	-8.8798211	Garfagnana
10.54882761	44.07697504	-8.2743574	Garfagnana
10.44762942	44.09584208	-4.9847821	Garfagnana
10.27579973	44.16097256	-2.8711383	Garfagnana
10.45793335	44.12228699	-8.303698	Garfagnana
10.49437751	44.09939726	-7.7553629	Garfagnana
10.46043487	44.05502677	-1.3181832	Garfagnana
10.31975703	44.19434844	-8.659955	Garfagnana
10.62711601	44.08771063	-13.4196671	Garfagnana
10.43674877	44.15957677	-11.0738407	Garfagnana
10.33480345	44.11516294	-1.146086	Garfagnana
10.30924386	44.16068671	-4.5543155	Garfagnana
10.48027599	44.15946022	-13.3640103	Garfagnana
10.45717576	44.16862815	-13.0976119	Garfagnana
10.47576241	44.13416506	-10.485524	Garfagnana
10.22333706	44.18849134	-3.0992364	Garfagnana
10.26991044	44.18210224	-4.8084361	Garfagnana
10.20453445	44.20463251	-3.7875472	Garfagnana
10.5344602	44.08272289	-8.1240933	Garfagnana
10.44190282	44.18212891	-13.727921	Garfagnana
10.51964344	44.02580084	-1.3608736	Garfagnana
10.25019665	44.15569138	-1.0000138	Garfagnana
10.52880347	44.09957441	-9.5819564	Garfagnana
10.3126426	44.21618418	-10.6100445	Garfagnana
10.2438992	44.23026465	-8.5474671	Garfagnana
10.52945842	44.06715772	-6.2364496	Garfagnana
10.33000705	44.18553538	-8.2511764	Garfagnana
10.36544512	44.21660184	-13.3594483	Garfagnana
10.5740312	44.0976988	-11.7598727	Garfagnana
10.55876794	44.12411837	-13.727922	Garfagnana
10.59916932	44.03675301	-6.5919439	Garfagnana
10.29983034	44.14175558	-2.0670235	Garfagnana
10.54614693	44.13052224	-13.7279239	Garfagnana
10.34766854	44.19222203	-9.8650575	Garfagnana
10.18259358	44.18905427	-1.0000001	Garfagnana
10.34322757	44.21416746	-11.9630553	Garfagnana
10.35725937	44.15189712	-6.1660188	Garfagnana
10.36947092	44.21596385	-13.4980997	Garfagnana
10.49594114	44.12762383	-10.8256078	Garfagnana
10.23710423	44.21375916	-6.4651438	Garfagnana
10.33940735	44.18240705	-8.4035886	Garfagnana
10.60184989	44.02648819	-5.6423211	Garfagnana
10.30443946	44.15472984	-3.6770865	Garfagnana
10.41758011	44.13101768	-7.0777979	Garfagnana
10.5137974	44.06388185	-5.0658636	Garfagnana
10.56774482	44.07697074	-9.2423523	Garfagnana
10.44933704	44.16301666	-12.0971646	Garfagnana
10.33971876	44.1209999	-2.0150382	Garfagnana
10.50156656	44.13314942	-11.6991334	Garfagnana
10.32691212	44.17017315	-6.4653989	Garfagnana
10.2781416	44.23085009	-10.396786	Garfagnana
10.25612588	44.15282465	-1.0000016	Garfagnana
10.41084191	44.18716825	-12.6711402	Garfagnana
10.57998348	44.02716365	-4.594368	Garfagnana
10.4066036	44.17758981	-11.4387772	Garfagnana
10.38282848	44.10157404	-2.1675094	Garfagnana
10.3829971	44.1886957	-11.3679535	Garfagnana
10.47759239	44.12119794	-9.2051947	Garfagnana
10.41011648	44.1694636	-10.7575218	Garfagnana
10.30612051	44.23221515	-11.9750709	Garfagnana
10.36894497	44.17766169	-9.4725755	Garfagnana
10.43517841	44.15490955	-10.5014889	Garfagnana
10.27260128	44.2344082	-10.4901292	Garfagnana
10.61617403	44.06097536	-10.0276273	Garfagnana
10.22456604	44.1952341	-3.8682313	Garfagnana
10.31892241	44.24256185	-13.727922	Garfagnana
10.61993913	44.03712108	-7.6943121	Garfagnana
10.51611558	44.10677972	-9.6619183	Garfagnana
10.26811863	44.19953584	-6.5640467	Garfagnana
10.34363318	44.12198854	-2.3228604	Garfagnana
10.39987484	44.18132812	-11.4907369	Garfagnana
10.22224889	44.20471373	-4.7344032	Garfagnana
10.4444121	44.07494819	-2.6070103	Garfagnana
10.49990019	44.03693061	-1.5206344	Garfagnana
10.24237859	44.23779556	-9.2528479	Garfagnana
10.52388432	44.1032044	-9.7001742	Garfagnana
10.51078494	44.0597205	-4.472557	Garfagnana
10.58494955	44.11099849	-13.7279102	Garfagnana
10.37761536	44.14089757	-6.0658919	Garfagnana
10.50437619	44.1281495	-11.3132625	Garfagnana
10.3806805	44.12145326	-4.1629215	Garfagnana
10.48526292	44.07189322	-4.3907713	Garfagnana
10.57524577	44.05125193	-6.9027043	Garfagnana
10.32301827	44.2069294	-10.1604854	Garfagnana
10.43973639	44.16873989	-12.1978805	Garfagnana
10.27079162	44.2186879	-8.7309424	Garfagnana
10.50659797	44.07975461	-6.3397613	Garfagnana
10.37895351	44.12687215	-4.6485052	Garfagnana
10.46854518	44.1483505	-11.5839542	Garfagnana
10.22855971	44.16832421	-1.2296686	Garfagnana
10.58951477	44.01742336	-4.0510553	Garfagnana
10.36525676	44.15661506	-7.0816501	Garfagnana
10.44916494	44.0574744	-1.0000055	Garfagnana
10.29271433	44.25522684	-13.7279415	Garfagnana
10.28221323	44.14020997	-1.000002	Garfagnana
10.39470669	44.1886665	-11.9849918	Garfagnana
10.25067422	44.23607131	-9.5123517	Garfagnana
10.63662319	44.08602634	-13.727922	Garfagnana
10.37310164	44.1075597	-2.3030382	Garfagnana
10.58245932	44.08370137	-10.7086314	Garfagnana
10.51262941	44.05306601	-3.8764933	Garfagnana
10.38539559	44.09245759	-1.352464	Garfagnana
10.24128791	44.16244895	-1.2593639	Garfagnana
10.3400199	44.17183498	-7.3330314	Garfagnana
10.33933144	44.22478853	-12.889338	Garfagnana
10.17811723	44.20061472	-1.9690953	Garfagnana
10.38430482	44.20963165	-13.6218565	Garfagnana
10.57516588	44.05729515	-7.5385346	Garfagnana
10.36168171	44.10078018	-0.9999996	Garfagnana
10.60137915	44.0805711	-11.3458734	Garfagnana
10.53111216	44.01684582	-1.0000001	Garfagnana
10.20809166	44.23724593	-7.379429	Garfagnana
10.50482861	44.13931514	-12.5194884	Garfagnana
10.32885532	44.22668311	-12.5535323	Garfagnana
10.41416568	44.16086894	-10.0541432	Garfagnana
10.45696715	44.10385231	-6.3114249	Garfagnana
10.25712927	44.23699763	-9.9509691	Garfagnana
10.52504268	44.08381643	-7.7396114	Garfagnana
10.50636897	44.0444908	-2.6512354	Garfagnana
10.48809095	44.14671191	-12.4464796	Garfagnana
10.39520171	44.14002257	-6.8739578	Garfagnana
10.50782508	44.06813283	-5.1929225	Garfagnana
10.40072325	44.15885857	-9.152583	Garfagnana
10.61088264	44.04647585	-8.2211904	Garfagnana
10.44056623	44.15848818	-11.1600894	Garfagnana
10.55605654	44.03925604	-4.6498856	Garfagnana
10.35423178	44.12530575	-3.2162989	Garfagnana
10.28525351	44.17765593	-5.1233165	Garfagnana
10.21394498	44.20938767	-4.7821925	Garfagnana
10.29014642	44.20653228	-8.434286	Garfagnana
10.40201117	44.0845239	-1.4047906	Garfagnana
10.38852364	44.17394426	-10.1217118	Garfagnana
10.37492655	44.18588773	-10.647588	Garfagnana
10.28112008	44.20576364	-7.8902857	Garfagnana
10.52620247	44.1195058	-11.5231876	Garfagnana
10.55036643	44.01549608	-1.8429478	Garfagnana
10.22673236	44.25685346	-10.4133595	Garfagnana
10.43331829	44.1862779	-13.727922	Garfagnana
10.46253377	44.12014756	-8.3232317	Garfagnana
10.54105189	44.04533244	-4.5250379	Garfagnana
10.55491142	44.00831133	-1.3148834	Garfagnana
10.3923324	44.08555611	-0.9999996	Garfagnana
10.42294878	44.14001836	-8.3008388	Garfagnana
10.22885567	44.19395436	-3.9611097	Garfagnana
10.39768425	44.14991665	-8.0494196	Garfagnana
10.50250865	44.06697199	-4.7904789	Garfagnana
10.36759688	44.14145873	-5.6124411	Garfagnana
10.46230169	44.11290307	-7.5435426	Garfagnana
10.22352143	44.24174054	-8.6657561	Garfagnana
10.24710252	44.27826862	-13.727922	Garfagnana
