15.88481698	42.56300001	-1.9999996	Jana-1
15.4693181	42.6706987	-10.8654275	Jana-1
15.88850385	42.56727005	-2.5826968	Jana-1
15.51093584	42.65822065	-11.2685196	Jana-1
15.65763379	42.56862803	-4.717928	Jana-1
14.89891674	42.98471887	-2.0000201	Jana-1
15.90081807	42.60281637	-7.9578611	Jana-1
15.1487422	42.84944463	-11.358417	Jana-1
14.94672821	42.96408405	-4.3749905	Jana-1
15.32988762	42.65749594	-3.8240955	Jana-1
14.95134594	42.93437799	-2.7040923	Jana-1
15.89737455	42.57754199	-3.9845459	Jana-1
14.89014757	43.10458228	-9.465272	Jana-1
15.56789438	42.60951061	-8.4378925	Jana-1
15.83794997	42.55791638	-2.5165552	Jana-1
14.91203751	42.96945817	-1.9999927	Jana-1
15.69087689	42.57989569	-6.6043063	Jana-1
15.18188049	42.76420253	-6.9465863	Jana-1
15.80445359	42.61595586	-11.7168868	Jana-1
15.01281992	42.95594089	-9.0456834	Jana-1
15.1894593	42.77349968	-8.1953737	Jana-1
15.36975629	42.62334978	-2	Jana-1
15.83335107	42.56579126	-3.83122	Jana-1
15.32933473	42.72397844	-10.192326	Jana-1
15.90469636	42.58601843	-5.1414946	Jana-1
15.77871876	42.578467	-6.505602	Jana-1
15.3432111	42.73737277	-12.1338531	Jana-1
15.91348882	42.59619518	-6.5306756	Jana-1
15.83562484	42.55429821	-2.0000303	Jana-1
14.91245119	43.1034311	-11.1626932	Jana-1
15.09149901	42.7793344	-2.0000015	Jana-1
15.15604953	42.78832686	-7.1819882	Jana-1
15.59951581	42.60636009	-8.5176017	Jana-1
14.93746101	42.99907461	-6.0413815	Jana-1
14.94753423	43.07211789	-11.8235049	Jana-1
15.71954439	42.59021921	-8.3064764	Jana-1
15.20688683	42.71512813	-3.4538377	Jana-1
15.66187945	42.54612278	-2.0000005	Jana-1
14.92561248	42.99826561	-5.0491043	Jana-1
15.40180717	42.67024363	-8.0560328	Jana-1
15.47601186	42.68052782	-12.1340484	Jana-1
15.26543617	42.72411084	-7.1090831	Jana-1
15.45874125	42.68063636	-11.4376548	Jana-1
15.36249734	42.72220563	-11.6318321	Jana-1
15.06797077	42.85190922	-5.8815237	Jana-1
15.29045978	42.76433208	-12.1336939	Jana-1
15.17708167	42.78902057	-8.7025935	Jana-1
15.23968888	42.6914346	-2.7658135	Jana-1
15.9237259	42.60804064	-8.1478709	Jana-1
14.94997625	43.02886297	-9.0734617	Jana-1
14.86821974	43.0791482	-5.9859822	Jana-1
15.15167687	42.73807654	-3.0133863	Jana-1
15.13071411	42.84905325	-10.0867635	Jana-1
15.42792764	42.61865702	-3.9056473	Jana-1
15.55211887	42.64395767	-11.4719864	Jana-1
15.27203966	42.74254033	-9.1756675	Jana-1
15.23677291	42.77158012	-10.2664795	Jana-1
14.90236308	43.09733449	-9.94399	Jana-1
14.97175803	42.90884906	-2.5703653	Jana-1
14.91774075	42.96937769	-2.4454449	Jana-1
15.93281486	42.61855469	-9.5835008	Jana-1
14.89284707	43.07517197	-7.6761473	Jana-1
15.52465958	42.56687023	-2.5235625	Jana-1
14.86075589	43.06270477	-4.2711441	Jana-1
15.10163503	42.80305441	-4.5303208	Jana-1
15.75123158	42.59224149	-8.9524301	Jana-1
14.90623772	42.97615133	-2.000462	Jana-1
15.94356269	42.63098423	-11.2809209	Jana-1
15.63328086	42.58126947	-5.9187493	Jana-1
15.44137711	42.69453727	-12.1338536	Jana-1
15.31895902	42.66504013	-4.1072034	Jana-1
15.10075266	42.77816495	-2.5471026	Jana-1
15.70047735	42.54923823	-2.9584927	Jana-1
15.75323431	42.59779275	-9.7439532	Jana-1
15.45690611	42.61265934	-4.459032	Jana-1
15.94896402	42.6372292	-12.1338531	Jana-1
15.11257218	42.8507989	-8.9723039	Jana-1
14.95625035	43.06648046	-12.1338511	Jana-1
14.98482267	43.03330565	-12.1338482	Jana-1
14.93679033	43.08399178	-11.7765269	Jana-1
15.18176513	42.77594178	-8.0296426	Jana-1
15.66981291	42.55640335	-3.3881272	Jana-1
15.41669348	42.6544279	-7.0648155	Jana-1
15.76045056	42.59997449	-9.9714112	Jana-1
15.57741057	42.61975862	-9.8461529	Jana-1
15.22189358	42.76019096	-8.4700923	Jana-1
14.96655747	42.99523646	-8.0789938	Jana-1
15.07878615	42.79913425	-2.6537046	Jana-1
15.84290755	42.58976901	-7.2636671	Jana-1
14.96622965	42.9741859	-6.6098476	Jana-1
15.74177167	42.56278293	-4.7034158	Jana-1
15.49272681	42.57434551	-1.9999991	Jana-1
15.20163999	42.70650667	-2.3810743	Jana-1
14.84778836	43.05543524	-2.7431495	Jana-1
15.4593701	42.62256538	-5.5663648	Jana-1
15.41975419	42.60628556	-2.3182681	Jana-1
15.86024887	42.6049316	-9.2720948	Jana-1
15.87160204	42.60324264	-8.857251	Jana-1
14.99892416	43.01136508	-11.7443326	Jana-1
15.35431328	42.67161522	-6.2519963	Jana-1
15.45076486	42.63337969	-6.3218134	Jana-1
15.80016899	42.55469728	-2.6580357	Jana-1
15.27464452	42.73118579	-8.2257369	Jana-1
15.79478672	42.59850262	-9.2571189	Jana-1
15.29146218	42.72769117	-8.709191	Jana-1
15.30787388	42.7513505	-11.7464678	Jana-1
15.40081462	42.64542988	-5.5046241	Jana-1
15.03667153	42.8491396	-3.2826897	Jana-1
15.19096946	42.7547525	-6.4773688	Jana-1
15.60900541	42.63447225	-12.1338536	Jana-1
15.41649617	42.6159571	-3.1657579	Jana-1
14.99075921	43.00214789	-10.4667154	Jana-1
15.21364622	42.79522843	-11.4226363	Jana-1
14.92187646	43.00991905	-5.5448011	Jana-1
15.8787632	42.6115321	-9.9888543	Jana-1
15.41831062	42.67318822	-9.0293053	Jana-1
15.18786669	42.79248036	-9.7196734	Jana-1
15.07380707	42.93424042	-12.1330508	Jana-1
14.98387436	42.99060714	-9.1310401	Jana-1
14.98860821	42.91971567	-4.6329397	Jana-1
15.5532537	42.65001132	-12.1338531	Jana-1
15.7122151	42.54570637	-2.5894947	Jana-1
15.69318986	42.6115917	-10.5567723	Jana-1
15.03440452	42.93061781	-8.8846868	Jana-1
15.86964826	42.61986946	-11.3618086	Jana-1
15.53782262	42.65317605	-11.8356426	Jana-1
15.01917752	42.95549637	-9.5035635	Jana-1
14.94805172	42.98036572	-5.5959352	Jana-1
15.40225597	42.61020084	-1.9999771	Jana-1
15.69410093	42.62019496	-11.6340303	Jana-1
15.01314323	42.94970566	-8.6325354	Jana-1
14.89845552	43.00773638	-3.5301067	Jana-1
15.92073301	42.6140017	-9.1934527	Jana-1
15.11889534	42.78919328	-4.6558186	Jana-1
15.5404118	42.62303315	-8.8714914	Jana-1
15.20818946	42.74253266	-6.1313926	Jana-1
15.57378063	42.59188915	-6.3466925	Jana-1
15.11007765	42.8869649	-11.5847764	Jana-1
15.09924569	42.81716218	-5.455544	Jana-1
15.73906639	42.57753326	-6.9384382	Jana-1
15.46525274	42.64833764	-8.426581	Jana-1
15.04977248	42.93491225	-10.3570149	Jana-1
15.61048015	42.62000679	-10.3674248	Jana-1
15.73310655	42.60917372	-10.8512872	Jana-1
14.95675655	43.05604899	-11.4638448	Jana-1
15.31439369	42.70811338	-7.9652504	Jana-1
15.78418906	42.59061889	-8.2358916	Jana-1
14.98447631	42.89539769	-2.5852945	Jana-1
15.51125866	42.56702074	-2.0000049	Jana-1
15.34997694	42.73068164	-11.8277266	Jana-1
15.59454684	42.61745085	-9.8146414	Jana-1
15.81573997	42.60159887	-9.4167486	Jana-1
14.98007069	42.91401182	-3.579229	Jana-1
14.98915225	42.935746	-5.7885462	Jana-1
15.12967013	42.8155133	-7.4232656	Jana-1
15.00525992	42.93735163	-7.1536876	Jana-1
15.43677359	42.63637891	-6.0611508	Jana-1
15.76494256	42.60649552	-10.8775022	Jana-1
15.74275976	42.61442017	-11.643522	Jana-1
14.88464149	43.0158085	-2.97921	Jana-1
15.88592565	42.62662347	-12.133854	Jana-1
15.05808201	42.90668513	-8.9828055	Jana-1
15.50263251	42.63795411	-8.8714911	Jana-1
15.09888969	42.90694093	-12.1338536	Jana-1
15.73969923	42.59215548	-8.8456261	Jana-1
15.40265622	42.71018778	-12.1338536	Jana-1
14.9628871	42.96009057	-5.3792716	Jana-1
14.99865161	42.95337238	-7.7477615	Jana-1
15.00669909	42.87382642	-2.73467	Jana-1
15.22542241	42.78598713	-11.1012027	Jana-1
14.98477595	43.02200769	-11.355337	Jana-1
15.89233957	42.62724232	-12.1338531	Jana-1
15.75613655	42.55769477	-3.7391131	Jana-1
15.79741174	42.60805209	-10.641219	Jana-1
15.35612741	42.69175531	-8.3647974	Jana-1
15.82138814	42.62039043	-12.1338746	Jana-1
15.33382339	42.63787935	-1.9999991	Jana-1
15.0995891	42.87202189	-9.7186182	Jana-1
15.52665229	42.58570952	-4.5202708	Jana-1
15.01571329	42.99767926	-12.1338536	Jana-1
15.3797749	42.71943124	-12.1338506	Jana-1
15.50795035	42.60404741	-5.6342	Jana-1
15.49861444	42.58049578	-2.8624336	Jana-1
15.35650636	42.730573	-12.1338423	Jana-1
15.32494158	42.67178796	-5.0360992	Jana-1
15.31661733	42.75096923	-12.1338599	Jana-1
15.49394051	42.66135425	-10.9045994	Jana-1
14.98394853	42.96438385	-7.3394053	Jana-1
15.53804201	42.6560186	-12.133854	Jana-1
15.62395861	42.59092289	-6.9729774	Jana-1
15.56899451	42.63865725	-11.6110674	Jana-1
14.9243497	43.08059923	-10.5546609	Jana-1
15.4713649	42.63116606	-6.9238948	Jana-1
15.84207426	42.57770654	-5.4795535	Jana-1
15.05200919	42.83342212	-3.3530108	Jana-1
15.71056417	42.56153421	-4.6278101	Jana-1
15.18217705	42.71858851	-2.6064478	Jana-1
15.38971422	42.63794933	-4.2935743	Jana-1
15.45414823	42.6504218	-8.1927388	Jana-1
15.28948961	42.7592087	-11.6004327	Jana-1
15.69742841	42.59676262	-8.7865147	Jana-1
15.4150719	42.62584305	-4.1067835	Jana-1
15.60906784	42.59643392	-7.4326954	Jana-1
15.7466659	42.59018056	-8.7052526	Jana-1
15.40131458	42.6578621	-6.7829676	Jana-1
15.09632143	42.85372683	-8.0794871	Jana-1
15.8465965	42.57428537	-4.9050289	Jana-1
14.99744576	42.88274166	-2.6676729	Jana-1
14.98767552	42.90904438	-3.8008287	Jana-1
15.48390607	42.58185663	-2.4095767	Jana-1
15.05983923	42.81225634	-2.3626099	Jana-1
15.74586629	42.58545252	-8.0194416	Jana-1
15.83456647	42.6065946	-9.8894996	Jana-1
15.03692202	42.97350874	-12.1341001	Jana-1
15.38590144	42.6929744	-9.7059507	Jana-1
14.91967135	42.97832661	-3.2118448	Jana-1
15.33124446	42.74349172	-12.1338531	Jana-1
15.51207997	42.64326094	-9.7914546	Jana-1
15.37663675	42.64851988	-4.8279788	Jana-1
15.41643592	42.64359768	-5.9585192	Jana-1
15.77383344	42.6029514	-10.2211128	Jana-1
15.59212966	42.58482967	-5.7468875	Jana-1
14.8692738	43.04158977	-3.5109749	Jana-1
15.51202761	42.59099655	-4.4701265	Jana-1
15.08248001	42.78737828	-1.9999991	Jana-1
15.02986389	42.90162335	-6.4736983	Jana-1
15.14529187	42.73064724	-1.9999996	Jana-1
15.45613332	42.58880211	-2.0000074	Jana-1
15.77044671	42.58774515	-8.0058904	Jana-1
15.16547729	42.7570046	-5.4455103	Jana-1
14.95515778	43.03908427	-10.1826722	Jana-1
15.05895926	42.82840659	-3.5341773	Jana-1
15.02569836	42.91471313	-7.0904466	Jana-1
15.63133521	42.60098525	-8.3262731	Jana-1
15.88414163	42.62335464	-11.6725518	Jana-1
14.99597694	42.93432269	-6.231469	Jana-1
15.55498364	42.61266446	-8.4022738	Jana-1
15.83273793	42.61870457	-11.7195391	Jana-1
15.11803501	42.77306956	-3.3630928	Jana-1
15.88920844	42.57606608	-3.9792725	Jana-1
14.94491097	43.07974259	-12.1338526	Jana-1
15.11334439	42.88580304	-11.7322286	Jana-1
15.72086424	42.61731907	-11.6762471	Jana-1
15.71581433	42.55439778	-3.8241065	Jana-1
15.04838227	42.81815935	-2.00092	Jana-1
15.16200382	42.84269417	-11.7545049	Jana-1
15.24649625	42.71752187	-5.5693594	Jana-1
15.00088126	42.96226025	-8.5330982	Jana-1
15.64685631	42.54792818	-2	Jana-1
15.07142284	42.84067942	-5.354037	Jana-1
15.17078212	42.76029836	-6.0450968	Jana-1
15.44071306	42.69149953	-11.7992261	Jana-1
15.01133792	42.88455455	-3.8512918	Jana-1
15.21993242	42.77447924	-9.7407862	Jana-1
15.12895185	42.82387464	-8.020159	Jana-1
15.63116616	42.60860246	-9.2652339	Jana-1
15.07083701	42.90925	-10.1430193	Jana-1
15.42741967	42.68945869	-11.0486863	Jana-1
15.09440733	42.78867448	-2.921376	Jana-1
14.93428864	42.97646391	-4.2400064	Jana-1
15.84834853	42.56903717	-4.011011	Jana-1
15.71685072	42.58105263	-7.1334302	Jana-1
14.88433912	43.06755617	-6.4797442	Jana-1
14.9287632	42.95650228	-2.4343843	Jana-1
15.103913	42.84059987	-7.5878696	Jana-1
15.69562002	42.58839325	-7.7250985	Jana-1
15.17638056	42.83453222	-12.1339087	Jana-1
15.31368327	42.65336278	-2.7431246	Jana-1
15.47611368	42.62090718	-6.0704321	Jana-1
15.13634365	42.80295219	-6.9254672	Jana-1
15.73129209	42.57235286	-6.2731357	Jana-1
14.91586269	43.08867069	-10.428647	Jana-1
15.57509627	42.62545171	-10.512418	Jana-1
15.49072599	42.62990537	-7.5736193	Jana-1
15.52135549	42.56302906	-1.9999996	Jana-1
15.55061307	42.63359067	-10.3562056	Jana-1
15.55809949	42.56724449	-3.0685498	Jana-1
15.52074065	42.5773019	-3.4271897	Jana-1
15.34030448	42.72653741	-10.9663521	Jana-1
15.71393916	42.60925939	-10.5768284	Jana-1
15.77552065	42.55017727	-2.3409917	Jana-1
15.03799463	42.96633793	-11.7037388	Jana-1
14.99182662	42.97545491	-8.7213379	Jana-1
15.00709583	42.94740195	-8.0074938	Jana-1
15.12928207	42.74497441	-2	Jana-1
15.81824971	42.61267206	-11.0295726	Jana-1
15.00990027	43.00087494	-11.8931753	Jana-1
15.08997856	42.91664627	-12.1338526	Jana-1
15.49598356	42.6506211	-9.8938494	Jana-1
14.98456632	42.88708905	-1.9999854	Jana-1
15.81803359	42.55888752	-3.0242056	Jana-1
14.9616501	43.02928191	-10.0257957	Jana-1
14.89718965	43.10762353	-10.233229	Jana-1
15.25868669	42.74470265	-8.7453506	Jana-1
15.25021121	42.68291737	-2.4686924	Jana-1
15.29314027	42.74999287	-10.9040809	Jana-1
15.8737863	42.61020108	-9.862181	Jana-1
15.05024731	42.82281165	-2.4715811	Jana-1
15.30789079	42.68819987	-5.763781	Jana-1
15.03828299	42.92040871	-8.4513643	Jana-1
15.75584302	42.58556395	-7.8914654	Jana-1
14.92437387	43.02179842	-6.552308	Jana-1
15.23972718	42.70894321	-4.4282056	Jana-1
15.29339175	42.70211892	-6.3797243	Jana-1
15.87852848	42.56188817	-1.9999996	Jana-1
15.01562873	42.98747346	-11.4276519	Jana-1
15.57139135	42.60029187	-7.349829	Jana-1
15.11647912	42.86176932	-10.089137	Jana-1
14.93583316	43.05592559	-9.7888191	Jana-1
15.17690326	42.76741546	-7.0162574	Jana-1
15.16561979	42.84434708	-12.1337945	Jana-1
15.74528169	42.5713486	-5.9276293	Jana-1
15.14205424	42.86543877	-12.1338536	Jana-1
15.72269686	42.56238648	-4.9134581	Jana-1
15.21564617	42.80167774	-12.1338531	Jana-1
15.27863572	42.66342898	-2.0000049	Jana-1
14.98858568	42.92750268	-5.1799971	Jana-1
15.06177518	42.94706271	-12.1338604	Jana-1
15.24539827	42.74393707	-8.038929	Jana-1
15.53249429	42.57597634	-3.7649473	Jana-1
15.16175137	42.76216414	-5.5798359	Jana-1
15.82230302	42.58644751	-7.0658705	Jana-1
15.78603299	42.61237765	-11.4490215	Jana-1
14.89695329	43.02594343	-4.650108	Jana-1
15.18798864	42.82394388	-12.1338536	Jana-1
15.05937015	42.8079817	-2.000002	Jana-1
15.19842585	42.8058464	-11.4783189	Jana-1
15.64576483	42.59126374	-7.3394642	Jana-1
15.12100405	42.88419403	-12.13375	Jana-1
15.89797689	42.62823158	-12.1339239	Jana-1
15.62561322	42.61801952	-10.3467056	Jana-1
15.16250823	42.74022373	-3.7343672	Jana-1
14.95454201	42.94656141	-3.791897	Jana-1
15.23038866	42.79432308	-12.1338531	Jana-1
15.04827715	42.96143024	-12.1338399	Jana-1
15.68642775	42.56634478	-4.8634739	Jana-1
15.33847523	42.64406593	-2.81625	Jana-1
15.09392311	42.86438918	-8.7394136	Jana-1
14.91183832	43.03363997	-6.3599338	Jana-1
15.29133893	42.71366436	-7.3741075	Jana-1
15.10810176	42.8969053	-12.133854	Jana-1
15.38452946	42.61737357	-2.0000015	Jana-1
15.36730456	42.70051152	-9.7083267	Jana-1
15.38808893	42.61827117	-2.2364561	Jana-1
15.75969352	42.60528167	-10.7657832	Jana-1
15.72605149	42.62039628	-12.1338536	Jana-1
15.47778677	42.59309218	-3.3068443	Jana-1
15.77453308	42.56976452	-5.2705718	Jana-1
15.60529987	42.63120583	-11.6749078	Jana-1
15.30588074	42.64948126	-2.0003916	Jana-1
15.65453758	42.59961504	-8.502086	Jana-1
15.53294963	42.61370041	-7.6216487	Jana-1
15.00024886	42.94213972	-7.1053693	Jana-1
15.22119282	42.70483792	-3.153679	Jana-1
15.15872641	42.79796429	-8.1056465	Jana-1
15.69586766	42.60405908	-9.6653096	Jana-1
15.56362819	42.55793182	-2.000001	Jana-1
15.14200662	42.8162408	-8.3367792	Jana-1
15.01454892	42.94046517	-8.0800419	Jana-1
15.29650829	42.65782751	-2.3356802	Jana-1
15.15330206	42.75058155	-4.104886	Jana-1
14.99992005	42.98303956	-9.881314	Jana-1
15.50878723	42.6265302	-7.9560137	Jana-1
14.95172661	42.99573676	-6.9405053	Jana-1
14.97250589	42.94787676	-5.303005	Jana-1
15.62970555	42.54998827	-1.9999976	Jana-1
15.93083659	42.62442401	-10.5855376	Jana-1
15.62483392	42.6325694	-12.1338536	Jana-1
15.88720769	42.62130537	-11.3231153	Jana-1
14.96230417	42.91937032	-2.5425611	Jana-1
15.76823843	42.61287458	-11.7791685	Jana-1
15.10943391	42.78418986	-3.6123814	Jana-1
15.22611747	42.69028183	-1.9995884	Jana-1
15.86095432	42.59729508	-8.1246466	Jana-1
14.90036873	43.11643225	-11.0866883	Jana-1
15.52936088	42.56831743	-2.774981	Jana-1
15.20764188	42.80600919	-12.1338531	Jana-1
15.01989478	42.85732703	-2.571688	Jana-1
15.05016915	42.95404899	-11.7511963	Jana-1
15.9404439	42.63572651	-12.1338526	Jana-1
15.64305623	42.6303777	-12.1338531	Jana-1
15.05876949	42.94216131	-11.5564639	Jana-1
15.88595901	42.61470378	-10.2961031	Jana-1
15.05201533	42.91430562	-9.0579648	Jana-1
15.33604929	42.67936994	-6.2899892	Jana-1
15.37148335	42.62763655	-2.5043169	Jana-1
14.88161475	43.03040701	-3.7322552	Jana-1
14.96312772	43.01711304	-9.3079861	Jana-1
15.14683883	42.83151896	-9.8425862	Jana-1
15.80334995	42.61864928	-12.1338526	Jana-1
15.03660925	42.86757881	-4.5775533	Jana-1
15.46702735	42.66302102	-9.9932928	Jana-1
15.54828848	42.58890401	-5.5998182	Jana-1
14.91150893	43.02225435	-5.5584604	Jana-1
15.17367397	42.76653564	-6.7460211	Jana-1
15.26608962	42.67825388	-2.7961934	Jana-1
15.10955148	42.76803743	-2.3863599	Jana-1
15.53334561	42.64023237	-10.3379964	Jana-1
15.7704814	42.61547334	-12.1338531	Jana-1
15.75684967	42.56622361	-4.9981946	Jana-1
15.49126613	42.6701174	-11.689398	Jana-1
15.31124725	42.67309132	-4.4954341	Jana-1
14.92030626	42.95992167	-2.0000015	Jana-1
15.26612379	42.75233574	-9.8284146	Jana-1
15.89731064	42.6219217	-11.1361131	Jana-1
15.3859735	42.6761647	-8.0074751	Jana-1
14.90946022	43.07780312	-9.1784109	Jana-1
14.98767098	42.95065102	-6.6926991	Jana-1
15.07478536	42.84596521	-5.9859822	Jana-1
15.45802787	42.66927132	-10.2586534	Jana-1
15.18023584	42.81309923	-10.7636719	Jana-1
15.15561586	42.77532947	-6.158047	Jana-1
15.58533722	42.63733603	-12.1338531	Jana-1
15.20783997	42.72817041	-4.7439244	Jana-1
15.49329571	42.6194456	-6.612223	Jana-1
15.02132831	42.97508091	-11.0291287	Jana-1
15.09911967	42.77250159	-1.9993545	Jana-1
15.44991717	42.64296284	-7.2635207	Jana-1
15.43558052	42.6276861	-5.1322795	Jana-1
15.52140078	42.65049939	-10.9030125	Jana-1
14.94307465	43.00955267	-7.2043733	Jana-1
15.17074971	42.71793979	-2	Jana-1
15.7456992	42.60097209	-10.0247452	Jana-1
15.11481588	42.88970417	-12.1338531	Jana-1
15.85408375	42.61269742	-10.51745	Jana-1
15.08386858	42.87293971	-8.584026	Jana-1
15.74733132	42.61783591	-12.1338531	Jana-1
15.44270269	42.64550183	-7.2263304	Jana-1
15.80772534	42.59000051	-7.8050758	Jana-1
14.9069707	43.1240844	-12.1338531	Jana-1
15.20004617	42.76565227	-7.9504716	Jana-1
14.86721905	43.02716792	-2.3649771	Jana-1
15.27931021	42.67502104	-3.1305579	Jana-1
15.47550018	42.58115221	-1.9999991	Jana-1
15.81581131	42.57984361	-6.1761252	Jana-1
15.14777713	42.76373606	-4.7247925	Jana-1
14.93416156	42.96508296	-3.449617	Jana-1
14.92589614	43.05241376	-8.7581471	Jana-1
15.20533378	42.80045519	-11.5258218	Jana-1
15.22485883	42.69542989	-2.4300704	Jana-1
14.87437214	43.01344216	-1.9999996	Jana-1
14.92014163	42.98771506	-3.8937857	Jana-1
15.03318299	42.9775173	-12.1338531	Jana-1
15.36980033	42.72377183	-12.1338775	Jana-1
15.31544831	42.69908279	-7.160878	Jana-1
14.92007278	43.1087772	-12.1338536	Jana-1
15.43350276	42.6093902	-3.1862823	Jana-1
15.70802631	42.54134377	-2.0001973	Jana-1
15.10019657	42.89650503	-11.4986246	Jana-1
15.51462803	42.66526188	-12.1338599	Jana-1
15.19346859	42.70659461	-1.9999996	Jana-1
14.99986641	42.89742711	-3.8979925	Jana-1
15.73389203	42.58480523	-7.8507134	Jana-1
15.74047198	42.54801653	-2.5246431	Jana-1
15.20295566	42.80056574	-11.3907032	Jana-1
15.0509495	42.81548628	-1.9999996	Jana-1
15.05895718	42.91948306	-9.9538216	Jana-1
15.19156981	42.81747373	-11.8889512	Jana-1
15.10570525	42.87153138	-10.1018013	Jana-1
15.84423646	42.62259757	-12.1338594	Jana-1
15.30181474	42.66708405	-3.4693807	Jana-1
15.09517289	42.87058906	-9.2871927	Jana-1
15.5562267	42.59855045	-6.9098074	Jana-1
14.94619293	43.01908444	-8.104674	Jana-1
15.70828945	42.54566696	-2.6333477	Jana-1
15.38388828	42.668349	-7.1311868	Jana-1
15.30899759	42.64791249	-1.9999996	Jana-1
15.34051877	42.66837084	-5.3594856	Jana-1
15.26115624	42.73214119	-7.6638018	Jana-1
15.42937766	42.64525902	-6.6562701	Jana-1
15.17656529	42.73681835	-4.0790232	Jana-1
15.16979645	42.83307837	-11.5632959	Jana-1
15.80793412	42.57361015	-5.3615877	Jana-1
15.85407597	42.58294875	-6.0873282	Jana-1
15.10381009	42.862485	-9.2720962	Jana-1
14.97531981	43.04425752	-12.133938	Jana-1
15.42490398	42.66506605	-8.4772181	Jana-1
15.34777706	42.69837598	-8.6610997	Jana-1
15.74073986	42.58331032	-7.7678488	Jana-1
15.75707678	42.55072796	-2.6887867	Jana-1
15.31014409	42.65578525	-2.8034454	Jana-1
15.45227756	42.59607151	-2.5848077	Jana-1
15.2025022	42.78097663	-9.5307198	Jana-1
15.69107132	42.62460142	-12.133855	Jana-1
14.93390434	42.9442342	-1.9999991	Jana-1
15.06824469	42.92976263	-11.3912129	Jana-1
15.10635023	42.87987475	-10.7910835	Jana-1
15.23432155	42.68609492	-1.9999927	Jana-1
15.81646921	42.55185553	-2.0000015	Jana-1
15.24674403	42.78207371	-11.7435411	Jana-1
15.41628716	42.69831831	-11.4899307	Jana-1
15.14376601	42.73174802	-1.9999996	Jana-1
15.37124395	42.68659165	-8.4603315	Jana-1
15.36861531	42.6650893	-6.1765195	Jana-1
15.25930535	42.71601007	-6.0445329	Jana-1
14.8757234	43.08785349	-7.1767093	Jana-1
15.8302317	42.57359549	-5.0380442	Jana-1
14.93729344	42.9886777	-5.3151333	Jana-1
15.67735047	42.60709545	-9.7656001	Jana-1
15.35559443	42.64754415	-3.8684295	Jana-1
15.91445088	42.60392651	-7.7488504	Jana-1
15.51389812	42.61263335	-6.7470767	Jana-1
15.27577524	42.76281745	-11.2887115	Jana-1
15.58390168	42.61032263	-8.7754153	Jana-1
15.21417546	42.69625062	-1.9999507	Jana-1
15.11905963	42.81586721	-6.7201084	Jana-1
14.89089354	43.09904849	-9.1475345	Jana-1
15.67382472	42.57720106	-6.0179151	Jana-1
15.00686805	43.00788375	-12.1338526	Jana-1
15.77647471	42.55842919	-3.5554771	Jana-1
15.39946216	42.69065398	-10.0258003	Jana-1
15.76275877	42.61597867	-12.1338531	Jana-1
15.48165294	42.64121489	-8.3603128	Jana-1
14.90291429	43.01560119	-4.4207698	Jana-1
15.07020221	42.86567882	-7.0229044	Jana-1
14.94684723	42.92929681	-1.9999996	Jana-1
15.1195243	42.83873215	-8.5186484	Jana-1
15.18921259	42.80135925	-10.4923802	Jana-1
14.88721974	42.99840998	-1.9999991	Jana-1
14.95772236	42.91674251	-1.9999307	Jana-1
15.12530788	42.75956706	-2.8381514	Jana-1
15.14058218	42.78658529	-5.9696188	Jana-1
15.06754555	42.81888565	-3.4055516	Jana-1
15.06433501	42.83693782	-4.5482532	Jana-1
15.07332924	42.82794423	-4.5040081	Jana-1
15.58114322	42.56005358	-2.5222627	Jana-1
15.090007	42.86365344	-8.4012171	Jana-1
15.91934079	42.63200354	-12.1338345	Jana-1
15.60530869	42.55291907	-2.000086	Jana-1
15.43528844	42.65357287	-7.739342	Jana-1
15.35341464	42.6995506	-9.0430267	Jana-1
14.924098	43.03896665	-7.6992381	Jana-1
15.27476334	42.71152198	-6.3681168	Jana-1
15.00657575	42.86364591	-1.9999659	Jana-1
14.93619664	43.06929602	-10.7283121	Jana-1
15.30404163	42.74040604	-10.5235196	Jana-1
14.96433897	42.93403645	-3.7084969	Jana-1
15.07277286	42.79603399	-1.9999996	Jana-1
15.05489877	42.84874328	-4.6544424	Jana-1
14.97391241	43.00423926	-9.2779017	Jana-1
15.76203288	42.57832421	-6.7246461	Jana-1
15.8260157	42.59568562	-8.3880188	Jana-1
15.05645804	42.86148995	-5.6724666	Jana-1
15.11353786	42.89098202	-12.1338531	Jana-1
15.03715216	42.83638281	-2.4206636	Jana-1
15.01655277	42.90249796	-5.5257362	Jana-1
15.31786429	42.64432959	-2	Jana-1
15.36913214	42.71780768	-11.5343042	Jana-1
14.85261774	43.05214959	-2.9038667	Jana-1
15.68142236	42.54377292	-2.0000005	Jana-1
15.15344327	42.72657904	-1.9999996	Jana-1
14.84945961	43.04257465	-1.9999986	Jana-1
15.47748142	42.60963285	-4.9778755	Jana-1
15.07243067	42.92308955	-11.2405826	Jana-1
15.02542729	42.98646953	-12.1338477	Jana-1
14.96737053	43.05346693	-12.1341709	Jana-1
15.08395517	42.91449663	-11.519876	Jana-1
15.18430261	42.77601701	-8.1900951	Jana-1
15.1904308	42.72422274	-3.5374959	Jana-1
15.54240924	42.58749643	-5.3357104	Jana-1
14.97490647	42.90656829	-2.6560166	Jana-1
15.29899694	42.75997504	-12.1337852	Jana-1
15.62535886	42.55768098	-2.8861968	Jana-1
15.15577842	42.81940035	-9.5392801	Jana-1
15.84773291	42.61867996	-11.499959	Jana-1
15.41713482	42.63423676	-5.040123	Jana-1
15.83260172	42.55806941	-2.6924795	Jana-1
15.90024921	42.59493482	-6.7043154	Jana-1
15.82822224	42.55299354	-1.9999996	Jana-1
14.88432897	43.09009772	-8.0148644	Jana-1
15.47712806	42.66693622	-10.7974246	Jana-1
15.70902715	42.62244343	-12.1338531	Jana-1
15.44327396	42.66882972	-9.6098902	Jana-1
15.209168	42.80490893	-12.1338531	Jana-1
15.34384917	42.71294157	-9.8500069	Jana-1
15.13128449	42.77064663	-4.1022554	Jana-1
15.08181204	42.85136716	-6.8979331	Jana-1
14.85834197	43.04067427	-2.5779444	Jana-1
15.01060986	42.96720331	-9.6415962	Jana-1
15.04719823	42.92478658	-9.4399312	Jana-1
15.67713268	42.54841114	-2.5093316	Jana-1
15.04242263	42.90906155	-7.9567485	Jana-1
15.2373916	42.69838741	-3.3127286	Jana-1
14.90675069	43.11369312	-11.4081231	Jana-1
15.63191614	42.56983134	-4.4849546	Jana-1
15.91280561	42.61856243	-10.1537876	Jana-1
14.91006588	42.9792148	-2.5133853	Jana-1
15.03002236	42.97317208	-11.5851641	Jana-1
15.35159699	42.63709471	-2.6476167	Jana-1
15.14570512	42.79539506	-7.0006841	Jana-1
15.65069401	42.56130642	-3.7100848	Jana-1
15.34585006	42.69076087	-7.8438511	Jana-1
15.58823488	42.62868085	-11.1097825	Jana-1
15.32390689	42.66525289	-4.364535	Jana-1
15.19138329	42.7842464	-9.313264	Jana-1
15.0560598	42.82142675	-2.8104825	Jana-1
15.25786189	42.76742657	-10.875034	Jana-1
14.9722084	43.03376108	-11.1678882	Jana-1
15.13148635	42.87485506	-12.1338526	Jana-1
15.5499801	42.59628992	-6.5349082	Jana-1
15.85601056	42.57951621	-5.4804257	Jana-1
15.85822242	42.55829692	-2.000002	Jana-1
15.33117091	42.70249827	-8.2462553	Jana-1
15.33305473	42.73575974	-11.4888755	Jana-1
14.90480145	43.06080429	-7.6494253	Jana-1
15.93426434	42.6320811	-11.7220352	Jana-1
15.29602606	42.65452982	-1.999941	Jana-1
15.01318275	42.86394269	-2.5227017	Jana-1
15.25677011	42.70575883	-4.9504217	Jana-1
15.03479274	42.89234388	-6.1861506	Jana-1
15.85632025	42.56259179	-2.7457925	Jana-1
15.28358048	42.74098998	-9.5877283	Jana-1
15.55632449	42.60365935	-7.5397989	Jana-1
14.95694026	42.9857714	-6.6694886	Jana-1
15.03207878	42.83594229	-1.9999986	Jana-1
15.02148016	42.87230996	-3.7489993	Jana-1
15.67138203	42.59817226	-8.5738091	Jana-1
15.8729137	42.56432533	-2.5523487	Jana-1
15.53945001	42.60239202	-6.7323038	Jana-1
15.44199541	42.61978868	-4.5858055	Jana-1
15.57327901	42.57161648	-3.8341219	Jana-1
14.93755579	43.04146964	-8.9416667	Jana-1
15.24505756	42.70155235	-3.9845569	Jana-1
15.03423533	42.88532525	-5.6456209	Jana-1
15.41395461	42.60546591	-2.0004849	Jana-1
15.76304845	42.54667757	-2.0000147	Jana-1
15.36517458	42.65504746	-5.0195718	Jana-1
15.74288222	42.5447244	-1.9999991	Jana-1
15.02451159	42.8890963	-5.1747179	Jana-1
15.02402841	42.96469185	-10.5286709	Jana-1
14.87977649	43.04259215	-4.4157632	Jana-1
15.72365886	42.54539079	-2.3762745	Jana-1
15.07750929	42.85244383	-6.652714	Jana-1
15.84679928	42.59919472	-8.6112841	Jana-1
14.9980639	42.8727135	-2.0000025	Jana-1
15.24556081	42.72992191	-6.7091263	Jana-1
14.99318169	42.92669382	-5.4773874	Jana-1
14.86166576	43.02830362	-2.000001	Jana-1
15.2647826	42.77715726	-12.1338545	Jana-1
15.42317036	42.70189752	-12.1338531	Jana-1
15.86901377	42.58103644	-5.3547185	Jana-1
15.49304596	42.59816422	-4.4363472	Jana-1
15.0660205	42.89890828	-9.0440811	Jana-1
14.97513706	43.01645068	-10.2121116	Jana-1
15.79392303	42.5761605	-5.9433877	Jana-1
15.57253998	42.5808032	-4.9583501	Jana-1
15.66026756	42.61135974	-10.0390413	Jana-1
15.31980155	42.74303722	-11.536378	Jana-1
15.15347977	42.85525543	-12.1338682	Jana-1
15.17286384	42.75187406	-5.3399491	Jana-1
15.76834447	42.61530601	-12.1338531	Jana-1
15.17466009	42.80220034	-9.5412759	Jana-1
15.22895366	42.74454604	-7.3131445	Jana-1
15.24613485	42.78646556	-12.1338531	Jana-1
14.94022924	42.94947917	-2.859795	Jana-1
15.14852497	42.80789289	-8.1531468	Jana-1
15.53813145	42.59254889	-5.6777439	Jana-1
15.7831744	42.6167002	-12.133858	Jana-1
15.72826908	42.60040989	-9.6959231	Jana-1
15.71221065	42.57272587	-6.0353327	Jana-1
15.31769443	42.73317562	-10.4997691	Jana-1
15.5136836	42.56958519	-2.3583824	Jana-1
15.3729159	42.72220135	-12.1338531	Jana-1
15.66745551	42.62318652	-11.6079107	Jana-1
15.8137821	42.56762844	-4.3867337	Jana-1
15.758062	42.61081281	-11.4252745	Jana-1
15.31940323	42.64688409	-2.3214327	Jana-1
15.76556753	42.61208846	-11.6947198	Jana-1
14.89896864	42.99253539	-2.5363267	Jana-1
15.46734254	42.587902	-2.3589068	Jana-1
15.26445653	42.67068337	-2	Jana-1
15.08182128	42.92552787	-12.1338985	Jana-1
15.44334074	42.68038203	-10.7816082	Jana-1
15.0342877	42.95764086	-10.8021211	Jana-1
14.92748409	43.09349993	-11.6831089	Jana-1
15.58971534	42.59551925	-7.0320926	Jana-1
15.34550451	42.67976323	-6.7164658	Jana-1
15.35719871	42.71126786	-10.3390953	Jana-1
15.59588644	42.56896683	-3.8425655	Jana-1
15.33236565	42.6893545	-7.0598379	Jana-1
15.28175359	42.76868329	-12.1338497	Jana-1
15.52826037	42.56217844	-2.0001993	Jana-1
15.47424125	42.67736185	-11.742209	Jana-1
15.11403319	42.75889424	-2.0000064	Jana-1
15.08564615	42.89554201	-10.3135867	Jana-1
14.88269562	43.09594055	-8.2829888	Jana-1
15.35249984	42.63032861	-1.9999996	Jana-1
14.91100395	42.99927043	-3.9535279	Jana-1
15.79388082	42.56519542	-4.3115249	Jana-1
15.13869821	42.743928	-2.5771548	Jana-1
15.59883543	42.56039823	-2.8277378	Jana-1
15.23063138	42.72093105	-5.1393855	Jana-1
15.57262324	42.64235981	-12.133854	Jana-1
15.64340665	42.61321655	-10.0176167	Jana-1
15.71997496	42.55255873	-3.4974895	Jana-1
15.04000738	42.82730067	-2.0000005	Jana-1
14.96789946	43.04479696	-11.5848877	Jana-1
15.1615087	42.80615207	-8.9258554	Jana-1
15.07610589	42.88838745	-9.0768072	Jana-1
15.87915161	42.59917285	-7.9877793	Jana-1
15.67136924	42.58818671	-7.3392738	Jana-1
15.43147381	42.67691957	-9.945574	Jana-1
15.23214712	42.7331602	-6.3786687	Jana-1
15.25071921	42.67770988	-2.0000005	Jana-1
15.65090713	42.57920609	-5.9254119	Jana-1
15.79436439	42.58319003	-6.9835668	Jana-1
15.25506253	42.72519702	-6.7106674	Jana-1
15.89274683	42.58426767	-5.1995558	Jana-1
15.55123433	42.57606983	-4.0571011	Jana-1
15.43022917	42.59903089	-1.999938	Jana-1
15.86816429	42.58954896	-6.7503556	Jana-1
14.87009284	43.06851259	-5.4104104	Jana-1
15.28633849	42.68414587	-4.3354092	Jana-1
15.66786163	42.62739177	-12.1339263	Jana-1
15.58277728	42.63436501	-11.7284839	Jana-1
15.58814509	42.57680477	-4.6960276	Jana-1
15.61337366	42.60932062	-9.0894772	Jana-1
15.13784168	42.82295884	-8.5611858	Jana-1
15.30381982	42.71959332	-8.5405577	Jana-1
15.45976695	42.64000004	-7.3572091	Jana-1
14.97667535	42.93385997	-4.6722183	Jana-1
14.88158358	43.05690563	-5.5347096	Jana-1
14.93449616	43.00677845	-6.3357026	Jana-1
15.2805641	42.75439109	-10.7125262	Jana-1
14.97305952	42.89933825	-2.0001055	Jana-1
15.02709345	42.94357773	-9.2537232	Jana-1
15.04079262	42.94587507	-10.4570193	Jana-1
15.54634366	42.56000865	-1.999981	Jana-1
15.13834537	42.73669854	-1.9999996	Jana-1
15.30191606	42.73208569	-9.6320577	Jana-1
15.18911189	42.7844806	-9.1950357	Jana-1
14.99628127	43.02009397	-12.1338526	Jana-1
15.07671227	42.84333485	-5.9274419	Jana-1
14.97335819	42.91876071	-3.3755369	Jana-1
15.39086763	42.62733759	-3.2672532	Jana-1
15.000849	42.9294536	-6.2558791	Jana-1
15.48936802	42.67522832	-12.1340396	Jana-1
15.09686829	42.82901621	-6.2076601	Jana-1
14.91037915	43.12010282	-12.1338526	Jana-1
15.61085662	42.57500121	-4.8107022	Jana-1
15.41634463	42.68411648	-10.0548304	Jana-1
15.0458883	42.888335	-6.7529408	Jana-1
15.18058304	42.82573069	-11.7538345	Jana-1
15.050285	42.87404079	-6.0831566	Jana-1
14.843107	43.05	-1.9999996	Jana-1
14.89548299	43.04077983	-5.5433512	Jana-1
15.72976366	42.56642413	-5.4192259	Jana-1
15.54141049	42.5656937	-2.6290538	Jana-1
15.28714996	42.66630634	-2.6850943	Jana-1
15.84029318	42.56698234	-3.9085423	Jana-1
15.38992147	42.70616389	-11.2055762	Jana-1
14.92138466	43.06863456	-9.5035372	Jana-1
15.59184539	42.63653101	-12.1342442	Jana-1
14.97523239	42.98035304	-7.7446266	Jana-1
15.06568674	42.83262436	-4.3392425	Jana-1
15.8684213	42.62493387	-12.1338531	Jana-1
15.52205845	42.63372092	-9.2214263	Jana-1
15.46037209	42.60255529	-3.5699561	Jana-1
15.1198245	42.87568393	-11.3949219	Jana-1
15.32522104	42.67965874	-5.7951504	Jana-1
15.7363839	42.55486466	-3.6026871	Jana-1
15.7207133	42.54257586	-1.9999776	Jana-1
15.52311203	42.59633729	-5.459233	Jana-1
15.15738798	42.74759622	-4.1618885	Jana-1
15.12685816	42.80607748	-6.5021304	Jana-1
15.00231521	42.99311783	-10.7615613	Jana-1
15.3202154	42.71831972	-9.2143057	Jana-1
15.21047236	42.7541627	-7.3503578	Jana-1
15.38785153	42.65471511	-5.9136737	Jana-1
15.47653945	42.65357978	-9.4138648	Jana-1
15.10756701	42.79090677	-3.9998843	Jana-1
15.07928882	42.83547385	-5.4962858	Jana-1
15.6464154	42.62426537	-11.4281753	Jana-1
15.5599579	42.62350679	-9.7056868	Jana-1
15.68826594	42.55746495	-3.7934815	Jana-1
15.12892952	42.79275093	-5.6281644	Jana-1
14.85975912	43.06933041	-4.6432459	Jana-1
15.01445819	42.92538433	-6.998048	Jana-1
15.40459523	42.6134073	-2.4202188	Jana-1
15.05124303	42.9014921	-8.0908677	Jana-1
15.17310521	42.78035041	-7.7623094	Jana-1
15.34965894	42.65851813	-4.7361392	Jana-1
15.7281323	42.57464702	-6.5095644	Jana-1
14.93615354	43.02905117	-7.9844926	Jana-1
15.44328691	42.65928924	-8.6450224	Jana-1
15.76644446	42.5952092	-9.1746995	Jana-1
14.86971367	43.05372958	-4.373011	Jana-1
15.26028069	42.69116891	-3.7381936	Jana-1
15.18853481	42.74122765	-5.0702408	Jana-1
14.93488532	43.01667275	-7.0412886	Jana-1
15.08593789	42.8100881	-3.992462	Jana-1
15.459533	42.65885046	-9.2661734	Jana-1
14.93026757	43.09686254	-12.1338531	Jana-1
15.08809135	42.85866481	-7.8945246	Jana-1
15.6785903	42.61584725	-10.8661075	Jana-1
14.98286226	42.92187985	-4.3417691	Jana-1
15.60721231	42.58776856	-6.3341996	Jana-1
15.16829375	42.82177879	-10.5942403	Jana-1
15.04101696	42.90049022	-7.2383635	Jana-1
15.11467412	42.82721674	-7.2949508	Jana-1
15.58277367	42.55563024	-1.9999996	Jana-1
15.71396005	42.59914681	-9.3269871	Jana-1
15.14031306	42.75516975	-3.5491072	Jana-1
15.01221758	42.85758419	-1.9997188	Jana-1
15.35975482	42.70691595	-10.0479498	Jana-1
15.19777249	42.79167068	-10.3266492	Jana-1
15.8833043	42.58944427	-6.3021288	Jana-1
15.02342675	42.92939819	-7.9647234	Jana-1
15.16052377	42.84897643	-12.1336661	Jana-1
14.95424952	43.00846697	-8.0129988	Jana-1
15.02127942	42.84770977	-2.0000054	Jana-1
15.08646147	42.84753678	-6.9221308	Jana-1
15.91450955	42.62810149	-11.6424664	Jana-1
15.56475023	42.61344109	-8.8741694	Jana-1
15.72553441	42.55892556	-4.3645794	Jana-1
15.46395601	42.68540643	-12.1338394	Jana-1
15.06232976	42.88619019	-7.864277	Jana-1
15.02595732	42.87939815	-4.5932398	Jana-1
14.90035386	43.08754447	-9.11692	Jana-1
15.86219708	42.59235411	-7.3709341	Jana-1
15.27963741	42.69731416	-5.2581399	Jana-1
15.37295547	42.71412658	-11.3178687	Jana-1
15.55954269	42.58570037	-5.3705614	Jana-1
15.09081617	42.88128085	-9.705376	Jana-1
15.4000051	42.6809646	-9.0673067	Jana-1
15.65060141	42.55219189	-2.5824327	Jana-1
14.87550246	43.07923172	-6.5715825	Jana-1
14.96830439	42.90451956	-2.0001485	Jana-1
15.10282149	42.87955723	-10.5064017	Jana-1
15.13759045	42.86292788	-11.6324498	Jana-1
15.08342253	42.85814908	-7.5087043	Jana-1
15.1998489	42.81312176	-12.1338545	Jana-1
15.78708743	42.54900852	-1.9999942	Jana-1
15.13518295	42.77919738	-5.0280173	Jana-1
15.36759967	42.67784383	-7.4258338	Jana-1
15.13928252	42.83490796	-9.5840433	Jana-1
15.11625365	42.80050132	-5.3393747	Jana-1
15.88356954	42.60695	-9.1148863	Jana-1
15.15397501	42.84120556	-11.0822093	Jana-1
15.15858715	42.73144455	-2.7095015	Jana-1
14.9482231	43.05054714	-10.4094969	Jana-1
15.70428817	42.54102175	-1.9999996	Jana-1
15.53932574	42.57844802	-4.1748152	Jana-1
15.16210692	42.75020955	-4.6685811	Jana-1
15.195288	42.79165744	-10.1746416	Jana-1
15.15841886	42.83180008	-10.6718216	Jana-1
15.24920939	42.75688718	-9.4565628	Jana-1
15.69737533	42.5418537	-1.9999986	Jana-1
15.14828866	42.73701047	-2.717815	Jana-1
15.62853372	42.62711245	-11.5142105	Jana-1
15.86723353	42.57315655	-4.136271	Jana-1
15.90207349	42.61038966	-9.1422437	Jana-1
14.9105286	43.04695309	-7.1621966	Jana-1
15.00418483	42.91599805	-5.5493312	Jana-1
