14.84950801	44.81300001	-0.9999995	Krk
14.37016026	45.16016979	-1.0002348	Krk
14.65849865	45.06192307	-12.472853	Krk
14.4206562	45.25945275	-11.8449616	Krk
14.57530047	45.05652482	-7.1051488	Krk
14.55115212	45.06344124	-6.2469037	Krk
14.39072987	45.30940765	-13.6395234	Krk
14.34429237	45.36231378	-15.1421352	Krk
14.8544104	44.81621433	-1.6098808	Krk
14.72951667	44.96128392	-7.6709274	Krk
14.51863105	45.02888333	-0.9999995	Krk
14.81152737	44.90652247	-8.2992487	Krk
14.55012242	45.09579118	-9.1128867	Krk
14.7538478	44.99775432	-12.4523808	Krk
14.6753868	44.93186693	-1.4479199	Krk
14.42066084	45.10714955	-1.0000273	Krk
14.4103381	45.18068307	-5.587747	Krk
14.39857703	45.19093579	-5.3723996	Krk
14.76968435	44.95962834	-10.3158317	Krk
14.5725531	44.9975145	-0.9999995	Krk
14.46435267	45.11391719	-4.8645046	Krk
14.60785684	45.04823078	-8.1462208	Krk
14.86698705	44.82445884	-3.1743535	Krk
14.42723775	45.21323211	-9.1808513	Krk
14.63181018	45.04029429	-8.7524728	Krk
14.88205232	44.83433197	-5.0481857	Krk
14.32507472	45.27253114	-6.0035969	Krk
14.34966733	45.22756711	-4.1341906	Krk
14.37914633	45.311405	-13.0350654	Krk
14.43786676	45.14722508	-5.2146787	Krk
14.27433263	45.27974488	-3.223519	Krk
14.524489	45.12017503	-9.5649338	Krk
14.58038602	44.99708537	-1.4389042	Krk
14.37949752	45.23311032	-6.7671164	Krk
14.4023597	45.15147627	-2.8257709	Krk
14.80161922	44.86670578	-4.0317202	Krk
14.89328146	44.84168907	-6.4447215	Krk
14.32030622	45.33285291	-10.954738	Krk
14.89235471	44.91470072	-14.1074389	Krk
14.50709663	45.16840274	-12.086415	Krk
14.43557786	45.12335798	-3.3184321	Krk
14.32016426	45.32227481	-10.0205829	Krk
14.64146073	45.0797849	-13.2964789	Krk
14.90280574	44.84792785	-7.629126	Krk
14.64147007	45.05287969	-10.5636193	Krk
14.34638842	45.27834524	-7.947302	Krk
14.52365708	45.13585228	-10.8790551	Krk
14.7253325	44.92086627	-3.9839572	Krk
14.4042855	45.31614797	-15.1421352	Krk
14.41978357	45.19790571	-7.5343226	Krk
14.52928931	45.07886702	-6.2240923	Krk
14.42785025	45.14155124	-4.0334042	Krk
14.80139146	44.96408765	-12.8711132	Krk
14.91410789	44.85532963	-9.0344999	Krk
14.59717314	45.07819467	-10.5724169	Krk
14.50052417	45.13722553	-9.3366784	Krk
14.50248353	45.04575854	-1.4795038	Krk
14.30334736	45.30003731	-6.9468766	Krk
14.75894114	44.93907221	-7.8426852	Krk
14.62955489	44.961216	-1.0000351	Krk
14.36493746	45.34644352	-15.1421357	Krk
14.43824919	45.22017781	-10.5323879	Krk
14.85997198	44.90492511	-11.2884033	Krk
14.67465597	44.92716198	-0.9991498	Krk
14.92398926	44.86179955	-10.2630983	Krk
14.5507565	45.15797469	-14.633895	Krk
14.56241273	45.05544883	-6.2502652	Krk
14.34009476	45.35957534	-14.6206445	Krk
14.27952727	45.30996299	-6.2135316	Krk
14.48323592	45.17683068	-10.8506755	Krk
14.65860768	45.08157309	-14.4703579	Krk
14.93422695	44.86850136	-11.5358906	Krk
14.49625459	45.07473527	-3.6983251	Krk
14.75486324	45.02824986	-15.1421352	Krk
14.4067283	45.24007508	-9.4057303	Krk
14.30983752	45.28660496	-6.2093867	Krk
14.45432342	45.14169993	-6.0867746	Krk
14.43844591	45.08830133	-0.9999995	Krk
14.52649643	45.02422232	-1.0000029	Krk
14.76409821	44.9443602	-8.6459799	Krk
14.36246311	45.23330117	-5.5152639	Krk
14.84003371	44.95274175	-14.3466435	Krk
14.45439562	45.07603858	-1.0000078	Krk
14.77871988	44.8931765	-4.9587097	Krk
14.26472812	45.26739615	-1.4989794	Krk
14.6773705	44.97754578	-5.5078061	Krk
14.94645647	44.87650521	-13.0561704	Krk
14.78598894	44.85065549	-1.4739829	Krk
14.24560671	45.28653042	-1.8859555	Krk
14.33437565	45.20742539	-1.4242817	Krk
14.27928482	45.25530262	-1.4209711	Krk
14.46236119	45.17598805	-9.1998654	Krk
14.3173904	45.22559145	-1.6463398	Krk
14.38546998	45.211641	-5.7606745	Krk
14.39028465	45.22684317	-7.1904164	Krk
14.84435381	44.8665369	-6.3704212	Krk
14.75627097	44.94455005	-8.1185307	Krk
14.95726495	44.8835774	-14.3996738	Krk
14.80747749	44.93195146	-10.3459887	Krk
14.43165124	45.09533101	-0.9999995	Krk
14.96323847	44.88748531	-15.1421352	Krk
14.68487919	44.93696476	-2.5330253	Krk
14.69056092	45.06922597	-15.1421933	Krk
14.49641188	45.18978056	-12.8086704	Krk
14.7286307	45.04499053	-15.1421376	Krk
14.29050922	45.24181701	-0.9999995	Krk
14.40908553	45.21242629	-7.6865745	Krk
14.42543866	45.29700789	-15.1421347	Krk
14.78474361	44.87189465	-3.4168671	Krk
14.91138286	44.90964877	-14.6229921	Krk
14.31392242	45.26493715	-4.5904799	Krk
14.67843914	44.96679815	-4.6570908	Krk
14.41003537	45.1277866	-1.6634086	Krk
14.59558261	45.06482923	-9.122337	Krk
14.45469705	45.1294175	-5.2324443	Krk
14.77729878	44.9948277	-13.8023994	Krk
14.52715223	45.06393074	-4.7308063	Krk
14.6678439	44.95202386	-2.666121	Krk
14.63358294	45.03230285	-8.0920742	Krk
14.36091079	45.17081421	-1.0000058	Krk
14.30405558	45.25998267	-3.4945483	Krk
14.70769175	44.90285794	-1.230184	Krk
14.90242741	44.85755065	-8.6245998	Krk
14.71867	45.00457851	-10.6431642	Krk
14.73986209	44.97383012	-9.4448272	Krk
14.49082164	45.12258752	-7.5142213	Krk
14.77500887	44.88453482	-3.9331284	Krk
14.53320878	45.09671472	-8.0979725	Krk
14.61870748	45.11310426	-15.1420483	Krk
14.66903084	45.06985881	-13.8836923	Krk
14.77320617	44.86198348	-1.7684746	Krk
14.43707042	45.08950191	-0.9999995	Krk
14.39416445	45.24651552	-8.8576763	Krk
14.90374907	44.89424816	-12.5744536	Krk
14.94959713	44.89027831	-14.6844496	Krk
14.79641397	44.99499539	-15.1422153	Krk
14.48352465	45.14027941	-8.241975	Krk
14.44289725	45.08487943	-0.9999995	Krk
14.81262493	44.85812363	-3.7317519	Krk
14.74545507	45.02666422	-14.4082314	Krk
14.56253502	45.05064916	-5.7696564	Krk
14.7563559	44.87215616	-1.5988344	Krk
14.77391374	44.91662158	-6.7759018	Krk
14.53607296	45.15218025	-13.1402314	Krk
14.5964123	45.03409762	-6.0478714	Krk
14.76676619	45.0008571	-13.5985322	Krk
14.81137906	44.95735345	-12.906145	Krk
14.64268011	45.09725319	-15.1421376	Krk
14.66475959	44.93507506	-0.9999443	Krk
14.82350706	44.88104704	-6.7540815	Krk
14.72017878	45.01019882	-11.2726816	Krk
14.52544427	45.18528306	-14.7183705	Krk
14.45649411	45.10012023	-3.2450639	Krk
14.50084458	45.12914451	-8.760497	Krk
14.29296194	45.24953123	-1.8359291	Krk
14.70921451	44.99839118	-9.4676363	Krk
14.48761452	45.06940662	-2.6539062	Krk
14.40846742	45.12026266	-0.999683	Krk
14.55966494	45.005329	-0.9999995	Krk
14.71471833	44.99196515	-9.2901448	Krk
14.46297485	45.16099324	-8.142492	Krk
14.46289634	45.22533281	-12.8417582	Krk
14.63299208	45.05526254	-10.315027	Krk
14.49282837	45.05876023	-2.0306371	Krk
14.38346556	45.25385065	-8.6701791	Krk
14.74878269	45.02427406	-14.3864526	Krk
14.83615836	44.88933341	-8.3273936	Krk
14.23948249	45.28110241	-1.0000009	Krk
14.63831205	44.95564362	-0.9995019	Krk
14.40234521	45.1381241	-1.840288	Krk
14.74729982	44.91630453	-5.020256	Krk
14.82988316	44.87854606	-6.8413648	Krk
14.70019019	45.03591745	-12.524497	Krk
14.50134371	45.07160339	-3.7492065	Krk
14.39808815	45.16378033	-3.4080527	Krk
14.93476382	44.89495161	-14.3597607	Krk
14.92357757	44.87309545	-11.4335532	Krk
14.54398518	45.08759227	-7.9705072	Krk
14.814875	44.96668142	-13.980352	Krk
14.67684792	45.06595813	-13.9864345	Krk
14.74128743	44.93944933	-6.651353	Krk
14.32660786	45.23479032	-3.0453613	Krk
14.47959392	45.06316462	-1.5683945	Krk
14.74785168	44.98701163	-11.1210349	Krk
14.58552146	45.01521149	-3.5004204	Krk
14.69862639	45.02561143	-11.4359116	Krk
14.4031498	45.17336594	-4.5001789	Krk
14.44691992	45.2770851	-15.1417807	Krk
14.46509567	45.14830771	-7.3946272	Krk
14.54438159	45.03589956	-3.2209272	Krk
14.32598411	45.28650818	-7.286371	Krk
14.78116129	44.95256247	-10.5106188	Krk
14.68504721	44.94899395	-3.5772392	Krk
14.7250848	45.02318061	-12.8241694	Krk
14.37728991	45.15259204	-0.9999995	Krk
14.42308159	45.11603377	-1.8258203	Krk
14.70490632	45.04532378	-13.7196918	Krk
14.4699715	45.06405817	-1.0000829	Krk
14.56525771	45.09669991	-10.1793845	Krk
14.68724652	44.97369252	-5.8492011	Krk
14.60520776	45.07503355	-10.7160888	Krk
14.57700949	45.1109003	-12.2310786	Krk
14.282827	45.28897188	-4.6007206	Krk
14.56235346	45.14611505	-14.3753544	Krk
14.92088797	44.89493588	-13.5925771	Krk
14.82466795	44.84371906	-2.8741088	Krk
14.40433863	45.30543638	-14.2914179	Krk
14.230511	45.28799999	-0.9999995	Krk
14.36223312	45.34533754	-14.8637114	Krk
14.31130205	45.31267472	-8.5859302	Krk
14.80380418	44.92225955	-9.2274655	Krk
14.5663251	45.06056112	-6.9730543	Krk
14.5508056	45.16390748	-15.1421352	Krk
14.72935268	44.96810582	-8.2364505	Krk
14.83125603	44.96190172	-14.6090419	Krk
14.67522256	45.0150058	-8.9795656	Krk
14.63393302	45.10223265	-15.1421352	Krk
14.49520402	45.12755472	-8.2301669	Krk
14.51062059	45.1812191	-13.280496	Krk
14.43218538	45.15876957	-5.6338207	Krk
14.66204996	44.99978116	-6.7058214	Krk
14.47568949	45.22580462	-13.8878129	Krk
14.47569297	45.16913051	-9.7104993	Krk
14.8454684	44.84128827	-3.764622	Krk
14.71890234	44.91178772	-2.7677617	Krk
14.40345417	45.1255827	-0.9999506	Krk
14.78029195	45.00113783	-14.544143	Krk
14.34068211	45.19407581	-1.0000034	Krk
14.54345498	45.01456399	-0.999998	Krk
14.78158517	44.85357175	-1.5389892	Krk
14.8974733	44.92181914	-15.1421357	Krk
14.77411718	44.9490068	-9.7298732	Krk
14.53276616	45.02559515	-1.5021601	Krk
14.28312387	45.26650741	-2.6578315	Krk
14.61523185	45.09000594	-12.8174726	Krk
14.40656836	45.2305867	-8.7390038	Krk
14.51847806	45.03574415	-1.612621	Krk
14.45215726	45.21802261	-11.487091	Krk
14.89677769	44.88392566	-11.0991972	Krk
14.5113787	45.06270276	-3.5939008	Krk
14.79081889	44.85962687	-2.6882172	Krk
14.59313533	45.12723469	-14.7610082	Krk
14.89178354	44.86696938	-9.0322908	Krk
14.46583541	45.21845763	-12.5967333	Krk
14.44003525	45.1842299	-8.108457	Krk
14.76065507	44.95267482	-9.1054824	Krk
14.29669291	45.24586117	-1.7690121	Krk
14.61642433	44.96957817	-1.0000019	Krk
14.53833964	45.16985176	-14.6057285	Krk
14.85842149	44.89059148	-9.6880222	Krk
14.43050669	45.27025294	-13.374331	Krk
14.50363411	45.08002853	-4.6581801	Krk
14.46005582	45.09496101	-3.0334843	Krk
14.3488132	45.3097987	-10.8558527	Krk
14.73359109	44.99834586	-11.1236428	Krk
14.83485347	44.89731194	-8.9762199	Krk
14.69813208	44.98316325	-7.4042831	Krk
14.46964117	45.10872683	-4.8802482	Krk
14.55218087	45.1627074	-15.1421352	Krk
14.88426321	44.90495954	-12.6316298	Krk
14.78693127	44.98665027	-13.7831772	Krk
14.44256499	45.20364203	-9.7327711	Krk
14.91395103	44.86169311	-9.6979653	Krk
14.27518524	45.29966915	-5.0220146	Krk
14.7198035	44.97863908	-8.4915274	Krk
14.52889285	45.10038876	-8.1325188	Krk
14.37419546	45.29650678	-11.4033078	Krk
14.50423499	45.08624688	-5.2406953	Krk
14.72196735	44.91590898	-3.3334516	Krk
14.3151217	45.21954014	-0.9999999	Krk
14.80263795	44.94683877	-11.3839399	Krk
14.7897299	44.99429287	-14.6193051	Krk
14.64112963	44.95380535	-0.9999995	Krk
14.52998538	45.15944843	-13.211955	Krk
14.70394118	44.90303823	-1.0008852	Krk
14.33751632	45.31960698	-10.953633	Krk
14.38619017	45.15673257	-1.9828041	Krk
14.88872929	44.87865878	-10.0987515	Krk
14.42233708	45.18519008	-6.8325919	Krk
14.88012678	44.89093165	-10.9210397	Krk
14.88472722	44.92511643	-14.7381352	Krk
14.77005194	44.85577539	-0.9999257	Krk
14.44052003	45.20716017	-9.8158657	Krk
14.48752144	45.18428836	-11.7269763	Krk
14.40032895	45.19906031	-6.071263	Krk
14.71936889	44.90293276	-1.9938437	Krk
14.58629506	44.98876472	-0.9999897	Krk
14.75166824	44.89154676	-3.0556259	Krk
14.4132897	45.19120148	-6.5576899	Krk
14.68876736	44.92479738	-1.7794189	Krk
14.40097219	45.31872602	-15.1420439	Krk
14.73204486	44.89287295	-1.9026718	Krk
14.53448507	45.15324131	-13.113623	Krk
14.83568874	44.89112691	-8.4688159	Krk
14.86504801	44.91034792	-12.1192521	Krk
14.35883285	45.24367227	-6.0801209	Krk
14.54663919	45.05402269	-5.1004059	Krk
14.3911232	45.23750734	-7.9910084	Krk
14.35548293	45.28751355	-9.3569767	Krk
14.64434581	44.96165176	-1.9481625	Krk
14.57763285	45.09874064	-11.1690795	Krk
14.56098545	45.12073683	-12.0663425	Krk
14.66814914	44.97473756	-4.6679384	Krk
14.29695694	45.27366386	-4.2129164	Krk
14.37175805	45.20043398	-3.9013447	Krk
14.64842895	44.94802047	-0.999996	Krk
14.51528975	45.04962674	-2.6627817	Krk
14.70934099	45.05727021	-15.1421577	Krk
14.39966124	45.31313032	-14.5675966	Krk
14.47001278	45.12366756	-6.0030551	Krk
14.4199559	45.1888609	-6.9220406	Krk
14.7772488	44.85073033	-0.9999995	Krk
14.7032016	44.90781101	-1.3529223	Krk
14.44452222	45.15272113	-6.1261994	Krk
14.53207622	45.14275039	-12.0474387	Krk
14.62258816	45.03816776	-7.9825159	Krk
14.25041492	45.30101242	-3.4748735	Krk
14.45984326	45.24971459	-14.2796484	Krk
14.40212704	45.17902153	-4.8336889	Krk
14.48555865	45.08319894	-3.7189789	Krk
14.34874674	45.25364086	-6.1469638	Krk
14.8284727	44.82398887	-0.9999995	Krk
14.84696275	44.89640843	-9.6708972	Krk
14.30601661	45.2422101	-2.1507089	Krk
14.76345065	44.9244044	-6.8037626	Krk
14.48506003	45.12861695	-7.5222316	Krk
14.74614351	44.87285736	-1.0000121	Krk
14.86078744	44.91474298	-12.241892	Krk
14.26484732	45.31044443	-5.2691564	Krk
14.66910696	45.04183065	-11.1878522	Krk
14.23541559	45.29120693	-1.6098798	Krk
14.85620489	44.94994712	-15.1422026	Krk
14.39110806	45.13832935	-1.0000219	Krk
14.49745849	45.2146682	-14.7233925	Krk
14.7858424	44.84624582	-0.9999995	Krk
14.48621418	45.11521822	-6.5607307	Krk
14.57086994	45.06098478	-7.3021637	Krk
14.66870013	44.97186766	-4.429467	Krk
14.64322248	45.06161708	-11.5525991	Krk
14.71111506	44.9077408	-1.8941747	Krk
14.48288415	45.21677185	-13.7693129	Krk
14.33077517	45.35349447	-13.4627573	Krk
14.62823169	45.10324595	-14.8684584	Krk
14.45329986	45.26974752	-15.1421562	Krk
14.52080042	45.09040786	-6.7172169	Krk
14.54365739	45.17159471	-15.1421347	Krk
14.61717834	45.03815924	-7.6619698	Krk
14.36780864	45.2533359	-7.4987538	Krk
14.41610344	45.29314232	-14.1599184	Krk
14.74494795	44.92789688	-5.9214077	Krk
14.57594422	45.01186249	-2.6051708	Krk
14.48300426	45.16137828	-9.7190191	Krk
14.66110211	45.01063843	-7.6932349	Krk
14.31739298	45.25159945	-3.7208383	Krk
14.78040679	44.90382047	-6.0348566	Krk
14.42204147	45.26472588	-12.3225786	Krk
14.73959064	44.92745489	-5.5254897	Krk
14.4844128	45.22807105	-14.720956	Krk
14.69235318	45.06455299	-14.8018408	Krk
14.57804654	45.04476889	-6.0696242	Krk
14.38600451	45.19973611	-4.9824499	Krk
14.57279185	45.02235897	-3.4891616	Krk
14.71748574	45.03362307	-13.3638735	Krk
14.58447578	45.0739635	-9.3685184	Krk
14.80016687	44.85269389	-2.4711205	Krk
14.81633135	44.94181827	-11.8165239	Krk
14.33691493	45.3369974	-12.4331708	Krk
14.59689327	45.09912309	-12.4560756	Krk
14.81475056	44.9755938	-14.7812123	Krk
14.65020361	45.05754632	-11.5438779	Krk
14.51903981	45.1980452	-15.1413701	Krk
14.33300545	45.20290042	-0.9999589	Krk
14.60648577	45.08428661	-11.7303459	Krk
14.77894657	45.00916481	-15.142121	Krk
14.37517904	45.23410826	-6.4977628	Krk
14.36904311	45.32533461	-13.5732416	Krk
14.67324462	45.07624039	-14.7749077	Krk
14.86969289	44.93515743	-14.6736074	Krk
14.47608363	45.11504401	-5.8525204	Krk
14.75790532	44.86445461	-1.0000004	Krk
14.42581555	45.17539276	-6.3745043	Krk
14.3637039	45.29344265	-10.4275466	Krk
14.57024729	45.12013381	-12.6304667	Krk
14.38818931	45.32856005	-15.1421718	Krk
14.63698905	45.00697501	-5.8619496	Krk
14.4671867	45.18917768	-10.5399023	Krk
14.28262364	45.32205793	-7.4788666	Krk
14.7565543	44.9756779	-10.7552724	Krk
14.82257299	44.86691242	-5.2089401	Krk
14.87982587	44.85654488	-7.2714295	Krk
14.9346404	44.88107714	-12.8871279	Krk
14.79789766	44.84279836	-1.30052	Krk
14.69268007	45.00708944	-9.287509	Krk
14.47316582	45.10181975	-4.513437	Krk
14.61402667	45.10847921	-14.4184077	Krk
14.85210349	44.85160664	-5.2205434	Krk
14.52020314	45.02780577	-0.9999995	Krk
14.52839765	45.08796043	-6.9904953	Krk
14.54314279	45.04685138	-4.2232534	Krk
14.48076347	45.19441841	-11.9596198	Krk
14.79175387	44.89492449	-5.9630034	Krk
14.50568431	45.1036136	-6.8545582	Krk
14.66311207	44.98293552	-5.1487624	Krk
14.73203759	44.90710077	-3.1942426	Krk
14.74324308	44.88386619	-1.8115439	Krk
14.34211035	45.28410714	-8.1604524	Krk
14.44525852	45.16675984	-7.2178052	Krk
14.4276335	45.19388125	-7.8766777	Krk
14.50756328	45.19028648	-13.6957329	Krk
14.60084945	44.97949466	-1.0000278	Krk
14.82141697	44.92200522	-10.3470744	Krk
14.73404715	45.01816979	-12.8907719	Krk
14.44307901	45.27409387	-14.6314912	Krk
14.31985579	45.34636832	-12.1059958	Krk
14.82618117	44.90960064	-9.5294719	Krk
14.74992341	45.01235328	-13.4395512	Krk
14.62998661	44.98718369	-3.5268613	Krk
14.56924191	45.14959383	-15.1421352	Krk
14.50269705	45.20138756	-14.1427597	Krk
14.8638786	44.8540449	-6.1276286	Krk
14.40352727	45.28544315	-12.6379829	Krk
14.27524539	45.25359213	-1.0000346	Krk
14.38557624	45.30393722	-12.8175048	Krk
14.70651727	45.00136685	-9.5844393	Krk
14.73081644	44.88380928	-1.0000283	Krk
14.59154585	45.04854617	-7.2344173	Krk
14.4434906	45.0916053	-1.6275566	Krk
14.36180934	45.17814911	-1.5767368	Krk
14.57531057	45.12696801	-13.5742006	Krk
14.78659762	45.00308456	-15.1413779	Krk
14.79688444	44.96496227	-12.6495844	Krk
14.56028465	45.0390032	-4.4562651	Krk
14.61442077	45.0096207	-4.7327426	Krk
14.80694739	44.98056521	-14.658749	Krk
14.62630603	45.06833672	-11.2563637	Krk
14.68753393	44.98420052	-6.7717735	Krk
14.67960049	44.98288542	-6.1544448	Krk
14.32370649	45.26352309	-5.1277387	Krk
14.58470603	45.13174274	-14.6209282	Krk
14.38983769	45.31921832	-14.4361464	Krk
14.8781304	44.91890877	-13.7456332	Krk
14.60946927	45.08959456	-12.4106459	Krk
14.86554261	44.90028856	-11.10555	Krk
14.7595521	45.01712009	-14.5049184	Krk
14.38608697	45.1710617	-3.0131874	Krk
14.64401349	45.05091501	-10.5234274	Krk
14.89396182	44.84784063	-7.131942	Krk
14.78308982	44.92510569	-8.1417767	Krk
14.51186642	45.0750289	-4.7432492	Krk
14.36231784	45.28875046	-9.9272354	Krk
14.437572	45.2860246	-15.1421347	Krk
14.35356712	45.21997825	-3.8107612	Krk
14.48247097	45.05482132	-0.9999995	Krk
14.88685913	44.92804627	-15.1422871	Krk
14.50920758	45.03564495	-0.9999892	Krk
14.56807352	45.13420004	-13.7185029	Krk
14.35178223	45.21048554	-3.010518	Krk
14.37577519	45.24292228	-7.2435317	Krk
14.59136129	45.0212579	-4.4512272	Krk
14.55654639	45.05470399	-5.8063947	Krk
14.38334247	45.27201756	-10.110087	Krk
14.46190579	45.25985533	-15.1421337	Krk
14.47071275	45.21492623	-12.7070302	Krk
14.79126148	44.95736077	-11.6026542	Krk
14.69767762	44.90817777	-0.9999995	Krk
14.77034634	44.98605001	-12.5832524	Krk
14.75013571	44.98035537	-10.7045383	Krk
14.76443608	44.89518072	-4.2140402	Krk
14.73673002	44.98320725	-10.0365255	Krk
14.79704428	44.87861033	-4.8246855	Krk
14.75704209	44.93355782	-7.2200725	Krk
14.68545179	44.91825793	-1.0000258	Krk
14.37310591	45.28937017	-10.7553115	Krk
14.81033233	44.8966647	-7.3263947	Krk
14.36847257	45.21417926	-4.5885883	Krk
14.750891	44.93485631	-6.930841	Krk
14.74488697	44.96616611	-9.1463029	Krk
14.47087947	45.08445773	-2.8428954	Krk
14.30580791	45.33719809	-10.3603261	Krk
14.47488465	45.24493224	-15.1420678	Krk
14.31011175	45.27607453	-5.3078447	Krk
14.51738467	45.14206161	-10.9878832	Krk
14.84537107	44.90499014	-10.3559069	Krk
14.64174338	45.0180976	-7.2245374	Krk
14.53652765	45.10818766	-9.3269633	Krk
14.70198311	44.92594737	-2.7920209	Krk
14.51698771	45.15059406	-11.5705537	Krk
14.87192121	44.87799613	-9.1016202	Krk
14.41683981	45.16363561	-4.8244201	Krk
14.46386184	45.23812207	-13.7991708	Krk
14.60257846	45.0263811	-5.6215883	Krk
14.8599096	44.83024625	-3.3950478	Krk
14.38596773	45.2826696	-11.1491918	Krk
14.7894754	44.94583169	-10.4384567	Krk
14.69776317	44.96003264	-5.3917924	Krk
14.79255613	44.90796651	-7.1996829	Krk
14.49328438	45.2246494	-15.1424321	Krk
14.6534345	45.04415891	-10.4512739	Krk
14.37399008	45.22636571	-5.8654973	Krk
14.63100917	44.99742685	-4.5759055	Krk
14.82443982	44.88988165	-7.6258113	Krk
14.63101407	45.10427457	-15.1422617	Krk
14.73141835	45.03726532	-14.5690097	Krk
14.45237783	45.21005514	-10.9525341	Krk
14.55267134	45.11000696	-10.5681848	Krk
14.71358806	44.93104642	-4.0250881	Krk
14.64620376	44.99192105	-4.9771957	Krk
14.28849223	45.31611209	-7.3534655	Krk
14.29633919	45.28884559	-5.4978613	Krk
14.8509037	44.94406378	-14.2638037	Krk
14.4103424	45.25708474	-10.8685529	Krk
14.47554535	45.05978683	-0.9999995	Krk
14.25768988	45.26709951	-0.999999	Krk
14.77564194	44.85177918	-0.9999995	Krk
14.4289516	45.13523521	-3.6604155	Krk
14.46599155	45.10843867	-4.5974057	Krk
14.87120512	44.91227723	-12.6849394	Krk
14.61731898	45.08146248	-12.07009	Krk
14.37359937	45.33334155	-14.5792114	Krk
14.57286125	45.07802165	-8.9803372	Krk
14.36431659	45.19123928	-2.6777236	Krk
14.3678309	45.26352593	-8.313031	Krk
14.81693658	44.97807897	-15.1421352	Krk
14.45183917	45.08454717	-1.5716196	Krk
14.48912855	45.17039986	-10.8407883	Krk
14.90237971	44.87306057	-10.2603371	Krk
14.6263238	45.09725848	-14.1964013	Krk
14.65697336	45.07274951	-13.4793022	Krk
14.76453373	45.02058761	-15.1421362	Krk
14.81101993	44.88636386	-6.4355997	Krk
14.33096438	45.20519349	-0.9999995	Krk
14.41735629	45.14958512	-3.8279477	Krk
14.59336589	45.00342401	-2.8451201	Krk
14.44880477	45.19986395	-9.9288255	Krk
14.82034583	44.97556221	-15.142142	Krk
14.65130658	44.97603787	-3.7608139	Krk
14.82475261	44.95407343	-13.4760121	Krk
14.62216639	45.04813881	-8.9648955	Krk
14.69162016	45.01783729	-10.2575717	Krk
14.45490547	45.10118115	-3.2185473	Krk
14.39886821	45.24512289	-9.130342	Krk
14.25958957	45.29344698	-3.4301279	Krk
14.33913512	45.21910237	-2.698852	Krk
14.58409166	45.06963712	-8.9461237	Krk
14.55232124	45.04884176	-4.9951489	Krk
14.8051424	44.96956803	-13.609246	Krk
14.33911237	45.20655607	-1.7355683	Krk
14.6103847	45.03096694	-6.5412923	Krk
14.49805765	45.15416393	-10.3637873	Krk
14.63023552	45.04526786	-9.1402504	Krk
14.82983994	44.93039672	-11.6558207	Krk
14.41908584	45.27082171	-12.5951704	Krk
14.55428015	45.13038444	-12.458415	Krk
14.33797987	45.27690283	-7.2533	Krk
14.54847233	45.14364322	-13.2268749	Krk
14.31978685	45.30193911	-8.2180121	Krk
14.71433376	44.89558792	-0.9999101	Krk
14.41186538	45.18499477	-6.0166953	Krk
14.60899726	45.02283051	-5.6724758	Krk
14.41077525	45.31027688	-15.1421415	Krk
14.45123697	45.26393356	-14.5778603	Krk
14.70050214	44.93898145	-3.7853603	Krk
14.74685297	45.03339141	-15.1419042	Krk
14.57969074	45.13801806	-14.8328847	Krk
14.94264172	44.89824269	-15.1421347	Krk
14.43275823	45.26792121	-13.3879111	Krk
14.86581188	44.86686427	-7.5885223	Krk
14.43595056	45.19775588	-8.7964047	Krk
14.43210853	45.20059484	-8.696605	Krk
14.59966406	45.1267566	-15.1422597	Krk
14.34143568	45.30069694	-9.5647209	Krk
14.42037121	45.12838998	-2.5046352	Krk
14.57879652	45.00910199	-2.4977109	Krk
14.47710496	45.23262203	-14.4703256	Krk
14.6205195	45.09729796	-13.8276674	Krk
14.65231471	45.02510286	-8.5472938	Krk
14.63980382	45.09246012	-14.4886162	Krk
14.80392061	44.87031565	-4.5178659	Krk
14.28719732	45.24439719	-0.9997055	Krk
14.40174483	45.27062383	-11.3274172	Krk
14.35930416	45.31839336	-12.3120493	Krk
14.38888386	45.29697672	-12.5009877	Krk
14.91632152	44.88356396	-12.1391411	Krk
14.32893348	45.25980473	-5.2083896	Krk
14.6972275	44.94479091	-4.0467814	Krk
14.66677689	44.96175525	-3.4295834	Krk
14.73123203	44.91986617	-4.3011989	Krk
14.40996731	45.25302063	-10.5545485	Krk
14.68120153	45.07519222	-15.1413032	Krk
14.83402602	44.85136036	-4.1974479	Krk
14.55793002	45.15828902	-15.1421352	Krk
14.55906969	45.08073233	-8.3293137	Krk
14.30257736	45.32762739	-9.3065705	Krk
14.58240721	45.12098411	-13.4963369	Krk
14.59606958	45.08364924	-11.0003161	Krk
14.76396432	44.90594581	-5.1608952	Krk
14.89097232	44.92521079	-15.1421352	Krk
14.51328208	45.08235566	-5.500488	Krk
14.61257853	44.98628354	-2.3728251	Krk
14.56541482	45.0020402	-0.9987231	Krk
14.37626328	45.30111646	-11.9423225	Krk
14.49519168	45.18124241	-12.0887617	Krk
14.5975462	44.98723905	-1.5430683	Krk
14.36550997	45.2277874	-5.2956899	Krk
14.57143475	45.06642692	-7.8370785	Krk
14.95817212	44.89013175	-15.1421347	Krk
14.84301049	44.81639475	-0.999999	Krk
14.43039558	45.28014231	-14.1549511	Krk
14.91890247	44.9106363	-15.1421357	Krk
14.51301166	45.13113301	-9.7515513	Krk
14.54572563	45.07460902	-6.9065517	Krk
14.48468387	45.12067187	-6.9220195	Krk
14.44085343	45.14247044	-5.100426	Krk
14.59674806	45.11421034	-13.8146445	Krk
14.29860178	45.23449395	-0.9999995	Krk
14.3263299	45.209391	-0.999996	Krk
14.34670919	45.3556036	-14.7178725	Krk
14.71005051	44.944601	-4.9194235	Krk
14.43790047	45.10313543	-2.044225	Krk
14.45226592	45.15390797	-6.8051262	Krk
14.71234883	44.91404454	-2.5106508	Krk
14.62744848	44.97256427	-1.963457	Krk
14.65868018	44.96530439	-3.1832026	Krk
14.8616504	44.92804047	-13.5054775	Krk
14.66145218	45.08656354	-15.1421845	Krk
14.80765477	44.83485995	-0.9999995	Krk
14.49487831	45.0459237	-0.9999995	Krk
14.48799753	45.10007427	-5.3572812	Krk
14.37633261	45.33768066	-15.1421357	Krk
14.67311601	45.02840428	-10.140769	Krk
14.62024014	45.03049512	-7.0988577	Krk
14.34748644	45.19541184	-1.6314521	Krk
14.68756143	45.05632208	-13.7152236	Krk
14.58347867	45.03046119	-4.9305302	Krk
14.44296778	45.09336425	-1.733623	Krk
14.6441766	45.03663984	-9.1594128	Krk
14.39318992	45.30746816	-13.647914	Krk
14.50529855	45.1341577	-9.4852812	Krk
14.81176191	44.98234538	-15.1421362	Krk
14.87364554	44.84127649	-5.3177714	Krk
14.37518518	45.17874763	-2.6782553	Krk
14.84828212	44.88128207	-8.1450917	Krk
14.71025273	45.05298999	-14.785853	Krk
14.35066856	45.35741309	-15.1421352	Krk
14.70711655	44.95288574	-5.4145444	Krk
14.50938308	45.20803773	-15.1422338	Krk
14.51729243	45.11083584	-8.2655038	Krk
14.52358061	45.17006941	-13.4804355	Krk
14.41829828	45.13477748	-2.8069443	Krk
14.72693381	44.94728427	-6.3151805	Krk
14.44088589	45.24422045	-12.398498	Krk
14.56439625	45.10884069	-11.2242856	Krk
14.56381636	45.00906126	-1.6192851	Krk
14.53134275	45.05221382	-3.9410805	Krk
14.50973087	45.13495677	-9.8653514	Krk
14.81306302	44.83877484	-1.7118017	Krk
14.83568997	44.94034372	-12.938853	Krk
14.39543204	45.25684396	-9.7728222	Krk
14.78119441	44.85637383	-1.778187	Krk
14.48521252	45.23305839	-15.1427988	Krk
14.84771722	44.92455538	-12.2849819	Krk
14.41844345	45.24692086	-10.8061533	Krk
14.3343144	45.35082478	-13.4671762	Krk
14.36070398	45.22106593	-4.4471247	Krk
14.68869864	44.99350405	-7.7345941	Krk
14.69933372	44.99192479	-8.2389742	Krk
14.84734225	44.82527175	-2.176394	Krk
14.81170945	44.87331802	-5.2868754	Krk
14.47583116	45.15423944	-8.6511917	Krk
14.34029953	45.26378922	-6.3466771	Krk
14.48352927	45.20590307	-13.0169482	Krk
14.72651418	44.93313149	-5.0962287	Krk
14.68194731	45.04765071	-12.5357919	Krk
14.76588418	44.87708961	-2.6650322	Krk
14.66357241	45.0557829	-12.1922685	Krk
14.58927723	45.13420325	-15.1421352	Krk
14.70778099	44.96955547	-6.892187	Krk
14.71537011	44.96107188	-6.6797095	Krk
14.81460921	44.87822443	-5.9302275	Krk
14.52096407	45.14230257	-11.2618874	Krk
14.33650425	45.27188714	-6.7187377	Krk
14.57967743	45.0874102	-10.2746547	Krk
14.5965982	45.02006987	-4.6456982	Krk
14.74700423	44.90122865	-3.63204	Krk
14.61297285	45.05877829	-9.5137287	Krk
14.67884492	45.07352049	-14.8369599	Krk
14.56981839	45.00492536	-1.5469746	Krk
14.3554029	45.27347348	-8.2089939	Krk
14.77667566	45.00741603	-14.8371635	Krk
14.82941794	44.83221452	-1.9208959	Krk
14.46565853	45.20629218	-11.6855786	Krk
14.36448903	45.30340904	-11.3514086	Krk
14.56076289	45.1155623	-11.5977785	Krk
14.60336652	45.03975978	-7.0259092	Krk
14.73685853	45.00875666	-12.2407871	Krk
14.53201516	45.03948919	-2.8321196	Krk
14.8494078	44.90010997	-10.1747114	Krk
14.29606428	45.33083604	-9.1494058	Krk
14.45011103	45.10857438	-3.3793012	Krk
14.55180692	45.11366275	-10.831684	Krk
14.77885586	44.93675214	-8.9248604	Krk
14.52853097	45.18785656	-15.1421347	Krk
14.73335231	45.01418318	-12.4683779	Krk
14.76352424	44.98944493	-12.3971738	Krk
14.68172571	45.03463836	-11.2690873	Krk
14.8837892	44.92051218	-14.2494999	Krk
14.62758676	45.08813601	-13.3423349	Krk
14.67680984	45.0778162	-15.1421352	Krk
14.44478313	45.23162403	-11.8391757	Krk
14.34247843	45.21272587	-2.4318984	Krk
14.82417448	44.88358555	-7.0369243	Krk
14.65552454	45.06402902	-12.5089306	Krk
14.76661602	44.94205308	-8.6126227	Krk
14.65974194	44.96918995	-3.6183412	Krk
14.51579807	45.19788066	-14.8807495	Krk
14.38464797	45.18569476	-3.9071162	Krk
14.53974334	45.04060532	-3.4306352	Krk
14.35369179	45.339399	-13.7705971	Krk
14.71751821	44.95492097	-6.3038265	Krk
14.43064346	45.25662684	-12.4421874	Krk
14.52688252	45.03218103	-1.830812	Krk
14.37223788	45.16549353	-1.5315663	Krk
14.74679553	44.95479928	-8.3235375	Krk
14.71014134	45.01583676	-11.2005629	Krk
14.38385354	45.23977781	-7.5760842	Krk
14.87278647	44.93810448	-15.1421269	Krk
14.43961112	45.27619717	-14.5057534	Krk
14.65159477	44.95338108	-1.6761689	Krk
14.83644556	44.96406354	-15.1421386	Krk
14.84265346	44.91473812	-11.0648046	Krk
14.32797519	45.21275119	-1.3866972	Krk
14.39266075	45.17100669	-3.5278828	Krk
14.42262999	45.23465629	-10.292374	Krk
14.34993645	45.18343581	-0.9999995	Krk
14.5517101	45.01804975	-1.831683	Krk
14.60005016	45.01352121	-4.22728	Krk
14.5466097	45.16116562	-14.620644	Krk
14.46691195	45.13772415	-6.7739691	Krk
14.62222493	45.01611921	-5.8370427	Krk
14.35447932	45.26434098	-7.4142426	Krk
14.37993269	45.16293754	-1.963683	Krk
14.54202148	45.12585014	-11.2386513	Krk
14.79191199	44.8624455	-3.0240927	Krk
14.583518	45.13861539	-15.1422704	Krk
14.35324588	45.28335082	-8.8438851	Krk
14.54313163	45.10403062	-9.4057349	Krk
14.78723712	44.97388906	-12.731308	Krk
14.5030918	45.12217053	-8.3019804	Krk
14.47987557	45.11542506	-6.1530407	Krk
14.36205626	45.2818703	-9.3591988	Krk
14.3399082	45.24346217	-4.6971196	Krk
14.44473324	45.27954056	-15.1421352	Krk
14.60905913	45.00172142	-3.6433647	Krk
14.64724012	44.95780906	-1.7601625	Krk
14.66839073	44.94115382	-1.7695244	Krk
14.37233482	45.15770509	-0.9999995	Krk
14.78435764	44.95848692	-11.2381889	Krk
14.47143349	45.07173756	-1.7690405	Krk
14.31059017	45.25494887	-3.4969365	Krk
