14.48540502	35.076	-3.0000009	LampedusaN
13.79106419	35.23274249	-20.6662216	LampedusaN
13.42761468	35.3271965	-13.3468966	LampedusaN
13.20798254	35.35959483	-2.9998857	LampedusaN
12.4955036	35.65771444	-21.7938525	LampedusaN
12.95140514	35.49599516	-19.3668027	LampedusaN
14.48641414	35.07847602	-3.8457236	LampedusaN
13.7242315	35.19318215	-3.0000009	LampedusaN
14.18923381	35.120872	-7.0215903	LampedusaN
13.70988284	35.22805088	-12.5852057	LampedusaN
14.18316156	35.1600925	-19.508124	LampedusaN
13.99905002	35.16605464	-13.4977623	LampedusaN
14.35661753	35.11020794	-6.6442441	LampedusaN
12.64311718	35.61089821	-20.8358056	LampedusaN
13.35254538	35.33718447	-9.5815192	LampedusaN
13.19206272	35.4021619	-14.5420683	LampedusaN
14.48839035	35.08332472	-5.5019316	LampedusaN
12.25867667	35.72511557	-18.1143686	LampedusaN
14.4905209	35.08855149	-7.2873476	LampedusaN
13.72027914	35.25515201	-21.7943818	LampedusaN
13.87422364	35.19960721	-17.247454	LampedusaN
13.06631868	35.45551764	-19.4159897	LampedusaN
14.40515396	35.14917013	-21.7938525	LampedusaN
13.23325761	35.36069864	-5.6928046	LampedusaN
12.90358822	35.52367876	-21.7938525	LampedusaN
13.93286751	35.15120564	-5.1675331	LampedusaN
13.31301924	35.36428585	-14.2246452	LampedusaN
13.89006561	35.17677987	-11.0251953	LampedusaN
12.49792841	35.59951337	-4.0373329	LampedusaN
13.78152655	35.2305961	-19.2243793	LampedusaN
13.18021119	35.38613302	-8.5735519	LampedusaN
13.34895571	35.31844281	-3.5373876	LampedusaN
14.21647174	35.14971904	-17.5167822	LampedusaN
14.49269366	35.09388124	-9.1080021	LampedusaN
13.42311978	35.31716396	-9.8781093	LampedusaN
12.60233757	35.60201602	-13.8167588	LampedusaN
14.39907332	35.11697903	-11.1914767	LampedusaN
14.49479642	35.09903881	-10.8699256	LampedusaN
12.76439612	35.50846258	-3.0000019	LampedusaN
13.45965258	35.34364477	-21.7938544	LampedusaN
12.67185386	35.5521537	-6.3373769	LampedusaN
13.37593272	35.32369321	-7.5868745	LampedusaN
12.73147761	35.52271781	-3.9207382	LampedusaN
13.29896858	35.3449027	-7.0182675	LampedusaN
12.31250466	35.70040591	-16.4948681	LampedusaN
13.14576025	35.38017791	-3.6284208	LampedusaN
12.5262151	35.61274377	-10.4852396	LampedusaN
14.22499146	35.11646494	-6.7220536	LampedusaN
14.38509986	35.1300225	-14.5618896	LampedusaN
14.49712361	35.10474635	-12.8197871	LampedusaN
14.02661691	35.1665056	-15.13378	LampedusaN
12.61533368	35.59116391	-11.9593817	LampedusaN
13.77729462	35.17912467	-3.0000009	LampedusaN
13.98891029	35.19229377	-21.3342831	LampedusaN
12.83540539	35.48440309	-3.0000009	LampedusaN
12.33348102	35.70722077	-20.7866181	LampedusaN
13.02354506	35.47601756	-21.7938329	LampedusaN
14.49869384	35.10859704	-14.1353574	LampedusaN
14.21452105	35.11323593	-5.5080507	LampedusaN
14.02421236	35.14472562	-7.9598154	LampedusaN
13.62946631	35.2371153	-8.1602348	LampedusaN
12.82262399	35.54736242	-20.6471337	LampedusaN
12.58471769	35.57456688	-3.7185585	LampedusaN
13.87542051	35.15414761	-3.0000019	LampedusaN
12.44703048	35.64980681	-15.3018974	LampedusaN
12.46070482	35.66179356	-20.1442509	LampedusaN
13.31632405	35.34353945	-8.2241469	LampedusaN
12.44299717	35.61701673	-4.8456142	LampedusaN
14.50050246	35.11303212	-15.650612	LampedusaN
12.44403761	35.62330838	-6.8740292	LampedusaN
13.71437582	35.2121009	-8.0317661	LampedusaN
13.61249188	35.22747388	-3.6974286	LampedusaN
13.94059759	35.14519441	-3.6651269	LampedusaN
14.02150961	35.15390072	-10.8288083	LampedusaN
12.60023608	35.61984058	-18.9247411	LampedusaN
13.06554223	35.43212014	-12.2016464	LampedusaN
13.17584388	35.40362765	-13.5168488	LampedusaN
14.50245154	35.11781079	-17.2833281	LampedusaN
14.35925528	35.13807449	-15.6740961	LampedusaN
13.24526241	35.39701341	-17.8596401	LampedusaN
14.3315091	35.11707054	-8.2512944	LampedusaN
14.50393787	35.12145487	-18.5284208	LampedusaN
12.89784135	35.50931393	-16.8839589	LampedusaN
13.08512842	35.43062831	-13.524923	LampedusaN
13.87450878	35.16254048	-5.6329726	LampedusaN
14.17941084	35.16760671	-21.7938525	LampedusaN
12.80769077	35.53980119	-16.8479863	LampedusaN
14.50557847	35.12547699	-19.9027206	LampedusaN
14.14856874	35.14430646	-12.9511974	LampedusaN
13.06060293	35.46500405	-21.7938525	LampedusaN
12.99445032	35.46309808	-14.8430637	LampedusaN
12.49184248	35.63464096	-14.3669763	LampedusaN
13.83860602	35.19251269	-12.1436493	LampedusaN
13.93649436	35.19072866	-17.9954389	LampedusaN
13.01216018	35.45225975	-13.5054608	LampedusaN
13.72902165	35.22425681	-12.9783443	LampedusaN
14.44206804	35.1107062	-11.6143384	LampedusaN
14.13156731	35.1440892	-12.1785215	LampedusaN
14.50713508	35.12929273	-21.2065449	LampedusaN
12.96320331	35.43550573	-3.0000009	LampedusaN
14.50783626	35.13101149	-21.7938525	LampedusaN
14.47998284	35.07696017	-3.0000019	LampedusaN
13.80725472	35.22878081	-20.7675322	LampedusaN
13.75339207	35.23076665	-16.9779277	LampedusaN
13.37833372	35.36953678	-21.7938525	LampedusaN
12.58558502	35.57884037	-5.089124	LampedusaN
12.8725785	35.48756202	-7.7439931	LampedusaN
14.4809358	35.07971344	-3.9308828	LampedusaN
12.59006246	35.60188449	-12.479146	LampedusaN
12.89449312	35.513376	-17.7470722	LampedusaN
14.05272212	35.16118791	-14.4811379	LampedusaN
12.75284544	35.55833885	-16.8399682	LampedusaN
13.97678455	35.19197652	-20.5759228	LampedusaN
14.4843482	35.08468572	-5.7074892	LampedusaN
13.14262799	35.42860145	-18.1261142	LampedusaN
14.05927239	35.17969233	-20.7623935	LampedusaN
13.00404517	35.45718531	-14.2528207	LampedusaN
12.28416355	35.69524111	-11.9068907	LampedusaN
13.95131368	35.1412969	-3.0000009	LampedusaN
12.39334683	35.66888925	-15.7475197	LampedusaN
12.88938265	35.52108429	-19.5473998	LampedusaN
13.12899263	35.42332257	-15.2773115	LampedusaN
12.80555896	35.5295229	-13.5363036	LampedusaN
13.36616261	35.36662669	-19.8015942	LampedusaN
12.73406818	35.57831046	-20.8214892	LampedusaN
14.3376726	35.12911441	-12.3811614	LampedusaN
14.0814132	35.1395326	-8.6293464	LampedusaN
12.7443203	35.55137427	-13.865376	LampedusaN
13.4147326	35.29711262	-2.999999	LampedusaN
12.90895917	35.46253571	-4.4609282	LampedusaN
12.97630269	35.49413015	-21.7938525	LampedusaN
12.41811724	35.66837337	-18.2553041	LampedusaN
14.35494526	35.12748438	-12.0562855	LampedusaN
14.02304754	35.17708918	-18.3258686	LampedusaN
12.44642124	35.61010808	-3.0000009	LampedusaN
14.26463629	35.14685796	-17.4418998	LampedusaN
12.45302843	35.63045622	-9.8311242	LampedusaN
12.32319829	35.66748793	-7.7924321	LampedusaN
14.29204024	35.10617445	-4.0920263	LampedusaN
12.29774354	35.66060583	-3.0000009	LampedusaN
13.00582165	35.48212458	-21.7938525	LampedusaN
12.42046887	35.67774924	-21.3129736	LampedusaN
13.33423836	35.34096431	-9.0746093	LampedusaN
14.03287441	35.18194656	-20.4078046	LampedusaN
14.24832249	35.15799076	-20.9862773	LampedusaN
13.95936541	35.1423813	-3.7825888	LampedusaN
12.25762257	35.68875383	-7.1170283	LampedusaN
13.33142685	35.32446203	-3.7840615	LampedusaN
12.76525181	35.5201811	-6.6148798	LampedusaN
14.40950766	35.12923542	-15.6851159	LampedusaN
14.22359906	35.13281431	-12.2093116	LampedusaN
13.52896996	35.29400886	-15.4935068	LampedusaN
12.80339202	35.50692227	-6.512101	LampedusaN
13.83938471	35.16588044	-3.9936396	LampedusaN
13.41538779	35.30047958	-4.0865185	LampedusaN
14.11472269	35.13776948	-9.4306547	LampedusaN
13.12280208	35.44650391	-21.7939111	LampedusaN
12.32431314	35.69820571	-17.1041987	LampedusaN
13.67134113	35.26679842	-20.9730888	LampedusaN
13.25483026	35.35616256	-6.3248964	LampedusaN
13.48104249	35.28534272	-7.229351	LampedusaN
12.50519308	35.63963892	-17.0256454	LampedusaN
14.09585847	35.13200344	-6.7796928	LampedusaN
14.20799626	35.12505583	-9.1564545	LampedusaN
12.60596871	35.56762713	-3.9161992	LampedusaN
12.90524145	35.49561338	-13.7398444	LampedusaN
13.46861402	35.28464033	-5.5401064	LampedusaN
12.41455211	35.62572071	-5.114308	LampedusaN
12.67572762	35.54126727	-3.4962753	LampedusaN
12.74712276	35.52901782	-7.4283876	LampedusaN
12.36744334	35.68921445	-19.0456181	LampedusaN
13.69758345	35.20026197	-3.0000009	LampedusaN
14.19184096	35.12549774	-8.6315478	LampedusaN
13.31549538	35.38738786	-21.4825781	LampedusaN
13.56508643	35.29245943	-19.315413	LampedusaN
13.60354903	35.28157833	-19.4270019	LampedusaN
12.79944183	35.55902111	-21.7938525	LampedusaN
14.09261206	35.12359291	-3.9143661	LampedusaN
12.46320481	35.64882671	-16.3509755	LampedusaN
12.82015721	35.5394731	-18.0203994	LampedusaN
12.92026172	35.45297021	-3.0000009	LampedusaN
13.76413728	35.19242196	-6.0261035	LampedusaN
14.23209531	35.15843577	-20.9367734	LampedusaN
13.9763553	35.16882913	-13.1545537	LampedusaN
12.86155529	35.49531138	-8.9508974	LampedusaN
12.92034382	35.48077007	-11.1804642	LampedusaN
14.41874998	35.14483597	-21.177913	LampedusaN
12.97937652	35.47827298	-17.5006318	LampedusaN
12.38557068	35.63729051	-5.45935	LampedusaN
13.54377928	35.30945059	-21.7938525	LampedusaN
12.47687948	35.64368182	-15.9060912	LampedusaN
14.31046897	35.13904499	-15.38302	LampedusaN
14.224513	35.14137315	-15.0985424	LampedusaN
12.42448846	35.62105515	-4.5453539	LampedusaN
12.99827913	35.43736687	-7.6984628	LampedusaN
13.06164665	35.40313633	-3.0000009	LampedusaN
13.23427076	35.3955966	-16.4038569	LampedusaN
12.48280245	35.60671857	-4.9953793	LampedusaN
14.15965083	35.12318591	-6.5499096	LampedusaN
13.50750295	35.29816743	-14.1516003	LampedusaN
13.28075922	35.37588257	-14.7417529	LampedusaN
14.49951146	35.13248534	-21.7938525	LampedusaN
14.02495864	35.16241282	-13.7359913	LampedusaN
14.09624282	35.13706432	-8.4392057	LampedusaN
14.03163362	35.16045823	-13.3754977	LampedusaN
13.03149502	35.43459762	-9.8670974	LampedusaN
13.50087648	35.3243117	-21.0354911	LampedusaN
12.46219312	35.62410823	-8.6381555	LampedusaN
14.05555463	35.17400597	-18.7618769	LampedusaN
12.57078765	35.57638516	-3.0000009	LampedusaN
13.0690883	35.40856559	-5.3330805	LampedusaN
14.07580415	35.16976788	-18.2193495	LampedusaN
12.76994414	35.5407571	-13.2877887	LampedusaN
14.17067701	35.12660682	-8.1165527	LampedusaN
12.82299303	35.54294087	-19.3535883	LampedusaN
13.78832228	35.19811016	-9.7577109	LampedusaN
13.70523824	35.2405875	-16.0000705	LampedusaN
13.21628082	35.39805685	-15.4866713	LampedusaN
13.00147108	35.45075775	-12.0562664	LampedusaN
13.50630558	35.26882788	-5.3976845	LampedusaN
12.754255	35.52081975	-5.6861782	LampedusaN
13.33328691	35.35772096	-14.1031977	LampedusaN
13.00695735	35.47807033	-20.738166	LampedusaN
14.44416957	35.08329899	-3.0000009	LampedusaN
13.40371072	35.32813983	-11.4645748	LampedusaN
13.14413234	35.40167332	-10.0418215	LampedusaN
12.46342059	35.64317355	-14.624291	LampedusaN
12.26356486	35.67286647	-3.0000009	LampedusaN
13.48874976	35.32828517	-20.7550517	LampedusaN
14.09512261	35.15215822	-13.2955073	LampedusaN
14.03052593	35.18514664	-21.3064404	LampedusaN
13.88261269	35.2088944	-20.7984296	LampedusaN
14.22672047	35.14680625	-16.9544355	LampedusaN
12.6354277	35.60172053	-17.2671772	LampedusaN
14.03555657	35.18443762	-21.3302089	LampedusaN
13.88141384	35.19752758	-17.1893442	LampedusaN
14.38847491	35.14673545	-20.078913	LampedusaN
13.30621793	35.32945874	-3.0001689	LampedusaN
14.21228875	35.1164738	-6.5473398	LampedusaN
12.59799131	35.61633159	-17.6357138	LampedusaN
12.54831205	35.59969946	-8.309998	LampedusaN
13.42058891	35.32328115	-11.5144963	LampedusaN
14.41664283	35.14052577	-19.6854164	LampedusaN
13.73064296	35.19399269	-3.7737783	LampedusaN
12.74744904	35.51784198	-4.0962402	LampedusaN
12.33463873	35.66800668	-9.1762758	LampedusaN
13.59628328	35.26159375	-12.6714923	LampedusaN
12.41379138	35.65635123	-14.1940864	LampedusaN
13.05085881	35.40903678	-3.821497	LampedusaN
13.54001291	35.25724451	-6.0231674	LampedusaN
13.47540891	35.33331991	-20.6416279	LampedusaN
13.53001107	35.31505007	-21.7938525	LampedusaN
13.88967403	35.20137783	-18.8668574	LampedusaN
13.90906581	35.18240198	-13.8497792	LampedusaN
13.84923702	35.18760969	-11.501282	LampedusaN
13.09161008	35.43449354	-15.293634	LampedusaN
12.81336318	35.50102175	-5.7530053	LampedusaN
12.89221838	35.50591177	-15.2686618	LampedusaN
12.26230713	35.69940218	-10.8067907	LampedusaN
13.03674539	35.44656145	-13.9966063	LampedusaN
13.00200754	35.4208706	-3.0000009	LampedusaN
13.20327315	35.37904729	-8.5052558	LampedusaN
12.27872576	35.6798067	-6.7040771	LampedusaN
14.44287417	35.12710869	-16.8868954	LampedusaN
14.22606244	35.15038187	-18.1290522	LampedusaN
13.00338519	35.46494908	-16.4552238	LampedusaN
13.87386074	35.17885113	-10.8112026	LampedusaN
12.41116263	35.66671462	-17.0116987	LampedusaN
13.32738411	35.36658244	-16.2661528	LampedusaN
12.85420369	35.51364719	-13.7191017	LampedusaN
12.33872804	35.64589452	-2.9999999	LampedusaN
14.08984624	35.16283111	-16.544789	LampedusaN
13.455822	35.31030383	-11.5475363	LampedusaN
14.18820777	35.15285813	-17.367019	LampedusaN
13.1304705	35.40907	-11.0600648	LampedusaN
13.62445046	35.28320992	-21.7938525	LampedusaN
13.70447483	35.22037566	-9.76005	LampedusaN
14.35971327	35.15066409	-19.9084736	LampedusaN
12.37938878	35.64533815	-7.202187	LampedusaN
12.48269267	35.6286161	-11.7428121	LampedusaN
13.17273319	35.43166575	-21.7938525	LampedusaN
12.58177749	35.58109456	-5.3727236	LampedusaN
13.74044603	35.18888808	-3.0000009	LampedusaN
14.26528687	35.10391818	-3.0000009	LampedusaN
13.49808603	35.30896113	-16.1960737	LampedusaN
13.53943018	35.26773823	-9.0327531	LampedusaN
13.54574135	35.24981365	-4.5270009	LampedusaN
13.86941141	35.16784393	-7.0524174	LampedusaN
13.43554281	35.31761583	-11.2751363	LampedusaN
13.91809426	35.20572586	-21.7938525	LampedusaN
13.01044587	35.46775503	-18.0820668	LampedusaN
13.16729548	35.39061971	-8.7703	LampedusaN
13.15414872	35.41514483	-15.0633041	LampedusaN
14.3780997	35.15135144	-20.9664863	LampedusaN
13.68164853	35.23700589	-12.7948273	LampedusaN
13.0596487	35.42591355	-9.7716601	LampedusaN
12.47821425	35.65547073	-19.6560522	LampedusaN
12.25712274	35.73796251	-21.7938525	LampedusaN
12.2711772	35.68662878	-7.9355888	LampedusaN
14.31142543	35.10221042	-2.9999999	LampedusaN
12.99353136	35.43092048	-5.2787548	LampedusaN
14.17756245	35.14872983	-15.5860085	LampedusaN
13.90063303	35.17867724	-12.2031148	LampedusaN
13.28225761	35.35620321	-8.8958371	LampedusaN
12.67855409	35.53859598	-3.0000009	LampedusaN
14.09026062	35.14882813	-12.0133405	LampedusaN
14.31283675	35.11549342	-7.4870331	LampedusaN
12.91765974	35.45588657	-3.5461972	LampedusaN
14.06814802	35.17550494	-19.7676396	LampedusaN
14.30149811	35.14909843	-18.6546913	LampedusaN
12.27718328	35.70586398	-14.3372442	LampedusaN
13.5680105	35.29971457	-21.7938525	LampedusaN
12.66099821	35.55198355	-5.1245864	LampedusaN
14.39210117	35.09472842	-3.7084404	LampedusaN
13.55049244	35.26161119	-8.555933	LampedusaN
14.22246388	35.10732224	-3.6144726	LampedusaN
13.30659076	35.37533465	-16.985269	LampedusaN
13.16961282	35.3856045	-7.4499579	LampedusaN
13.62421406	35.24209691	-9.2122495	LampedusaN
13.88664771	35.18809425	-14.4569086	LampedusaN
13.46639642	35.32594391	-17.4007875	LampedusaN
14.01533126	35.13864473	-5.6194081	LampedusaN
12.6442764	35.56547194	-7.3695712	LampedusaN
13.00765878	35.43443785	-7.6551489	LampedusaN
13.31881609	35.32563794	-3.0001054	LampedusaN
13.21838769	35.3564035	-3.0000097	LampedusaN
13.83537467	35.18321336	-9.0110959	LampedusaN
14.16675241	35.11768028	-5.0555771	LampedusaN
12.84965566	35.53975923	-21.1151445	LampedusaN
12.49212869	35.64853583	-18.6789179	LampedusaN
14.32026308	35.12420191	-10.5101998	LampedusaN
12.60573294	35.62556226	-21.2239169	LampedusaN
13.6566925	35.21474441	-3.7629511	LampedusaN
13.240227	35.41148709	-21.7938535	LampedusaN
13.09607317	35.45200722	-21.0461337	LampedusaN
13.62500701	35.26882758	-17.4492421	LampedusaN
12.62205422	35.56028491	-3.4404814	LampedusaN
14.48840372	35.0978275	-10.12331	LampedusaN
14.02029647	35.13923676	-6.0158281	LampedusaN
12.3580927	35.63894008	-3.0000009	LampedusaN
13.68235751	35.25556932	-18.5284208	LampedusaN
12.5205651	35.6226607	-13.0723304	LampedusaN
13.02535679	35.45251639	-14.7813974	LampedusaN
13.2893373	35.39469673	-21.2652753	LampedusaN
13.00858746	35.46852849	-18.1290512	LampedusaN
14.1941203	35.12989379	-10.1534106	LampedusaN
14.17155901	35.13124753	-9.660071	LampedusaN
14.01764381	35.14435591	-7.5692348	LampedusaN
12.43159085	35.67535589	-21.793955	LampedusaN
13.23145531	35.35239804	-3.0000009	LampedusaN
12.94608508	35.50641382	-21.7938525	LampedusaN
13.56208738	35.25537291	-7.7151655	LampedusaN
12.61964565	35.61025453	-18.1327226	LampedusaN
12.59444538	35.61287938	-16.2379191	LampedusaN
12.790968	35.55350518	-19.2691625	LampedusaN
14.49137588	35.10708656	-13.2411814	LampedusaN
12.5323619	35.60080875	-7.3174462	LampedusaN
14.22039495	35.12914767	-10.9347307	LampedusaN
14.34241874	35.1470665	-18.4821884	LampedusaN
13.07692795	35.41623788	-8.3870795	LampedusaN
13.87666745	35.21369852	-21.7939472	LampedusaN
14.40519116	35.12054681	-12.6729609	LampedusaN
13.86745848	35.18077302	-10.8846547	LampedusaN
13.774184	35.22707568	-17.5380727	LampedusaN
12.97629689	35.45229556	-9.4985615	LampedusaN
12.58373489	35.58600868	-7.0524413	LampedusaN
13.04346677	35.43012221	-9.587392	LampedusaN
12.24844376	35.70445982	-10.8332188	LampedusaN
13.06987792	35.44075668	-15.232155	LampedusaN
12.93789882	35.47084181	-10.359702	LampedusaN
14.10579605	35.14266366	-10.6518875	LampedusaN
12.43649629	35.61430912	-3.4669111	LampedusaN
14.03766187	35.1652778	-15.1895766	LampedusaN
12.63552336	35.58154802	-11.2421314	LampedusaN
13.45818751	35.31531393	-13.3006542	LampedusaN
13.96825508	35.19032358	-19.5855746	LampedusaN
13.07435162	35.45821637	-20.9694189	LampedusaN
12.77140359	35.56232886	-19.9320864	LampedusaN
14.0390699	35.15128195	-10.7010745	LampedusaN
12.43041067	35.64058326	-11.066675	LampedusaN
13.9468325	35.18028208	-15.2160043	LampedusaN
12.32343255	35.71419078	-21.7938525	LampedusaN
13.00839487	35.46263355	-16.3318889	LampedusaN
13.02624704	35.42849338	-7.5270424	LampedusaN
13.20138687	35.37504468	-7.1126269	LampedusaN
12.88611771	35.51181969	-16.4258649	LampedusaN
13.14886991	35.43556113	-20.817454	LampedusaN
14.4962845	35.12349641	-18.7471928	LampedusaN
12.65045091	35.60492706	-19.8337119	LampedusaN
13.60070427	35.28725385	-20.9070165	LampedusaN
13.17453784	35.39329761	-10.2451769	LampedusaN
13.4860268	35.30998572	-15.057798	LampedusaN
12.26779475	35.73413843	-21.7938515	LampedusaN
12.6886395	35.59169991	-19.9629203	LampedusaN
13.42442312	35.3328855	-14.7927756	LampedusaN
13.21654436	35.38567422	-11.733096	LampedusaN
12.47768665	35.638853	-14.4833373	LampedusaN
13.89241253	35.15571996	-4.4212851	LampedusaN
12.49704171	35.60823209	-6.6530556	LampedusaN
14.49975949	35.12932233	-20.7998329	LampedusaN
14.35281839	35.12950769	-12.702233	LampedusaN
13.76404362	35.20439824	-9.7129291	LampedusaN
13.84243072	35.21183552	-18.4168325	LampedusaN
12.29324927	35.67882288	-7.9686249	LampedusaN
13.82285848	35.16704268	-3.0000009	LampedusaN
13.99016409	35.16158083	-11.5864415	LampedusaN
12.95843621	35.46698246	-11.6796763	LampedusaN
14.21111007	35.10837438	-3.8281103	LampedusaN
14.25980278	35.12543169	-10.171029	LampedusaN
13.25602779	35.36342965	-8.6469653	LampedusaN
13.18806231	35.4088788	-16.22911	LampedusaN
12.87984014	35.50557624	-13.9063356	LampedusaN
14.31829033	35.14475139	-17.4011557	LampedusaN
13.53865575	35.24851418	-3.2995283	LampedusaN
12.34090697	35.69024966	-16.5051445	LampedusaN
13.89412515	35.18354048	-13.405627	LampedusaN
12.69923602	35.55811645	-11.051991	LampedusaN
13.8671049	35.17468633	-8.9788947	LampedusaN
12.24134165	35.69822006	-8.2035483	LampedusaN
13.02690917	35.41346814	-3.0000009	LampedusaN
13.86945004	35.21170153	-20.5861728	LampedusaN
12.73341011	35.52768782	-5.6136411	LampedusaN
13.55500859	35.27282303	-12.3851801	LampedusaN
13.28072107	35.3847321	-17.4301547	LampedusaN
13.52127818	35.30902004	-18.9813818	LampedusaN
13.91156933	35.20350698	-20.7315595	LampedusaN
13.58060099	35.26854024	-13.392413	LampedusaN
13.25107452	35.37014224	-10.2268232	LampedusaN
14.27806219	35.14749637	-17.8236508	LampedusaN
13.50211903	35.31855771	-19.4945419	LampedusaN
12.66327275	35.54406573	-3.0000009	LampedusaN
14.11244213	35.14782946	-12.6039517	LampedusaN
14.00269812	35.13449961	-3.6128495	LampedusaN
12.74294544	35.53558238	-8.978832	LampedusaN
12.69623768	35.59275558	-21.0920185	LampedusaN
13.95862172	35.16290118	-10.2995029	LampedusaN
14.29692777	35.11344981	-6.6009301	LampedusaN
13.11611394	35.41653711	-12.0376262	LampedusaN
12.89398516	35.50944093	-16.5107758	LampedusaN
14.30795638	35.12927417	-12.0634455	LampedusaN
12.76234388	35.55257347	-16.0712734	LampedusaN
12.60189214	35.57922374	-6.949665	LampedusaN
13.51459098	35.30200779	-16.1248632	LampedusaN
12.41486714	35.63331821	-7.4227001	LampedusaN
13.70932966	35.23139568	-13.5599192	LampedusaN
14.1122848	35.156915	-15.5485673	LampedusaN
13.89123453	35.16121881	-6.114934	LampedusaN
12.40387526	35.68531691	-21.7938515	LampedusaN
12.42142612	35.64300428	-11.0226264	LampedusaN
13.65186365	35.24402608	-12.2743259	LampedusaN
14.4842181	35.1041029	-11.8867023	LampedusaN
12.72060281	35.52353836	-2.9999853	LampedusaN
14.13183959	35.1736563	-21.7938525	LampedusaN
13.47579767	35.33708614	-21.7938525	LampedusaN
12.75356928	35.56278602	-18.2541064	LampedusaN
13.61951152	35.26285933	-15.1345153	LampedusaN
13.75664482	35.24551255	-21.7938525	LampedusaN
12.36909835	35.68065254	-16.6615161	LampedusaN
12.47883878	35.61333664	-6.7059125	LampedusaN
13.44784757	35.3484408	-21.7937958	LampedusaN
12.96377543	35.48053329	-16.3003215	LampedusaN
13.67309623	35.22400885	-8.0600248	LampedusaN
13.68773999	35.26267331	-21.1801152	LampedusaN
13.58160235	35.27451474	-15.3074037	LampedusaN
13.02388375	35.47276892	-20.832496	LampedusaN
13.95417231	35.15501519	-7.5384213	LampedusaN
12.41397513	35.64643391	-11.247258	LampedusaN
12.97571947	35.46096227	-11.9762669	LampedusaN
12.67646732	35.56938284	-11.9843422	LampedusaN
13.56968011	35.24729706	-5.9262612	LampedusaN
14.25473774	35.141639	-15.5625163	LampedusaN
13.11553878	35.44496338	-20.6640517	LampedusaN
13.49165076	35.30104595	-13.1046323	LampedusaN
13.95979865	35.17661074	-14.7446899	LampedusaN
13.65418592	35.25751585	-16.6027846	LampedusaN
13.94135948	35.19908694	-20.9305097	LampedusaN
12.87064546	35.53490023	-21.7938525	LampedusaN
13.9882545	35.19384276	-21.7938525	LampedusaN
13.62209008	35.27475468	-18.9993681	LampedusaN
13.3302303	35.35315971	-12.4337455	LampedusaN
13.01280857	35.42841357	-6.2830468	LampedusaN
13.61630858	35.24775858	-10.2348989	LampedusaN
13.43118663	35.3014323	-6.0040327	LampedusaN
12.89302033	35.47197301	-5.3308774	LampedusaN
12.70737498	35.5758801	-17.2363427	LampedusaN
13.41757059	35.35171393	-19.9155683	LampedusaN
13.2098353	35.36387457	-4.4739755	LampedusaN
14.1798873	35.14138822	-13.2977097	LampedusaN
12.57660575	35.59902216	-10.4694531	LampedusaN
13.90799396	35.18762935	-15.4626738	LampedusaN
13.27175729	35.3699016	-12.0827164	LampedusaN
12.42146338	35.63764815	-9.4134018	LampedusaN
14.35302762	35.12277381	-10.4470624	LampedusaN
12.34935084	35.67450027	-12.6993894	LampedusaN
12.33035419	35.70321835	-19.2530117	LampedusaN
12.7182703	35.58112518	-19.9717304	LampedusaN
13.11396493	35.39402697	-4.9704218	LampedusaN
13.00866859	35.44602237	-11.2839666	LampedusaN
14.23287765	35.15496974	-19.779643	LampedusaN
12.25450344	35.73136822	-19.5385898	LampedusaN
13.47339183	35.31744026	-15.7387084	LampedusaN
14.02215706	35.17116203	-16.3833447	LampedusaN
12.54106488	35.60703409	-9.9662055	LampedusaN
14.24387368	35.1189593	-7.7953696	LampedusaN
13.08582262	35.4072454	-6.4500649	LampedusaN
13.86213207	35.16471791	-5.4976069	LampedusaN
13.29597123	35.37488646	-15.8580053	LampedusaN
14.06594879	35.13022045	-4.9674814	LampedusaN
13.55568618	35.29045171	-17.6393832	LampedusaN
12.42478451	35.64599745	-12.2677198	LampedusaN
13.08586821	35.45086505	-19.7705776	LampedusaN
14.26331839	35.13621376	-13.8431722	LampedusaN
12.73940532	35.52552455	-5.5900873	LampedusaN
13.85958051	35.18943342	-12.9100682	LampedusaN
13.49871522	35.26374507	-3.0000009	LampedusaN
14.3012688	35.12012428	-8.9009758	LampedusaN
12.4842698	35.63244971	-13.0576479	LampedusaN
14.3976338	35.09152743	-2.9999999	LampedusaN
12.89099575	35.49219777	-11.034374	LampedusaN
14.05620232	35.16611399	-16.224705	LampedusaN
12.91492501	35.46668508	-6.3931718	LampedusaN
13.80594868	35.17621831	-4.4466132	LampedusaN
13.80456025	35.1904119	-8.7108349	LampedusaN
14.47075161	35.08731871	-5.779435	LampedusaN
12.90265326	35.52134199	-20.9951142	LampedusaN
14.19245347	35.11544621	-5.392912	LampedusaN
12.65866463	35.58591103	-15.0232939	LampedusaN
12.48182183	35.64742422	-17.4742031	LampedusaN
13.95978246	35.19650412	-21.1022978	LampedusaN
14.32585966	35.10167418	-3.0000136	LampedusaN
13.53526655	35.24887278	-3.0000009	LampedusaN
12.82366956	35.50891323	-9.1793964	LampedusaN
12.40085615	35.65009762	-10.9330606	LampedusaN
13.24733868	35.38075498	-13.1068359	LampedusaN
14.48200044	35.09204414	-7.9194374	LampedusaN
14.2813195	35.13783929	-14.6140131	LampedusaN
12.33936778	35.69476399	-17.6907719	LampedusaN
13.32541383	35.33447997	-6.2959418	LampedusaN
12.47048838	35.62660039	-10.1005524	LampedusaN
13.40225864	35.30756397	-5.0555776	LampedusaN
12.87236854	35.52829203	-19.9805395	LampedusaN
13.46179714	35.3032896	-10.2011288	LampedusaN
13.67083986	35.20810104	-2.999996	LampedusaN
12.88660804	35.48663359	-8.8965788	LampedusaN
13.73970498	35.21918203	-12.2853374	LampedusaN
12.25455989	35.71425932	-14.4227722	LampedusaN
13.52405729	35.27218825	-8.5030754	LampedusaN
12.57300078	35.6341929	-21.0182382	LampedusaN
14.240421	35.13375515	-12.7316914	LampedusaN
12.77609455	35.51188584	-5.2229609	LampedusaN
12.42985156	35.63107673	-8.0860912	LampedusaN
14.34757052	35.10936278	-5.8660668	LampedusaN
13.76920298	35.21006101	-11.8815639	LampedusaN
13.19869615	35.36753258	-4.575412	LampedusaN
13.34022068	35.37277096	-19.3242372	LampedusaN
13.56682336	35.27876029	-15.2842787	LampedusaN
13.01752507	35.4678202	-18.7442582	LampedusaN
12.74271301	35.540946	-10.5707557	LampedusaN
12.41400025	35.63704833	-8.4445475	LampedusaN
13.29928421	35.3528355	-9.4603874	LampedusaN
12.8554632	35.51857888	-15.3319973	LampedusaN
13.55233972	35.260821	-8.5089479	LampedusaN
12.6792044	35.58222348	-16.118256	LampedusaN
12.91893244	35.5075232	-18.8764008	LampedusaN
14.30652621	35.10928467	-5.3191323	LampedusaN
14.24748075	35.10714973	-3.8662792	LampedusaN
13.42878656	35.3444684	-18.7229658	LampedusaN
13.69246333	35.25687844	-19.8326122	LampedusaN
13.73749136	35.20622412	-8.1066415	LampedusaN
13.97166434	35.18598361	-18.3830615	LampedusaN
12.51464132	35.61284566	-9.5484824	LampedusaN
13.72764623	35.25318795	-21.7938476	LampedusaN
13.00189844	35.44640842	-10.7877026	LampedusaN
14.0777676	35.12266223	-3.0000009	LampedusaN
14.36072529	35.14168384	-16.9074633	LampedusaN
13.53968855	35.3044364	-19.8337128	LampedusaN
12.51158492	35.6206131	-11.6894044	LampedusaN
14.13980946	35.12133459	-5.1289907	LampedusaN
14.12627139	35.12630348	-6.1835756	LampedusaN
12.29639629	35.71009791	-17.6665458	LampedusaN
13.52720221	35.31242335	-20.6875107	LampedusaN
12.24518732	35.70790778	-11.5159637	LampedusaN
13.97430211	35.17431811	-14.7975468	LampedusaN
13.30049429	35.38565685	-19.5562099	LampedusaN
14.20823255	35.16393707	-21.7938515	LampedusaN
14.20888105	35.10808141	-3.6812773	LampedusaN
14.28082864	35.13341386	-13.1185807	LampedusaN
14.21130813	35.13780209	-13.4327907	LampedusaN
13.60272223	35.24684168	-8.7402004	LampedusaN
13.75077505	35.19759325	-6.5293535	LampedusaN
13.31948693	35.38184807	-20.1699394	LampedusaN
12.59011253	35.59436205	-10.2178515	LampedusaN
12.27992751	35.66990124	-3.8688486	LampedusaN
13.03872113	35.4163622	-4.9557353	LampedusaN
13.89536135	35.20678622	-20.9033466	LampedusaN
13.42981867	35.29175507	-2.9999609	LampedusaN
14.14982269	35.17137047	-21.7938535	LampedusaN
12.80975567	35.5496138	-20.0128417	LampedusaN
14.35594835	35.10198094	-3.9848417	LampedusaN
13.68069643	35.24273376	-14.459111	LampedusaN
13.15965675	35.37398568	-3.0000009	LampedusaN
13.18533154	35.41755277	-18.628997	LampedusaN
13.32835379	35.36223243	-15.0314335	LampedusaN
13.48159774	35.29858651	-11.1830346	LampedusaN
12.25110685	35.72281576	-16.6137978	LampedusaN
13.43469344	35.32713516	-13.9709048	LampedusaN
13.75950562	35.23479137	-18.7192963	LampedusaN
13.5103407	35.32304773	-21.7938525	LampedusaN
12.97903373	35.47224732	-15.688787	LampedusaN
14.22100497	35.13793385	-13.876942	LampedusaN
13.47018267	35.30353026	-11.2722315	LampedusaN
13.67421106	35.25098583	-16.3994296	LampedusaN
13.36922912	35.33417548	-10.1769023	LampedusaN
12.72134631	35.58611576	-21.7938525	LampedusaN
12.42893955	35.65644179	-15.838561	LampedusaN
12.87432299	35.48135644	-6.0547524	LampedusaN
13.31389673	35.32895562	-3.5635078	LampedusaN
13.55847215	35.30347365	-21.7938525	LampedusaN
13.46333971	35.33869197	-20.7792783	LampedusaN
14.2902192	35.12610094	-10.7744879	LampedusaN
13.8712595	35.18338641	-12.0020658	LampedusaN
13.85949181	35.20439695	-17.5182475	LampedusaN
13.61544013	35.26798904	-16.3377621	LampedusaN
13.89849832	35.2090411	-21.7938544	LampedusaN
12.47478533	35.60242378	-3.0000009	LampedusaN
14.434578	35.09350316	-5.7106093	LampedusaN
13.38662834	35.30754613	-3.6313564	LampedusaN
12.62954698	35.59902847	-15.8326762	LampedusaN
12.35452958	35.64738596	-5.1436738	LampedusaN
12.32529889	35.6614047	-6.1978915	LampedusaN
12.65149469	35.57360018	-10.5733354	LampedusaN
13.57603789	35.26586213	-12.1664082	LampedusaN
12.34229113	35.66099381	-7.8999833	LampedusaN
13.70075249	35.20988497	-6.2231215	LampedusaN
14.19885071	35.14921989	-16.6255429	LampedusaN
14.32637051	35.10998669	-5.8033085	LampedusaN
12.32176788	35.67410811	-9.6196938	LampedusaN
13.012497	35.4782897	-21.4649599	LampedusaN
14.17128092	35.15699943	-18.0123242	LampedusaN
12.54775787	35.64355274	-21.7938525	LampedusaN
12.45117499	35.65396047	-16.9302094	LampedusaN
13.34592245	35.33381226	-7.9517343	LampedusaN
14.23427846	35.16090089	-21.7940634	LampedusaN
14.26303138	35.15984701	-21.7938525	LampedusaN
13.86690828	35.16165197	-4.9381078	LampedusaN
12.78481402	35.56100822	-20.9011435	LampedusaN
14.02567255	35.15039882	-9.8626931	LampedusaN
13.34210268	35.34927504	-12.3238799	LampedusaN
12.62896928	35.5678263	-6.4361176	LampedusaN
13.28605209	35.34276908	-5.1642294	LampedusaN
14.03451913	35.18600421	-21.7938525	LampedusaN
13.63909862	35.23027996	-6.9338618	LampedusaN
12.41518732	35.62935892	-6.2713886	LampedusaN
13.29073595	35.33421493	-3.0000009	LampedusaN
13.11396471	35.39994084	-6.7756552	LampedusaN
13.59787386	35.29098375	-21.7938525	LampedusaN
13.55616812	35.2484816	-5.0809052	LampedusaN
12.73159447	35.567273	-17.2554306	LampedusaN
12.7721033	35.50817813	-3.699999	LampedusaN
13.07676126	35.46019976	-21.7938525	LampedusaN
13.56140977	35.28871057	-17.8119052	LampedusaN
13.67958949	35.20759281	-3.627662	LampedusaN
13.61360024	35.25925213	-13.5040016	LampedusaN
13.7655681	35.22397916	-15.8785605	LampedusaN
14.28438898	35.15057577	-18.9388017	LampedusaN
13.85841965	35.16057343	-3.9163505	LampedusaN
14.1456232	35.16519678	-19.6149389	LampedusaN
14.26891954	35.15709093	-20.9393193	LampedusaN
13.86461386	35.1559755	-3.0000009	LampedusaN
14.48645307	35.11254865	-14.7039455	LampedusaN
13.38091158	35.35988923	-19.0834267	LampedusaN
13.82669029	35.21819049	-19.0896674	LampedusaN
13.40484948	35.35847259	-20.8233271	LampedusaN
14.42916248	35.08595355	-3.0000009	LampedusaN
13.51724137	35.26704591	-6.1802724	LampedusaN
12.88501731	35.47724531	-5.9247875	LampedusaN
12.37127766	35.64312754	-5.6693149	LampedusaN
14.49162158	35.11597992	-16.0888906	LampedusaN
13.12930938	35.40416054	-9.4559809	LampedusaN
14.16185153	35.16255439	-19.4270029	LampedusaN
12.84987685	35.48244096	-3.8861005	LampedusaN
14.49470536	35.1193758	-17.3449951	LampedusaN
12.46485938	35.66601311	-21.7938525	LampedusaN
13.87698031	35.17520923	-9.8157079	LampedusaN
13.14536073	35.39357532	-7.6813945	LampedusaN
12.89199706	35.50214158	-14.111675	LampedusaN
13.58174283	35.28372943	-18.1356581	LampedusaN
12.96701351	35.44151876	-5.2222255	LampedusaN
12.74426656	35.51527801	-2.9999872	LampedusaN
12.75173998	35.54606001	-13.0297942	LampedusaN
13.96293185	35.18426614	-17.3611469	LampedusaN
13.87633675	35.18497374	-12.9020089	LampedusaN
14.43803997	35.14184379	-21.3107919	LampedusaN
12.60228841	35.57293557	-5.1106371	LampedusaN
12.91458952	35.51921047	-21.7938525	LampedusaN
14.26033948	35.13105769	-12.0709705	LampedusaN
13.29013428	35.36871934	-13.4375641	LampedusaN
13.84142092	35.19809953	-14.0971834	LampedusaN
12.92501115	35.46898961	-8.2754931	LampedusaN
13.78038039	35.19019777	-6.6677377	LampedusaN
12.60519082	35.59019575	-10.5850961	LampedusaN
12.85929853	35.48720525	-6.2812162	LampedusaN
12.34443995	35.65371345	-5.9526909	LampedusaN
12.94348131	35.47458701	-12.1274986	LampedusaN
12.49233849	35.65495627	-20.6779677	LampedusaN
13.09212966	35.39406435	-3.0000126	LampedusaN
13.04248743	35.44905963	-15.2806078	LampedusaN
13.4569427	35.28296436	-3.6555829	LampedusaN
13.35732241	35.37578139	-21.7938515	LampedusaN
13.18363715	35.4256014	-20.9322529	LampedusaN
13.21700356	35.38969698	-13.0016443	LampedusaN
13.77808494	35.19575165	-8.1932704	LampedusaN
14.16242054	35.14066595	-12.3411318	LampedusaN
12.54979746	35.64143667	-21.3115263	LampedusaN
13.3236557	35.35802389	-13.3140393	LampedusaN
14.34433106	35.11275102	-6.95685	LampedusaN
14.35558413	35.14015972	-16.3215056	LampedusaN
14.230422	35.1611096	-21.7938525	LampedusaN
12.7388501	35.53686716	-8.9407089	LampedusaN
12.73351279	35.54696138	-11.3867741	LampedusaN
12.46924503	35.60640444	-3.7649697	LampedusaN
13.76036221	35.20075321	-8.2876059	LampedusaN
13.4440989	35.30207137	-7.7322372	LampedusaN
12.37012054	35.66145547	-11.0277651	LampedusaN
14.06500496	35.18214029	-21.7938525	LampedusaN
13.69075995	35.2095475	-5.2244106	LampedusaN
13.61454337	35.23606412	-6.5047602	LampedusaN
12.70722476	35.53966042	-6.3880302	LampedusaN
12.75451781	35.57423848	-21.7938525	LampedusaN
13.44878293	35.29024724	-4.8199257	LampedusaN
12.51512019	35.59773395	-4.9263691	LampedusaN
13.27056608	35.35699435	-8.0457089	LampedusaN
13.50392848	35.31226789	-17.8640283	LampedusaN
13.95369584	35.14739277	-5.0768671	LampedusaN
12.4309714	35.63517446	-9.4442375	LampedusaN
13.26808738	35.36516211	-10.298769	LampedusaN
13.98560629	35.15057453	-7.8223481	LampedusaN
13.08172732	35.41888619	-9.6314404	LampedusaN
12.90057716	35.51615289	-19.2214438	LampedusaN
14.34117877	35.10299198	-3.634206	LampedusaN
13.71546675	35.24339997	-17.7742255	LampedusaN
12.2697634	35.7030522	-12.6993896	LampedusaN
13.02051882	35.46061328	-16.8149501	LampedusaN
13.23740578	35.35404205	-4.054957	LampedusaN
14.19477128	35.14132167	-13.8916247	LampedusaN
14.02013524	35.18634139	-21.1243183	LampedusaN
14.2257205	35.10537634	-3.0000009	LampedusaN
13.41718877	35.30660044	-6.1171357	LampedusaN
14.40150895	35.09963451	-5.8014584	LampedusaN
13.67200703	35.26147753	-19.4071796	LampedusaN
12.8992161	35.51275064	-18.0585742	LampedusaN
13.61296833	35.22505102	-3.0000009	LampedusaN
14.36101372	35.11526922	-8.5045419	LampedusaN
12.69118594	35.58194402	-17.3170981	LampedusaN
13.49271186	35.27646554	-6.01656	LampedusaN
13.52304693	35.28501691	-12.1473203	LampedusaN
13.54886571	35.26801767	-10.2415065	LampedusaN
12.27549947	35.69184659	-9.9610668	LampedusaN
14.05163284	35.1485648	-10.3358427	LampedusaN
13.8997481	35.19535408	-17.4859496	LampedusaN
13.81200758	35.22024446	-18.5225478	LampedusaN
14.46737402	35.13412053	-20.5025087	LampedusaN
12.98598722	35.42787371	-3.4815927	LampedusaN
13.51544801	35.30530583	-17.1952314	LampedusaN
12.94622963	35.45097969	-5.5180825	LampedusaN
14.45523539	35.11802779	-14.6896291	LampedusaN
13.29184882	35.33702871	-3.9595165	LampedusaN
12.99826853	35.43301998	-6.3712661	LampedusaN
13.87223864	35.18933911	-13.9181664	LampedusaN
12.98271935	35.43540813	-5.3044496	LampedusaN
13.88350729	35.18229109	-12.4321654	LampedusaN
14.02574164	35.12926142	-3.0000009	LampedusaN
13.70557923	35.25638024	-20.8541494	LampedusaN
12.78945087	35.52704549	-11.1481625	LampedusaN
13.52224233	35.26111844	-5.0379575	LampedusaN
14.13699784	35.17091712	-21.1169794	LampedusaN
13.17113133	35.41943574	-17.9146835	LampedusaN
13.70490297	35.21570967	-8.371363	LampedusaN
12.75045957	35.53690803	-10.1431088	LampedusaN
12.76140963	35.56250254	-18.9659653	LampedusaN
12.38776509	35.69110257	-21.7938525	LampedusaN
14.35462537	35.09912394	-3.0000009	LampedusaN
14.08178629	35.13034419	-5.6605048	LampedusaN
13.62986892	35.22010278	-3.0000009	LampedusaN
13.95527033	35.15958449	-9.058081	LampedusaN
13.96086856	35.18046291	-16.0338305	LampedusaN
12.72004679	35.56339214	-14.8581118	LampedusaN
13.22254707	35.3822611	-11.2530859	LampedusaN
13.19929889	35.42222422	-21.3232724	LampedusaN
13.04785162	35.43381507	-11.1129245	LampedusaN
13.91598064	35.19076088	-16.895705	LampedusaN
12.31216963	35.68095265	-10.6372053	LampedusaN
13.66868213	35.24227296	-13.2433842	LampedusaN
13.00652273	35.46337264	-16.3671274	LampedusaN
12.70139298	35.54643023	-7.7880273	LampedusaN
12.910195	35.51428384	-19.8204975	LampedusaN
13.75899367	35.18397452	-3.0000019	LampedusaN
12.84469499	35.51069442	-11.8602736	LampedusaN
13.36391943	35.37122325	-21.0009863	LampedusaN
13.08181771	35.4005567	-4.0446728	LampedusaN
12.30556733	35.69821407	-15.0941376	LampedusaN
12.73922073	35.56941704	-18.7134228	LampedusaN
12.42408639	35.65305063	-14.3146147	LampedusaN
13.81156348	35.23096539	-21.7938525	LampedusaN
14.01745358	35.18889124	-21.7938476	LampedusaN
13.42708017	35.35340428	-21.2946406	LampedusaN
13.33389803	35.37670154	-19.9498422	LampedusaN
13.72421495	35.25185484	-21.1040869	LampedusaN
14.00402911	35.15673448	-10.7891508	LampedusaN
13.32466919	35.37559383	-18.7516318	LampedusaN
12.39717293	35.62489868	-2.9999843	LampedusaN
12.89476208	35.50161539	-14.252819	LampedusaN
13.0292861	35.42195168	-5.8056806	LampedusaN
13.06559213	35.41549012	-7.1293251	LampedusaN
12.59641786	35.61782681	-17.9293652	LampedusaN
14.45555301	35.1072566	-11.2751685	LampedusaN
13.05714826	35.44777367	-16.2188322	LampedusaN
14.11462135	35.17584367	-21.7938525	LampedusaN
14.13349824	35.11792325	-3.7605644	LampedusaN
13.70982437	35.21864266	-9.6792524	LampedusaN
13.75834512	35.21709061	-13.1629964	LampedusaN
13.6346185	35.24263443	-10.3068442	LampedusaN
13.56219031	35.28527267	-16.8604658	LampedusaN
14.43848834	35.12100737	-14.6953198	LampedusaN
12.27096568	35.71632565	-16.8015522	LampedusaN
12.89621909	35.50525751	-15.4979514	LampedusaN
14.00809449	35.18014457	-18.4909804	LampedusaN
12.42686249	35.65122027	-14.0531114	LampedusaN
13.38636166	35.3246337	-8.8202211	LampedusaN
13.7047385	35.22641866	-11.6291662	LampedusaN
12.96396586	35.48699377	-18.2219199	LampedusaN
13.8323246	35.22546216	-21.7938525	LampedusaN
13.8624089	35.19487855	-14.8210287	LampedusaN
14.28437024	35.10979328	-5.2141513	LampedusaN
13.61679159	35.25277197	-11.8096183	LampedusaN
13.03386315	35.46541523	-19.4923408	LampedusaN
13.58440183	35.25954266	-10.9829825	LampedusaN
13.83278423	35.18769706	-10.1820412	LampedusaN
14.09345115	35.12067074	-3.0000009	LampedusaN
14.19379804	35.14627277	-15.4593698	LampedusaN
14.05851335	35.12510578	-3.0000009	LampedusaN
13.86007679	35.20960619	-19.1729931	LampedusaN
14.07527016	35.16487517	-16.6079233	LampedusaN
13.05790467	35.45352103	-18.0424238	LampedusaN
13.34619068	35.32922607	-6.5767045	LampedusaN
13.84307202	35.21659648	-19.9379589	LampedusaN
13.3321957	35.38328601	-21.7938896	LampedusaN
12.99208982	35.45704437	-12.781979	LampedusaN
14.08888348	35.14363378	-10.269403	LampedusaN
13.25329805	35.40748199	-21.7938505	LampedusaN
12.57758042	35.59288024	-8.6565087	LampedusaN
12.28886573	35.69912904	-13.5752123	LampedusaN
12.52628577	35.59193336	-4.0711025	LampedusaN
12.25471848	35.67932825	-3.9844765	LampedusaN
12.74882479	35.54270948	-11.7245798	LampedusaN
13.89661745	35.16449089	-7.4517934	LampedusaN
12.81982045	35.5238456	-13.2815593	LampedusaN
12.4877713	35.61437561	-7.7733442	LampedusaN
14.09906068	35.17781949	-21.7938505	LampedusaN
12.93945986	35.4590787	-7.0891308	LampedusaN
14.41726416	35.13435477	-17.7535414	LampedusaN
12.79521498	35.50151565	-4.050914	LampedusaN
12.31560945	35.65998983	-4.7340273	LampedusaN
12.67306771	35.59004618	-17.8016274	LampedusaN
13.80554244	35.17163552	-3.0000019	LampedusaN
13.21949961	35.37695348	-9.354654	LampedusaN
14.19321869	35.10797922	-3.0000009	LampedusaN
12.58005226	35.57676435	-3.8927079	LampedusaN
13.57154592	35.28210768	-16.7290561	LampedusaN
12.59195067	35.62846234	-20.836541	LampedusaN
13.97570227	35.16261908	-11.134581	LampedusaN
13.95355477	35.19972248	-21.7938525	LampedusaN
12.93193139	35.50455894	-19.5576777	LampedusaN
12.96322046	35.49944891	-21.7938525	LampedusaN
13.17262649	35.37921167	-5.7724599	LampedusaN
13.96120991	35.16704315	-11.7633679	LampedusaN
12.53660071	35.59371186	-5.4828437	LampedusaN
12.95358266	35.46338806	-10.0432897	LampedusaN
14.3395212	35.10117184	-2.999789	LampedusaN
14.22890012	35.15217033	-18.7868359	LampedusaN
12.99277514	35.42361425	-3.0000009	LampedusaN
13.71561539	35.19924989	-4.1679931	LampedusaN
13.1226195	35.4195814	-13.5568604	LampedusaN
12.44738571	35.62755704	-8.4648998	LampedusaN
13.40169934	35.30289792	-3.5814355	LampedusaN
12.80552794	35.51599345	-9.4603862	LampedusaN
13.04522518	35.43883992	-12.4086723	LampedusaN
12.74454365	35.56136276	-16.8768622	LampedusaN
12.5728765	35.5823542	-5.0159345	LampedusaN
13.35040442	35.37457549	-20.7983632	LampedusaN
12.66881216	35.56569892	-10.0631113	LampedusaN
13.83127895	35.21084827	-17.2000034	LampedusaN
13.55628413	35.29663467	-19.5253754	LampedusaN
14.30699263	35.15822149	-21.7938535	LampedusaN
12.93067594	35.51037805	-21.1184482	LampedusaN
12.70840687	35.57955681	-18.4465644	LampedusaN
13.95365421	35.19221157	-19.398371	LampedusaN
13.68854136	35.24547556	-15.9985934	LampedusaN
13.82165668	35.22493743	-20.759456	LampedusaN
12.54253681	35.58630869	-3.6959609	LampedusaN
12.65362309	35.56759654	-9.0052231	LampedusaN
12.48783642	35.62323261	-10.5116682	LampedusaN
13.42821881	35.31104233	-8.4737133	LampedusaN
14.33174455	35.15730313	-21.7938515	LampedusaN
12.69815786	35.53157696	-3.0000038	LampedusaN
12.32620523	35.691556	-15.3173134	LampedusaN
12.73327914	35.51900554	-3.0004521	LampedusaN
12.38390988	35.62966481	-2.9999999	LampedusaN
12.37134199	35.65699474	-9.824517	LampedusaN
13.99000735	35.15573186	-9.7088947	LampedusaN
13.35262215	35.3521718	-14.1617624	LampedusaN
14.36031447	35.122697	-10.8324846	LampedusaN
12.35789685	35.65713629	-8.4223203	LampedusaN
13.2495352	35.39055127	-16.2918791	LampedusaN
12.89829183	35.51584807	-18.8808051	LampedusaN
12.94373706	35.48658945	-15.6858503	LampedusaN
13.58891146	35.23442195	-3.7117451	LampedusaN
13.26222537	35.38296786	-15.1682851	LampedusaN
12.97864163	35.44573258	-7.8504291	LampedusaN
12.61591686	35.57182509	-6.2360644	LampedusaN
13.24621609	35.34787225	-3.0000009	LampedusaN
13.68611218	35.21485464	-6.4291342	LampedusaN
13.96359295	35.15049158	-6.6031347	LampedusaN
13.70225543	35.20257628	-4.1042392	LampedusaN
13.26990132	35.34351414	-3.8838984	LampedusaN
12.41400229	35.61888598	-3.0000009	LampedusaN
14.03574612	35.13849712	-6.4115253	LampedusaN
12.89336008	35.49811023	-13.0546887	LampedusaN
13.18102599	35.39854232	-12.4351013	LampedusaN
12.89128874	35.52540403	-21.0420986	LampedusaN
13.2759774	35.3387436	-3.0000009	LampedusaN
13.36160364	35.32454734	-6.5473398	LampedusaN
12.42585401	35.66144686	-17.016228	LampedusaN
13.67191339	35.21329152	-4.6811689	LampedusaN
14.24750604	35.14545451	-16.7569531	LampedusaN
14.42322833	35.1183129	-12.9768926	LampedusaN
12.77431188	35.52682273	-9.5378398	LampedusaN
12.65378106	35.57719	-11.8918415	LampedusaN
13.22829207	35.41290618	-21.1124736	LampedusaN
13.43273781	35.35335695	-21.7938525	LampedusaN
13.87178936	35.17372626	-9.0610034	LampedusaN
13.05010965	35.44439411	-14.5479413	LampedusaN
13.88795962	35.19379014	-16.3485917	LampedusaN
13.52887751	35.26514354	-7.0113124	LampedusaN
12.73803444	35.53363573	-7.8866337	LampedusaN
13.56757907	35.27300151	-13.5920977	LampedusaN
12.99353189	35.42550533	-3.646039	LampedusaN
13.65881874	35.22843556	-8.134539	LampedusaN
13.73460796	35.21076629	-9.2724482	LampedusaN
13.10161208	35.44431981	-19.2021718	LampedusaN
12.51300447	35.65297298	-21.7938525	LampedusaN
12.40013989	35.65644388	-12.7544488	LampedusaN
12.38232567	35.66840646	-14.4187343	LampedusaN
12.68752016	35.55456212	-8.7346943	LampedusaN
12.82499205	35.52876841	-15.2908859	LampedusaN
13.06295344	35.43719548	-13.5161148	LampedusaN
12.37322565	35.63645092	-3.8815117	LampedusaN
12.61640515	35.60558802	-16.3898947	LampedusaN
14.11698303	35.17164492	-20.527287	LampedusaN
14.16246444	35.11392827	-3.6599872	LampedusaN
12.59454043	35.63086232	-21.7938525	LampedusaN
12.56776849	35.62437337	-17.5505532	LampedusaN
12.90631996	35.47557239	-7.9774345	LampedusaN
12.69537928	35.56524571	-12.7713361	LampedusaN
13.33251742	35.37191464	-18.3641655	LampedusaN
13.55665726	35.27691546	-13.7829728	LampedusaN
12.96155189	35.45008908	-7.0876625	LampedusaN
14.32844418	35.13602943	-14.5927302	LampedusaN
13.24007454	35.40780762	-20.6599726	LampedusaN
13.4724942	35.27738763	-3.8743554	LampedusaN
13.4770758	35.29535899	-9.6960444	LampedusaN
12.65724413	35.59433545	-17.3916132	LampedusaN
13.56504036	35.29771956	-20.8893974	LampedusaN
12.25513622	35.70847703	-12.7537166	LampedusaN
14.11181202	35.11833803	-3.0000009	LampedusaN
13.69558665	35.24826697	-17.4815244	LampedusaN
12.91733025	35.49783084	-15.8356137	LampedusaN
13.47578332	35.30546528	-12.5085142	LampedusaN
13.40629489	35.35230729	-19.0731484	LampedusaN
12.99172887	35.42641642	-3.7400087	LampedusaN
12.95307534	35.47956859	-14.7380825	LampedusaN
12.85631066	35.53975861	-21.7938525	LampedusaN
12.6384436	35.55572352	-3.8295722	LampedusaN
12.28494168	35.70882402	-16.0558544	LampedusaN
12.88231018	35.47047292	-3.6108017	LampedusaN
13.19948716	35.36213438	-2.999955	LampedusaN
13.59095815	35.27737076	-17.0161025	LampedusaN
12.41851155	35.63022607	-6.8762319	LampedusaN
13.1129808	35.38919682	-3.4067138	LampedusaN
14.19394932	35.16575605	-21.7938525	LampedusaN
12.88321633	35.46803052	-2.9998779	LampedusaN
14.22302557	35.1620523	-21.7938515	LampedusaN
13.97880751	35.13849197	-3.5931826	LampedusaN
14.08818697	35.17633142	-20.8620517	LampedusaN
14.29443422	35.15292406	-19.8542685	LampedusaN
14.01200152	35.14709308	-8.1416059	LampedusaN
12.60652858	35.61422516	-17.9183769	LampedusaN
13.55982094	35.27939229	-14.8518735	LampedusaN
14.07884139	35.15532781	-13.653765	LampedusaN
14.36742245	35.13112812	-13.9195195	LampedusaN
12.24724678	35.71309484	-13.289634	LampedusaN
14.23669872	35.12842312	-10.8910153	LampedusaN
12.99935211	35.44546306	-10.2473793	LampedusaN
12.88913686	35.49295839	-11.0578641	LampedusaN
12.62546697	35.5945271	-14.049463	LampedusaN
12.33320853	35.65189832	-4.203247	LampedusaN
14.20072674	35.16320701	-21.2461884	LampedusaN
12.49688555	35.59643367	-3.0000019	LampedusaN
12.24651038	35.68799615	-5.6979453	LampedusaN
12.56943946	35.6171622	-15.4656096	LampedusaN
12.88136285	35.49013552	-9.4148696	LampedusaN
12.60568755	35.62748379	-21.7935273	LampedusaN
13.69890335	35.23261771	-12.9989285	LampedusaN
14.38456615	35.10432359	-6.3417817	LampedusaN
14.21713688	35.12321547	-8.896571	LampedusaN
13.27432378	35.39271228	-19.2610873	LampedusaN
14.35151655	35.11905985	-9.1784875	LampedusaN
14.35269105	35.13453946	-14.3936469	LampedusaN
12.73586752	35.51971933	-3.4817548	LampedusaN
12.73544862	35.52376482	-4.6564316	LampedusaN
14.21012572	35.10594944	-3.0000009	LampedusaN
13.91137081	35.17329521	-11.0637375	LampedusaN
14.06168188	35.12663876	-3.6284199	LampedusaN
13.11108364	35.43194522	-16.2849247	LampedusaN
13.41013209	35.31806385	-8.9734714	LampedusaN
12.57483259	35.57731981	-3.6269521	LampedusaN
12.99980663	35.44118296	-9.0022863	LampedusaN
13.37576302	35.30870896	-3.0000009	LampedusaN
13.55881175	35.28226293	-15.6095004	LampedusaN
14.21457997	35.13358958	-12.2001777	LampedusaN
13.15953567	35.40930559	-13.7696666	LampedusaN
12.40972101	35.6203784	-3.0003857	LampedusaN
12.93860249	35.48288214	-13.9826577	LampedusaN
13.39332653	35.3569099	-19.3007304	LampedusaN
13.80225345	35.21878199	-17.2737841	LampedusaN
13.09743566	35.41900995	-11.0962354	LampedusaN
12.79131359	35.51856208	-8.7842485	LampedusaN
12.84387688	35.50330289	-9.5521535	LampedusaN
13.56097993	35.26075523	-9.2607021	LampedusaN
12.80708174	35.54544755	-18.4858403	LampedusaN
12.40315691	35.63058888	-5.3451943	LampedusaN
12.7104671	35.56077241	-13.0488378	LampedusaN
13.18036525	35.40773869	-15.1822338	LampedusaN
12.23988243	35.69454405	-6.9467089	LampedusaN
12.39093425	35.62954633	-3.7194404	LampedusaN
13.22733	35.40137063	-17.5122324	LampedusaN
14.21439781	35.12166714	-8.3210097	LampedusaN
12.38882459	35.68866116	-21.1771786	LampedusaN
14.02095435	35.16194308	-13.3719064	LampedusaN
12.29214893	35.7254091	-21.7938515	LampedusaN
14.12382824	35.14133315	-10.9638952	LampedusaN
13.64814414	35.23459174	-9.059916	LampedusaN
14.3624466	35.14591302	-18.352225	LampedusaN
14.29852061	35.1568777	-21.2359101	LampedusaN
12.27707099	35.66802235	-2.9999999	LampedusaN
13.54903795	35.2579998	-7.3225864	LampedusaN
14.35104755	35.10661141	-5.1847856	LampedusaN
13.55555005	35.30215367	-21.0575146	LampedusaN
12.72932334	35.53279798	-6.7030019	LampedusaN
12.28023474	35.71936039	-18.7046127	LampedusaN
13.70453312	35.20636954	-5.4609755	LampedusaN
12.92870149	35.50050357	-17.9796542	LampedusaN
13.25565093	35.3741259	-11.8654125	LampedusaN
14.17495406	35.11955256	-6.0026113	LampedusaN
12.87274944	35.51781887	-16.8670742	LampedusaN
13.79763154	35.22753803	-19.5973212	LampedusaN
14.2468424	35.13796163	-14.2269409	LampedusaN
13.36584887	35.31466941	-3.9187704	LampedusaN
13.54968305	35.28437657	-15.1396537	LampedusaN
13.99109051	35.1440642	-6.0393183	LampedusaN
12.67425421	35.5941223	-19.1480302	LampedusaN
13.95503967	35.17309179	-13.3623135	LampedusaN
13.2360923	35.40351795	-18.9835825	LampedusaN
12.42957122	35.66789926	-19.3464296	LampedusaN
12.87850736	35.49995356	-12.0779437	LampedusaN
13.42427662	35.30124138	-5.1260576	LampedusaN
13.73045688	35.23202297	-15.4920368	LampedusaN
12.52989048	35.64839663	-21.7938525	LampedusaN
12.55934191	35.58920519	-5.9960048	LampedusaN
14.20807106	35.10608643	-3.0000009	LampedusaN
12.65746245	35.54825119	-3.6298876	LampedusaN
13.28061035	35.38043892	-16.113851	LampedusaN
14.01417939	35.18389493	-20.0194423	LampedusaN
13.83504813	35.22212721	-20.9877724	LampedusaN
13.82325722	35.20248356	-13.9635698	LampedusaN
14.0567128	35.16987518	-17.4675956	LampedusaN
14.37896534	35.12083012	-11.2869146	LampedusaN
12.66774425	35.56109117	-8.5706154	LampedusaN
13.42637913	35.30646871	-6.9114706	LampedusaN
12.54284101	35.61219201	-11.7061053	LampedusaN
12.31948031	35.6528047	-3.0000009	LampedusaN
13.69891845	35.20087619	-3.3057958	LampedusaN
13.26712229	35.38781095	-17.0983261	LampedusaN
13.2871956	35.39008544	-19.6626591	LampedusaN
13.57867805	35.23508609	-3.0000009	LampedusaN
14.15073463	35.13045743	-8.5429011	LampedusaN
12.77003556	35.56741412	-21.3240009	LampedusaN
12.89778246	35.48445107	-9.5675707	LampedusaN
13.12954166	35.39813813	-7.6386303	LampedusaN
13.2229888	35.36003964	-4.5350956	LampedusaN
12.47232752	35.66244987	-21.3181337	LampedusaN
14.1694566	35.16538835	-20.6618154	LampedusaN
14.18308227	35.16533589	-21.2080126	LampedusaN
13.48793417	35.27053149	-3.7047695	LampedusaN
14.03097803	35.18659569	-21.7938798	LampedusaN
14.09628976	35.16850935	-18.6550585	LampedusaN
13.36644825	35.35202723	-15.3720075	LampedusaN
12.71305171	35.54430781	-8.4017641	LampedusaN
13.64437701	35.26457852	-17.8831161	LampedusaN
12.30851399	35.6897023	-12.8631032	LampedusaN
14.47737428	35.13640317	-21.7938525	LampedusaN
12.82759266	35.51480153	-11.3518856	LampedusaN
14.04644709	35.18317325	-21.3651171	LampedusaN
14.41792098	35.10976494	-9.9539081	LampedusaN
14.37258443	35.14009095	-17.0667573	LampedusaN
13.20707225	35.41473525	-19.7430434	LampedusaN
14.07720772	35.12618064	-4.1195566	LampedusaN
14.06861957	35.15109662	-11.8580712	LampedusaN
12.73427965	35.55152648	-12.8339225	LampedusaN
13.2424711	35.36374263	-7.4778535	LampedusaN
12.70214714	35.57317139	-15.8664477	LampedusaN
13.59958381	35.27142648	-15.9706948	LampedusaN
12.52137691	35.63274746	-16.2526017	LampedusaN
12.99007868	35.48852808	-21.7938525	LampedusaN
12.26220251	35.69425944	-9.2562971	LampedusaN
13.09935305	35.39629677	-4.3376367	LampedusaN
13.93339122	35.20313678	-21.7938525	LampedusaN
13.2651055	35.37603217	-13.327075	LampedusaN
13.72174438	35.21532345	-9.62777	LampedusaN
13.61852884	35.28127598	-20.6735624	LampedusaN
14.23237337	35.14743594	-17.2363442	LampedusaN
14.42441932	35.12733513	-15.9193058	LampedusaN
13.39619117	35.32579425	-10.0664152	LampedusaN
14.28000288	35.12221113	-9.3383369	LampedusaN
14.11126984	35.13274812	-7.6573515	LampedusaN
13.63413469	35.2483259	-12.0021447	LampedusaN
14.32947865	35.1040187	-3.8339765	LampedusaN
13.01288247	35.47925203	-21.7938525	LampedusaN
12.40141625	35.67696678	-19.0313022	LampedusaN
13.38520086	35.34467252	-14.8291152	LampedusaN
12.57818288	35.60894278	-13.661841	LampedusaN
13.43712119	35.34663912	-20.1420488	LampedusaN
14.45318166	35.12992989	-18.3669111	LampedusaN
14.28424191	35.15651831	-20.9371161	LampedusaN
14.14326253	35.15068624	-14.8041547	LampedusaN
13.16619352	35.40051878	-11.6917897	LampedusaN
13.74427584	35.22377744	-14.0766279	LampedusaN
14.03130202	35.13413523	-4.8118447	LampedusaN
14.47375582	35.10137677	-10.4279766	LampedusaN
13.69975282	35.23773397	-14.6375121	LampedusaN
12.63502215	35.60687813	-18.7670146	LampedusaN
12.49457829	35.6389919	-15.938392	LampedusaN
14.00480085	35.16153705	-12.3657106	LampedusaN
13.11438696	35.42630247	-14.862187	LampedusaN
13.57485727	35.29528944	-21.0531103	LampedusaN
14.27132008	35.11578632	-7.068392	LampedusaN
14.04088319	35.12891067	-3.5094902	LampedusaN
12.99077231	35.48563821	-21.027415	LampedusaN
13.71486083	35.23533135	-15.2395327	LampedusaN
14.21647899	35.12679157	-10.071187	LampedusaN
12.53211521	35.60626325	-8.9795278	LampedusaN
12.59854706	35.61074583	-16.0218781	LampedusaN
12.71331829	35.58699395	-21.1970009	LampedusaN
12.52798987	35.63707391	-18.1407968	LampedusaN
13.81626368	35.20785058	-15.0471533	LampedusaN
14.17753424	35.11331417	-4.0835829	LampedusaN
12.59280156	35.60875645	-14.8283842	LampedusaN
13.11412001	35.40632727	-8.7394787	LampedusaN
12.78191453	35.51495642	-6.7406	LampedusaN
14.43109666	35.13813218	-19.7366225	LampedusaN
14.2478856	35.11395725	-6.1619164	LampedusaN
13.10107091	35.40620227	-7.5171679	LampedusaN
13.66586576	35.21915259	-5.9299321	LampedusaN
13.97051149	35.15769957	-9.281258	LampedusaN
14.02020909	35.13293803	-3.9669208	LampedusaN
12.43587075	35.67385907	-21.7938525	LampedusaN
13.3215789	35.34765579	-9.9671933	LampedusaN
14.01222445	35.13097423	-3.0000009	LampedusaN
14.36654817	35.15598564	-21.7938525	LampedusaN
14.00280803	35.13256032	-3.0001425	LampedusaN
14.19759973	35.10918231	-3.5718906	LampedusaN
13.55614942	35.27027892	-11.7391413	LampedusaN
13.65509435	35.22402442	-6.4541044	LampedusaN
13.83387734	35.17803576	-7.2917529	LampedusaN
12.25872669	35.71725264	-15.7658703	LampedusaN
12.9757533	35.49269508	-21.3063857	LampedusaN
13.3523932	35.341784	-10.9712361	LampedusaN
13.69438532	35.20319858	-3.612537	LampedusaN
12.73744918	35.5408187	-9.9713298	LampedusaN
13.06860747	35.40354735	-3.7576279	LampedusaN
12.92738622	35.49088754	-14.9957636	LampedusaN
14.4346947	35.13223579	-18.0600434	LampedusaN
12.39509917	35.6391558	-7.040999	LampedusaN
13.44970175	35.30528888	-9.3451279	LampedusaN
13.2487156	35.38625738	-14.9091354	LampedusaN
12.61085604	35.6186677	-19.7103793	LampedusaN
12.99029702	35.43906347	-7.2844111	LampedusaN
13.39897928	35.36339863	-21.7938525	LampedusaN
14.32956169	35.15515509	-21.0435673	LampedusaN
12.88409824	35.48171068	-7.1580224	LampedusaN
14.01935723	35.14858617	-9.0140378	LampedusaN
13.54394082	35.24534202	-3.0000009	LampedusaN
13.71202762	35.2414472	-16.8724804	LampedusaN
13.98476688	35.14141244	-4.8492861	LampedusaN
13.66990465	35.2573517	-17.9587324	LampedusaN
13.0107349	35.47389038	-19.9614516	LampedusaN
14.12876985	35.11618237	-3.0000019	LampedusaN
14.03416152	35.15559043	-11.8984376	LampedusaN
12.97227349	35.43366433	-3.5432607	LampedusaN
13.44390888	35.35003273	-21.7938525	LampedusaN
13.52621194	35.25471953	-3.6342929	LampedusaN
14.02159328	35.16660366	-14.8959787	LampedusaN
14.4611937	35.08028645	-3.0000009	LampedusaN
13.49022262	35.28882361	-9.3465961	LampedusaN
13.98935255	35.17596104	-16.1380766	LampedusaN
12.90689352	35.51011163	-18.1995278	LampedusaN
14.46624132	35.08263754	-4.033662	LampedusaN
12.41852197	35.67331331	-19.7764062	LampedusaN
13.04427102	35.42491752	-8.0714037	LampedusaN
12.7637016	35.53640211	-11.3405159	LampedusaN
13.43243817	35.32153031	-12.0562894	LampedusaN
14.08249466	35.1729347	-19.5239077	LampedusaN
13.55041756	35.27817882	-13.4085639	LampedusaN
13.93675707	35.17826865	-14.0270732	LampedusaN
12.71360547	35.55345537	-11.1966161	LampedusaN
14.1559824	35.15858634	-17.8955966	LampedusaN
14.04257401	35.12712752	-3.0000009	LampedusaN
13.54584337	35.24468938	-3.0000009	LampedusaN
12.23820526	35.69031822	-5.5019311	LampedusaN
12.85300384	35.50536547	-11.1041149	LampedusaN
13.50826666	35.28509029	-10.4044838	LampedusaN
12.67770059	35.54532342	-4.9204965	LampedusaN
14.36531107	35.12689633	-12.4519878	LampedusaN
13.62611798	35.25598771	-13.6258681	LampedusaN
12.98042479	35.46626559	-14.0971827	LampedusaN
12.31113822	35.7069743	-18.3140532	LampedusaN
13.53885905	35.252655	-4.5387465	LampedusaN
13.69183055	35.22955629	-11.4308044	LampedusaN
13.40666216	35.34742237	-17.6158911	LampedusaN
14.14304976	35.11436623	-3.0000009	LampedusaN
12.84218389	35.52841834	-16.939019	LampedusaN
12.77960655	35.56573528	-21.7938525	LampedusaN
14.41221984	35.09255979	-4.1503896	LampedusaN
12.69018208	35.54755459	-6.9239501	LampedusaN
13.4308866	35.3064601	-7.4444135	LampedusaN
13.54216957	35.27400717	-11.1994604	LampedusaN
13.10634738	35.43726746	-17.479351	LampedusaN
12.85188589	35.47881497	-3.0000009	LampedusaN
12.86689397	35.49825556	-10.3817259	LampedusaN
12.82594849	35.50061553	-6.9144072	LampedusaN
13.67497031	35.23447967	-11.4256658	LampedusaN
13.55415447	35.2653265	-10.0476948	LampedusaN
14.02804622	35.18227789	-20.2551664	LampedusaN
13.58930067	35.28677242	-19.7408447	LampedusaN
13.38706075	35.31234114	-5.1333959	LampedusaN
13.94220766	35.16969995	-11.5835051	LampedusaN
13.16681212	35.42574098	-19.4475576	LampedusaN
13.38248735	35.36543348	-20.9183964	LampedusaN
14.07208848	35.13474199	-6.6890273	LampedusaN
12.64093466	35.56010445	-5.4064926	LampedusaN
12.69016252	35.54315757	-5.6069125	LampedusaN
13.71473999	35.22863158	-13.1635403	LampedusaN
13.54449482	35.24671792	-3.4698466	LampedusaN
14.22989336	35.14221799	-15.4494587	LampedusaN
14.03860246	35.17895701	-19.6721879	LampedusaN
14.14660113	35.1168614	-3.9569443	LampedusaN
12.62181062	35.61956593	-21.1507685	LampedusaN
13.13922387	35.41327014	-13.1365666	LampedusaN
12.88865927	35.48635444	-9.0375251	LampedusaN
13.80497014	35.20458545	-13.1163785	LampedusaN
13.00870159	35.42281207	-4.200121	LampedusaN
12.24455369	35.69385084	-7.2403627	LampedusaN
14.00241182	35.19144237	-21.7938525	LampedusaN
13.47222331	35.27451872	-3.0000009	LampedusaN
12.67519506	35.60262951	-21.7938525	LampedusaN
13.70617254	35.19796218	-3.0000263	LampedusaN
12.43221982	35.66468667	-18.6576528	LampedusaN
12.53053013	35.62579778	-14.8738974	LampedusaN
13.06981081	35.42626472	-10.8016511	LampedusaN
14.42277247	35.10416547	-8.4428757	LampedusaN
13.04706414	35.46529743	-20.6544755	LampedusaN
12.7163936	35.52681402	-3.5285624	LampedusaN
13.42177329	35.29501659	-3.0000009	LampedusaN
13.15318509	35.38594099	-6.0613427	LampedusaN
13.60434824	35.27581431	-17.737207	LampedusaN
13.09224681	35.4248887	-12.4193155	LampedusaN
12.95548065	35.44132585	-3.7869931	LampedusaN
14.40272085	35.10819334	-8.5970444	LampedusaN
13.37815146	35.31801143	-6.0547353	LampedusaN
13.16932789	35.41481368	-16.3399648	LampedusaN
13.21487136	35.35881539	-3.4051767	LampedusaN
14.35725442	35.13315698	-13.9944265	LampedusaN
13.47131168	35.3117815	-13.8292225	LampedusaN
13.49391643	35.28359728	-8.2534692	LampedusaN
14.43921545	35.1431516	-21.7938525	LampedusaN
12.33311019	35.68143621	-13.0304849	LampedusaN
13.56325274	35.29328392	-19.3741435	LampedusaN
14.37860196	35.10021654	-4.6973203	LampedusaN
12.56203692	35.59590646	-8.288707	LampedusaN
13.70964772	35.2503328	-19.3712075	LampedusaN
13.7504841	35.20760913	-9.5954677	LampedusaN
13.22269861	35.36530605	-6.10979	LampedusaN
12.91633264	35.50207691	-16.9647128	LampedusaN
13.49770014	35.29408328	-11.7828223	LampedusaN
13.92789869	35.16774632	-10.1846113	LampedusaN
13.71210365	35.23355353	-14.4645998	LampedusaN
12.81916268	35.48990905	-3.0000009	LampedusaN
12.90287138	35.50607224	-16.5315742	LampedusaN
14.0037742	35.17094954	-15.318039	LampedusaN
12.90117846	35.50205044	-15.1469958	LampedusaN
13.59959272	35.25443555	-10.7803608	LampedusaN
12.93230633	35.51201294	-21.7938525	LampedusaN
13.73472115	35.19753896	-5.2009355	LampedusaN
13.85859242	35.15755766	-3.0001044	LampedusaN
13.68604323	35.21933877	-7.7924335	LampedusaN
14.21472067	35.11726541	-6.8644853	LampedusaN
13.21625994	35.41646407	-21.1052324	LampedusaN
13.51071845	35.27374958	-7.3688369	LampedusaN
12.59993845	35.62665626	-20.948124	LampedusaN
13.42186383	35.31112675	-7.922374	LampedusaN
12.58866114	35.62255798	-18.7394843	LampedusaN
12.58568631	35.61119225	-14.9840173	LampedusaN
14.31791541	35.13329671	-13.5414405	LampedusaN
12.55802377	35.58282255	-3.9169355	LampedusaN
13.38764378	35.35448593	-18.0453593	LampedusaN
12.31579479	35.71453887	-21.0780712	LampedusaN
12.35332923	35.68901973	-17.4712665	LampedusaN
13.68371299	35.22674772	-9.8465407	LampedusaN
13.22562545	35.40757713	-19.2431791	LampedusaN
13.1887154	35.39148999	-10.9807801	LampedusaN
13.20618064	35.38782846	-11.4495366	LampedusaN
13.03258617	35.46080648	-17.9690097	LampedusaN
13.76449272	35.18509264	-3.7943349	LampedusaN
13.21011489	35.38131665	-9.8168539	LampedusaN
12.5981851	35.62225875	-19.4446191	LampedusaN
14.34403867	35.13855803	-15.6388784	LampedusaN
13.63882874	35.27678006	-21.1147773	LampedusaN
14.34498226	35.10300059	-3.6930341	LampedusaN
14.00130408	35.14508636	-6.919541	LampedusaN
14.36178227	35.15618789	-21.793746	LampedusaN
14.46275073	35.09775324	-8.6528383	LampedusaN
13.09611802	35.41361269	-9.3289858	LampedusaN
12.81992074	35.53449072	-16.4963349	LampedusaN
12.64459074	35.58446608	-13.0851768	LampedusaN
12.38804553	35.65353708	-10.585081	LampedusaN
13.61096594	35.23290052	-5.2185556	LampedusaN
12.37129853	35.69701461	-21.7938525	LampedusaN
13.21223479	35.36920967	-6.3202485	LampedusaN
13.7187985	35.2388552	-16.6491547	LampedusaN
13.7656321	35.23703762	-19.9129975	LampedusaN
12.77849631	35.55461717	-18.3327739	LampedusaN
12.74834256	35.56640533	-18.7897714	LampedusaN
13.56610743	35.30036711	-21.7938525	LampedusaN
13.52319177	35.27666302	-9.7129291	LampedusaN
13.32925593	35.34804914	-10.7847672	LampedusaN
12.41070589	35.66126994	-15.3334208	LampedusaN
14.17638777	35.1346883	-10.9771093	LampedusaN
12.85469555	35.52849007	-18.2369692	LampedusaN
12.99515502	35.43497744	-6.6648012	LampedusaN
13.70955976	35.22455424	-11.4807018	LampedusaN
12.75352702	35.55072774	-14.6185937	LampedusaN
13.44444644	35.33536029	-17.5472128	LampedusaN
12.74925321	35.56241378	-17.69456	LampedusaN
14.31371702	35.15095874	-19.4332416	LampedusaN
12.64240962	35.59616201	-16.3509767	LampedusaN
12.84611309	35.48831456	-5.2695781	LampedusaN
13.40367778	35.31339622	-6.9635942	LampedusaN
12.42247571	35.61659218	-3.0000009	LampedusaN
14.41715809	35.1229126	-14.1008531	LampedusaN
12.99086207	35.42425029	-3.0000009	LampedusaN
12.43594903	35.65679031	-16.5315732	LampedusaN
12.29719496	35.70395186	-15.9126982	LampedusaN
13.3832297	35.33085402	-10.4338495	LampedusaN
13.00686047	35.43998862	-9.2775871	LampedusaN
13.87593706	35.20449487	-18.8956269	LampedusaN
13.77915383	35.21649582	-14.6800859	LampedusaN
12.43463093	35.64955609	-14.1885815	LampedusaN
14.01887051	35.15821611	-12.0681015	LampedusaN
12.23628267	35.6854738	-3.8457236	LampedusaN
14.40234701	35.14147121	-19.1818007	LampedusaN
12.2641037	35.67980695	-5.1348637	LampedusaN
13.73066066	35.2164418	-10.7010742	LampedusaN
13.25404708	35.34945114	-4.2105888	LampedusaN
14.29432034	35.14363622	-16.7268544	LampedusaN
13.11141802	35.41137182	-10.0345104	LampedusaN
13.7083564	35.20978173	-6.8265419	LampedusaN
14.13936312	35.12663834	-6.8329179	LampedusaN
14.25087656	35.15153368	-18.8448325	LampedusaN
13.31549093	35.36928475	-15.9758456	LampedusaN
13.71827141	35.22179618	-11.3412361	LampedusaN
14.34627195	35.14296003	-17.1482529	LampedusaN
12.91381011	35.51755704	-21.2146201	LampedusaN
14.29686217	35.1027503	-3.0000009	LampedusaN
14.34661637	35.11824682	-8.8347724	LampedusaN
12.63870125	35.5719892	-8.722581	LampedusaN
13.85123211	35.18182219	-9.8795761	LampedusaN
13.18906491	35.37480398	-5.9200224	LampedusaN
12.6569081	35.55878568	-6.7213295	LampedusaN
13.19107564	35.42621152	-21.7938525	LampedusaN
12.90011913	35.46115799	-3.0000019	LampedusaN
13.74503684	35.22901979	-15.7563273	LampedusaN
13.36765708	35.32947235	-8.599247	LampedusaN
13.19719839	35.41055505	-17.5703745	LampedusaN
13.64704959	35.24946129	-13.5040015	LampedusaN
14.4828171	35.13144807	-20.5215961	LampedusaN
12.93988159	35.44499227	-3.0000009	LampedusaN
12.99532066	35.42997502	-5.173039	LampedusaN
12.37749608	35.68349392	-18.4138964	LampedusaN
12.60006683	35.5977208	-12.2886484	LampedusaN
13.42944904	35.33797445	-16.8017348	LampedusaN
14.22273878	35.13700587	-13.6067811	LampedusaN
12.71798541	35.53192741	-5.2280995	LampedusaN
12.35903654	35.63961222	-3.3024638	LampedusaN
14.16657289	35.11137276	-2.9999999	LampedusaN
13.41293122	35.33258505	-13.6578029	LampedusaN
14.39306216	35.11412941	-9.9449152	LampedusaN
13.88188083	35.16786284	-7.7326005	LampedusaN
12.98264581	35.42759435	-3.0000009	LampedusaN
14.20632591	35.11919847	-7.1853032	LampedusaN
14.39265984	35.13304306	-15.9501384	LampedusaN
14.12800439	35.15918709	-16.9353476	LampedusaN
13.60620238	35.24216321	-7.6221137	LampedusaN
13.26021242	35.39656768	-19.1179311	LampedusaN
12.33080728	35.67571572	-11.0714459	LampedusaN
14.45755837	35.08752006	-5.0996259	LampedusaN
14.31910756	35.12003429	-9.0933185	LampedusaN
13.22050142	35.39282428	-14.2762424	LampedusaN
13.0460512	35.4532042	-16.8696425	LampedusaN
13.01476923	35.47634984	-21.1010859	LampedusaN
13.79036455	35.2250996	-18.2509179	LampedusaN
13.54670211	35.24682202	-3.7282617	LampedusaN
12.78048721	35.54512802	-15.6785095	LampedusaN
13.86312046	35.17010696	-7.2404531	LampedusaN
14.4585821	35.09200256	-6.5855151	LampedusaN
12.62725752	35.61976878	-21.7938544	LampedusaN
13.43064019	35.29630806	-4.4344453	LampedusaN
12.93742839	35.44920521	-3.944832	LampedusaN
12.24514083	35.67947263	-3.0000019	LampedusaN
13.85396776	35.21688613	-20.9187636	LampedusaN
12.26348086	35.72834866	-19.5976879	LampedusaN
13.77802476	35.18604774	-5.195062	LampedusaN
13.01891487	35.43687509	-9.4207446	LampedusaN
14.35830865	35.14544716	-18.1347714	LampedusaN
12.79112151	35.50662064	-5.1701025	LampedusaN
12.51890429	35.60620263	-7.8555683	LampedusaN
13.84618338	35.17210589	-6.4698842	LampedusaN
13.5451471	35.29135271	-16.6453642	LampedusaN
13.79890315	35.20068664	-11.4175903	LampedusaN
13.30564412	35.33276628	-3.9515165	LampedusaN
13.14556929	35.37817571	-3.0000009	LampedusaN
13.91055565	35.15883766	-6.3990449	LampedusaN
12.88354611	35.53052687	-21.7938525	LampedusaN
14.22959777	35.15908001	-21.1008642	LampedusaN
12.60711473	35.56415467	-3.0000009	LampedusaN
13.56396369	35.23939035	-3.0000009	LampedusaN
12.95544259	35.47413245	-13.4232466	LampedusaN
13.37220279	35.35824436	-17.79135	LampedusaN
13.31014517	35.37959258	-18.6121127	LampedusaN
14.41517405	35.09687825	-5.6928066	LampedusaN
13.00081624	35.47097082	-17.9176201	LampedusaN
13.30122021	35.39279	-21.7938525	LampedusaN
13.85412483	35.19999473	-15.721071	LampedusaN
12.62754707	35.58032544	-10.0230998	LampedusaN
14.26903667	35.11086193	-5.3830019	LampedusaN
12.73857923	35.52999661	-6.8530722	LampedusaN
14.22270934	35.14212917	-15.3099728	LampedusaN
14.43195416	35.10724657	-9.9419792	LampedusaN
14.10681497	35.15263522	-13.932736	LampedusaN
12.46095156	35.61939605	-7.0803212	LampedusaN
12.74574926	35.57302899	-20.4929785	LampedusaN
13.15773789	35.4229272	-17.7649208	LampedusaN
12.35589711	35.70254274	-21.7938525	LampedusaN
13.82465346	35.19791501	-12.668556	LampedusaN
14.34415663	35.10097183	-3.0000009	LampedusaN
12.7561289	35.57199647	-21.289207	LampedusaN
12.75699223	35.52997984	-8.7229316	LampedusaN
13.22921348	35.41486236	-21.7934872	LampedusaN
14.11169102	35.16502714	-18.1591508	LampedusaN
12.68360201	35.56049947	-10.0910085	LampedusaN
13.56424359	35.26442743	-10.6742787	LampedusaN
13.7451664	35.24620076	-21.0685253	LampedusaN
13.10718961	35.38958509	-3.0000234	LampedusaN
12.64017016	35.59213865	-14.9076677	LampedusaN
12.43489958	35.67141968	-20.9598984	LampedusaN
12.24322348	35.70296095	-9.8245178	LampedusaN
12.41987912	35.63366288	-8.0508134	LampedusaN
13.73597305	35.20220955	-6.7440883	LampedusaN
12.70192733	35.58525665	-19.4578349	LampedusaN
12.87927279	35.47273208	-3.9629628	LampedusaN
12.43593945	35.64400824	-12.5855983	LampedusaN
13.3921498	35.33812959	-13.4632571	LampedusaN
12.87970938	35.46937715	-3.0000009	LampedusaN
13.00433681	35.45046867	-12.2502764	LampedusaN
14.32355506	35.12905808	-12.1854942	LampedusaN
12.83451011	35.54379946	-20.7866191	LampedusaN
12.57710514	35.63559317	-21.7938515	LampedusaN
12.59135506	35.56978883	-3.0000009	LampedusaN
13.69680512	35.21930974	-8.7468073	LampedusaN
13.2216457	35.39994967	-16.5532075	LampedusaN
13.32985732	35.32933115	-5.1275395	LampedusaN
12.37277495	35.65247014	-8.6249423	LampedusaN
13.82548588	35.17470357	-5.5775478	LampedusaN
12.36217355	35.65080532	-6.9878217	LampedusaN
14.21064072	35.11241524	-5.1612929	LampedusaN
12.80471068	35.49480672	-3.0000009	LampedusaN
14.44331491	35.11455416	-12.9108206	LampedusaN
14.39913687	35.12545639	-13.8967639	LampedusaN
13.22583528	35.37060398	-8.0141767	LampedusaN
13.15781548	35.39731864	-9.9544594	LampedusaN
13.13037602	35.39107424	-5.5580927	LampedusaN
14.36553975	35.15351118	-20.9481044	LampedusaN
13.23377944	35.37460022	-9.9702495	LampedusaN
13.0264283	35.44505569	-12.6002582	LampedusaN
12.23530098	35.683	-3.0000009	LampedusaN
12.44622805	35.63622991	-11.04465	LampedusaN
13.43758201	35.31270734	-10.0770075	LampedusaN
12.82693191	35.49493044	-5.3037153	LampedusaN
12.86738233	35.53369427	-21.0978925	LampedusaN
13.32183879	35.35278401	-11.5514167	LampedusaN
12.58510723	35.60293441	-12.3881162	LampedusaN
12.40671226	35.64361464	-9.6233666	LampedusaN
14.12810386	35.16461665	-18.7031445	LampedusaN
13.15572596	35.43672136	-21.7938525	LampedusaN
12.39272147	35.67493201	-17.4881533	LampedusaN
12.92782234	35.4580999	-5.4108984	LampedusaN
13.74714757	35.19045911	-4.0321943	LampedusaN
14.37261874	35.09766085	-3.5461972	LampedusaN
12.71870181	35.57101416	-16.9937119	LampedusaN
12.74507739	35.54720814	-12.6967528	LampedusaN
12.89895722	35.52530361	-21.7937353	LampedusaN
14.38602644	35.12416249	-12.7463747	LampedusaN
13.65721805	35.27157278	-21.1683691	LampedusaN
14.35000539	35.11534604	-7.9099037	LampedusaN
14.39835637	35.14775433	-20.9598749	LampedusaN
12.58760946	35.59573322	-10.3766171	LampedusaN
12.7693487	35.52294816	-7.8654789	LampedusaN
14.29175035	35.11728718	-7.8276708	LampedusaN
13.72855721	35.2405814	-17.9778134	LampedusaN
12.84069275	35.49814012	-7.6735029	LampedusaN
13.92192669	35.17510069	-12.2119237	LampedusaN
12.31623344	35.6556191	-3.4933388	LampedusaN
13.71885369	35.2489289	-19.7620585	LampedusaN
13.33763095	35.3796465	-21.1890605	LampedusaN
13.93614947	35.15978713	-8.0875546	LampedusaN
13.55447479	35.24409748	-3.5902451	LampedusaN
12.39653552	35.66316475	-14.3776226	LampedusaN
13.37293666	35.34320686	-13.2690784	LampedusaN
12.58258666	35.5729262	-2.9998808	LampedusaN
14.42803631	35.11306291	-11.5746948	LampedusaN
13.79178923	35.19174348	-8.0772773	LampedusaN
12.86740978	35.47354906	-3.0000292	LampedusaN
14.00629572	35.18944234	-21.3651181	LampedusaN
14.00711057	35.17586662	-17.0704291	LampedusaN
12.40193337	35.68354108	-21.0538447	LampedusaN
14.03719046	35.14633323	-9.0162358	LampedusaN
13.48812593	35.31803131	-17.6702167	LampedusaN
13.66677369	35.27082244	-21.7938525	LampedusaN
12.4842921	35.60161771	-3.5461962	LampedusaN
13.45000936	35.28354905	-2.9999999	LampedusaN
14.23684671	35.151119	-18.5313574	LampedusaN
12.60092498	35.6291296	-21.7938525	LampedusaN
14.22480884	35.12277855	-8.8444457	LampedusaN
14.4627848	35.10973935	-12.4740101	LampedusaN
12.56268036	35.63260146	-19.663394	LampedusaN
13.302333	35.39010539	-21.0810068	LampedusaN
13.53887303	35.28051973	-12.7170091	LampedusaN
13.14781326	35.40614882	-11.742078	LampedusaN
12.89126758	35.49828578	-12.8785298	LampedusaN
14.03749321	35.17319038	-17.7531762	LampedusaN
14.21439674	35.1452095	-15.9662895	LampedusaN
14.13159632	35.13585656	-9.5059033	LampedusaN
13.09753501	35.45402114	-21.7938535	LampedusaN
13.69879566	35.20528773	-4.6446293	LampedusaN
14.33137253	35.15124456	-19.7500209	LampedusaN
14.1079478	35.12525835	-5.0878798	LampedusaN
13.30776948	35.35936925	-12.2390489	LampedusaN
14.06744798	35.14111503	-8.5676784	LampedusaN
14.26445849	35.12065125	-8.6201701	LampedusaN
14.47381638	35.11202642	-13.8248193	LampedusaN
13.87333477	35.19444573	-15.5832263	LampedusaN
13.35985812	35.31343955	-3.0000009	LampedusaN
13.98953208	35.18324083	-18.4744619	LampedusaN
13.13196951	35.38515165	-3.8949111	LampedusaN
12.74138929	35.54543184	-11.7745715	LampedusaN
14.271833	35.12799153	-11.1819326	LampedusaN
13.28938299	35.36434338	-12.0364659	LampedusaN
13.71729106	35.253223	-20.9394726	LampedusaN
13.66420943	35.23314327	-10.0546684	LampedusaN
12.29920917	35.71526018	-19.5136303	LampedusaN
12.32202387	35.68820878	-13.8666638	LampedusaN
12.42974999	35.6639276	-18.1760361	LampedusaN
14.36876963	35.10601681	-5.9923339	LampedusaN
13.81417659	35.19818454	-11.8947781	LampedusaN
12.94082993	35.46315547	-8.4509514	LampedusaN
14.47942988	35.12262332	-17.5182524	LampedusaN
13.07600849	35.44456224	-16.9507646	LampedusaN
12.74773229	35.55589223	-15.5803393	LampedusaN
13.79717785	35.1846855	-6.3408652	LampedusaN
14.2244138	35.14632436	-16.7430048	LampedusaN
14.34773	35.15670874	-21.7938525	LampedusaN
13.5138414	35.31853364	-20.8864619	LampedusaN
14.06151776	35.15629841	-13.2551293	LampedusaN
12.81110972	35.50963915	-8.1169199	LampedusaN
12.35485961	35.66886296	-11.6044276	LampedusaN
14.21781871	35.13009462	-11.198764	LampedusaN
14.47727805	35.12715069	-18.8396938	LampedusaN
14.37701292	35.09517065	-3.0000009	LampedusaN
12.61222717	35.60219872	-14.9289716	LampedusaN
14.38835468	35.14116921	-18.2979023	LampedusaN
13.51884232	35.25555671	-3.0000009	LampedusaN
13.18356019	35.36894831	-3.633204	LampedusaN
14.35952675	35.15458533	-21.2254521	LampedusaN
13.62630827	35.22768928	-4.9986826	LampedusaN
14.22786542	35.15481691	-19.6443281	LampedusaN
13.89962406	35.15005197	-3.0000009	LampedusaN
14.29892647	35.13445222	-13.6934085	LampedusaN
13.04237821	35.47042099	-21.7938554	LampedusaN
13.94226695	35.15306502	-6.2705703	LampedusaN
12.58677537	35.58327112	-6.5419677	LampedusaN
13.71991125	35.20446306	-6.1274262	LampedusaN
12.41785235	35.680296	-21.7938525	LampedusaN
13.63454057	35.26296651	-16.511018	LampedusaN
13.98696025	35.17063766	-14.307145	LampedusaN
12.50287956	35.61251739	-8.4634313	LampedusaN
13.55017875	35.25545548	-6.6765473	LampedusaN
12.46811087	35.63585866	-12.7588559	LampedusaN
12.49685312	35.62531441	-11.907992	LampedusaN
13.45642442	35.33598173	-19.1586835	LampedusaN
14.3450734	35.15234272	-20.29108	LampedusaN
13.3793385	35.33616896	-11.7024346	LampedusaN
13.89708196	35.17136878	-9.6751208	LampedusaN
12.59112913	35.59911799	-11.7508743	LampedusaN
13.12085961	35.43689277	-18.6830053	LampedusaN
14.19472792	35.13570417	-12.0654633	LampedusaN
14.37484046	35.11773464	-10.0682507	LampedusaN
14.10607118	35.16113274	-16.6622504	LampedusaN
13.29931095	35.34907492	-8.3191696	LampedusaN
12.40897929	35.62421011	-4.0646328	LampedusaN
12.7062545	35.56739106	-14.5773066	LampedusaN
13.7812084	35.20317015	-10.7370468	LampedusaN
12.70292232	35.59270973	-21.7938525	LampedusaN
12.62681119	35.61423667	-20.0906591	LampedusaN
12.65842683	35.6086263	-21.7938525	LampedusaN
12.38567413	35.66210451	-12.8932016	LampedusaN
12.53359047	35.63160141	-16.9206645	LampedusaN
12.61227862	35.59613024	-13.1185807	LampedusaN
13.44272534	35.34709327	-20.7895644	LampedusaN
13.84607793	35.20489931	-16.575622	LampedusaN
12.30797885	35.67033914	-7.0113134	LampedusaN
12.62962686	35.55610386	-3.0000009	LampedusaN
12.34613919	35.64470567	-3.4404814	LampedusaN
14.31495679	35.15568406	-21.039162	LampedusaN
12.62506266	35.56358736	-4.7501777	LampedusaN
13.01479609	35.47861608	-21.7938525	LampedusaN
13.14550524	35.38445819	-4.9116874	LampedusaN
12.3526744	35.68175962	-15.2284841	LampedusaN
13.65638751	35.26340536	-18.5988974	LampedusaN
12.36831117	35.66909747	-13.1196823	LampedusaN
13.01212536	35.4719484	-19.5150947	LampedusaN
14.24621262	35.10462186	-3.0000009	LampedusaN
12.26407056	35.73296447	-21.0428329	LampedusaN
12.94402313	35.50309132	-20.5707841	LampedusaN
14.14294366	35.15515682	-16.2430583	LampedusaN
13.40889675	35.34160283	-16.0430068	LampedusaN
12.49895043	35.61892165	-10.11083	LampedusaN
12.84054152	35.54510178	-21.7938525	LampedusaN
12.51266456	35.644189	-19.0546118	LampedusaN
13.44546187	35.29688383	-6.3718798	LampedusaN
13.57835049	35.29669211	-21.7938525	LampedusaN
14.16499946	35.16944034	-21.7938525	LampedusaN
13.63265106	35.22139855	-3.6445703	LampedusaN
13.80882174	35.21332881	-16.1285341	LampedusaN
14.00626224	35.13954924	-5.4197773	LampedusaN
12.24901989	35.71756039	-14.8166347	LampedusaN
12.72696007	35.5391141	-8.3382646	LampedusaN
12.808192	35.51911872	-10.6728105	LampedusaN
13.13543583	35.42670773	-16.8953339	LampedusaN
12.76144177	35.57187983	-21.7939404	LampedusaN
13.56343253	35.27030241	-12.3969263	LampedusaN
13.31760545	35.33816714	-6.7105195	LampedusaN
14.282299	35.1032894	-3.0000009	LampedusaN
14.38944509	35.10859449	-7.9774345	LampedusaN
12.51103694	35.65097985	-21.0142011	LampedusaN
13.91252633	35.164936	-8.4546213	LampedusaN
13.50614684	35.26344821	-3.8000244	LampedusaN
13.97636121	35.14704484	-6.1934868	LampedusaN
12.57089558	35.60751257	-12.6105597	LampedusaN
12.57404909	35.58794339	-6.838058	LampedusaN
13.69850007	35.22372142	-10.2459269	LampedusaN
13.82640359	35.19260262	-11.1731232	LampedusaN
12.351511	35.66469525	-9.9977731	LampedusaN
12.55716241	35.58008354	-3.0000009	LampedusaN
13.7320432	35.2456782	-19.8351503	LampedusaN
14.36998488	35.13590653	-15.5867409	LampedusaN
14.15358384	35.16851473	-21.0215429	LampedusaN
13.441303	35.28888791	-3.5285829	LampedusaN
13.5291771	35.30019523	-17.3339833	LampedusaN
13.56701269	35.29723893	-20.9481279	LampedusaN
12.77765141	35.53040937	-10.9580214	LampedusaN
12.4559113	35.60891751	-3.4257988	LampedusaN
12.85187249	35.53476587	-19.8381171	LampedusaN
14.27318798	35.14291039	-16.2195663	LampedusaN
13.73866432	35.23475143	-17.0043564	LampedusaN
12.8780129	35.52108616	-18.3877617	LampedusaN
12.30052096	35.66263691	-3.9059218	LampedusaN
14.24807669	35.16039833	-21.7938525	LampedusaN
12.70100212	35.53471438	-4.2427079	LampedusaN
13.45821337	35.32422259	-15.9193115	LampedusaN
13.9691831	35.1534587	-7.8540995	LampedusaN
12.3707648	35.63438791	-3.0000009	LampedusaN
13.79585221	35.21281597	-14.9098701	LampedusaN
13.20398398	35.36199215	-3.3639619	LampedusaN
12.75272705	35.56839977	-19.855957	LampedusaN
14.00345942	35.151055	-8.9435502	LampedusaN
13.28694118	35.39716895	-21.7938525	LampedusaN
14.45561464	35.14025215	-21.7938525	LampedusaN
14.37306638	35.14593416	-18.9564208	LampedusaN
14.31454151	35.10482656	-3.9191347	LampedusaN
12.47816382	35.6209761	-9.0066913	LampedusaN
12.58954352	35.59072734	-9.0696867	LampedusaN
14.43113131	35.08763415	-3.6464062	LampedusaN
12.96745985	35.45842114	-10.2422404	LampedusaN
13.16067894	35.37789118	-4.2847358	LampedusaN
13.19950298	35.395188	-13.0892273	LampedusaN
12.37077031	35.69447369	-20.9767607	LampedusaN
13.43655449	35.30889847	-8.8363371	LampedusaN
12.9449018	35.49288439	-17.6753554	LampedusaN
13.49390884	35.32972669	-21.7938525	LampedusaN
14.42518215	35.09887817	-6.8938515	LampedusaN
13.43990967	35.34009713	-18.3992123	LampedusaN
12.4147908	35.65103716	-12.7118579	LampedusaN
13.06137273	35.46293848	-21.2329736	LampedusaN
13.46209456	35.29107953	-6.6523203	LampedusaN
12.41787955	35.63969965	-9.6543776	LampedusaN
12.25596317	35.73504319	-20.7954296	LampedusaN
13.57327464	35.24040137	-4.1408456	LampedusaN
12.38949203	35.6472923	-8.8725305	LampedusaN
13.46084229	35.29721556	-8.3041242	LampedusaN
14.44189337	35.09963692	-8.0772778	LampedusaN
13.55833844	35.27571265	-13.595034	LampedusaN
14.4019546	35.13484372	-17.0473036	LampedusaN
13.35002136	35.36704996	-18.4667534	LampedusaN
13.64963284	35.26909673	-19.7335029	LampedusaN
13.34092365	35.38065001	-21.7939853	LampedusaN
12.2529892	35.72755577	-18.2347665	LampedusaN
12.59341647	35.60485664	-13.7124715	LampedusaN
14.13260898	35.14845365	-13.6390822	LampedusaN
13.10166102	35.4010602	-6.001164	LampedusaN
12.54788864	35.62482973	-16.0275905	LampedusaN
12.90034087	35.52096931	-20.630956	LampedusaN
13.48076718	35.27739312	-4.8632343	LampedusaN
13.12747327	35.38355651	-2.999999	LampedusaN
13.72164129	35.23014528	-14.1926108	LampedusaN
13.78681603	35.17905002	-3.7554247	LampedusaN
12.30648777	35.72026793	-21.7938525	LampedusaN
12.68757184	35.57313177	-14.2942975	LampedusaN
13.38297409	35.35085122	-16.5124872	LampedusaN
12.84279729	35.52368637	-15.5771987	LampedusaN
13.70744012	35.22199756	-10.5178812	LampedusaN
14.19857402	35.15456463	-18.3500253	LampedusaN
13.21123897	35.42021393	-21.7938476	LampedusaN
14.30630889	35.12385131	-10.2180134	LampedusaN
13.57119076	35.29107386	-19.4372792	LampedusaN
12.55753155	35.60625911	-11.1052158	LampedusaN
14.12452098	35.15241993	-14.5934577	LampedusaN
13.81996809	35.18757113	-9.0947875	LampedusaN
12.66755088	35.5877153	-16.513954	LampedusaN
12.34013934	35.7081973	-21.7938525	LampedusaN
13.18699129	35.38079623	-7.5604457	LampedusaN
13.0119721	35.45858028	-15.4186264	LampedusaN
12.89037738	35.46704517	-3.5667529	LampedusaN
14.28146681	35.15916622	-21.7938525	LampedusaN
13.26061318	35.34345684	-3.0000009	LampedusaN
13.14862458	35.42105295	-16.3656591	LampedusaN
12.56163375	35.63978987	-21.7938515	LampedusaN
13.88686681	35.21100821	-21.7938525	LampedusaN
14.09232528	35.15675111	-14.6720099	LampedusaN
13.44668989	35.34171809	-19.6817084	LampedusaN
13.54747273	35.25411316	-5.9952704	LampedusaN
14.32724026	35.14048726	-16.0778784	LampedusaN
12.29910472	35.66936957	-5.7684223	LampedusaN
13.96913213	35.13827623	-3.0000009	LampedusaN
13.82051903	35.17113881	-4.0718378	LampedusaN
14.02880477	35.1719048	-16.977934	LampedusaN
12.41515064	35.62177305	-3.9866542	LampedusaN
12.51073999	35.59433359	-3.5109579	LampedusaN
12.83384829	35.52023637	-13.6258679	LampedusaN
12.9898558	35.44456015	-8.8466498	LampedusaN
12.45178208	35.64371311	-13.8182109	LampedusaN
12.99706773	35.43975624	-8.2975175	LampedusaN
14.4657511	35.12347486	-17.0183046	LampedusaN
13.58137833	35.25238683	-8.5265673	LampedusaN
12.88365687	35.47384189	-4.7619238	LampedusaN
14.01639084	35.15284496	-10.2173513	LampedusaN
13.3222846	35.37207009	-17.458187	LampedusaN
13.83321563	35.20483117	-15.5023166	LampedusaN
14.26735644	35.15177866	-19.1318808	LampedusaN
12.96864882	35.4684123	-13.3204684	LampedusaN
13.59424291	35.23053177	-3.0000009	LampedusaN
12.51174721	35.60268327	-6.1710952	LampedusaN
13.13539485	35.43561014	-19.6098046	LampedusaN
13.39822272	35.30202648	-3.0000009	LampedusaN
12.92573041	35.48497211	-13.0591154	LampedusaN
12.58494866	35.61725597	-16.7929257	LampedusaN
14.37260209	35.10999353	-7.4752861	LampedusaN
13.29605081	35.38182857	-17.9770854	LampedusaN
13.74544851	35.23808014	-18.5856835	LampedusaN
12.2404039	35.68420504	-3.9081259	LampedusaN
12.38865965	35.68292871	-19.4442534	LampedusaN
13.64944323	35.21436986	-3.0000009	LampedusaN
13.03108719	35.43960463	-11.3588596	LampedusaN
14.07458028	35.16085864	-15.2747348	LampedusaN
13.71516476	35.2470308	-18.8574218	LampedusaN
14.45214364	35.13673479	-20.4771816	LampedusaN
12.43238784	35.67259588	-21.0539931	LampedusaN
14.01305219	35.13567314	-4.5508627	LampedusaN
13.58561994	35.2459699	-6.9452402	LampedusaN
12.60122449	35.58705948	-9.2225392	LampedusaN
12.58569267	35.59092179	-8.7321838	LampedusaN
13.71399117	35.23823006	-16.0621076	LampedusaN
12.83771823	35.53608932	-18.7927089	LampedusaN
12.54689803	35.59478322	-6.6750795	LampedusaN
13.02715205	35.41556023	-3.6607216	LampedusaN
13.70726749	35.25896221	-21.7938281	LampedusaN
13.92340579	35.1842847	-15.2273828	LampedusaN
13.68878433	35.26437642	-21.7938554	LampedusaN
13.98290634	35.13594025	-3.0000009	LampedusaN
13.64963829	35.24098369	-11.1459603	LampedusaN
12.4526684	35.63878223	-12.3704977	LampedusaN
13.32308979	35.34185957	-8.3372697	LampedusaN
13.58863831	35.29168561	-21.1830527	LampedusaN
12.24883908	35.6982528	-9.0177036	LampedusaN
13.45010065	35.34559096	-21.2255722	LampedusaN
12.72379405	35.54671591	-10.2723442	LampedusaN
12.82106774	35.55169823	-21.7938525	LampedusaN
12.42551752	35.65754121	-15.8123227	LampedusaN
13.88337487	35.20237627	-18.8455766	LampedusaN
12.46358045	35.65587983	-18.5592538	LampedusaN
12.44598948	35.66772954	-20.7469716	LampedusaN
13.43882099	35.32247957	-13.0941346	LampedusaN
13.8653373	35.15776477	-3.6107812	LampedusaN
14.20988945	35.12942877	-10.6548212	LampedusaN
13.84078753	35.1622857	-3.0000009	LampedusaN
13.81041121	35.19456564	-10.4705563	LampedusaN
12.95976206	35.45600104	-8.6109924	LampedusaN
14.20387121	35.11233752	-4.855893	LampedusaN
12.67873301	35.59813474	-20.8277314	LampedusaN
12.73994658	35.57945666	-21.7938505	LampedusaN
13.31815827	35.33026066	-4.3508945	LampedusaN
12.46319704	35.63180129	-11.0960395	LampedusaN
12.28570959	35.72580345	-21.2208603	LampedusaN
13.51096854	35.29014966	-12.2119241	LampedusaN
12.55827437	35.61450416	-13.7110278	LampedusaN
12.76786272	35.54724602	-15.0295344	LampedusaN
12.4171722	35.62685833	-5.7251181	LampedusaN
14.44808488	35.10464953	-10.0234682	LampedusaN
13.8764525	35.15590718	-3.6181464	LampedusaN
14.05225599	35.13274193	-5.2222255	LampedusaN
13.40108845	35.33256293	-12.5760552	LampedusaN
13.63996606	35.22432815	-5.1935952	LampedusaN
13.27217739	35.40169541	-21.7938525	LampedusaN
14.34979405	35.1262962	-11.5833882	LampedusaN
14.12835976	35.13182389	-8.0625937	LampedusaN
13.12132142	35.43162354	-17.1159633	LampedusaN
13.30093553	35.34028461	-5.7973935	LampedusaN
14.41112199	35.10215859	-7.1471279	LampedusaN
12.61806496	35.57827544	-8.3955219	LampedusaN
14.34172275	35.10694314	-4.9699091	LampedusaN
12.5790116	35.57415242	-3.0000009	LampedusaN
13.47371919	35.32752428	-18.7383828	LampedusaN
12.64456114	35.6135838	-21.7938525	LampedusaN
14.04536154	35.18463041	-21.7938525	LampedusaN
12.44625041	35.67105032	-21.7938476	LampedusaN
12.42304812	35.64163357	-10.7759744	LampedusaN
13.41561615	35.35845065	-21.7938525	LampedusaN
12.86163441	35.50662037	-12.3624216	LampedusaN
12.44203835	35.66123696	-18.4127919	LampedusaN
12.80419072	35.55491903	-21.042832	LampedusaN
13.44588034	35.32565461	-14.8679416	LampedusaN
12.88245758	35.49482393	-10.9374661	LampedusaN
13.14102608	35.44108984	-21.7938525	LampedusaN
14.36402845	35.14979772	-19.6795444	LampedusaN
13.94091444	35.16390744	-9.6622734	LampedusaN
14.07058412	35.14609195	-10.3134511	LampedusaN
14.05241387	35.14030755	-7.6859838	LampedusaN
13.59821953	35.26620788	-14.2542875	LampedusaN
14.4691753	35.11784924	-15.4186254	LampedusaN
12.78751054	35.50063413	-3.0000009	LampedusaN
13.42249235	35.29680486	-3.6108066	LampedusaN
13.92813718	35.19822854	-19.9405292	LampedusaN
13.23012376	35.39148752	-14.7660683	LampedusaN
12.76452264	35.55650011	-17.4756718	LampedusaN
12.62692539	35.58948346	-12.6964531	LampedusaN
13.23987053	35.37905719	-11.8940537	LampedusaN
13.53736215	35.30050032	-18.4006806	LampedusaN
12.73808671	35.55788258	-15.1421977	LampedusaN
13.34972679	35.32321593	-5.0636533	LampedusaN
13.04500716	35.40808614	-3.0000009	LampedusaN
14.22017822	35.15572599	-19.6211791	LampedusaN
12.66278511	35.603429	-20.7051308	LampedusaN
12.64834589	35.54940725	-3.0000009	LampedusaN
13.31020488	35.35255645	-10.394554	LampedusaN
13.91950038	35.14863372	-3.6221806	LampedusaN
12.4304024	35.66011796	-17.0953896	LampedusaN
13.7200951	35.24425672	-18.4229321	LampedusaN
13.33868899	35.36147797	-15.7387399	LampedusaN
12.52769781	35.64594592	-20.8541601	LampedusaN
13.54268445	35.26077589	-7.3783803	LampedusaN
12.8050181	35.5339718	-14.8204887	LampedusaN
13.26742516	35.40025414	-20.9121581	LampedusaN
13.05135764	35.45877075	-19.0511245	LampedusaN
12.66605278	35.57823361	-13.5172158	LampedusaN
14.01289314	35.1326255	-3.5638144	LampedusaN
13.68883112	35.20282749	-3.0000156	LampedusaN
12.35354996	35.69542702	-19.4123193	LampedusaN
13.1669976	35.43018487	-20.821124	LampedusaN
13.64236851	35.25465774	-14.6727443	LampedusaN
14.14832645	35.13773576	-10.8071573	LampedusaN
13.2130764	35.37449255	-8.0066083	LampedusaN
13.71064023	35.23666226	-15.2867187	LampedusaN
13.53953078	35.30976796	-21.3797997	LampedusaN
14.33460009	35.12279458	-10.2158078	LampedusaN
14.24269151	35.12357118	-9.3326467	LampedusaN
13.85266909	35.17675643	-8.434788	LampedusaN
13.38838051	35.32010372	-7.6213788	LampedusaN
14.42420343	35.14580478	-21.7938525	LampedusaN
13.66224582	35.24932059	-14.8203056	LampedusaN
13.79191008	35.17525027	-3.0000009	LampedusaN
14.44469996	35.08626057	-3.9734638	LampedusaN
13.99756782	35.1863631	-19.9078598	LampedusaN
12.42825431	35.62571426	-6.2977338	LampedusaN
12.72865693	35.57350167	-18.8037202	LampedusaN
13.18066524	35.36773511	-3.0000038	LampedusaN
12.52939219	35.61662217	-11.9476351	LampedusaN
14.14093774	35.16075706	-17.9792885	LampedusaN
12.92978272	35.4948585	-16.4493508	LampedusaN
14.26961371	35.1059948	-3.7524892	LampedusaN
12.65976321	35.59907954	-19.0804902	LampedusaN
12.53990845	35.61964878	-13.761316	LampedusaN
13.94838795	35.1850005	-16.8083432	LampedusaN
14.16270881	35.15172079	-15.9435317	LampedusaN
13.55070799	35.24326696	-3.0000009	LampedusaN
12.29209285	35.68739199	-10.4088886	LampedusaN
13.10446053	35.42585245	-13.8233892	LampedusaN
13.19306843	35.38429681	-9.1806799	LampedusaN
14.11848641	35.12101416	-4.1445165	LampedusaN
12.7076245	35.55013001	-9.5616967	LampedusaN
14.22070207	35.16050193	-21.1940595	LampedusaN
13.07840665	35.3981492	-3.0000009	LampedusaN
12.9913775	35.45033726	-10.7260351	LampedusaN
13.74947872	35.21179221	-10.8038538	LampedusaN
14.21944037	35.1340823	-12.5613722	LampedusaN
12.90756905	35.48458534	-10.7759567	LampedusaN
13.04718985	35.41907414	-6.5524785	LampedusaN
13.18355688	35.41374457	-17.3053525	LampedusaN
12.97992896	35.48524225	-19.6149404	LampedusaN
13.6988847	35.21511362	-7.6514692	LampedusaN
13.15223957	35.43036144	-19.5356537	LampedusaN
13.32009662	35.38699979	-21.7938398	LampedusaN
12.79355448	35.54065997	-15.6652944	LampedusaN
13.3601953	35.34418849	-12.4127106	LampedusaN
12.37094156	35.67433018	-14.9678666	LampedusaN
12.30653444	35.67706388	-8.8684909	LampedusaN
12.86807544	35.47714434	-4.1496728	LampedusaN
13.58947175	35.2402307	-5.5362519	LampedusaN
13.26413445	35.35019776	-5.3785966	LampedusaN
13.87890986	35.19133657	-15.0750522	LampedusaN
12.88698255	35.48216064	-7.6045014	LampedusaN
13.33697072	35.32024487	-2.9999892	LampedusaN
12.47824737	35.66238814	-21.7938525	LampedusaN
12.80730765	35.5246068	-12.2346825	LampedusaN
12.60176033	35.62324037	-20.1052206	LampedusaN
12.87291582	35.51285059	-15.3889157	LampedusaN
14.01222102	35.16551694	-14.039914	LampedusaN
12.5896814	35.58691406	-7.9418696	LampedusaN
12.99538767	35.47754095	-19.1994199	LampedusaN
13.91028429	35.19760882	-18.776558	LampedusaN
14.16395534	35.14595438	-14.1221431	LampedusaN
13.13419301	35.4410461	-21.1606747	LampedusaN
13.28504776	35.36114149	-10.6581298	LampedusaN
12.34889109	35.70297925	-21.17204	LampedusaN
13.77241717	35.23933534	-21.1764443	LampedusaN
13.78435509	35.22057647	-16.3641909	LampedusaN
12.9143166	35.47785728	-9.6042775	LampedusaN
12.8831038	35.47786813	-5.9013036	LampedusaN
12.68895515	35.58685056	-18.54604	LampedusaN
12.51191844	35.63143801	-15.0574299	LampedusaN
13.2087916	35.39631393	-14.2762995	LampedusaN
13.20209646	35.37067213	-5.8425536	LampedusaN
13.33689756	35.36843727	-17.7011777	LampedusaN
14.22943793	35.13731363	-13.793251	LampedusaN
14.41373958	35.11580657	-11.6437034	LampedusaN
13.20437349	35.40412709	-16.2599504	LampedusaN
13.21564183	35.40618154	-17.9094257	LampedusaN
14.0308954	35.17706356	-18.7398437	LampedusaN
13.08762992	35.44397163	-17.8258525	LampedusaN
13.43003113	35.31554721	-10.0124533	LampedusaN
14.41377673	35.08867409	-2.9999999	LampedusaN
13.31514812	35.33393137	-5.1938881	LampedusaN
13.97630549	35.18003695	-16.7338276	LampedusaN
13.96711604	35.14411847	-4.7575195	LampedusaN
14.22468722	35.11091431	-4.850769	LampedusaN
13.6462209	35.27683917	-21.7938525	LampedusaN
13.3551937	35.35837272	-16.287456	LampedusaN
12.423353	35.647849	-12.678838	LampedusaN
12.96119778	35.49693951	-20.8145165	LampedusaN
13.85345301	35.21985934	-21.7938544	LampedusaN
13.50682424	35.28073422	-8.9538339	LampedusaN
12.89984239	35.49098001	-11.7329024	LampedusaN
14.04857981	35.15506204	-12.3205771	LampedusaN
13.81925577	35.18179041	-7.2535771	LampedusaN
12.51382796	35.59183988	-3.0000009	LampedusaN
13.78515099	35.21049023	-13.3175313	LampedusaN
13.00583455	35.45623998	-14.1471049	LampedusaN
12.79352778	35.54570664	-17.182017	LampedusaN
12.82953165	35.4890802	-3.8082831	LampedusaN
13.77384623	35.24095775	-21.7938535	LampedusaN
12.96736093	35.47452661	-14.9634619	LampedusaN
13.47542263	35.29183682	-8.4648998	LampedusaN
12.75926458	35.56795803	-20.3910029	LampedusaN
12.89375251	35.47889583	-7.4532617	LampedusaN
12.53647795	35.58569628	-3.0000009	LampedusaN
12.78964408	35.53488215	-13.5271264	LampedusaN
13.97283263	35.19645654	-21.7938525	LampedusaN
13.54839191	35.25101843	-5.1612929	LampedusaN
13.5290261	35.28778641	-13.6739539	LampedusaN
13.92565906	35.14564363	-3.0000009	LampedusaN
13.74116274	35.24961081	-21.7938525	LampedusaN
12.46404555	35.61266339	-5.2615019	LampedusaN
13.35890259	35.36166381	-17.6283657	LampedusaN
14.20595454	35.15787612	-19.730933	LampedusaN
13.88574003	35.2082228	-20.8424101	LampedusaN
13.27806547	35.3501946	-6.6772812	LampedusaN
13.33030008	35.38207817	-21.2499462	LampedusaN
13.55283356	35.26742358	-10.5410334	LampedusaN
12.54803595	35.63102004	-17.9499218	LampedusaN
12.99086474	35.47055252	-16.6049872	LampedusaN
13.22826609	35.38542094	-12.7478173	LampedusaN
14.08464776	35.17964866	-21.7938515	LampedusaN
12.54646526	35.63700144	-19.6641274	LampedusaN
13.43690689	35.33263621	-15.8503039	LampedusaN
12.81206556	35.49565129	-4.0042968	LampedusaN
12.50320873	35.62846337	-13.4111346	LampedusaN
13.56659316	35.28742581	-17.911747	LampedusaN
14.02405282	35.15852377	-12.4383839	LampedusaN
14.37840773	35.15389252	-21.7938564	LampedusaN
12.64881116	35.60081708	-18.4285781	LampedusaN
14.35057702	35.12191004	-10.1181638	LampedusaN
13.05513123	35.41206838	-5.1348642	LampedusaN
13.2475362	35.40223108	-19.6589882	LampedusaN
13.79104678	35.23640173	-21.7938515	LampedusaN
