19.25521101	41.59000001	-2.0000005	Lushnje
19.5345364	40.94756157	-2.0000005	Lushnje
19.6521701	41.12584933	-12.364845	Lushnje
19.5635886	41.32800421	-13.4591743	Lushnje
19.26079621	41.59136311	-2.3492451	Lushnje
19.58305081	41.14373678	-9.124257	Lushnje
19.46117981	41.46948832	-11.6535542	Lushnje
19.58191163	41.10259997	-7.7894035	Lushnje
19.61800051	41.02576101	-8.3850432	Lushnje
19.50289928	41.29601278	-9.1462815	Lushnje
19.27561893	41.59498003	-3.2760859	Lushnje
19.58745834	40.96186242	-5.328739	Lushnje
19.55480051	41.13759296	-7.3778232	Lushnje
19.51593732	41.17086651	-6.2588777	Lushnje
19.61380635	41.18571074	-12.1322961	Lushnje
19.31562855	41.51026421	-4.4950859	Lushnje
19.50143791	41.32472149	-9.9232797	Lushnje
19.61329368	41.11196211	-9.7908442	Lushnje
19.49034418	41.50552317	-14.2529131	Lushnje
19.54061358	41.04612354	-4.5434858	Lushnje
19.66601217	41.0162416	-10.9242073	Lushnje
19.53480848	41.45537478	-15.4324814	Lushnje
19.59018971	41.27417134	-13.3512959	Lushnje
19.29205357	41.59898903	-4.3036719	Lushnje
19.46759641	41.52400755	-13.5203774	Lushnje
19.32632166	41.48840896	-4.6596328	Lushnje
19.69666682	40.935284	-11.8460188	Lushnje
19.54393191	41.35263906	-13.0643242	Lushnje
19.61807545	41.03980211	-8.7766911	Lushnje
19.58267998	41.06683921	-7.3282807	Lushnje
19.47885412	41.49500173	-13.3065093	Lushnje
19.37802094	41.30487223	-2.5037305	Lushnje
19.35063435	41.34903093	-2.0000005	Lushnje
19.30687769	41.60260411	-5.2305149	Lushnje
19.64487587	41.06581392	-10.9930742	Lushnje
19.41392805	41.28638903	-3.9368994	Lushnje
19.67129149	41.19013555	-15.4324927	Lushnje
19.71694319	41.01339383	-13.7927456	Lushnje
19.32159497	41.60619211	-6.1506394	Lushnje
19.55823573	41.34889304	-13.7870181	Lushnje
19.45139288	41.14756781	-2.0000776	Lushnje
19.27845162	41.52229968	-2.5996235	Lushnje
19.53585031	41.28532628	-10.6563584	Lushnje
19.40128438	41.30372002	-3.7558789	Lushnje
19.33033196	41.56161705	-6.2370598	Lushnje
19.46531605	41.42759338	-10.8050027	Lushnje
19.33405683	41.60922943	-6.9297234	Lushnje
19.32785011	41.40492973	-2.4835791	Lushnje
19.56001887	41.02226641	-5.04456	Lushnje
19.41716662	41.31444725	-4.9551626	Lushnje
19.64218086	41.20942665	-14.388061	Lushnje
19.57443393	40.95292106	-4.4752549	Lushnje
19.5033177	41.22435013	-7.0822587	Lushnje
19.34845302	41.61273734	-7.8297009	Lushnje
19.64267554	40.90284163	-8.3401353	Lushnje
19.3750586	41.56463463	-8.9177579	Lushnje
19.53665086	41.1584795	-7.0354853	Lushnje
19.40569927	41.54468728	-10.385371	Lushnje
19.50139848	41.23672702	-7.3334901	Lushnje
19.56604402	41.10760889	-7.0552338	Lushnje
19.60436995	41.15169509	-10.5464216	Lushnje
19.55235548	41.39828215	-14.6264585	Lushnje
19.67098559	41.07564578	-12.6839294	Lushnje
19.53378588	41.23957686	-9.2151413	Lushnje
19.46961536	41.55672247	-14.3090947	Lushnje
19.3372718	41.49108261	-5.3446911	Lushnje
19.36994098	41.61797146	-9.1729503	Lushnje
19.62440314	41.10343035	-10.3174879	Lushnje
19.35015679	41.49454432	-6.1575303	Lushnje
19.55357946	41.04765016	-5.3334983	Lushnje
19.60046783	41.04844934	-8.0297218	Lushnje
19.67406833	41.12512928	-13.5653745	Lushnje
19.59897883	41.26089863	-13.4549448	Lushnje
19.5970484	41.11333845	-8.9403996	Lushnje
19.45053683	41.37513736	-8.2998808	Lushnje
19.69246981	41.03232486	-12.7875444	Lushnje
19.69914815	40.9534351	-12.1096069	Lushnje
19.60012468	40.89111781	-5.661821	Lushnje
19.62659491	41.17859053	-12.6125264	Lushnje
19.43691571	41.36788511	-7.3476647	Lushnje
19.48632092	41.16343259	-4.3977036	Lushnje
19.39282713	41.6235438	-10.60351	Lushnje
19.49051414	41.2240572	-6.3615185	Lushnje
19.37383325	41.40166699	-4.9654797	Lushnje
19.47530201	41.50264454	-13.3352568	Lushnje
19.63644459	41.24410881	-15.0572217	Lushnje
19.46355055	41.24161733	-5.3730058	Lushnje
19.4135657	41.62859111	-11.8997451	Lushnje
19.35326988	41.52134238	-6.8885488	Lushnje
19.42968019	41.20750286	-2.5021968	Lushnje
19.26908338	41.5192237	-2.0009433	Lushnje
19.3987736	41.34894814	-4.7318147	Lushnje
19.64159984	40.9801173	-8.7565402	Lushnje
19.74032845	41.00782121	-15.0185185	Lushnje
19.42696859	41.39264016	-7.5778457	Lushnje
19.49120661	41.38506287	-10.8451968	Lushnje
19.47235604	41.59467637	-15.0941416	Lushnje
19.63625681	40.98116219	-8.4665778	Lushnje
19.30829129	41.52795698	-4.438102	Lushnje
19.46923338	41.29030068	-7.1130651	Lushnje
19.5465503	41.06649629	-5.1834631	Lushnje
19.43247863	41.63319238	-13.0818042	Lushnje
19.51485255	41.49890348	-15.4324648	Lushnje
19.47183972	41.33651442	-8.5862619	Lushnje
19.36219485	41.50656191	-7.0974342	Lushnje
19.57852559	41.01689031	-5.9317317	Lushnje
19.41381604	41.57835225	-11.40402	Lushnje
19.35985922	41.32702586	-1.9999927	Lushnje
19.6264413	41.19086034	-12.983064	Lushnje
19.43438842	41.23606301	-3.591957	Lushnje
19.43758855	41.6166331	-13.255376	Lushnje
19.4663573	41.14726704	-2.8189936	Lushnje
19.44000965	41.55440124	-12.5586086	Lushnje
19.42097164	41.4919832	-10.0132728	Lushnje
19.66511987	41.06018687	-11.9707917	Lushnje
19.44795364	41.636956	-14.0489438	Lushnje
19.38787789	41.31154892	-3.2233218	Lushnje
19.52328633	41.4508857	-14.668313	Lushnje
19.4461423	41.51594507	-12.114665	Lushnje
19.49943602	41.19279839	-5.9659426	Lushnje
19.47601739	41.60300802	-15.4326352	Lushnje
19.37696422	41.34365058	-3.3671772	Lushnje
19.60504408	40.99177264	-6.8976338	Lushnje
19.46091784	41.45356239	-11.2277014	Lushnje
19.46160232	41.64027451	-14.9019072	Lushnje
19.47009272	41.64233839	-15.4324907	Lushnje
19.35679638	41.45641282	-5.4428242	Lushnje
19.39056178	41.36048616	-4.5455425	Lushnje
19.47736708	41.22731485	-5.7247788	Lushnje
19.50145799	41.03068772	-2.0000005	Lushnje
19.67939152	41.0022799	-11.3969267	Lushnje
19.58933126	41.00593821	-6.2954089	Lushnje
19.71467012	41.0870828	-15.4330176	Lushnje
19.47296066	41.48941501	-12.8307515	Lushnje
19.48901597	41.0815362	-2.0000005	Lushnje
19.30377563	41.56629326	-4.7415371	Lushnje
19.3654409	41.49864404	-7.12142	Lushnje
19.45386051	41.56602732	-13.5833852	Lushnje
19.58226819	41.30580218	-13.8291059	Lushnje
19.404191	41.25540205	-2.4758027	Lushnje
19.53458326	41.0311222	-3.8654228	Lushnje
19.45191902	41.32294161	-7.1312103	Lushnje
19.42011747	41.56243707	-11.5415493	Lushnje
19.41095552	41.4143282	-7.4031531	Lushnje
19.36538683	41.33362293	-2.4709736	Lushnje
19.4500311	41.38871554	-8.7118425	Lushnje
19.56788595	41.39507961	-15.43256	Lushnje
19.70093158	40.91976344	-12.011821	Lushnje
19.36997793	41.30290401	-2.0000005	Lushnje
19.47309007	41.11782421	-2.2636128	Lushnje
19.60196472	41.25181503	-13.3576562	Lushnje
19.58740294	41.09721713	-8.0383247	Lushnje
19.52863105	41.03903741	-3.732791	Lushnje
19.43960957	41.27231216	-4.9361614	Lushnje
19.30740214	41.59650687	-5.2120432	Lushnje
19.63249047	41.26489555	-15.432498	Lushnje
19.63148109	41.0331028	-9.3423511	Lushnje
19.60171265	41.31029331	-15.0388071	Lushnje
19.33919786	41.51180163	-5.8824956	Lushnje
19.73162648	40.92072609	-13.8974101	Lushnje
19.60339529	41.2426526	-13.1758408	Lushnje
19.56132911	41.06828079	-6.0840481	Lushnje
19.52250697	41.34017773	-11.5505168	Lushnje
19.53155914	40.96024595	-1.9996333	Lushnje
19.45872288	41.20232169	-3.9712305	Lushnje
19.49057696	41.4874137	-13.7702007	Lushnje
19.35123761	41.39973927	-3.6656787	Lushnje
19.44778058	41.49231149	-11.5069204	Lushnje
19.60936713	41.02062515	-7.760845	Lushnje
19.45718684	41.59506714	-14.205897	Lushnje
19.69723959	41.05722954	-13.6867305	Lushnje
19.59349436	41.33868793	-15.4324907	Lushnje
19.75249421	40.96271424	-15.4324243	Lushnje
19.29935426	41.56044233	-4.3942729	Lushnje
19.56439126	41.16396378	-8.7330528	Lushnje
19.43834183	41.19668988	-2.6758667	Lushnje
19.65810362	41.03170606	-10.7982307	Lushnje
19.53522286	41.40297787	-13.8323525	Lushnje
19.38248299	41.52830891	-8.7124605	Lushnje
19.49263191	41.43868478	-12.6284609	Lushnje
19.38402076	41.29408924	-2.5129507	Lushnje
19.45039371	41.40936653	-9.4004507	Lushnje
19.49727793	41.08187465	-2.4835698	Lushnje
19.333313	41.47845708	-4.7620557	Lushnje
19.43213715	41.18512136	-1.9999956	Lushnje
19.46453135	41.6062871	-14.8012016	Lushnje
19.32719097	41.53256931	-5.6200222	Lushnje
19.58152187	41.36245861	-15.4326426	Lushnje
19.67241122	40.99024691	-10.7392495	Lushnje
19.38092349	41.55194735	-9.0768481	Lushnje
19.63926685	41.19355498	-13.7741567	Lushnje
19.33878238	41.36931169	-2.0000005	Lushnje
19.58880935	41.18882308	-10.8289272	Lushnje
19.62613786	41.18647774	-12.8353037	Lushnje
19.54358359	41.20723795	-8.835878	Lushnje
19.61914097	41.00123108	-7.9096069	Lushnje
19.63151059	41.11641591	-10.9326055	Lushnje
19.37043553	41.39186032	-4.4614897	Lushnje
19.68821588	41.10355998	-14.0982739	Lushnje
19.71876245	40.96068865	-13.3553652	Lushnje
19.55261159	41.26103153	-10.8830737	Lushnje
19.75579846	40.92968402	-15.4324902	Lushnje
19.31030403	41.48513002	-3.6709453	Lushnje
19.73389254	41.03490297	-15.2242871	Lushnje
19.68908886	40.98829409	-11.7133716	Lushnje
19.53224091	41.43623605	-14.7459394	Lushnje
19.68532625	40.90402761	-10.9594714	Lushnje
19.45436555	41.25599925	-5.2800359	Lushnje
19.67094817	41.12605256	-13.4041836	Lushnje
19.73791413	41.03381651	-15.4325386	Lushnje
19.74754752	41.00772943	-15.4324907	Lushnje
19.482161	41.09354516	-2.0000005	Lushnje
19.4386706	41.26291005	-4.6086401	Lushnje
19.61842627	40.97986612	-7.4131627	Lushnje
19.459781	41.51926752	-12.9676284	Lushnje
19.35443215	41.57448	-7.847738	Lushnje
19.5437377	41.23262881	-9.568524	Lushnje
19.395603	41.47961486	-8.2434623	Lushnje
19.54121617	41.39725777	-13.9751616	Lushnje
19.34206719	41.53738041	-6.5721553	Lushnje
19.31241187	41.45391759	-2.8809717	Lushnje
19.40097579	41.47622845	-8.4408572	Lushnje
19.41932014	41.21004798	-1.999855	Lushnje
19.63725489	41.25568958	-15.432292	Lushnje
19.67491117	41.09829117	-13.2358613	Lushnje
19.44672322	41.53242948	-12.4924192	Lushnje
19.50090611	41.08445031	-2.7455034	Lushnje
19.47982669	41.35172815	-9.4012638	Lushnje
19.55589967	41.18005795	-8.7465844	Lushnje
19.5885928	41.29002343	-13.7219018	Lushnje
19.40335683	41.50955131	-9.5281153	Lushnje
19.65585035	41.20308166	-14.9688906	Lushnje
19.35917468	41.55528708	-7.8436881	Lushnje
19.58944727	40.97093887	-5.5566692	Lushnje
19.65648549	40.9860234	-9.7334873	Lushnje
19.40553231	41.49785533	-9.3323921	Lushnje
19.68874069	41.01047834	-12.1088408	Lushnje
19.69682083	41.08871969	-14.3981445	Lushnje
19.75041159	40.92494271	-15.0735903	Lushnje
19.5431275	41.09310659	-5.3581225	Lushnje
19.50981032	41.03273639	-2.523917	Lushnje
19.73167499	40.91537968	-13.8676055	Lushnje
19.38620565	41.6043748	-10.0455372	Lushnje
19.47675076	41.5682751	-14.9576528	Lushnje
19.52630259	41.03677969	-3.5581977	Lushnje
19.62534269	41.05016474	-9.4688829	Lushnje
19.3216384	41.42252882	-2.5889302	Lushnje
19.51886051	41.41438709	-13.3067988	Lushnje
19.45004722	41.52055816	-12.439989	Lushnje
19.60487464	41.16325181	-10.9367998	Lushnje
19.47836173	41.47769192	-12.8320488	Lushnje
19.70208721	41.04516575	-13.6255644	Lushnje
19.25601565	41.58409925	-2	Lushnje
19.55821301	41.17149098	-8.6296393	Lushnje
19.26291229	41.58489766	-2.4239634	Lushnje
19.52549857	40.97660261	-2.0000224	Lushnje
19.62644637	40.95886889	-7.6953779	Lushnje
19.50117639	41.20782487	-6.4917187	Lushnje
19.48975425	41.42915723	-12.1938193	Lushnje
19.50152509	41.12127643	-3.9357475	Lushnje
19.51790424	41.31759466	-10.6211401	Lushnje
19.4449515	41.16013448	-1.9999883	Lushnje
19.70798196	41.08123911	-14.9489204	Lushnje
19.61941149	41.07412349	-9.6069344	Lushnje
19.50986189	41.50888364	-15.4324907	Lushnje
19.70331611	41.13395627	-15.4324907	Lushnje
19.64707752	41.02050381	-9.9259816	Lushnje
19.45062307	41.37195324	-8.2229547	Lushnje
19.44181313	41.32493485	-6.6053369	Lushnje
19.45709621	41.43597888	-10.5587993	Lushnje
19.44811861	41.17221947	-2.5213232	Lushnje
19.54636262	40.91777361	-2.5345786	Lushnje
19.35004562	41.47274161	-5.5190056	Lushnje
19.4052956	41.37296625	-5.7554255	Lushnje
19.27524652	41.52926785	-2.5129209	Lushnje
19.64917763	41.05469999	-10.9275727	Lushnje
19.4656493	41.3262961	-7.9908885	Lushnje
19.54936977	41.00794046	-4.0530654	Lushnje
19.6220351	40.89340804	-7.0178747	Lushnje
19.54814906	41.03718305	-4.7916423	Lushnje
19.68110175	41.12102684	-13.9238525	Lushnje
19.57484199	41.20234293	-10.4366531	Lushnje
19.50060734	41.15848128	-5.0523804	Lushnje
19.60772375	41.28848816	-14.7400845	Lushnje
19.34264045	41.53016995	-6.4591494	Lushnje
19.55254381	41.36709572	-13.8965615	Lushnje
19.46837761	41.15917148	-3.2768877	Lushnje
19.26093619	41.55164282	-2.0002729	Lushnje
19.63834164	40.89250951	-8.0110392	Lushnje
19.67358851	41.07283437	-12.792989	Lushnje
19.66510015	41.08731324	-12.499542	Lushnje
19.41087981	41.53103629	-10.4020168	Lushnje
19.39041155	41.50235991	-8.6289766	Lushnje
19.52595313	41.39184666	-12.9742993	Lushnje
19.57834433	40.91500122	-4.4753857	Lushnje
19.35613651	41.4290675	-4.6990913	Lushnje
19.48569988	41.54727138	-15.0397793	Lushnje
19.42056384	41.60393965	-12.1211706	Lushnje
19.34113911	41.56728757	-6.9582246	Lushnje
19.60294366	41.2187289	-12.4685254	Lushnje
19.65974761	41.2117481	-15.4325283	Lushnje
19.51447456	41.23505567	-8.0111493	Lushnje
19.54118882	41.04042861	-4.4917646	Lushnje
19.53544633	41.37998424	-13.2317065	Lushnje
19.39938685	41.599207	-10.800758	Lushnje
19.53389884	40.9537122	-2.0000005	Lushnje
19.54021768	41.16770418	-7.5210443	Lushnje
19.71626039	40.91160534	-12.9004658	Lushnje
19.4651833	41.36458565	-8.8754051	Lushnje
19.57049198	40.98781377	-4.8263	Lushnje
19.43621555	41.41660435	-8.8600004	Lushnje
19.63880149	41.22846033	-14.7423965	Lushnje
19.38958817	41.4721296	-7.6925809	Lushnje
19.69768889	41.12545535	-14.9686499	Lushnje
19.29344237	41.45968266	-2	Lushnje
19.36651016	41.35291399	-2.9940044	Lushnje
19.48697132	41.14716506	-3.9485264	Lushnje
19.543169	40.98371861	-3.1678364	Lushnje
19.42953389	41.47052967	-9.9000698	Lushnje
19.35301104	41.34336191	-2.0000366	Lushnje
19.63938906	41.07005021	-10.7331984	Lushnje
19.59949593	40.8829788	-5.5730425	Lushnje
19.41633493	41.26203121	-3.3424809	Lushnje
19.54374659	40.95612872	-2.6179399	Lushnje
19.42428317	41.36555379	-6.5749966	Lushnje
19.31008417	41.53175484	-4.6037568	Lushnje
19.70386384	41.13240478	-15.4324907	Lushnje
19.48646719	41.39232951	-10.821374	Lushnje
19.53892983	41.08512088	-4.9962847	Lushnje
19.62191249	41.24713173	-14.3343745	Lushnje
19.62198603	41.11240175	-10.3012792	Lushnje
19.27356677	41.57328615	-2.9730122	Lushnje
19.62462299	41.21723299	-13.632959	Lushnje
19.35896469	41.36159176	-2.8533916	Lushnje
19.73841194	40.96827174	-14.6052275	Lushnje
19.52610756	41.47435849	-15.4324907	Lushnje
19.59288176	40.93911613	-5.5168049	Lushnje
19.33507184	41.38750635	-2.3872295	Lushnje
19.64321593	41.10935675	-11.5153428	Lushnje
19.54206474	40.87402386	-2	Lushnje
19.47317334	41.61954284	-15.4324961	Lushnje
19.74394124	40.95045846	-14.8336763	Lushnje
19.60673223	41.19587515	-12.0279756	Lushnje
19.40672846	41.59221981	-11.1878074	Lushnje
19.6293028	41.12313993	-11.0220159	Lushnje
19.69957086	41.11389956	-14.9168086	Lushnje
19.57968697	40.88212002	-4.3544639	Lushnje
19.54807082	41.4307133	-15.4324907	Lushnje
19.63673383	41.02838487	-9.5061504	Lushnje
19.52155722	40.99910287	-2.2538476	Lushnje
19.25979268	41.55639123	-2.0000005	Lushnje
19.66077909	41.12188296	-12.7325596	Lushnje
19.40622561	41.36431395	-5.5260237	Lushnje
19.62864367	40.9769435	-7.9439323	Lushnje
19.4499921	41.42059104	-9.7423215	Lushnje
19.44264087	41.63012628	-13.6715747	Lushnje
19.35971183	41.34687748	-2.4636172	Lushnje
19.4234504	41.37649628	-6.862569	Lushnje
19.5666142	41.04998171	-6.1384885	Lushnje
19.54557643	41.19385665	-8.5651314	Lushnje
19.50100546	41.07186797	-2.5622759	Lushnje
19.53833436	40.91085169	-1.9997446	Lushnje
19.31643834	41.56157135	-5.4180256	Lushnje
19.49891221	41.1377277	-4.3087173	Lushnje
19.63750951	40.95030532	-8.3183075	Lushnje
19.7325236	41.04841594	-15.4321133	Lushnje
19.34102451	41.49030875	-5.5394609	Lushnje
19.70968444	41.10800779	-15.4324575	Lushnje
19.41990656	41.30589973	-4.8510461	Lushnje
19.43848234	41.51653962	-11.6918738	Lushnje
19.6389014	41.00238763	-9.0705149	Lushnje
19.59452192	41.31740824	-14.8540908	Lushnje
19.43846081	41.40439486	-8.5869166	Lushnje
19.7540183	40.94748633	-15.4324902	Lushnje
19.29397192	41.52750683	-3.5912261	Lushnje
19.5092193	41.03575129	-2.5368926	Lushnje
19.51072209	41.43866312	-13.6459287	Lushnje
19.67682963	40.98874287	-10.9661621	Lushnje
19.54524488	41.33976997	-12.7959453	Lushnje
19.53004473	41.44337119	-14.8549458	Lushnje
19.37317504	41.30893192	-2.3258086	Lushnje
19.59829716	41.18300693	-11.191479	Lushnje
19.49319043	41.33949657	-9.8699224	Lushnje
19.31999631	41.5819037	-5.8541235	Lushnje
19.39407983	41.58181111	-10.2919618	Lushnje
19.50525134	41.27442133	-8.640617	Lushnje
19.4444858	41.45305351	-10.2899455	Lushnje
19.74883422	40.99850199	-15.4324902	Lushnje
19.52041455	40.99032872	-1.9998691	Lushnje
19.53400785	41.09255958	-4.820823	Lushnje
19.55905923	40.96237298	-3.6266855	Lushnje
19.42484755	41.19932954	-1.999979	Lushnje
19.54439226	41.17385486	-7.9288592	Lushnje
19.52701294	41.19765719	-7.6399758	Lushnje
19.45443872	41.30210547	-6.6476416	Lushnje
19.47747737	41.44432143	-11.9210447	Lushnje
19.4568185	41.15334669	-2.4675967	Lushnje
19.41445436	41.43853171	-8.2251196	Lushnje
19.51781677	40.9973368	-2.0000005	Lushnje
19.47776163	41.26166084	-6.7437861	Lushnje
19.68998138	41.07684087	-13.8205659	Lushnje
19.51116801	41.01099229	-2.0000005	Lushnje
19.55671464	41.39078291	-14.6960439	Lushnje
19.62412452	41.28094188	-15.4324897	Lushnje
19.4861397	41.30385421	-8.4534718	Lushnje
19.57179392	40.96300943	-4.3775015	Lushnje
19.42715693	41.55777982	-11.8876875	Lushnje
19.51702122	41.4003041	-12.7503953	Lushnje
19.59271985	40.98703723	-6.0881687	Lushnje
19.42463996	41.5131331	-10.8255447	Lushnje
19.62811994	40.93380162	-7.6396815	Lushnje
19.50767768	41.28636668	-9.1221545	Lushnje
19.41236479	41.23449706	-2.3232285	Lushnje
19.47324062	41.53759649	-14.1239785	Lushnje
19.73929956	40.99529287	-14.8290713	Lushnje
19.56941638	41.17412487	-9.3291892	Lushnje
19.59662576	41.05802062	-8.0297265	Lushnje
19.53622517	41.31187038	-11.4636091	Lushnje
19.49049709	41.52674678	-14.8884541	Lushnje
19.55418755	41.29983615	-12.0975146	Lushnje
19.38717606	41.58745795	-9.9654956	Lushnje
19.51623187	41.21405134	-7.5075078	Lushnje
19.52042002	41.13522776	-5.4129016	Lushnje
19.41628523	41.50951204	-10.2688697	Lushnje
19.34759375	41.44336161	-4.5878594	Lushnje
19.41654413	41.55435407	-11.2079307	Lushnje
19.59206275	41.20337679	-11.4249873	Lushnje
19.4947946	41.15407247	-4.5961592	Lushnje
19.36040106	41.49010388	-6.6056648	Lushnje
19.6010642	41.09972764	-8.8828917	Lushnje
19.67196958	40.91147944	-10.187311	Lushnje
19.52887503	41.00307409	-2.7719565	Lushnje
19.40426311	41.5057377	-9.4953296	Lushnje
19.41070898	41.36371845	-5.7610784	Lushnje
19.70527233	41.10008701	-15.0593047	Lushnje
19.30884532	41.42759143	-2.0000073	Lushnje
19.7063154	41.08365443	-14.8893667	Lushnje
19.42454798	41.27788487	-4.2700669	Lushnje
19.49553285	41.38066558	-10.9802475	Lushnje
19.54763058	40.87950224	-2.3748511	Lushnje
19.59448542	41.01613142	-6.8088312	Lushnje
19.59909867	41.17770181	-11.0731467	Lushnje
19.65509173	40.98342128	-9.6027674	Lushnje
19.74804943	41.00616199	-15.4324907	Lushnje
19.45496488	41.14674844	-2.1752226	Lushnje
19.53421339	41.21691538	-8.5903277	Lushnje
19.46251016	41.48331224	-12.0852432	Lushnje
19.42979396	41.29548599	-5.0865342	Lushnje
19.39549974	41.27632758	-2.616625	Lushnje
19.61539109	41.23417412	-13.6018916	Lushnje
19.44708984	41.47963312	-11.1227761	Lushnje
19.49922638	41.33449568	-10.0930813	Lushnje
19.37758167	41.35731258	-3.7327915	Lushnje
19.54088419	41.44285293	-15.4325727	Lushnje
19.62825693	41.0166398	-8.7615821	Lushnje
19.72086711	41.0726149	-15.4324961	Lushnje
19.4393382	41.37833936	-7.7910871	Lushnje
19.48636063	41.41120637	-11.4266526	Lushnje
19.52384053	41.30263918	-10.5028052	Lushnje
19.65352027	40.95610495	-9.3345619	Lushnje
19.67244875	41.17231325	-14.9371719	Lushnje
19.68674701	41.06956435	-13.4392353	Lushnje
19.45080945	41.22521944	-4.189458	Lushnje
19.4727827	41.38925394	-9.9734453	Lushnje
19.27377108	41.54365846	-2.6384741	Lushnje
19.67794384	40.94290261	-10.7462745	Lushnje
19.51309186	41.4801131	-14.8486055	Lushnje
19.65463239	41.07114827	-11.6517041	Lushnje
19.7394804	41.00406646	-14.8953247	Lushnje
19.2636967	41.56509693	-2.3081094	Lushnje
19.542573	40.86900001	-2.0000005	Lushnje
19.47863952	41.37247023	-9.8269195	Lushnje
19.56601433	41.23232804	-10.8003555	Lushnje
19.57069425	41.0821164	-6.8348572	Lushnje
19.54950994	41.00510924	-3.988041	Lushnje
19.71569691	41.08312363	-15.4324907	Lushnje
19.47640763	41.46180156	-12.3119548	Lushnje
19.35474908	41.5433062	-7.4070795	Lushnje
19.58729667	41.35016872	-15.4324907	Lushnje
19.47199233	41.4064056	-10.485534	Lushnje
19.30484782	41.48147386	-3.2760395	Lushnje
19.49157706	41.27429495	-7.8774863	Lushnje
19.33482193	41.39572631	-2.6379702	Lushnje
19.38625315	41.46302711	-7.2710289	Lushnje
19.36390443	41.5282836	-7.6433009	Lushnje
19.64342139	41.24364771	-15.4324917	Lushnje
19.39685685	41.52762487	-9.5250537	Lushnje
19.30369861	41.45723975	-2.4953159	Lushnje
19.64873038	40.99070768	-9.3875062	Lushnje
19.62261351	41.20087176	-13.054689	Lushnje
19.42387169	41.42388434	-8.3768683	Lushnje
19.4161263	41.34312943	-5.5789197	Lushnje
19.71591852	40.99830612	-13.4175864	Lushnje
19.47491284	41.32349383	-8.4194713	Lushnje
19.5567289	41.204743	-9.4965835	Lushnje
19.2675756	41.52515188	-1.9999477	Lushnje
19.28609047	41.49528099	-2.4868247	Lushnje
19.43840433	41.21847192	-3.3046064	Lushnje
19.61083199	41.09017952	-9.3261966	Lushnje
19.51683275	41.37791358	-12.1254184	Lushnje
19.68038887	41.05347489	-12.6405259	Lushnje
19.29338787	41.53710341	-3.6979018	Lushnje
19.57838854	41.35963009	-15.1874419	Lushnje
19.47107917	41.63504038	-15.4324907	Lushnje
19.48794562	41.31590602	-8.9135349	Lushnje
19.53098124	41.41874556	-14.1106064	Lushnje
19.50159106	41.39596913	-11.76626	Lushnje
19.56292988	41.03796283	-5.640206	Lushnje
19.51998039	41.25697528	-8.9529066	Lushnje
19.6852986	41.15385725	-15.0651958	Lushnje
19.49060629	41.55264237	-15.4324824	Lushnje
19.34515673	41.37270073	-2.4583843	Lushnje
19.31305113	41.54402677	-4.9591111	Lushnje
19.64963485	41.23151019	-15.4324907	Lushnje
19.72530279	41.0494089	-15.0425537	Lushnje
19.67534685	40.98121056	-10.8280889	Lushnje
19.4008535	41.56228059	-10.4033453	Lushnje
19.54866964	41.01743173	-4.2762231	Lushnje
19.54924688	41.10043933	-5.9063359	Lushnje
19.26467788	41.53671766	-2.0000054	Lushnje
19.37553458	41.59435993	-9.3175567	Lushnje
19.33243358	41.48684452	-4.9626865	Lushnje
19.51359839	41.06629955	-3.2290742	Lushnje
19.46423163	41.22946942	-5.058416	Lushnje
19.48680945	41.12946083	-3.3835469	Lushnje
19.43739296	41.54106676	-12.1335552	Lushnje
19.74377801	40.93783854	-14.7463857	Lushnje
19.66869732	41.1581378	-14.2863218	Lushnje
19.56367682	40.9185015	-3.5991172	Lushnje
19.35422955	41.49353206	-6.3655615	Lushnje
19.34068796	41.59702659	-7.2306432	Lushnje
19.52818128	41.34709595	-12.0379739	Lushnje
19.71266954	40.94517605	-12.8866221	Lushnje
19.60629086	41.31497548	-15.4323833	Lushnje
19.66081175	40.97061108	-9.872077	Lushnje
19.5300326	41.06356788	-4.1636846	Lushnje
19.61423797	41.05831807	-9.0722126	Lushnje
19.59577458	40.96888897	-5.8819897	Lushnje
19.59693111	41.14149549	-9.8172895	Lushnje
19.28872108	41.57201221	-3.8797036	Lushnje
19.67486648	41.03623135	-11.8582864	Lushnje
19.37586074	41.41494624	-5.4441743	Lushnje
19.29329848	41.56457039	-4.0955019	Lushnje
19.43260545	41.58234394	-12.5701145	Lushnje
19.53665324	41.14597544	-6.6430139	Lushnje
19.29211175	41.48176881	-2.5555522	Lushnje
19.57070628	41.26940973	-12.1310354	Lushnje
19.51227477	41.08554957	-3.4238442	Lushnje
19.5281293	41.08943352	-4.4178481	Lushnje
19.37383868	41.37891678	-4.2281133	Lushnje
19.49178175	41.07074005	-2	Lushnje
19.41938189	41.58901797	-11.8894607	Lushnje
19.50603704	41.50467882	-15.0953931	Lushnje
19.45328988	41.27482521	-5.7682563	Lushnje
19.51109605	41.09245689	-3.5573296	Lushnje
19.50472439	41.49642275	-14.7985586	Lushnje
19.36041949	41.60821478	-8.5166466	Lushnje
19.42437575	41.2184943	-2.525918	Lushnje
19.39782397	41.33454361	-4.3351289	Lushnje
19.27252272	41.50950258	-2.0001274	Lushnje
19.58378394	40.96594937	-5.1297703	Lushnje
19.69357443	41.12989278	-14.78773	Lushnje
19.44395923	41.24736907	-4.4516367	Lushnje
19.58307718	41.10457113	-7.8968632	Lushnje
19.48350575	41.37974829	-10.2755211	Lushnje
19.51620995	41.00076382	-1.9998696	Lushnje
19.62422013	41.14979929	-11.5786252	Lushnje
19.50261811	41.16842151	-5.4475137	Lushnje
19.5725025	41.02806471	-5.9029765	Lushnje
19.50688253	41.24709531	-7.9388395	Lushnje
19.37726957	41.61426863	-9.5859986	Lushnje
19.28685003	41.47200867	-1.9999995	Lushnje
19.35408011	41.39637882	-3.7142012	Lushnje
19.5848145	41.05370922	-7.2692261	Lushnje
19.37022614	41.49743584	-7.3663451	Lushnje
19.57338791	41.09467514	-7.1723479	Lushnje
19.56989848	41.10134625	-7.0707648	Lushnje
19.39498176	41.421968	-6.7015906	Lushnje
19.61095138	40.93001888	-6.5651133	Lushnje
19.67917859	41.02757531	-11.9223159	Lushnje
19.71033592	40.9708725	-12.9038301	Lushnje
19.65761899	40.90661187	-9.2785192	Lushnje
19.26788526	41.55460478	-2.4536933	Lushnje
19.45752337	41.56433302	-13.7701352	Lushnje
19.43057111	41.51215039	-11.1408445	Lushnje
19.63091134	40.98992728	-8.3460325	Lushnje
19.52606561	41.18046739	-7.0967143	Lushnje
19.55287021	40.99662986	-4.0005474	Lushnje
19.54734826	40.93563191	-2.7083559	Lushnje
19.52492387	41.27122213	-9.6405681	Lushnje
19.33635154	41.54869229	-6.401345	Lushnje
19.38950309	41.40429759	-5.9074368	Lushnje
19.41601841	41.62218757	-11.9956616	Lushnje
19.71375517	41.00121748	-13.3500342	Lushnje
19.54278204	41.25237553	-10.0861669	Lushnje
19.62142531	41.02161558	-8.4740728	Lushnje
19.57873765	41.34890099	-14.9212168	Lushnje
19.55114917	41.09675684	-5.8954219	Lushnje
19.59505728	41.01897758	-6.9143121	Lushnje
19.68903729	40.91250229	-11.2388227	Lushnje
19.65288809	41.00816698	-9.9977794	Lushnje
19.31995755	41.48065183	-4.0879116	Lushnje
19.45332679	41.14402195	-2.0001133	Lushnje
19.67817587	41.13883172	-14.2023682	Lushnje
19.6100739	40.91435992	-6.4146936	Lushnje
19.56450645	41.34295909	-13.9565962	Lushnje
19.46268924	41.41945197	-10.3997742	Lushnje
19.37856099	41.48011105	-7.3149531	Lushnje
19.50169066	41.43530615	-13.0461636	Lushnje
19.5776659	41.2574489	-12.1709726	Lushnje
19.73433699	41.01632771	-14.8553452	Lushnje
19.55743941	41.24263726	-10.617812	Lushnje
19.58052574	40.97671799	-5.1671091	Lushnje
19.40624805	41.31638637	-4.3818481	Lushnje
19.41560977	41.4524389	-8.6492891	Lushnje
19.53911641	41.00340959	-3.3553965	Lushnje
19.44820134	41.28975397	-5.9334563	Lushnje
19.70439878	41.02226805	-13.2597822	Lushnje
19.47897614	41.59115103	-15.4324888	Lushnje
19.43422749	41.52693008	-11.6604419	Lushnje
19.53549625	40.97347337	-2.5084087	Lushnje
19.61344714	41.13919468	-10.6534619	Lushnje
19.49085149	41.2820771	-8.0634631	Lushnje
19.45565043	41.18770851	-3.382915	Lushnje
19.51648465	41.15550649	-5.8339729	Lushnje
19.41328886	41.22159164	-2.0000156	Lushnje
19.57003401	41.18687575	-9.7278357	Lushnje
19.32836075	41.38687833	-2.0007978	Lushnje
19.62692919	41.02492522	-8.8626076	Lushnje
19.42258362	41.25166929	-3.389209	Lushnje
19.30880198	41.52213946	-4.3473242	Lushnje
19.48002377	41.329807	-8.8908665	Lushnje
19.32162479	41.46073574	-3.5909634	Lushnje
19.62805718	41.06169938	-9.9385745	Lushnje
19.49878001	41.10282974	-3.2055659	Lushnje
19.43801109	41.50575983	-11.3635869	Lushnje
19.7313033	40.95438898	-14.0838691	Lushnje
19.72729636	40.98692018	-14.0422212	Lushnje
19.57186534	40.93465866	-4.2025127	Lushnje
19.56523481	41.4014201	-15.4324907	Lushnje
19.5810304	41.24303089	-11.9412261	Lushnje
19.65965991	41.06942941	-11.9199639	Lushnje
19.42237685	41.52158688	-10.8687732	Lushnje
19.36754772	41.40372544	-4.6865054	Lushnje
19.48313346	41.4319386	-11.9199936	Lushnje
19.56767459	41.37543447	-14.9539438	Lushnje
19.33245379	41.43381852	-3.4893247	Lushnje
19.50500615	41.02349177	-2.000001	Lushnje
19.65311448	41.16522048	-13.6514258	Lushnje
19.49444133	41.36579649	-10.565728	Lushnje
19.54106841	41.34470614	-12.7124075	Lushnje
19.56724723	41.29956162	-12.8126933	Lushnje
19.48570873	41.56633616	-15.4324907	Lushnje
19.28959127	41.58884416	-4.0710771	Lushnje
19.5506143	41.15843091	-7.8018053	Lushnje
19.43271306	41.4477716	-9.4911327	Lushnje
19.53298314	41.36092283	-12.6389394	Lushnje
19.5804971	40.96683459	-4.9551472	Lushnje
19.31394723	41.4338928	-2.4499868	Lushnje
19.69642662	40.99353773	-12.1953352	Lushnje
19.37262501	41.53850966	-8.3557374	Lushnje
19.44196839	41.60079758	-13.390688	Lushnje
19.31333033	41.46998018	-3.4053725	Lushnje
19.41299494	41.47789222	-9.1587118	Lushnje
19.69813867	41.14304362	-15.4324902	Lushnje
19.3912706	41.54273171	-9.5151373	Lushnje
19.45714043	41.34919076	-8.0524874	Lushnje
19.50066689	41.03365461	-2.0002163	Lushnje
19.46650302	41.60368114	-14.8820342	Lushnje
19.49828603	41.04359887	-2.0000005	Lushnje
19.66334551	41.02716453	-11.0031265	Lushnje
19.61529759	41.27363303	-14.7304307	Lushnje
19.49605856	41.53739246	-15.4324858	Lushnje
19.61939979	40.88786304	-6.8222639	Lushnje
19.30114852	41.44433787	-1.9999267	Lushnje
19.50502319	41.3094174	-9.6642801	Lushnje
19.58334814	41.01340294	-6.1103423	Lushnje
19.61458227	41.29923703	-15.4325083	Lushnje
19.65309757	41.07858593	-11.6652558	Lushnje
19.42575116	41.26697273	-4.0099497	Lushnje
19.5915314	41.08449059	-8.1025477	Lushnje
19.51958541	41.33058264	-11.1021885	Lushnje
19.74485168	41.01503053	-15.4325405	Lushnje
19.56877816	41.05795278	-6.3789917	Lushnje
19.60022867	40.96442465	-6.126293	Lushnje
19.34608227	41.40704123	-3.5641538	Lushnje
19.70030473	40.99837238	-12.5158694	Lushnje
19.69106326	41.03907906	-12.8497119	Lushnje
19.62912813	40.91356289	-7.5765807	Lushnje
19.54227872	41.29951863	-11.4296284	Lushnje
19.74891019	40.91959844	-14.9489209	Lushnje
19.47105996	41.1524913	-3.2360854	Lushnje
19.74452776	40.98381035	-15.0769482	Lushnje
19.44606769	41.58425148	-13.3916269	Lushnje
19.43333174	41.41979009	-8.8035488	Lushnje
19.42174039	41.35642459	-6.2139951	Lushnje
19.42564489	41.36905842	-6.741636	Lushnje
19.60442126	41.03752044	-7.9497895	Lushnje
19.27063868	41.55903934	-2.6783667	Lushnje
19.35457598	41.53866972	-7.3211192	Lushnje
19.72523266	41.04420228	-14.923354	Lushnje
19.54607612	40.89608623	-2.382416	Lushnje
19.68135629	40.96353563	-11.0845574	Lushnje
19.42035307	41.32630156	-5.4188994	Lushnje
19.46561323	41.61275988	-14.9195298	Lushnje
19.50879683	41.38692328	-11.8825871	Lushnje
19.28381272	41.47802445	-2.0000005	Lushnje
19.56515414	41.12530165	-7.5614707	Lushnje
19.49540344	41.05562933	-2.0000005	Lushnje
19.42499258	41.59666625	-12.3295415	Lushnje
19.6397489	41.02562464	-9.612646	Lushnje
19.36041738	41.35311566	-2.6582568	Lushnje
19.52174292	41.16344237	-6.3707185	Lushnje
19.33084813	41.46727154	-4.2944863	Lushnje
19.6132717	41.17501608	-11.7677515	Lushnje
19.3794015	41.35508748	-3.7774468	Lushnje
19.48612772	41.15488371	-4.1432427	Lushnje
19.37527871	41.49349028	-7.5291379	Lushnje
19.40966765	41.38819125	-6.4877121	Lushnje
19.56145054	41.35577581	-14.1338467	Lushnje
19.54213507	40.94844421	-2.4705571	Lushnje
19.5816418	41.17833491	-10.1315904	Lushnje
19.75099219	40.97743422	-15.4324653	Lushnje
19.56254388	41.39916546	-15.2255591	Lushnje
19.539278	41.44561976	-15.4324907	Lushnje
19.58334165	41.33703488	-14.8215215	Lushnje
19.60988508	41.30824303	-15.4322549	Lushnje
19.51275201	41.50346757	-15.4324907	Lushnje
19.69138251	40.97378677	-11.7624834	Lushnje
19.46034895	41.49070469	-12.1549453	Lushnje
19.47664841	41.1396316	-3.1442226	Lushnje
19.5943636	40.90372359	-5.3868762	Lushnje
19.65576255	41.19521482	-14.7380107	Lushnje
19.51776265	41.28224617	-9.5624116	Lushnje
19.39524015	41.50654601	-8.9989755	Lushnje
19.4457217	41.57259699	-13.1997578	Lushnje
19.67204815	40.92809338	-10.2943425	Lushnje
19.3559337	41.59010084	-8.0963508	Lushnje
19.39968534	41.29034118	-3.2672705	Lushnje
19.68868048	41.15963969	-15.4324902	Lushnje
19.41085925	41.55598819	-10.9011199	Lushnje
19.66212569	41.03510314	-11.1119119	Lushnje
19.56986565	40.96815561	-4.3714116	Lushnje
19.51239725	41.1975774	-6.8239431	Lushnje
19.51718876	41.08843986	-3.7663725	Lushnje
19.60908196	41.05974195	-8.7922269	Lushnje
19.43332009	41.56609119	-12.3735989	Lushnje
19.46428624	41.63091706	-14.987749	Lushnje
19.51390823	41.10910169	-4.2345156	Lushnje
19.487744	41.2907978	-8.1520895	Lushnje
19.57690658	41.35344491	-14.9556045	Lushnje
19.52714681	41.1183241	-5.2521318	Lushnje
19.69227636	41.1312611	-14.7407163	Lushnje
19.58202448	41.16662785	-9.7861702	Lushnje
19.58063178	41.22215631	-11.3240388	Lushnje
19.55616989	40.9504406	-3.3419917	Lushnje
19.3489654	41.46353396	-5.1868479	Lushnje
19.48126754	41.24355117	-6.4132488	Lushnje
19.43888589	41.55979556	-12.6049011	Lushnje
19.473742	41.52266774	-13.8407974	Lushnje
19.45376261	41.6201801	-14.2631289	Lushnje
19.64778864	41.0424582	-10.5126387	Lushnje
19.52842427	40.99101283	-2.4750542	Lushnje
19.64761459	40.94059853	-8.8753337	Lushnje
19.58087723	40.8784082	-4.4044155	Lushnje
19.719544	41.05532809	-14.8825723	Lushnje
19.47463234	41.60874318	-15.4324907	Lushnje
19.50715847	41.14753508	-5.0701616	Lushnje
19.28445259	41.47649047	-2.0000005	Lushnje
19.36980273	41.54380463	-8.3012085	Lushnje
19.3787536	41.47080594	-7.0506192	Lushnje
19.33974034	41.45457507	-4.4359321	Lushnje
19.34728858	41.35496036	-2.0000005	Lushnje
19.32828935	41.45737414	-3.8625801	Lushnje
19.46743147	41.58039952	-14.5939341	Lushnje
19.64164993	41.11720858	-11.5337063	Lushnje
19.32462872	41.3932336	-2.0000005	Lushnje
19.36755089	41.30866841	-2.0000757	Lushnje
19.38933459	41.38994832	-5.4327866	Lushnje
19.43464231	41.49095593	-10.7393365	Lushnje
19.64717084	40.92509751	-8.7525576	Lushnje
19.55111149	41.12047205	-6.6375676	Lushnje
19.6909157	41.04195856	-12.9117661	Lushnje
19.47677048	41.42453101	-11.3341955	Lushnje
19.58973378	41.23174286	-12.1041831	Lushnje
19.4654032	41.1228889	-1.9999995	Lushnje
19.45094648	41.60214884	-13.9425034	Lushnje
19.65240766	41.12152306	-12.2422734	Lushnje
19.60436927	40.95357555	-6.311092	Lushnje
19.40035922	41.55125258	-10.2117978	Lushnje
19.36814635	41.32042435	-2.3135674	Lushnje
19.61897064	40.94422053	-7.1454521	Lushnje
19.47682938	41.14948871	-3.4646606	Lushnje
19.5767853	40.89660163	-4.266313	Lushnje
19.59723363	41.10634848	-8.7498265	Lushnje
19.554235	40.87186513	-2.7320703	Lushnje
19.47349961	41.18988691	-4.4388364	Lushnje
19.51949302	41.04760737	-3.3129956	Lushnje
19.55238603	41.27730529	-11.3423389	Lushnje
19.4474835	41.20908189	-3.5379668	Lushnje
19.57781488	41.31998007	-14.0065483	Lushnje
19.384115	41.27676557	-2.0000547	Lushnje
19.50098638	41.41879553	-12.4720193	Lushnje
19.46049114	41.53337351	-13.3038584	Lushnje
19.45781719	41.39802532	-9.4390809	Lushnje
19.30066155	41.50389225	-3.5027651	Lushnje
19.56684834	41.21798546	-10.4376998	Lushnje
19.55250319	41.22348277	-9.7958555	Lushnje
19.39406217	41.35864541	-4.6945041	Lushnje
19.65599176	41.09954522	-12.133133	Lushnje
19.42090752	41.50684086	-10.4490364	Lushnje
19.53588961	41.01416258	-3.4708916	Lushnje
19.65471596	40.8965248	-9.0386254	Lushnje
19.48760371	41.17813818	-4.8887737	Lushnje
19.6877417	41.07928773	-13.7278989	Lushnje
19.46379891	41.21696786	-4.6717507	Lushnje
19.5200005	41.48767823	-15.4324936	Lushnje
19.46128174	41.49850359	-12.4370417	Lushnje
19.66642236	41.1902143	-15.1671684	Lushnje
19.47392951	41.38084714	-9.7639363	Lushnje
19.315929	41.41217475	-2	Lushnje
19.37863725	41.58244905	-9.3915525	Lushnje
19.68333352	41.08750205	-13.5821177	Lushnje
19.32513288	41.44450474	-3.3538423	Lushnje
19.38879472	41.40891625	-6.0163118	Lushnje
19.61247653	40.97298229	-6.9297324	Lushnje
19.59657784	41.10787393	-8.7431096	Lushnje
19.55821822	41.04460104	-5.5596096	Lushnje
19.66542184	41.11424181	-12.899417	Lushnje
19.27624923	41.51786487	-2.3874477	Lushnje
19.43761273	41.282732	-5.1377627	Lushnje
19.54369325	41.11148397	-5.9474731	Lushnje
19.53964578	41.26739951	-10.3474525	Lushnje
19.64785189	41.18890868	-14.1054126	Lushnje
19.61093631	41.01390117	-7.7073854	Lushnje
19.50575547	41.05063286	-2.542189	Lushnje
19.54951298	41.31158675	-12.1902241	Lushnje
19.45542835	41.33193642	-7.5452375	Lushnje
19.41105099	41.48508487	-9.2600459	Lushnje
19.69419756	41.13994272	-15.1185058	Lushnje
19.52088689	41.08102346	-3.8696352	Lushnje
19.70535762	41.12614458	-15.4324907	Lushnje
19.58452506	41.35530195	-15.4324907	Lushnje
19.71277642	41.07013797	-14.9115659	Lushnje
19.6705559	40.90040785	-10.0326297	Lushnje
19.47480024	41.57121496	-14.8939678	Lushnje
19.46822666	41.17123135	-3.6127329	Lushnje
19.69988312	40.90759409	-11.8728799	Lushnje
19.5672889	41.30975598	-13.1189477	Lushnje
19.4722341	41.11092999	-2	Lushnje
19.50949185	41.44629163	-13.7737388	Lushnje
19.70322111	41.04205086	-13.6121377	Lushnje
19.36763409	41.57671816	-8.6586027	Lushnje
19.35268034	41.38292633	-3.2010889	Lushnje
19.50461922	41.38833511	-11.6849495	Lushnje
19.57140277	41.01132428	-5.3800547	Lushnje
19.55659959	40.98159008	-3.8948183	Lushnje
19.30878555	41.44733897	-2.5072641	Lushnje
19.3929509	41.26042609	-1.9997075	Lushnje
19.52297209	41.3928101	-12.833248	Lushnje
19.60009424	41.32645891	-15.4324888	Lushnje
19.58231701	41.113638	-8.1394878	Lushnje
19.57364094	41.04837933	-6.526812	Lushnje
19.59302857	41.0531265	-7.7424065	Lushnje
19.5087634	41.46443253	-14.2004653	Lushnje
19.53284208	40.99919363	-2.9027905	Lushnje
19.54862973	41.37933704	-13.9649912	Lushnje
19.63664817	41.13196713	-11.7028752	Lushnje
19.61343308	40.96850095	-6.9599471	Lushnje
19.37167062	41.46108939	-6.4005332	Lushnje
19.36139467	41.58117642	-8.3536155	Lushnje
19.59169775	40.92222154	-5.3377405	Lushnje
19.60841113	41.30220002	-15.1756157	Lushnje
19.54721786	41.41997512	-15.0383154	Lushnje
19.67921467	41.03994575	-12.2015752	Lushnje
19.44790237	41.48714327	-11.3618364	Lushnje
19.54703791	41.32627781	-12.4920869	Lushnje
19.56561142	41.00389415	-4.8879831	Lushnje
19.27994648	41.48880996	-1.999875	Lushnje
19.45698944	41.26691747	-5.742696	Lushnje
19.45894208	41.13419752	-1.9999966	Lushnje
19.6247265	41.25787782	-14.7976997	Lushnje
19.59779234	41.02827029	-7.3239155	Lushnje
19.56450776	41.40293309	-15.4324907	Lushnje
19.29508413	41.51415499	-3.3936108	Lushnje
19.32649219	41.53619162	-5.636355	Lushnje
19.49377159	41.45364913	-13.0786406	Lushnje
19.55707138	41.40274503	-15.0186826	Lushnje
19.5587336	40.95980618	-3.5581216	Lushnje
19.57375141	41.38105265	-15.4324805	Lushnje
19.51537929	41.02605232	-2.6510503	Lushnje
19.62660514	40.97183195	-7.7868866	Lushnje
19.25815658	41.5683956	-2.0000005	Lushnje
19.54004621	41.12814523	-6.2698525	Lushnje
19.48240199	41.19875435	-5.1876052	Lushnje
19.56799408	41.14560393	-8.3548248	Lushnje
19.66100573	40.9413489	-9.6998091	Lushnje
19.29443161	41.52304395	-3.5402739	Lushnje
19.37089082	41.43577209	-5.7025393	Lushnje
19.67262167	40.95434528	-10.4922396	Lushnje
19.31923141	41.4849877	-4.1761411	Lushnje
19.60206886	41.07157509	-8.5436521	Lushnje
19.41275172	41.50665128	-9.9929786	Lushnje
19.43590493	41.48363731	-10.596022	Lushnje
19.49855862	41.5303981	-15.4324907	Lushnje
19.49919669	41.52886443	-15.4324907	Lushnje
19.28284109	41.55790843	-3.3838115	Lushnje
19.37514484	41.58452701	-9.21323	Lushnje
19.66177588	40.98247419	-10.0057641	Lushnje
19.48447053	41.10962507	-2.6319565	Lushnje
19.55235912	40.97131756	-3.4322886	Lushnje
19.45157715	41.42424191	-9.9453718	Lushnje
19.73134536	41.05131004	-15.4324907	Lushnje
19.66581251	40.99829994	-10.5313671	Lushnje
19.43846029	41.1727934	-2.0000005	Lushnje
19.68530425	40.99319666	-11.5435945	Lushnje
19.6663544	41.19885654	-15.4336479	Lushnje
19.39955893	41.24786557	-1.9999224	Lushnje
19.58760804	41.15546691	-9.7429883	Lushnje
19.32308391	41.59534509	-6.151479	Lushnje
19.40681653	41.23397875	-2.0000005	Lushnje
19.43654219	41.43143441	-9.2848096	Lushnje
19.49407411	41.47042042	-13.5284346	Lushnje
19.71000263	41.03754324	-13.9066597	Lushnje
19.64826469	41.03205577	-10.2521728	Lushnje
19.40901747	41.27081777	-3.1997554	Lushnje
19.38343025	41.36841102	-4.4121728	Lushnje
19.36662335	41.46784509	-6.2916816	Lushnje
19.32237567	41.52574489	-5.2023887	Lushnje
19.49578451	41.49933645	-14.3713301	Lushnje
19.39625576	41.58883788	-10.5246409	Lushnje
19.56349611	40.90225395	-3.4874487	Lushnje
19.38808168	41.54741897	-9.4281224	Lushnje
19.37444685	41.2946432	-1.999999	Lushnje
19.43700947	41.31929803	-6.1976453	Lushnje
19.49122867	41.51824454	-14.6777475	Lushnje
19.5575749	41.09014021	-6.1716277	Lushnje
19.51013743	41.16237597	-5.6942961	Lushnje
19.51811403	41.43951816	-14.0804116	Lushnje
19.45255901	41.31539085	-6.9408481	Lushnje
19.59389078	41.30488455	-14.4466592	Lushnje
19.38123842	41.50404206	-8.1415645	Lushnje
19.53344248	41.29376854	-10.7686111	Lushnje
19.34420827	41.57698716	-7.2790109	Lushnje
19.48188432	41.57949028	-15.4324575	Lushnje
19.46555257	41.13425864	-2.3654194	Lushnje
19.44528099	41.36020242	-7.6408365	Lushnje
19.71019425	40.98796019	-13.0024726	Lushnje
19.32807137	41.57263605	-6.2656975	Lushnje
19.54555723	41.29366038	-11.4367695	Lushnje
19.34567637	41.48555973	-5.6563269	Lushnje
19.28986035	41.5497398	-3.6765273	Lushnje
19.65468205	41.13879288	-12.9088613	Lushnje
19.65248336	41.1783982	-14.0300425	Lushnje
19.66624838	41.04449391	-11.6016555	Lushnje
19.52264931	41.46601973	-15.0227983	Lushnje
19.53612485	40.93223382	-2.0000039	Lushnje
19.50231743	41.35287213	-10.7059361	Lushnje
19.4217238	41.40864737	-7.8101012	Lushnje
19.72845828	41.05718118	-15.4324897	Lushnje
19.71380084	41.04617429	-14.309313	Lushnje
19.55775881	41.4143403	-15.4325967	Lushnje
19.72008381	40.93072518	-13.2519272	Lushnje
19.6246133	41.06360842	-9.7669433	Lushnje
19.39924474	41.61620233	-10.9316111	Lushnje
19.60887941	41.10794007	-9.4610213	Lushnje
19.40629437	41.58955222	-11.1259121	Lushnje
19.34149917	41.49838805	-5.7383994	Lushnje
19.48853479	41.52969893	-14.8421616	Lushnje
19.75661813	40.92148473	-15.4324907	Lushnje
19.51951718	41.2904077	-9.8978667	Lushnje
19.3670624	41.47629206	-6.5657798	Lushnje
19.51937612	41.00827199	-2.3842886	Lushnje
19.6346291	41.16872391	-12.7447146	Lushnje
19.5396146	41.39382826	-13.7966777	Lushnje
19.5132837	41.42917339	-13.4807529	Lushnje
19.4552031	41.54705394	-13.2811987	Lushnje
19.43753252	41.59423544	-13.0360547	Lushnje
19.34990557	41.35054413	-2.0000005	Lushnje
19.29936187	41.47285652	-2.7174912	Lushnje
19.42364709	41.53467547	-11.2113303	Lushnje
19.40956669	41.51645774	-10.0263739	Lushnje
19.43740622	41.30762865	-5.8706543	Lushnje
19.32156876	41.39989672	-1.9999995	Lushnje
19.56230473	41.09780158	-6.5603306	Lushnje
19.66565667	41.13051739	-13.2530698	Lushnje
19.43891301	41.34253374	-6.8589293	Lushnje
19.39964698	41.26370401	-2.4681689	Lushnje
19.30144031	41.57629113	-4.684939	Lushnje
19.38423854	41.32258623	-3.2790078	Lushnje
19.64240169	40.96907373	-8.7359707	Lushnje
19.44759711	41.60640866	-13.7774121	Lushnje
19.32652358	41.4972943	-4.8544048	Lushnje
19.29185899	41.4783004	-2.4634214	Lushnje
19.54037991	40.89067371	-2.0000024	Lushnje
19.56128878	41.00799696	-4.7267954	Lushnje
19.39767471	41.44376996	-7.4162314	Lushnje
19.50858756	41.34189116	-10.8013037	Lushnje
19.28208934	41.50753421	-2.5095957	Lushnje
19.64441962	41.15403429	-12.8223896	Lushnje
19.58026576	41.04139037	-6.7047256	Lushnje
19.30095656	41.49167122	-3.2676841	Lushnje
19.44656402	41.46566068	-10.7323721	Lushnje
19.37323119	41.44738411	-6.1342678	Lushnje
19.63610687	41.08865459	-10.8014057	Lushnje
19.48750382	41.20868953	-5.7552229	Lushnje
19.5057354	41.18187523	-6.0049888	Lushnje
19.67927324	41.17614019	-15.4324897	Lushnje
19.40591837	41.42696335	-7.4460355	Lushnje
19.52634758	41.22790922	-8.4657903	Lushnje
19.52969845	41.09922967	-4.7931184	Lushnje
19.49185689	41.0921756	-2.4902861	Lushnje
19.4718242	41.30463343	-7.6848843	Lushnje
19.47305671	41.27586104	-6.8938171	Lushnje
19.39137649	41.49129262	-8.3550676	Lushnje
19.50333349	41.52111536	-15.4324907	Lushnje
19.56351579	41.01241603	-4.9682375	Lushnje
19.34385698	41.42458539	-3.8923022	Lushnje
19.71183441	40.91644208	-12.6591006	Lushnje
19.72239625	41.02774917	-14.4111645	Lushnje
19.72834008	41.00377621	-14.2434512	Lushnje
19.59878048	41.12657642	-9.4509392	Lushnje
19.51919296	41.35857171	-11.7998203	Lushnje
19.60401368	40.97366027	-6.4526099	Lushnje
19.5614303	40.88204175	-3.2357876	Lushnje
19.42452802	41.54756526	-11.5274809	Lushnje
19.49448929	41.25372457	-7.4426891	Lushnje
19.48388037	41.57158803	-15.4331763	Lushnje
19.57979584	41.13060686	-8.5332273	Lushnje
19.42287746	41.48157043	-9.8109214	Lushnje
19.56938319	41.28793414	-12.5944482	Lushnje
19.31657142	41.49075648	-4.1470801	Lushnje
19.38468599	41.51431272	-8.5507918	Lushnje
19.4044275	41.40518573	-6.7523082	Lushnje
19.47307753	41.51659759	-13.624561	Lushnje
19.48956552	41.07998435	-2.0000005	Lushnje
19.46779456	41.37694534	-9.3170385	Lushnje
19.41143876	41.46964023	-8.8590527	Lushnje
19.31295272	41.56936601	-5.3245246	Lushnje
19.45665555	41.51210308	-12.5829133	Lushnje
19.55658698	41.2913817	-11.9837056	Lushnje
19.29803644	41.45109083	-2.0000005	Lushnje
19.39442952	41.30888663	-3.5312988	Lushnje
19.54376612	40.95992129	-2.6946172	Lushnje
