14.84059901	35.45099999	-3	MaltaN
14.32259425	35.73059021	-4.1413334	MaltaN
14.13820983	35.86690736	-3	MaltaN
13.98712046	35.94387904	-10.9200366	MaltaN
14.10118876	35.89761657	-3	MaltaN
14.83846248	35.44829205	-3.7317841	MaltaN
13.86641152	36.03881886	-11.8732272	MaltaN
13.94763091	35.99890234	-7.2753312	MaltaN
13.59690837	36.30742675	-7.7656047	MaltaN
13.93738838	35.99816348	-8.7967394	MaltaN
13.9602042	36.00491825	-4.582623	MaltaN
14.58487465	35.57327362	-4.0055087	MaltaN
14.83431918	35.44304001	-5.1510004	MaltaN
13.63578566	36.24806897	-10.0087719	MaltaN
14.03697796	35.90107694	-11.1508013	MaltaN
14.3116109	35.70197842	-10.539592	MaltaN
14.16868829	35.84160855	-3	MaltaN
13.48893922	36.43601389	-3.8641357	MaltaN
14.45553715	35.63739794	-5.4531386	MaltaN
14.43784059	35.65377893	-4.5661284	MaltaN
14.82875189	35.43598218	-7.0580744	MaltaN
14.61257901	35.51501909	-12.6358188	MaltaN
13.95860288	35.93463099	-16.3051621	MaltaN
13.86025333	36.05137859	-10.6670995	MaltaN
13.80337013	36.06443045	-16.3058012	MaltaN
14.0672267	35.87897816	-10.6580815	MaltaN
14.15032411	35.81600047	-9.6806466	MaltaN
13.59014439	36.26083232	-15.5512045	MaltaN
14.36455333	35.7072155	-3.473996	MaltaN
14.51496712	35.58089759	-9.2444179	MaltaN
14.2083504	35.73889011	-15.8796743	MaltaN
14.20039291	35.80276194	-5.3526699	MaltaN
14.68207183	35.4903373	-10.6407671	MaltaN
13.9456285	35.94539403	-16.3051621	MaltaN
14.0971527	35.83212442	-14.2622656	MaltaN
14.39668801	35.61753502	-15.8200781	MaltaN
13.73012297	36.12585506	-15.7615878	MaltaN
14.16482125	35.81570327	-7.7607539	MaltaN
14.67039018	35.51052174	-7.8751376	MaltaN
14.82305563	35.42875974	-9.0094991	MaltaN
14.08235594	35.83809006	-15.2948017	MaltaN
13.46682405	36.39654475	-13.2491474	MaltaN
14.35755204	35.6616598	-12.4451062	MaltaN
14.81765112	35.42190621	-10.8611329	MaltaN
14.04068467	35.94783081	-3	MaltaN
13.75321949	36.15414049	-7.9947636	MaltaN
13.62989081	36.21767975	-15.3239062	MaltaN
14.16224302	35.80383151	-10.0517366	MaltaN
13.82721043	36.11460325	-4.7968623	MaltaN
13.96613844	35.93996965	-14.4084838	MaltaN
14.29861702	35.73055733	-6.9211684	MaltaN
13.83264357	36.08495911	-8.963049	MaltaN
13.84406703	36.08528661	-7.3490991	MaltaN
14.81305596	35.41607827	-12.4355776	MaltaN
14.13279557	35.85318706	-5.9791088	MaltaN
13.55166177	36.30365786	-15.4985375	MaltaN
14.06527195	35.84608661	-16.3051625	MaltaN
13.8358088	36.10706614	-4.9155444	MaltaN
14.12414782	35.79722208	-16.3051621	MaltaN
14.47183863	35.59750367	-10.71145	MaltaN
14.3692695	35.63253015	-16.3051005	MaltaN
14.1039652	35.84717556	-10.8756859	MaltaN
13.42751159	36.41852773	-15.5650629	MaltaN
13.64601763	36.25500934	-7.3588276	MaltaN
14.80875226	35.41061943	-13.9102333	MaltaN
13.70643422	36.21611209	-3.9866254	MaltaN
13.84216541	36.11007891	-3.5659082	MaltaN
14.80457835	35.40532455	-15.3405375	MaltaN
13.46398235	36.37959926	-16.3049721	MaltaN
14.64141888	35.48982656	-14.700226	MaltaN
14.50444229	35.60512677	-5.572331	MaltaN
13.40055876	36.47412989	-10.8278712	MaltaN
14.53409925	35.60354513	-3	MaltaN
13.69619413	36.22460551	-3.9479931	MaltaN
14.28805521	35.6956567	-14.3980898	MaltaN
14.80176342	35.40175338	-16.3051621	MaltaN
14.12114225	35.8097918	-14.6579555	MaltaN
13.71838976	36.14142577	-14.7528969	MaltaN
13.61307022	36.322427	-2.9999995	MaltaN
14.16518231	35.7777174	-13.9213281	MaltaN
14.71590815	35.47179746	-10.9428491	MaltaN
13.87468363	36.06044254	-7.2174594	MaltaN
14.16713967	35.7732093	-14.4976967	MaltaN
14.3912002	35.66958139	-7.1300363	MaltaN
14.54800085	35.53785234	-14.4393208	MaltaN
13.68507629	36.22640765	-5.1510019	MaltaN
13.57917775	36.28295148	-14.1458432	MaltaN
14.1850097	35.81323995	-5.4219545	MaltaN
13.63385666	36.29904983	-3.0000009	MaltaN
13.80647319	36.12751219	-5.3897348	MaltaN
14.42705198	35.63091092	-9.9110615	MaltaN
14.4198328	35.62442853	-11.907528	MaltaN
14.54888057	35.56918623	-8.261776	MaltaN
14.61012223	35.56595476	-2.9999658	MaltaN
13.82520902	36.04972599	-15.7247885	MaltaN
14.64891933	35.49757146	-12.4716132	MaltaN
14.49907259	35.60834292	-5.6180676	MaltaN
13.67333906	36.21150468	-9.1869004	MaltaN
13.65274188	36.27780077	-3.0000014	MaltaN
13.9253718	35.96600878	-15.6799218	MaltaN
14.23977735	35.78667258	-3.6784243	MaltaN
13.51423748	36.41796607	-2.9999472	MaltaN
13.93442359	35.97388898	-13.1617827	MaltaN
13.64748812	36.19102193	-16.3051625	MaltaN
13.57750991	36.347296	-4.9119248	MaltaN
14.33811223	35.68764527	-10.0406481	MaltaN
13.90429587	36.05141545	-4.6423554	MaltaN
13.79785867	36.11260298	-9.0122708	MaltaN
14.7778761	35.48202295	-3.0000009	MaltaN
13.47609096	36.40615983	-10.3961773	MaltaN
14.81603041	35.43486435	-8.4987741	MaltaN
14.0966643	35.82003929	-16.3051621	MaltaN
14.01563817	35.94030476	-7.6325524	MaltaN
13.95029484	36.0058989	-5.7714431	MaltaN
13.66623942	36.26260787	-3.0000009	MaltaN
13.72732749	36.2052128	-3.0000004	MaltaN
14.62418991	35.55443889	-3.8787973	MaltaN
13.66462133	36.19741394	-12.6684172	MaltaN
14.47484038	35.56442502	-16.3051621	MaltaN
14.30469054	35.7199466	-8.1204114	MaltaN
14.7196909	35.44234931	-16.3051621	MaltaN
13.80268375	36.09188918	-11.8236635	MaltaN
14.40046214	35.67245986	-5.5424819	MaltaN
14.41582631	35.65211972	-7.4101071	MaltaN
14.80607675	35.42360644	-11.6438508	MaltaN
14.37859986	35.6970718	-3.6652583	MaltaN
14.31671505	35.7407537	-3.0000014	MaltaN
13.44029162	36.40784601	-15.3637524	MaltaN
13.69468721	36.15487814	-15.693956	MaltaN
14.56145474	35.53963553	-12.7986982	MaltaN
14.1560714	35.84337942	-4.423375	MaltaN
14.70740992	35.45825299	-14.3932495	MaltaN
14.00269398	35.97313641	-4.0179833	MaltaN
13.49286906	36.36090285	-15.0465424	MaltaN
14.69657035	35.45665991	-15.7436635	MaltaN
13.51760609	36.3340175	-15.6769785	MaltaN
13.85301752	36.10445499	-2.9999663	MaltaN
14.80455488	35.41648408	-13.1742915	MaltaN
13.80631321	36.06606949	-15.6400375	MaltaN
13.54784529	36.38354185	-3.5294335	MaltaN
13.78079514	36.15659405	-3.9403823	MaltaN
13.6195955	36.25702924	-11.3385948	MaltaN
14.79171735	35.46643942	-4.6991796	MaltaN
13.50385236	36.42757831	-2.9998969	MaltaN
13.82849452	36.1064863	-5.9791755	MaltaN
13.88199014	35.99856464	-16.3051625	MaltaN
14.28740781	35.68827063	-15.7965175	MaltaN
13.79215287	36.07334183	-16.3051577	MaltaN
14.35547197	35.65229767	-14.3627548	MaltaN
13.44971904	36.39665419	-15.7313779	MaltaN
14.06610328	35.89006742	-8.9955872	MaltaN
13.81509819	36.10085032	-8.689332	MaltaN
14.83296722	35.45477642	-2.9999995	MaltaN
13.53798458	36.3960305	-2.999999	MaltaN
14.73947934	35.50099807	-2.9999809	MaltaN
13.9310188	35.95750988	-16.3051416	MaltaN
13.68009133	36.18525173	-12.6157521	MaltaN
14.3590943	35.69734576	-5.874123	MaltaN
14.32643202	35.70875008	-7.6110706	MaltaN
14.0822293	35.88254191	-8.0393302	MaltaN
13.73066643	36.14044697	-13.2740957	MaltaN
13.68406822	36.21169368	-7.7060075	MaltaN
13.60772153	36.23862135	-15.9004633	MaltaN
14.05856192	35.89882501	-8.5867203	MaltaN
14.60903707	35.49783484	-16.3051616	MaltaN
14.28614207	35.75513804	-3.9611669	MaltaN
14.60065968	35.53483976	-9.9606943	MaltaN
13.89627476	36.03897186	-7.7669908	MaltaN
13.74034694	36.19086646	-3.6354755	MaltaN
14.47316048	35.56540705	-16.3051621	MaltaN
13.48227608	36.39617263	-11.0493256	MaltaN
13.65780855	36.24549302	-6.8193447	MaltaN
13.88223786	36.01923431	-12.9026442	MaltaN
14.66196725	35.48389376	-13.8457871	MaltaN
13.8539873	36.02915931	-15.1458115	MaltaN
14.67361229	35.52157791	-5.4226499	MaltaN
14.5966228	35.54529088	-8.3165621	MaltaN
14.5102675	35.57710285	-10.4342605	MaltaN
13.40047106	36.468776	-11.6760754	MaltaN
14.1640995	35.76861651	-15.6730405	MaltaN
13.8255703	36.09160368	-8.8440285	MaltaN
14.15026432	35.77552842	-16.3051621	MaltaN
13.67747792	36.22298134	-6.8709702	MaltaN
13.42598032	36.48704107	-5.1011064	MaltaN
14.6362636	35.54338983	-4.8405292	MaltaN
14.53800493	35.58194916	-6.8252341	MaltaN
14.49274182	35.58715902	-10.1626126	MaltaN
14.77667597	35.45749396	-7.8841036	MaltaN
13.95676138	36.01125649	-4.014351	MaltaN
13.79975687	36.12605282	-6.5210175	MaltaN
13.95519121	35.96164133	-12.3479157	MaltaN
13.87246133	36.01189714	-15.4347822	MaltaN
13.39093507	36.44803238	-16.3051635	MaltaN
14.04228332	35.86806925	-15.8275903	MaltaN
13.60295793	36.31774376	-5.306229	MaltaN
14.2686388	35.75897425	-5.300685	MaltaN
13.93333276	36.03714131	-3	MaltaN
13.50279711	36.42343056	-3.8010859	MaltaN
14.3647267	35.69966146	-4.8072851	MaltaN
14.76650747	35.43128586	-13.9559692	MaltaN
13.41183396	36.4633463	-10.8639063	MaltaN
13.41633276	36.48432723	-6.9333383	MaltaN
14.07813596	35.91672941	-2.9999389	MaltaN
13.57407003	36.30474354	-11.8399201	MaltaN
13.8793009	36.03401874	-10.8942227	MaltaN
13.65437662	36.27254373	-3.4906293	MaltaN
14.28779444	35.75943458	-3.0000039	MaltaN
14.44633703	35.58613534	-15.6988081	MaltaN
13.81680079	36.06859335	-13.7965869	MaltaN
13.86807176	36.02489713	-13.9157768	MaltaN
13.88476163	36.00360275	-15.1052729	MaltaN
13.95831788	35.94948941	-13.912311	MaltaN
14.10908339	35.81247628	-15.8561127	MaltaN
14.13400699	35.79177846	-15.8564594	MaltaN
13.93342556	36.01864396	-6.0016315	MaltaN
13.58669341	36.33982323	-4.7518657	MaltaN
14.25532575	35.73490963	-11.1539199	MaltaN
14.38913444	35.67919098	-5.6485676	MaltaN
14.54881952	35.59627032	-2.9999995	MaltaN
14.51362178	35.61366223	-3	MaltaN
13.85700286	36.06923018	-8.2004476	MaltaN
14.63757231	35.54913507	-3.6014956	MaltaN
14.72853739	35.50642903	-2.9996806	MaltaN
13.44761122	36.42073471	-12.2845947	MaltaN
14.59662434	35.57263288	-3.0000009	MaltaN
13.93799139	35.96603609	-13.9632553	MaltaN
13.6701551	36.23605818	-6.1779929	MaltaN
14.07243743	35.90927986	-4.9922304	MaltaN
13.78179837	36.11838994	-10.1723137	MaltaN
14.08902307	35.84609749	-13.0800466	MaltaN
13.98505799	35.93628158	-12.4432004	MaltaN
13.59617261	36.31640831	-6.5939201	MaltaN
13.47202101	36.38783832	-13.8463745	MaltaN
13.56160438	36.32509179	-10.6979354	MaltaN
14.05251971	35.8711254	-13.9384311	MaltaN
13.60627429	36.30412124	-6.7275246	MaltaN
14.50912928	35.61107524	-3.9646245	MaltaN
13.54883659	36.33610752	-10.8223277	MaltaN
14.4279605	35.64802123	-6.7406914	MaltaN
13.83660577	36.11793224	-3.0000351	MaltaN
13.40916359	36.45794406	-12.0967124	MaltaN
13.81070156	36.05832203	-16.3052158	MaltaN
14.5654025	35.52212713	-15.82285	MaltaN
14.48439908	35.58282967	-11.8836896	MaltaN
14.8292444	35.44386829	-5.4780874	MaltaN
13.88343643	36.07897345	-3	MaltaN
14.56629229	35.54466669	-11.3552261	MaltaN
13.83298583	36.05572338	-13.6843208	MaltaN
14.34543699	35.72220897	-3.0000004	MaltaN
13.69133268	36.23434959	-3	MaltaN
13.71878673	36.20710738	-3.827414	MaltaN
13.64265517	36.28915124	-3	MaltaN
14.59740562	35.52189053	-12.7851093	MaltaN
13.75923871	36.09948153	-16.3051625	MaltaN
14.19476375	35.74529246	-16.3051625	MaltaN
13.61613769	36.25058298	-12.8229521	MaltaN
14.2461422	35.75379539	-8.8334821	MaltaN
14.24639538	35.72492545	-13.9767631	MaltaN
14.4763503	35.57823694	-13.6389328	MaltaN
13.76991214	36.12538759	-10.5783997	MaltaN
14.22609856	35.79929052	-2.999998	MaltaN
13.5627061	36.30937648	-13.0010478	MaltaN
13.83073979	36.09443113	-7.6791796	MaltaN
13.48291011	36.36584385	-15.7147436	MaltaN
14.75809656	35.44799439	-11.5166907	MaltaN
14.55885216	35.56037478	-9.0164284	MaltaN
13.5692318	36.28549633	-15.3869692	MaltaN
13.72541443	36.12637041	-16.3051137	MaltaN
14.8009328	35.45527598	-5.9832678	MaltaN
13.80554402	36.14259613	-3.0000009	MaltaN
14.43508001	35.60306483	-13.9698291	MaltaN
13.66516245	36.1777269	-15.8561245	MaltaN
14.41489303	35.61871362	-13.5027634	MaltaN
14.53830387	35.54969663	-13.0687861	MaltaN
14.29189935	35.71891555	-9.7848961	MaltaN
14.26162486	35.75218185	-7.3298945	MaltaN
14.60454075	35.52330997	-11.8146752	MaltaN
14.6848005	35.51406548	-5.785768	MaltaN
14.65835494	35.47299616	-16.3051625	MaltaN
14.48776951	35.60351748	-7.7905506	MaltaN
13.5917879	36.34628776	-3	MaltaN
13.59644411	36.28988311	-10.3608035	MaltaN
14.42893509	35.59399557	-16.3051625	MaltaN
14.52492412	35.5621481	-11.9338625	MaltaN
14.49886234	35.60087828	-6.9773073	MaltaN
13.74302346	36.17659804	-5.6395556	MaltaN
13.42815393	36.47451374	-6.7382661	MaltaN
14.05708422	35.88485068	-11.0731391	MaltaN
13.59132268	36.3397281	-4.0279482	MaltaN
14.09197795	35.88077436	-7.0057597	MaltaN
13.71756394	36.17549497	-9.2243212	MaltaN
13.8707105	36.08963601	-3	MaltaN
14.5223079	35.59065479	-6.6409018	MaltaN
14.61502786	35.55855843	-3.9672783	MaltaN
14.69929015	35.50915574	-5.3235546	MaltaN
13.86950739	36.06993787	-6.3765314	MaltaN
14.1599184	35.83106777	-5.9143154	MaltaN
13.83669463	36.06934206	-10.9567648	MaltaN
14.7261125	35.47954915	-8.4552658	MaltaN
13.68939763	36.23189339	-3.6652587	MaltaN
14.24732748	35.7623728	-7.159249	MaltaN
14.06148129	35.86097123	-14.3842314	MaltaN
14.4403925	35.63036777	-8.4648186	MaltaN
14.78910105	35.4080202	-16.3051625	MaltaN
14.233657	35.78361563	-4.9347919	MaltaN
14.31059419	35.74012671	-3.8204741	MaltaN
14.14044821	35.81498125	-11.1882186	MaltaN
14.76660442	35.45374585	-9.5808584	MaltaN
14.55552863	35.52840256	-15.5525893	MaltaN
13.685875	36.24049711	-3	MaltaN
14.38820345	35.63879069	-12.9934084	MaltaN
13.69273841	36.23311662	-3	MaltaN
14.63865507	35.51722782	-9.6692131	MaltaN
14.23939391	35.79070529	-3	MaltaN
14.09938341	35.89527681	-3.6278374	MaltaN
13.7540087	36.1086423	-15.4708168	MaltaN
13.47405808	36.37025538	-16.3050883	MaltaN
14.07542462	35.91452507	-3.7285439	MaltaN
14.13434409	35.83597244	-8.5843569	MaltaN
13.48047855	36.42922899	-6.15825	MaltaN
14.54025213	35.53500398	-15.7383076	MaltaN
13.65404805	36.18398135	-16.3051621	MaltaN
13.49655524	36.43441966	-3.0000014	MaltaN
14.82223128	35.43926607	-7.0469851	MaltaN
13.71985789	36.18410879	-7.4918781	MaltaN
14.41312012	35.60630272	-15.930955	MaltaN
14.72304922	35.49483749	-5.7770524	MaltaN
13.96117462	35.97348103	-9.5978354	MaltaN
13.43988187	36.40219238	-16.3051635	MaltaN
14.1610676	35.76704814	-16.3050268	MaltaN
13.93238898	36.0263029	-4.8952924	MaltaN
14.27444392	35.69778591	-15.5914013	MaltaN
14.13038386	35.82435674	-11.0215577	MaltaN
13.9114101	36.05552594	-3.0000004	MaltaN
13.90484127	36.05802771	-3.489935	MaltaN
14.22098099	35.75213109	-12.0447385	MaltaN
14.62795833	35.54168894	-5.9784018	MaltaN
14.30941772	35.67121577	-16.3051616	MaltaN
13.62112084	36.29411732	-5.7660175	MaltaN
13.46770431	36.37917291	-15.8280986	MaltaN
13.7240158	36.16323608	-10.3912935	MaltaN
14.0153773	35.96883432	-3	MaltaN
14.00156259	35.91273821	-14.0536791	MaltaN
14.41320342	35.63611187	-10.5815162	MaltaN
13.90941049	35.97555783	-16.3051674	MaltaN
14.37460668	35.67197069	-8.623872	MaltaN
14.67933609	35.48385367	-12.1611552	MaltaN
14.15074443	35.78764404	-14.2594936	MaltaN
13.86207071	36.01997216	-15.5387299	MaltaN
13.92023204	35.96647409	-16.3050439	MaltaN
13.83989897	36.10434861	-4.8102231	MaltaN
14.2025846	35.76237801	-12.3378681	MaltaN
13.58164847	36.32568102	-7.608467	MaltaN
14.40325391	35.62654385	-13.4466308	MaltaN
13.7638406	36.1512649	-7.0698659	MaltaN
14.17208366	35.79389301	-10.340015	MaltaN
13.5301637	36.35979069	-9.8161236	MaltaN
14.11205908	35.88556089	-3.4975571	MaltaN
13.81007647	36.11511683	-6.9776875	MaltaN
13.51869138	36.37091555	-9.7343519	MaltaN
14.74999399	35.48473467	-5.1523955	MaltaN
13.70408135	36.18819788	-8.922877	MaltaN
13.77106323	36.16751631	-3.4058608	MaltaN
13.71500178	36.2151584	-3	MaltaN
14.74535634	35.42966014	-16.305163	MaltaN
14.34480013	35.6515854	-15.7258334	MaltaN
13.5369283	36.39130179	-3.8946333	MaltaN
14.20378212	35.76986718	-10.8569755	MaltaN
14.07776025	35.8769012	-9.5687305	MaltaN
14.53358329	35.54343426	-14.7404199	MaltaN
14.51639011	35.5993429	-5.5196645	MaltaN
13.55295671	36.38219398	-3.0000004	MaltaN
14.61934875	35.54946812	-5.3118374	MaltaN
13.70679617	36.19856375	-6.8439443	MaltaN
13.88583448	36.06701005	-4.6229526	MaltaN
14.01939254	35.91154601	-11.8271433	MaltaN
13.61270635	36.30932214	-4.9413759	MaltaN
14.2775382	35.73894671	-7.8580637	MaltaN
14.52004199	35.6104906	-3.0000009	MaltaN
13.66099804	36.25477475	-4.97152	MaltaN
13.60683556	36.28329964	-9.6276355	MaltaN
14.40400697	35.63635835	-11.6012347	MaltaN
14.00431841	35.89668533	-16.3051621	MaltaN
13.58912075	36.32864944	-5.974257	MaltaN
14.33224388	35.73072844	-2.9999995	MaltaN
13.81506279	36.08534855	-11.2764427	MaltaN
14.71771143	35.47875417	-9.4169288	MaltaN
13.94388654	36.02828798	-3.0000029	MaltaN
14.21150642	35.73447656	-16.3051616	MaltaN
13.57882534	36.32983891	-7.4572294	MaltaN
13.38464022	36.45392418	-16.3051621	MaltaN
13.58265889	36.27154921	-15.2213452	MaltaN
13.73576032	36.12775491	-14.6986894	MaltaN
14.16975846	35.77770396	-13.3889335	MaltaN
13.6771438	36.2163361	-7.878559	MaltaN
14.48130223	35.57574789	-13.5110126	MaltaN
13.79014931	36.1548149	-3	MaltaN
14.17089571	35.78497719	-11.9588395	MaltaN
13.65079907	36.22379799	-11.0662543	MaltaN
14.64327481	35.48059336	-16.3051616	MaltaN
13.57288178	36.2947191	-13.4722546	MaltaN
13.55998287	36.3475548	-7.4121853	MaltaN
14.46878751	35.59020337	-12.3718237	MaltaN
13.8983746	35.9959657	-14.4888701	MaltaN
14.70186554	35.51545767	-3.8537485	MaltaN
14.01958882	35.92266915	-9.9810527	MaltaN
14.16338347	35.7854949	-12.8943247	MaltaN
13.69051316	36.23029195	-3.7650463	MaltaN
13.70343966	36.14411896	-16.3051621	MaltaN
14.65337565	35.5260508	-6.5286406	MaltaN
14.52279955	35.60587296	-3.6332949	MaltaN
13.92826243	35.97366923	-14.0346855	MaltaN
14.74102846	35.45261154	-12.2595593	MaltaN
14.79380773	35.47414615	-3.0000019	MaltaN
14.05196069	35.89327361	-10.3912297	MaltaN
13.6915975	36.21884784	-5.5155083	MaltaN
13.50884814	36.41404823	-4.3956772	MaltaN
14.38679085	35.6280948	-15.073226	MaltaN
13.63956375	36.21626669	-13.9632451	MaltaN
14.74320689	35.49568257	-3.6756562	MaltaN
14.40800751	35.61533859	-14.9039633	MaltaN
13.76278107	36.16231173	-5.3683183	MaltaN
14.81280091	35.42816132	-10.1120235	MaltaN
14.50676889	35.6049653	-5.3505781	MaltaN
14.029613	35.87981136	-15.6288149	MaltaN
13.89896605	36.02236137	-10.1064817	MaltaN
14.68550566	35.4632284	-15.547621	MaltaN
14.20488873	35.80808189	-3.8787236	MaltaN
13.80034759	36.14312379	-3.5992514	MaltaN
13.98393616	35.92680618	-14.1458452	MaltaN
14.31679296	35.67183549	-15.340538	MaltaN
13.42229465	36.45473533	-10.6795739	MaltaN
14.09446209	35.89173059	-4.8758881	MaltaN
14.63555395	35.53439208	-6.6506032	MaltaN
13.88714953	36.03570573	-9.5465558	MaltaN
13.84272118	36.11306932	-3.0003789	MaltaN
13.58272713	36.33479024	-6.1156362	MaltaN
13.52865789	36.4046475	-3	MaltaN
13.94672311	35.97147281	-11.8881279	MaltaN
14.47202246	35.61066205	-8.3338465	MaltaN
13.88229651	36.04690772	-8.3837397	MaltaN
14.4844002	35.61264954	-6.5452724	MaltaN
13.68433145	36.2036853	-8.997025	MaltaN
13.58233222	36.33136155	-6.6811345	MaltaN
14.51939092	35.56945837	-11.0440795	MaltaN
13.89984265	36.00859323	-12.2304565	MaltaN
13.9968811	35.93065397	-11.7585388	MaltaN
13.67944963	36.23159169	-5.316623	MaltaN
14.1239821	35.86677058	-4.9535024	MaltaN
14.15426651	35.85358131	-3	MaltaN
13.78204998	36.09010571	-14.8499106	MaltaN
14.6665207	35.53074466	-4.3402172	MaltaN
14.04566951	35.86234283	-16.3051235	MaltaN
14.79197045	35.40921063	-15.7979042	MaltaN
13.45269856	36.39018192	-16.3051821	MaltaN
14.20243203	35.7952413	-6.4648862	MaltaN
14.26463014	35.77259411	-3.3243129	MaltaN
13.56111874	36.3044323	-13.9767592	MaltaN
14.11081591	35.86163496	-7.5805791	MaltaN
14.10231391	35.8728052	-6.9070053	MaltaN
13.65167886	36.21381657	-12.3565778	MaltaN
14.77488334	35.42023802	-15.2979208	MaltaN
14.20001088	35.81612928	-2.9999497	MaltaN
13.96128035	35.96580428	-10.8399978	MaltaN
14.1999287	35.79017828	-7.6623862	MaltaN
13.55577599	36.3005764	-15.3848886	MaltaN
13.97350841	35.92813281	-15.3446967	MaltaN
14.02093037	35.90272948	-13.0602961	MaltaN
13.44511986	36.46354582	-5.971486	MaltaN
14.56004168	35.52229863	-16.3051621	MaltaN
14.13340553	35.86614062	-3.7775205	MaltaN
14.72462775	35.4502176	-14.3010708	MaltaN
13.51163373	36.38943813	-7.8522276	MaltaN
14.08975328	35.90709795	-3.0000034	MaltaN
14.48214257	35.57369978	-13.7993574	MaltaN
14.48402633	35.55988603	-16.3051616	MaltaN
13.58984229	36.27695896	-13.2837807	MaltaN
14.54600923	35.55312334	-11.6615213	MaltaN
14.37654455	35.68446569	-6.1613627	MaltaN
14.38691168	35.65921893	-9.4827222	MaltaN
14.27574809	35.76289805	-3.7744023	MaltaN
13.82565042	36.12373186	-3.4829916	MaltaN
14.23239381	35.76103831	-9.1273043	MaltaN
14.1742536	35.80166244	-8.7752694	MaltaN
13.3948869	36.44771118	-15.7781533	MaltaN
14.42772781	35.66904923	-3	MaltaN
13.74415933	36.1321552	-12.8554309	MaltaN
14.67002195	35.46711718	-16.3051596	MaltaN
13.62740806	36.30096727	-3.7664335	MaltaN
13.6893694	36.15547852	-16.305163	MaltaN
13.50486802	36.35577341	-14.1120629	MaltaN
13.40416826	36.47871041	-9.5860567	MaltaN
14.01519825	35.94905853	-6.2601113	MaltaN
14.61155249	35.54728434	-6.4928979	MaltaN
13.67190411	36.24323328	-4.8654956	MaltaN
13.74551242	36.16807748	-6.7171289	MaltaN
13.51042035	36.36790019	-11.4058135	MaltaN
13.97028421	35.99427031	-4.958354	MaltaN
13.82703291	36.09771774	-7.6326138	MaltaN
13.43075688	36.49603651	-3.0000004	MaltaN
14.42510235	35.657846	-5.3110795	MaltaN
14.73502934	35.46801633	-9.8410701	MaltaN
13.66434396	36.20008036	-12.2803515	MaltaN
14.77736144	35.44267766	-10.6982844	MaltaN
13.97165433	35.94503379	-12.8309211	MaltaN
14.01981325	35.95357646	-4.8942534	MaltaN
14.74074598	35.47394788	-8.138426	MaltaN
13.68593383	36.22447866	-5.3394902	MaltaN
13.40770628	36.43233104	-16.3051635	MaltaN
14.02871612	35.94510907	-5.0706162	MaltaN
14.30185283	35.68261588	-15.1381889	MaltaN
13.84341063	36.07913214	-8.4426431	MaltaN
14.59706405	35.52870285	-11.4989309	MaltaN
13.87716174	36.02838214	-12.1053745	MaltaN
13.64155272	36.23480858	-10.9803256	MaltaN
13.90842431	36.03155556	-7.3151691	MaltaN
13.41624822	36.42744199	-15.8200781	MaltaN
13.65563977	36.18902441	-15.2740581	MaltaN
13.66055953	36.19225415	-14.0654658	MaltaN
13.67933898	36.24536677	-3.3575756	MaltaN
13.94792072	36.02095249	-3.6437832	MaltaN
13.81150529	36.0734283	-13.7306367	MaltaN
14.59791405	35.55146609	-6.9915415	MaltaN
14.44517723	35.60570686	-12.3281655	MaltaN
13.56645225	36.3344357	-8.5306511	MaltaN
14.265541	35.72298535	-12.1071115	MaltaN
13.74861387	36.1513508	-9.0700559	MaltaN
14.66736095	35.47135738	-15.7445434	MaltaN
13.97628312	35.95553425	-10.484154	MaltaN
13.74314826	36.14240243	-11.2822707	MaltaN
13.96128229	35.93403413	-16.0390595	MaltaN
14.76476891	35.42005893	-16.305165	MaltaN
14.23886037	35.73947182	-12.2431027	MaltaN
13.45427973	36.47401849	-2.999999	MaltaN
13.9016294	36.02874624	-8.7018167	MaltaN
14.25359225	35.77573457	-4.0394658	MaltaN
14.62057038	35.53728538	-7.550142	MaltaN
14.06707426	35.92591804	-3.0000014	MaltaN
13.52179079	36.35829965	-11.2634063	MaltaN
14.00246855	35.95328863	-7.2964587	MaltaN
14.17661574	35.78685403	-10.9552248	MaltaN
14.83031957	35.45161544	-3.8689926	MaltaN
14.29960323	35.74736066	-3.7954594	MaltaN
13.93164272	36.03563768	-3.4760747	MaltaN
14.7233699	35.45850308	-12.811196	MaltaN
13.4570328	36.43373685	-8.8806043	MaltaN
14.12767099	35.80036561	-15.3128188	MaltaN
13.9229584	36.04584238	-3.0000004	MaltaN
14.39779945	35.65023636	-9.8327545	MaltaN
13.64071174	36.2882398	-3.444893	MaltaN
13.79787968	36.08255044	-14.0141523	MaltaN
14.12045351	35.83578431	-10.5007855	MaltaN
14.45701674	35.58840028	-14.057143	MaltaN
14.73421518	35.4845848	-6.6977424	MaltaN
14.80692645	35.4450844	-7.3879311	MaltaN
14.09068911	35.86400575	-9.9242284	MaltaN
13.63600019	36.20736196	-15.8173066	MaltaN
14.34802956	35.70103439	-6.4939909	MaltaN
13.66649083	36.18649688	-14.2266049	MaltaN
13.54757316	36.37650116	-4.6728476	MaltaN
14.69556537	35.45426233	-16.3045888	MaltaN
13.73143096	36.16534629	-9.0510758	MaltaN
14.28468091	35.72877725	-8.8527867	MaltaN
14.23137307	35.77037482	-7.5722639	MaltaN
14.19698204	35.81810963	-3	MaltaN
13.5842624	36.35324876	-3.0000043	MaltaN
13.84832121	36.05972015	-10.937361	MaltaN
13.46441767	36.4411942	-6.6388232	MaltaN
14.49720234	35.59593671	-8.0559617	MaltaN
14.39626428	35.61510079	-16.305163	MaltaN
13.60555911	36.23823653	-16.3051625	MaltaN
14.15039129	35.77950123	-15.6385166	MaltaN
13.46510493	36.46388199	-3.0000004	MaltaN
13.89145012	36.05195381	-6.3101789	MaltaN
14.7459649	35.43362666	-15.4756684	MaltaN
13.8752063	36.07900419	-4.1195053	MaltaN
14.45409254	35.57773582	-16.3051621	MaltaN
14.01097194	35.89888816	-15.0411723	MaltaN
13.40471209	36.47324527	-10.3594173	MaltaN
13.52837395	36.36757055	-8.8556575	MaltaN
13.76840214	36.10274882	-14.5491577	MaltaN
13.85484356	36.04512521	-12.4258757	MaltaN
14.71505085	35.48552177	-8.3579537	MaltaN
14.70928211	35.480325	-9.9238952	MaltaN
14.76470936	35.48853123	-2.9999995	MaltaN
13.59410108	36.34375307	-3.0001538	MaltaN
14.19411252	35.80951491	-4.8681655	MaltaN
14.18555186	35.80359529	-6.925048	MaltaN
14.16834604	35.83129346	-4.7331362	MaltaN
13.89918947	36.00238826	-13.3309038	MaltaN
13.53336481	36.35043581	-10.8188621	MaltaN
13.49245869	36.39063099	-10.4434415	MaltaN
14.18927675	35.80184309	-6.8028974	MaltaN
14.4236456	35.60662202	-14.6558764	MaltaN
13.96976144	35.9253721	-16.3051621	MaltaN
13.91674088	36.04802919	-3.4933999	MaltaN
14.14280181	35.85672034	-4.0429306	MaltaN
13.49874531	36.37639906	-11.7647763	MaltaN
13.94907391	35.9570847	-13.9240922	MaltaN
13.65409781	36.20204244	-13.6552175	MaltaN
14.14484568	35.84079122	-6.3706411	MaltaN
14.4137923	35.67331019	-3.8481601	MaltaN
14.71210512	35.49962895	-5.9170673	MaltaN
13.83795877	36.03548293	-16.3051621	MaltaN
14.68384568	35.52894832	-2.9999995	MaltaN
14.21338324	35.7776514	-8.3504758	MaltaN
13.98348342	35.91737633	-15.7500874	MaltaN
13.7687374	36.11933771	-11.7415598	MaltaN
13.91305577	36.01515669	-9.3545982	MaltaN
13.50862656	36.33831232	-16.3051616	MaltaN
14.04469164	35.88884937	-12.1021923	MaltaN
14.30077929	35.7510403	-2.9999379	MaltaN
14.06043917	35.87508953	-12.2151599	MaltaN
14.02801316	35.92282993	-8.8106138	MaltaN
13.49219793	36.39806922	-9.3143945	MaltaN
13.48721881	36.44316792	-3.0000014	MaltaN
13.75265826	36.13318827	-11.5599724	MaltaN
14.18029688	35.8319688	-3	MaltaN
13.77505655	36.14376217	-6.8370136	MaltaN
14.68725775	35.52264424	-3.8870107	MaltaN
14.50900181	35.56280675	-13.3364482	MaltaN
13.56508521	36.30692485	-12.9791113	MaltaN
13.69319707	36.17590239	-12.4127097	MaltaN
13.55654376	36.3661313	-4.9985454	MaltaN
13.54649541	36.34911648	-9.1224536	MaltaN
13.55986949	36.30577469	-13.9767583	MaltaN
14.30490146	35.69158442	-13.1784497	MaltaN
14.37054709	35.66448281	-10.4349521	MaltaN
13.62269625	36.23668013	-13.759165	MaltaN
14.35861959	35.63941638	-16.3051606	MaltaN
14.58755874	35.54485583	-9.2728105	MaltaN
13.88253413	36.01149412	-14.1236704	MaltaN
13.60595481	36.2535243	-14.0460576	MaltaN
13.9784938	35.96123557	-9.2510013	MaltaN
14.62084581	35.49491663	-15.7195991	MaltaN
14.47548674	35.56836192	-15.506853	MaltaN
13.63422183	36.2059657	-16.3051621	MaltaN
13.99932697	35.90550301	-15.5408085	MaltaN
14.36919955	35.64809348	-13.5259118	MaltaN
13.8280335	36.07718341	-10.8611369	MaltaN
14.48908499	35.59630839	-8.929113	MaltaN
14.49900209	35.55825882	-15.1821938	MaltaN
14.58312517	35.57930952	-3.0000014	MaltaN
14.56302729	35.55178097	-10.2859617	MaltaN
14.56434234	35.53077894	-14.2428623	MaltaN
13.49581638	36.40119767	-8.2982659	MaltaN
14.03288219	35.89469472	-12.7508825	MaltaN
14.73511388	35.50121516	-3.3769013	MaltaN
13.58661033	36.33492875	-5.4782583	MaltaN
14.66270601	35.53959293	-3.0000004	MaltaN
14.11108043	35.88941355	-3	MaltaN
13.96864306	36.00427497	-3.5433007	MaltaN
14.06480833	35.92608816	-3.2799619	MaltaN
14.59819465	35.51390643	-14.2523115	MaltaN
14.36880596	35.65702258	-11.9726704	MaltaN
14.22596891	35.78311184	-5.915008	MaltaN
14.49357867	35.56786911	-13.8343515	MaltaN
14.18925692	35.77073324	-12.3829221	MaltaN
14.35730971	35.71454047	-3.0000004	MaltaN
14.21996059	35.73402435	-15.4074101	MaltaN
14.18950707	35.82072455	-3.5876445	MaltaN
14.25868869	35.72045393	-13.3541135	MaltaN
14.21697663	35.75974476	-11.1438686	MaltaN
13.66067207	36.17863822	-16.3051928	MaltaN
14.48774026	35.61820688	-5.1634741	MaltaN
13.56227275	36.35552977	-5.8301176	MaltaN
13.79151007	36.10529944	-11.0683375	MaltaN
14.09079996	35.87147003	-8.687957	MaltaN
14.45431644	35.65188069	-2.9999995	MaltaN
13.47788156	36.45191535	-3.0000019	MaltaN
14.35757459	35.67888752	-9.3566796	MaltaN
14.02685718	35.89038548	-14.2740502	MaltaN
13.49089655	36.37682843	-12.834736	MaltaN
13.55310078	36.29717895	-16.3051621	MaltaN
14.48787826	35.58098357	-11.8313015	MaltaN
14.77259981	35.43615009	-12.4248356	MaltaN
14.62493327	35.52131834	-10.2142411	MaltaN
13.48340113	36.38539049	-12.5776071	MaltaN
13.65996021	36.20342556	-12.5090332	MaltaN
13.94112119	35.98015993	-11.2254509	MaltaN
13.95666456	35.99962026	-5.9304797	MaltaN
13.41865917	36.42207391	-16.3051621	MaltaN
13.93750095	35.95701051	-15.5072148	MaltaN
13.77902595	36.10973672	-11.9802919	MaltaN
13.8651068	36.09198478	-3.3825234	MaltaN
13.41851044	36.46830766	-9.114831	MaltaN
13.57893449	36.26819278	-16.3051621	MaltaN
14.58239623	35.55499475	-7.7981724	MaltaN
14.05583098	35.85793622	-15.6475273	MaltaN
13.98934726	35.96995947	-6.3498518	MaltaN
13.64468403	36.24659572	-8.7822022	MaltaN
13.55905504	36.29054727	-16.3051621	MaltaN
13.50640142	36.34687295	-15.2854458	MaltaN
13.4775663	36.39094499	-12.5517856	MaltaN
13.93020905	35.98566776	-11.8139113	MaltaN
13.63293204	36.28906922	-4.5827597	MaltaN
14.07772713	35.85264723	-13.5415695	MaltaN
14.19423736	35.81462459	-3.9424487	MaltaN
14.66517045	35.49438046	-11.505602	MaltaN
14.60830333	35.52796356	-10.547897	MaltaN
13.94909251	35.98976168	-8.5712354	MaltaN
14.45228246	35.64786	-3.9556157	MaltaN
13.93462461	35.97897945	-12.3009252	MaltaN
14.35202319	35.67315569	-11.0260625	MaltaN
14.81719262	35.4471218	-6.0047487	MaltaN
14.58349109	35.5106911	-16.3054692	MaltaN
13.47851328	36.44677323	-3.7096088	MaltaN
14.50669681	35.5929313	-7.6985593	MaltaN
14.00765198	35.9254283	-11.1507979	MaltaN
13.71324421	36.16225939	-11.9924182	MaltaN
14.46730448	35.64349129	-2.9999995	MaltaN
14.17785204	35.82784082	-4.0068959	MaltaN
13.53688991	36.34072069	-11.8309545	MaltaN
14.61917442	35.53140363	-8.8237679	MaltaN
13.6566893	36.18619713	-15.5842851	MaltaN
14.17557621	35.79092364	-10.3511181	MaltaN
14.33016363	35.68124982	-12.1064138	MaltaN
14.41458628	35.66580293	-5.1018032	MaltaN
13.42331503	36.50300001	-3	MaltaN
13.90458574	36.04324802	-5.9340659	MaltaN
13.73910005	36.1957113	-3	MaltaN
13.74837409	36.15945099	-7.7620838	MaltaN
13.74946896	36.17948688	-4.3000312	MaltaN
14.62947306	35.50980174	-12.0000437	MaltaN
13.5673807	36.31138334	-11.9672727	MaltaN
13.61155432	36.31983111	-3.6177885	MaltaN
14.74690574	35.43928256	-14.2858266	MaltaN
13.42240388	36.43339547	-13.9923505	MaltaN
14.70839549	35.51658232	-3.000019	MaltaN
14.17637671	35.77103888	-13.8187753	MaltaN
13.59023942	36.34432369	-3.5321816	MaltaN
13.70055867	36.22680945	-3.0000004	MaltaN
14.24128309	35.71523272	-16.3051606	MaltaN
14.67559094	35.47642375	-13.9628979	MaltaN
14.05428834	35.93653631	-3	MaltaN
13.56135742	36.31545311	-12.2443168	MaltaN
13.73858758	36.15577388	-9.6789214	MaltaN
13.7251317	36.13247261	-15.3327915	MaltaN
13.65793714	36.23285115	-8.613116	MaltaN
13.59707429	36.32786944	-4.8017402	MaltaN
14.25367352	35.72854503	-12.4854721	MaltaN
14.00609799	35.96157603	-5.4475952	MaltaN
13.94979957	35.97865571	-10.2945906	MaltaN
14.7477288	35.47801695	-6.6762463	MaltaN
13.77595832	36.16607495	-2.9999936	MaltaN
14.34029976	35.70968629	-5.8384345	MaltaN
14.0845241	35.89345779	-5.9416865	MaltaN
13.68810124	36.16861691	-14.2996865	MaltaN
13.81644149	36.07893652	-12.1586921	MaltaN
14.49661997	35.59208271	-8.8320961	MaltaN
14.03233682	35.87341208	-16.3051606	MaltaN
13.45232983	36.42803758	-10.4564338	MaltaN
14.79545063	35.41371121	-14.5886586	MaltaN
14.31386339	35.68231505	-13.8021289	MaltaN
14.12119256	35.87682415	-3.6874331	MaltaN
13.46218571	36.38688362	-15.4330747	MaltaN
13.6721269	36.21784436	-8.4731337	MaltaN
14.49170765	35.58896091	-9.9408145	MaltaN
13.5585571	36.334536	-9.6595105	MaltaN
14.60637808	35.54481608	-7.4714016	MaltaN
13.40803592	36.48361783	-8.2555393	MaltaN
13.46708151	36.44772154	-5.2317329	MaltaN
13.86106542	36.08801925	-4.5813764	MaltaN
13.71908006	36.19849127	-5.2147558	MaltaN
14.44151438	35.58586621	-16.305163	MaltaN
13.45911781	36.41035392	-12.2221408	MaltaN
14.04845558	35.92146479	-6.2573349	MaltaN
13.85222545	36.09974038	-3.8773056	MaltaN
13.46862049	36.45537778	-3.8128627	MaltaN
13.98115738	35.99277298	-3.727625	MaltaN
13.43547028	36.46353144	-7.3830812	MaltaN
13.67685386	36.25065671	-3	MaltaN
14.52342358	35.54334407	-15.7348417	MaltaN
14.14947206	35.8288077	-7.7021965	MaltaN
14.5288189	35.57996597	-8.0940742	MaltaN
14.41074812	35.66037175	-6.5189416	MaltaN
13.584463	36.35018502	-3.4511323	MaltaN
14.13763473	35.82599444	-9.7693478	MaltaN
14.00553884	35.94215151	-8.7018165	MaltaN
14.15151116	35.79681198	-12.6566379	MaltaN
13.75678874	36.12111174	-13.0260019	MaltaN
14.34310007	35.64944969	-16.305163	MaltaN
14.49808102	35.55293991	-16.3051625	MaltaN
14.19775378	35.81443022	-3.5653178	MaltaN
14.27731037	35.70580385	-13.822496	MaltaN
13.82355776	36.07071618	-12.5274199	MaltaN
14.17050909	35.76095624	-16.3051938	MaltaN
13.99190766	35.92633595	-13.1403354	MaltaN
13.66252128	36.21694964	-10.1542963	MaltaN
13.45625192	36.4609122	-4.7563496	MaltaN
13.65992745	36.19447011	-13.7993564	MaltaN
13.48927444	36.41654764	-6.8501772	MaltaN
13.67548152	36.20172663	-10.5035574	MaltaN
14.18827712	35.77811222	-11.1736899	MaltaN
14.27441539	35.72734363	-10.2983966	MaltaN
13.68807217	36.19242711	-10.3614963	MaltaN
13.57131332	36.32030398	-10.0406539	MaltaN
14.32620918	35.66036645	-16.3051625	MaltaN
14.17087999	35.82172537	-5.9534687	MaltaN
13.61275581	36.24254051	-14.5242109	MaltaN
14.59483331	35.50498416	-16.3051298	MaltaN
14.62620763	35.50315342	-13.6041088	MaltaN
13.55675133	36.30907098	-13.912312	MaltaN
13.78736261	36.08073375	-15.7077836	MaltaN
13.92957258	36.01027964	-7.8913955	MaltaN
13.40972365	36.47856893	-8.7969275	MaltaN
14.29300437	35.6990274	-13.2214133	MaltaN
14.73227188	35.49329704	-5.1896923	MaltaN
14.2088393	35.75457215	-13.0128281	MaltaN
14.19172286	35.82247854	-3	MaltaN
13.48653103	36.40251093	-9.4388697	MaltaN
13.55910445	36.29696606	-15.3759555	MaltaN
14.70774197	35.44825511	-16.3051635	MaltaN
13.96329096	36.01202718	-2.9998315	MaltaN
13.74566278	36.12169333	-14.4001733	MaltaN
13.649394	36.23423006	-9.7960274	MaltaN
13.67248779	36.20740538	-9.9630359	MaltaN
14.75971892	35.48788289	-3.6056611	MaltaN
13.77451173	36.13107962	-9.0219722	MaltaN
14.50057793	35.61868157	-3.5924951	MaltaN
13.76049191	36.17600654	-3.4016635	MaltaN
13.54463035	36.32893183	-12.5568488	MaltaN
14.57880088	35.53503875	-12.0239494	MaltaN
14.55999392	35.57454524	-6.1509675	MaltaN
14.51964509	35.5514308	-14.5255966	MaltaN
13.6230848	36.3111657	-3.0000009	MaltaN
14.57992984	35.54269254	-10.4273297	MaltaN
13.44383529	36.48379612	-2.999997	MaltaN
14.53138751	35.53647281	-16.3051616	MaltaN
13.50800729	36.37788057	-10.1903323	MaltaN
13.70729914	36.14348126	-15.8949204	MaltaN
13.6001449	36.33383154	-3.4490297	MaltaN
13.45166602	36.45252012	-6.7351484	MaltaN
14.3226118	35.70255927	-9.1624728	MaltaN
14.69833043	35.4900391	-9.1141519	MaltaN
13.68425186	36.23530423	-4.0075893	MaltaN
13.7694445	36.09441764	-15.7989453	MaltaN
14.08672861	35.90280524	-4.1129306	MaltaN
13.62443507	36.2844988	-6.6119699	MaltaN
13.68122807	36.16620242	-15.6177285	MaltaN
14.21315794	35.79311406	-5.6049013	MaltaN
14.24339801	35.74798267	-10.1927574	MaltaN
13.40175535	36.4483064	-14.6822104	MaltaN
14.02789567	35.95844618	-3	MaltaN
13.66654115	36.23053903	-7.5542475	MaltaN
13.6294751	36.22776932	-13.9428032	MaltaN
13.50871224	36.40288216	-6.1669226	MaltaN
13.91434154	35.99970613	-11.6965194	MaltaN
13.45144874	36.44493051	-7.9506281	MaltaN
13.38641238	36.45617399	-15.6953422	MaltaN
14.46727808	35.56921087	-16.3051621	MaltaN
14.57090809	35.56639352	-6.6866394	MaltaN
13.51957594	36.32818901	-16.3051625	MaltaN
14.68157255	35.50143517	-8.543125	MaltaN
13.51892715	36.34472834	-13.8062866	MaltaN
13.51935253	36.35134503	-12.7072243	MaltaN
14.18897426	35.80794143	-5.7497441	MaltaN
14.57252301	35.57977221	-3.9296284	MaltaN
13.85653361	36.06053094	-9.6830722	MaltaN
13.54805571	36.30184698	-16.3051635	MaltaN
14.41534499	35.67704204	-2.9999902	MaltaN
13.78755637	36.13918457	-5.9468854	MaltaN
14.00933372	35.91512759	-12.607436	MaltaN
14.78522943	35.42692727	-13.0031259	MaltaN
13.57375336	36.33878225	-6.7909328	MaltaN
14.35235229	35.70821105	-4.7078422	MaltaN
14.76427485	35.47247956	-6.1627495	MaltaN
13.92858602	35.99931895	-9.8121537	MaltaN
14.58973522	35.53418347	-11.1383142	MaltaN
14.51207012	35.61169318	-3.5322055	MaltaN
14.75613404	35.44148214	-12.9712502	MaltaN
14.5596794	35.58571991	-4.007935	MaltaN
13.82297662	36.0480372	-16.3051518	MaltaN
14.80034686	35.43458399	-10.061437	MaltaN
14.32455351	35.71637308	-6.4624604	MaltaN
13.59399253	36.25125283	-16.3051625	MaltaN
13.73911572	36.11869944	-15.7646621	MaltaN
14.50237383	35.57379089	-11.8371921	MaltaN
13.85891605	36.08141476	-5.9520832	MaltaN
13.73793573	36.13860063	-12.607174	MaltaN
14.15997887	35.77925121	-14.3773002	MaltaN
14.35765644	35.64338208	-15.7064101	MaltaN
14.33659853	35.72503188	-3.5169609	MaltaN
14.59898903	35.56686564	-3.8939296	MaltaN
14.60129095	35.50476426	-15.7188745	MaltaN
13.56999714	36.32449754	-9.5742745	MaltaN
14.58740514	35.51278154	-15.5210463	MaltaN
14.1651721	35.79173306	-11.6317224	MaltaN
14.05305401	35.90837682	-7.7732319	MaltaN
14.61314013	35.5041663	-14.6808232	MaltaN
13.5762066	36.31898044	-9.4504933	MaltaN
14.41025962	35.64605409	-9.1408176	MaltaN
13.81263362	36.09441872	-10.0865989	MaltaN
13.86755562	36.01067087	-16.3051625	MaltaN
13.47723309	36.37461456	-15.1617626	MaltaN
14.21518661	35.79949329	-4.2265708	MaltaN
13.97554496	36.0018718	-3.0000126	MaltaN
14.30640986	35.71233635	-9.2853038	MaltaN
13.45498065	36.40321722	-13.9393339	MaltaN
14.26108521	35.70823358	-15.2652641	MaltaN
13.56831251	36.28013858	-16.3051625	MaltaN
13.64823475	36.19605318	-15.4625039	MaltaN
14.299469	35.70273066	-11.8098273	MaltaN
13.77806122	36.08453512	-16.3051586	MaltaN
13.90926302	36.0101907	-10.6823454	MaltaN
13.53291888	36.31584964	-16.3051606	MaltaN
13.67382569	36.16802401	-16.3051606	MaltaN
14.37262944	35.68087981	-7.2569655	MaltaN
13.8966031	35.98630522	-16.3051616	MaltaN
14.52953465	35.5701212	-9.9399935	MaltaN
14.27699498	35.69215425	-16.3050903	MaltaN
14.19663575	35.74670504	-15.8353247	MaltaN
14.81106554	35.46561133	-2.9999995	MaltaN
13.57114317	36.31566109	-10.7448494	MaltaN
14.11431843	35.85081856	-8.8745408	MaltaN
14.21970905	35.76588342	-9.727423	MaltaN
13.52631454	36.39129711	-5.4333872	MaltaN
14.20995995	35.80970935	-3.0000097	MaltaN
14.52078932	35.55730071	-13.2740798	MaltaN
14.45865787	35.61175739	-9.6844583	MaltaN
14.26030548	35.74255028	-9.2083905	MaltaN
14.06335534	35.90743673	-6.5271662	MaltaN
13.95460342	35.94306655	-15.4676997	MaltaN
13.41280624	36.48967005	-6.61457	MaltaN
13.99187883	35.96185273	-7.33284	MaltaN
14.51224534	35.54593801	-16.3051621	MaltaN
14.13521183	35.78803312	-16.3051621	MaltaN
14.04194451	35.91720768	-7.8380201	MaltaN
13.81301771	36.06241901	-15.3204609	MaltaN
14.35446528	35.68910551	-7.8861822	MaltaN
14.43322335	35.6155545	-11.9477209	MaltaN
14.0396947	35.87680822	-14.7500893	MaltaN
13.8891362	36.07142158	-3.4525141	MaltaN
13.43185949	36.43616852	-12.1786564	MaltaN
14.21989847	35.74484867	-13.4750437	MaltaN
14.70480079	35.46734857	-12.8745979	MaltaN
13.47235724	36.38205202	-14.7006323	MaltaN
13.59533421	36.28213875	-11.6525134	MaltaN
14.24673957	35.71633195	-15.4763613	MaltaN
13.9844563	35.91317583	-16.3051621	MaltaN
13.63613453	36.26472884	-7.5604831	MaltaN
14.44112237	35.64435276	-5.8751616	MaltaN
14.27931603	35.71656766	-11.6614316	MaltaN
14.72695891	35.50311107	-3.7952998	MaltaN
14.54857645	35.58322941	-5.5598571	MaltaN
14.70980151	35.44961909	-15.8423027	MaltaN
13.72132015	36.14883857	-13.134444	MaltaN
13.66842548	36.20224599	-11.360077	MaltaN
13.43840153	36.41628054	-14.3246342	MaltaN
14.67177687	35.49749474	-10.2596306	MaltaN
14.62074464	35.56070162	-3.0002509	MaltaN
13.62228566	36.26632031	-9.5697713	MaltaN
14.15101321	35.80500369	-11.3850242	MaltaN
13.4446556	36.44046482	-9.6394147	MaltaN
13.7059115	36.15072306	-14.8817875	MaltaN
14.33051305	35.66017716	-15.8408676	MaltaN
14.57819973	35.51955163	-15.0924472	MaltaN
13.96313001	35.98097698	-8.1055278	MaltaN
13.4740626	36.40091702	-11.5097626	MaltaN
14.44259597	35.63645722	-7.1190563	MaltaN
13.50572454	36.38682944	-9.1176033	MaltaN
14.48141704	35.58985248	-10.9727026	MaltaN
13.47705037	36.42221691	-7.7524439	MaltaN
13.84779942	36.04333578	-13.680165	MaltaN
13.95461918	36.01928193	-2.9999721	MaltaN
14.69473292	35.4857067	-10.3026304	MaltaN
13.81965952	36.10499209	-7.396227	MaltaN
14.58024197	35.52752429	-13.3461447	MaltaN
13.81528057	36.13486637	-3.0000004	MaltaN
13.52222886	36.40393719	-4.0429262	MaltaN
14.64985573	35.53343239	-5.4434379	MaltaN
14.06890887	35.86126163	-13.3288251	MaltaN
14.45533022	35.62795251	-7.1689501	MaltaN
13.55136642	36.36227639	-6.3533178	MaltaN
14.29646338	35.71110188	-10.6573992	MaltaN
13.75677706	36.15951895	-6.6281582	MaltaN
13.84293929	36.09429344	-6.034186	MaltaN
14.18103168	35.79785331	-8.4772553	MaltaN
13.63055909	36.24478124	-11.3254281	MaltaN
13.8218692	36.08571136	-10.3128806	MaltaN
14.73252411	35.43600516	-16.3051616	MaltaN
14.4465726	35.61338341	-10.7918359	MaltaN
14.1423316	35.80570356	-12.4494375	MaltaN
13.52823947	36.33657397	-13.7349091	MaltaN
13.918355	36.03673509	-5.1135805	MaltaN
13.7753004	36.10466914	-13.3170444	MaltaN
14.03020745	35.93667623	-6.2476381	MaltaN
14.48953372	35.57586212	-12.6684182	MaltaN
13.58740083	36.31418496	-8.3303806	MaltaN
14.7599006	35.42687746	-15.4479487	MaltaN
14.77980922	35.46749328	-5.6390297	MaltaN
13.81229827	36.13125995	-3.9951152	MaltaN
14.69882347	35.46405532	-14.0901728	MaltaN
13.67444518	36.17724306	-14.6960688	MaltaN
14.21310109	35.7850826	-7.051144	MaltaN
13.94186352	35.9897694	-9.5526319	MaltaN
13.75030918	36.14480015	-9.9351622	MaltaN
13.76325184	36.14335285	-8.4658303	MaltaN
14.43729246	35.62166943	-10.3815932	MaltaN
14.17351682	35.78209035	-12.1679699	MaltaN
14.48345969	35.56442008	-15.4777485	MaltaN
13.58381524	36.29369404	-11.8534794	MaltaN
14.49948676	35.58546174	-9.8445367	MaltaN
13.39131006	36.46239142	-14.0100234	MaltaN
13.7359857	36.13311273	-13.7768872	MaltaN
14.75882963	35.46615901	-7.9149401	MaltaN
13.47420833	36.41470173	-9.3393515	MaltaN
13.65355576	36.26563391	-4.6153295	MaltaN
13.63616015	36.27212275	-6.494684	MaltaN
14.30893676	35.73460868	-5.0013208	MaltaN
14.58620122	35.55972555	-6.5123544	MaltaN
14.72895764	35.44108714	-15.6600004	MaltaN
13.91822899	35.97500157	-15.1897768	MaltaN
14.50352255	35.6200868	-2.9999995	MaltaN
14.00403695	35.97824271	-3	MaltaN
14.37090632	35.70575659	-2.9999995	MaltaN
14.74578782	35.45627217	-11.0905085	MaltaN
14.45980715	35.60164844	-11.3618087	MaltaN
14.18413013	35.79601697	-8.4432319	MaltaN
13.56628446	36.31391954	-11.7703273	MaltaN
14.79328169	35.44746315	-8.2375229	MaltaN
13.76410575	36.17551105	-2.9992958	MaltaN
14.38256472	35.62394728	-16.3051738	MaltaN
13.67732419	36.21354719	-8.2998901	MaltaN
13.46578773	36.42421475	-9.0864166	MaltaN
13.49853147	36.34764371	-16.3051616	MaltaN
13.82014887	36.08040994	-11.4129644	MaltaN
14.19124169	35.76113607	-13.87333	MaltaN
14.4669015	35.6388384	-3.88008	MaltaN
14.06146341	35.91959754	-4.7958525	MaltaN
13.72965751	36.19637147	-4.1524208	MaltaN
13.52942394	36.32469223	-15.4257744	MaltaN
14.60572378	35.55360731	-5.8247368	MaltaN
14.01017856	35.93293602	-9.5794722	MaltaN
13.42475887	36.49563616	-3.9382915	MaltaN
13.64169281	36.27544515	-5.1236279	MaltaN
13.7165887	36.13350042	-16.3051655	MaltaN
14.64726214	35.48148898	-15.7435039	MaltaN
14.79038101	35.43158471	-11.6026185	MaltaN
14.48434944	35.63247848	-2.999999	MaltaN
13.48378793	36.41026469	-8.6310659	MaltaN
14.53564605	35.59218946	-5.0602202	MaltaN
14.17943106	35.80611934	-7.3435795	MaltaN
14.4769405	35.56709259	-15.5844672	MaltaN
14.58958017	35.52227682	-13.4682456	MaltaN
13.60267471	36.33411338	-2.9999916	MaltaN
14.15824311	35.76889862	-16.3051621	MaltaN
13.80109643	36.0703702	-15.6179438	MaltaN
13.64101208	36.22604913	-12.3250485	MaltaN
13.75719488	36.1696001	-4.9035639	MaltaN
13.97787301	35.97083506	-7.7642183	MaltaN
14.62367973	35.49046226	-16.3051606	MaltaN
13.53972065	36.3742417	-6.1651748	MaltaN
14.22962308	35.73639567	-13.8638032	MaltaN
13.94561111	36.01409746	-5.0765185	MaltaN
14.2586791	35.7039849	-16.3051313	MaltaN
13.93670147	35.98701881	-10.7057363	MaltaN
14.43542192	35.66166467	-3.4331142	MaltaN
14.35034036	35.71582443	-3.5765576	MaltaN
14.79937779	35.46819425	-3.6216005	MaltaN
13.57550449	36.32562399	-8.5992556	MaltaN
14.20020029	35.7786984	-9.6886158	MaltaN
13.58641694	36.30421783	-9.9212755	MaltaN
14.42715329	35.63958013	-8.3463198	MaltaN
13.39376302	36.45763969	-14.3932377	MaltaN
14.08251165	35.83178421	-16.3051621	MaltaN
14.05061458	35.93262185	-4.1392543	MaltaN
14.42638935	35.61253719	-13.2789304	MaltaN
14.32922936	35.67069352	-14.1056542	MaltaN
13.73308434	36.12023842	-16.3050581	MaltaN
13.53444993	36.37001584	-7.5916669	MaltaN
13.68106457	36.21829658	-7.0137238	MaltaN
14.18089481	35.75842384	-15.5571206	MaltaN
14.81553586	35.45732169	-4.1815268	MaltaN
14.63176306	35.55516755	-3.0000185	MaltaN
14.02055004	35.88320425	-16.3051621	MaltaN
13.61955054	36.22248662	-16.3051625	MaltaN
14.22662994	35.79466796	-3.767123	MaltaN
14.03283688	35.92720034	-7.4405981	MaltaN
14.40180573	35.65832431	-7.9201364	MaltaN
13.78818226	36.1239137	-8.407994	MaltaN
13.55435002	36.29583654	-16.3051621	MaltaN
14.0759066	35.86295884	-12.1015649	MaltaN
13.60422736	36.26759585	-12.3044316	MaltaN
14.16017957	35.77136012	-15.6399257	MaltaN
13.68107766	36.22133107	-6.5258684	MaltaN
14.04226089	35.88249853	-13.4708061	MaltaN
13.96781205	35.95452551	-11.7992514	MaltaN
14.57243133	35.51616797	-16.3051679	MaltaN
14.23502436	35.72477106	-15.3211352	MaltaN
13.41767362	36.49584455	-4.9403349	MaltaN
14.57601579	35.57022849	-5.4496752	MaltaN
13.49989903	36.36608037	-13.2158676	MaltaN
13.78444229	36.13254853	-7.4641594	MaltaN
13.62023913	36.22869882	-15.3020786	MaltaN
14.02605175	35.9566051	-3.5516098	MaltaN
14.13973756	35.79772998	-14.1053056	MaltaN
13.91707646	36.02127954	-7.8071829	MaltaN
14.65454633	35.54041259	-3.6361538	MaltaN
13.4400717	36.47499746	-4.9223198	MaltaN
13.5409437	36.36085308	-8.0871459	MaltaN
14.18258601	35.75315741	-16.3051625	MaltaN
13.99506055	35.94879718	-9.0372175	MaltaN
14.61587323	35.5204933	-11.2561308	MaltaN
13.60153033	36.29357025	-9.0094987	MaltaN
13.7247188	36.18892576	-6.0449399	MaltaN
14.12478208	35.87804834	-3	MaltaN
13.66766225	36.25615682	-3.6960942	MaltaN
13.60800164	36.27568655	-10.5326623	MaltaN
13.97143931	35.98424904	-6.4420256	MaltaN
13.65179354	36.25862983	-5.9056518	MaltaN
13.91650138	35.98757967	-13.3769816	MaltaN
14.27707122	35.75040017	-5.8604367	MaltaN
13.74625583	36.10978765	-16.3051616	MaltaN
14.22692819	35.72451115	-16.3051625	MaltaN
13.84011454	36.05760818	-12.4030063	MaltaN
13.52271391	36.37895295	-7.8910329	MaltaN
14.44041387	35.66085871	-2.999999	MaltaN
13.60010624	36.24999065	-15.4985375	MaltaN
14.69359805	35.47487042	-12.5083122	MaltaN
14.77697555	35.47797503	-3.873582	MaltaN
13.46189225	36.41762074	-10.6837324	MaltaN
14.03193027	35.91028598	-10.3303131	MaltaN
13.43280477	36.44553191	-10.5801306	MaltaN
13.89163806	36.02190609	-11.1823286	MaltaN
14.06838764	35.85020101	-15.2092197	MaltaN
14.75225358	35.46047568	-9.651887	MaltaN
13.67061487	36.19491843	-12.2810402	MaltaN
13.69923999	36.16334346	-13.6843229	MaltaN
14.44991704	35.5963326	-13.4584125	MaltaN
13.41931496	36.44924472	-11.9712827	MaltaN
14.73853617	35.44796211	-13.4029729	MaltaN
14.387748	35.69487336	-2.9999995	MaltaN
14.38882884	35.68988074	-3.7692099	MaltaN
14.11419204	35.86657753	-6.3138171	MaltaN
13.98942882	35.99035905	-2.999999	MaltaN
13.60812942	36.29436431	-7.8293583	MaltaN
14.34007637	35.69509087	-8.4793714	MaltaN
13.43394492	36.4555985	-8.8433588	MaltaN
13.89931916	36.06566215	-3.0000004	MaltaN
13.48982347	36.41062252	-7.6926254	MaltaN
13.87193426	36.04435932	-10.2152786	MaltaN
13.48575564	36.37326955	-14.1378945	MaltaN
13.4564435	36.46754668	-3.693498	MaltaN
14.37538609	35.63378675	-15.3723647	MaltaN
14.03678323	35.94698392	-3.6683764	MaltaN
14.10811474	35.87986807	-4.9642436	MaltaN
14.68410934	35.46001707	-16.3051601	MaltaN
14.40225369	35.6854956	-2.9999248	MaltaN
14.54647812	35.59235434	-3.9867993	MaltaN
14.16640696	35.84092612	-3.42133	MaltaN
14.47063697	35.60479724	-9.5444759	MaltaN
14.11612781	35.83202751	-11.7024079	MaltaN
13.53815568	36.32519805	-14.0807055	MaltaN
13.92269232	36.02688911	-6.1253276	MaltaN
13.98464691	35.9792525	-5.466999	MaltaN
13.41486932	36.44489549	-13.29903	MaltaN
13.56749884	36.36875071	-2.9999995	MaltaN
14.38255184	35.65083603	-11.4888663	MaltaN
14.22978034	35.75295469	-10.8784576	MaltaN
14.34233322	35.66887393	-12.9147709	MaltaN
14.01552667	35.89019465	-15.8443325	MaltaN
13.84592476	36.06894813	-9.7599927	MaltaN
14.01535854	35.9653349	-3.5751713	MaltaN
14.72102531	35.48968653	-6.9717128	MaltaN
14.28937258	35.74243825	-5.8619189	MaltaN
13.95579446	35.99327036	-7.0885458	MaltaN
14.57529408	35.55259179	-8.9485178	MaltaN
13.46760805	36.431393	-7.7011572	MaltaN
14.2533983	35.78166	-3	MaltaN
13.43062934	36.41086133	-16.305164	MaltaN
14.11933316	35.82007007	-13.2228	MaltaN
14.60695571	35.53950019	-8.4470438	MaltaN
13.54162302	36.31410346	-15.316976	MaltaN
13.7097557	36.15510528	-13.6427436	MaltaN
13.73339641	36.14992096	-11.3413784	MaltaN
14.50837206	35.55073214	-15.7452358	MaltaN
13.6526424	36.18521456	-16.3051621	MaltaN
13.83896183	36.04259449	-15.0086025	MaltaN
14.19333695	35.78760271	-8.8868627	MaltaN
13.89118935	35.99342461	-15.8852177	MaltaN
14.20503792	35.74898839	-14.4535283	MaltaN
14.72890102	35.46375292	-11.258904	MaltaN
14.63690182	35.52563829	-8.2129217	MaltaN
14.4759453	35.62931186	-4.5397949	MaltaN
14.12998635	35.81688507	-12.2973286	MaltaN
14.41239771	35.60468019	-16.3051621	MaltaN
14.27024228	35.77077771	-2.9999985	MaltaN
13.86874346	36.05594285	-8.7627986	MaltaN
14.34230534	35.65857585	-14.7625952	MaltaN
13.83846941	36.11395808	-3.4159409	MaltaN
13.80687279	36.08204135	-12.9096044	MaltaN
13.51892419	36.39011669	-6.6894113	MaltaN
14.24889837	35.77081954	-5.463707	MaltaN
14.78794498	35.45761065	-6.7781118	MaltaN
13.78742447	36.09716692	-12.9631071	MaltaN
14.56364916	35.58893968	-3.0000009	MaltaN
14.45551529	35.62173735	-8.2607362	MaltaN
13.99389822	35.9830112	-3.5959604	MaltaN
13.63070851	36.23674494	-12.4549804	MaltaN
13.55048373	36.318756	-13.3031855	MaltaN
14.31471839	35.72632541	-5.8169536	MaltaN
13.90575102	35.98320551	-15.5595209	MaltaN
13.7032797	36.20864559	-5.6444013	MaltaN
14.657568	35.50715616	-9.7752378	MaltaN
14.3322051	35.71867698	-5.1641674	MaltaN
14.12407795	35.83967401	-9.3726182	MaltaN
13.6209559	36.27801074	-8.1058562	MaltaN
14.64784075	35.54707593	-2.9999995	MaltaN
13.59687951	36.26398147	-14.0107158	MaltaN
14.46623499	35.57456876	-15.4666591	MaltaN
14.46967134	35.62217431	-6.5442314	MaltaN
14.54604396	35.56074303	-10.1764719	MaltaN
14.48536615	35.62835848	-3.6202143	MaltaN
14.10609895	35.83330285	-12.8551752	MaltaN
13.82585071	36.1264732	-3	MaltaN
14.5927896	35.56280489	-5.2798979	MaltaN
14.07383574	35.89397618	-7.3068027	MaltaN
13.66940559	36.20650925	-10.5395919	MaltaN
14.69331244	35.5050121	-6.7074313	MaltaN
14.18271738	35.7885896	-9.9379102	MaltaN
14.54765123	35.52842856	-16.3051621	MaltaN
14.70365681	35.47448079	-11.6023712	MaltaN
13.40920852	36.43781474	-15.2303564	MaltaN
14.71487798	35.50844261	-3.9424492	MaltaN
13.85352522	36.02243486	-16.3051616	MaltaN
13.39947601	36.46043153	-13.1233571	MaltaN
14.37601646	35.69069498	-5.1066503	MaltaN
13.76021699	36.13553897	-10.1692208	MaltaN
13.49946713	36.41716898	-5.2643178	MaltaN
13.70183363	36.17960609	-10.6456176	MaltaN
14.75187351	35.4948746	-3.0000004	MaltaN
14.58960446	35.52860181	-12.235997	MaltaN
13.77722628	36.15047567	-5.4316708	MaltaN
13.48877754	36.3566578	-16.305164	MaltaN
14.31976233	35.68946211	-11.8389245	MaltaN
13.75114721	36.18598595	-2.9999995	MaltaN
14.70209175	35.49557868	-7.6761953	MaltaN
14.39972076	35.6824991	-3.8301669	MaltaN
13.5587422	36.37364614	-3.5017158	MaltaN
14.43072322	35.59655868	-15.6392114	MaltaN
14.69164182	35.46652794	-14.3121533	MaltaN
13.4214452	36.50062856	-3.6430834	MaltaN
14.08715935	35.85712799	-11.5284708	MaltaN
13.7634523	36.1685665	-4.2387275	MaltaN
14.09497534	35.82405107	-15.8782885	MaltaN
14.50150033	35.59827805	-7.1578635	MaltaN
13.83292868	36.10063782	-6.3654091	MaltaN
14.04330833	35.90568341	-9.53755	MaltaN
13.76519872	36.11211487	-13.4126762	MaltaN
14.10851838	35.82176341	-14.4140278	MaltaN
14.6486035	35.51911832	-8.334539	MaltaN
13.57704417	36.32465025	-8.4994826	MaltaN
14.12529646	35.85079506	-7.3882783	MaltaN
14.10132873	35.86226634	-8.7648771	MaltaN
14.78869128	35.44055691	-10.0212432	MaltaN
13.49721884	36.40942736	-6.804103	MaltaN
13.7439667	36.1485053	-10.1625647	MaltaN
13.56740126	36.36247106	-3.998581	MaltaN
13.3963371	36.46877207	-12.2803503	MaltaN
13.73419075	36.17252795	-7.4936154	MaltaN
14.11045228	35.80859384	-16.3051625	MaltaN
14.56836241	35.56067482	-8.0434888	MaltaN
13.684121	36.18888939	-11.4751103	MaltaN
14.29480599	35.68065411	-16.3051621	MaltaN
14.51194164	35.61464416	-3	MaltaN
13.63540825	36.25646762	-8.8639735	MaltaN
13.43415678	36.42426283	-13.6999145	MaltaN
14.0782676	35.86941204	-10.7253099	MaltaN
13.44115739	36.48266941	-3.5668554	MaltaN
14.64244311	35.51025872	-10.6483891	MaltaN
