12.99855	46.195	-1	Maniago-Sequals
12.69430607	46.22311664	-8.3937587	Maniago-Sequals
12.79928411	46.22655949	-8.222575	Maniago-Sequals
12.731135	46.22574232	-8.723565	Maniago-Sequals
12.83810704	46.26696844	-11.2598471	Maniago-Sequals
12.75388137	46.24177675	-10.2955229	Maniago-Sequals
12.88271568	46.16282838	-1.2545019	Maniago-Sequals
12.85320481	46.22389297	-7.2035824	Maniago-Sequals
12.99739281	46.1983145	-1.3118818	Maniago-Sequals
12.73290634	46.18334855	-4.7042819	Maniago-Sequals
12.87342198	46.1722452	-2.2916538	Maniago-Sequals
12.71456826	46.24174718	-10.2068049	Maniago-Sequals
12.80000864	46.22166808	-7.7780339	Maniago-Sequals
12.80730889	46.25426764	-10.5657502	Maniago-Sequals
12.85727437	46.16992361	-2.3355815	Maniago-Sequals
12.75442536	46.15449196	-2.0140649	Maniago-Sequals
12.85340777	46.28563964	-12.4715283	Maniago-Sequals
12.92066221	46.24166853	-7.0265842	Maniago-Sequals
12.83462123	46.28010832	-12.4715283	Maniago-Sequals
12.87870316	46.18165732	-2.9612248	Maniago-Sequals
12.99487871	46.2055145	-1.9894189	Maniago-Sequals
12.87514493	46.20131199	-4.7273542	Maniago-Sequals
12.9416728	46.30156822	-11.5643374	Maniago-Sequals
12.68729513	46.22662697	-8.7116624	Maniago-Sequals
12.99341538	46.20970469	-2.3837529	Maniago-Sequals
12.73261769	46.2375127	-9.8441677	Maniago-Sequals
12.71585517	46.25689521	-11.6479087	Maniago-Sequals
12.9643467	46.25029468	-6.6070456	Maniago-Sequals
12.83596115	46.22782351	-7.7995694	Maniago-Sequals
12.99159274	46.21492307	-2.8748779	Maniago-Sequals
12.85119159	46.19149291	-4.3442197	Maniago-Sequals
12.75762885	46.21039072	-7.3244645	Maniago-Sequals
12.70708201	46.25864194	-11.7946704	Maniago-Sequals
12.73604286	46.25703046	-11.7048188	Maniago-Sequals
12.95624912	46.20184918	-2.7237475	Maniago-Sequals
12.76159479	46.20599403	-6.9159032	Maniago-Sequals
12.75267038	46.18494763	-4.8992555	Maniago-Sequals
12.72098917	46.25130549	-11.1283286	Maniago-Sequals
12.78851621	46.14300913	-1	Maniago-Sequals
12.87926261	46.27660209	-11.0499282	Maniago-Sequals
12.68604175	46.20976837	-7.1087011	Maniago-Sequals
12.92200651	46.28089819	-10.3423474	Maniago-Sequals
12.73724045	46.24546067	-10.6088618	Maniago-Sequals
12.72838498	46.14707116	-1.2530669	Maniago-Sequals
12.87657832	46.1630713	-1.4299897	Maniago-Sequals
12.95676468	46.1867152	-1.4288115	Maniago-Sequals
12.88985627	46.2045001	-4.6294392	Maniago-Sequals
12.98881865	46.22286429	-3.6223198	Maniago-Sequals
12.95940607	46.24256765	-6.0861218	Maniago-Sequals
12.89934515	46.23440561	-6.9427951	Maniago-Sequals
12.80038539	46.17092803	-3.2837751	Maniago-Sequals
12.71317105	46.1808356	-4.4225261	Maniago-Sequals
12.72269234	46.16679359	-3.1112539	Maniago-Sequals
12.98635033	46.22992885	-4.2873098	Maniago-Sequals
12.90818835	46.23569902	-6.8307623	Maniago-Sequals
12.94027312	46.17950239	-1.2290957	Maniago-Sequals
12.7955474	46.20459379	-6.3395261	Maniago-Sequals
12.81796442	46.17616113	-3.4624929	Maniago-Sequals
12.69331478	46.1824617	-4.5333203	Maniago-Sequals
12.90451947	46.2552893	-8.595182	Maniago-Sequals
12.94832925	46.22922518	-5.2556978	Maniago-Sequals
12.80414686	46.16605357	-2.7919787	Maniago-Sequals
12.922613	46.23648127	-6.5347884	Maniago-Sequals
12.79025484	46.15587744	-2.1166811	Maniago-Sequals
12.71855445	46.2259632	-8.7170756	Maniago-Sequals
12.82466353	46.26606562	-11.3707548	Maniago-Sequals
12.83272772	46.21001537	-6.2580823	Maniago-Sequals
12.91834388	46.27753575	-10.1470109	Maniago-Sequals
12.98422113	46.23602178	-4.8608864	Maniago-Sequals
12.67955331	46.21863159	-7.9357938	Maniago-Sequals
12.81840949	46.27740738	-12.4715283	Maniago-Sequals
12.89430492	46.21426769	-5.3510001	Maniago-Sequals
12.67656828	46.21904956	-7.9689537	Maniago-Sequals
12.68636831	46.26624587	-12.4715283	Maniago-Sequals
12.93464043	46.17515547	-1	Maniago-Sequals
12.77433254	46.14333832	-1	Maniago-Sequals
12.98215832	46.24192387	-5.4165385	Maniago-Sequals
12.76405738	46.21278347	-7.5656577	Maniago-Sequals
12.74784942	46.26214224	-12.202665	Maniago-Sequals
12.66880242	46.25698596	-11.5538061	Maniago-Sequals
12.90388005	46.24556971	-7.781588	Maniago-Sequals
12.74982795	46.2565095	-11.6721069	Maniago-Sequals
12.82530755	46.14965183	-1.0000044	Maniago-Sequals
12.96922749	46.20586303	-2.7124394	Maniago-Sequals
12.98064105	46.2462645	-5.8252118	Maniago-Sequals
12.7561917	46.19098411	-5.4797215	Maniago-Sequals
12.87694666	46.25721224	-9.4526342	Maniago-Sequals
12.94960491	46.20485959	-3.1578808	Maniago-Sequals
12.89439966	46.22881347	-6.589922	Maniago-Sequals
12.88248939	46.22119876	-6.2394863	Maniago-Sequals
12.75578938	46.23953281	-10.0732622	Maniago-Sequals
12.76788223	46.18923078	-5.339016	Maniago-Sequals
12.97877762	46.25159478	-6.3270911	Maniago-Sequals
12.91595397	46.3021684	-12.3104853	Maniago-Sequals
12.9484711	46.22274137	-4.7028947	Maniago-Sequals
12.76377857	46.19545331	-5.9204344	Maniago-Sequals
12.85552425	46.25369077	-9.6905781	Maniago-Sequals
12.833272	46.24706884	-9.5539067	Maniago-Sequals
12.69110682	46.19266378	-5.4965256	Maniago-Sequals
12.96629281	46.23520933	-5.2767293	Maniago-Sequals
12.84636574	46.24661457	-9.3168581	Maniago-Sequals
12.67111722	46.25301033	-11.1813178	Maniago-Sequals
12.73272659	46.15811576	-2.3101513	Maniago-Sequals
12.97702055	46.25662015	-6.8002917	Maniago-Sequals
12.81807929	46.19489215	-5.118783	Maniago-Sequals
12.93243808	46.24932462	-7.3846094	Maniago-Sequals
12.81238788	46.20981797	-6.5302273	Maniago-Sequals
12.88497523	46.27289983	-10.590166	Maniago-Sequals
12.92739728	46.30668268	-12.3837026	Maniago-Sequals
12.68115821	46.20598908	-6.7393492	Maniago-Sequals
12.97527668	46.26160714	-7.2699074	Maniago-Sequals
12.89303021	46.19640394	-3.8589201	Maniago-Sequals
12.86789142	46.23168593	-7.5014659	Maniago-Sequals
12.85421254	46.228165	-7.5452359	Maniago-Sequals
12.90709365	46.17803272	-1.9382226	Maniago-Sequals
12.91149118	46.24539783	-7.575516	Maniago-Sequals
12.97327974	46.26731707	-7.8076353	Maniago-Sequals
12.76996787	46.18290835	-4.7437345	Maniago-Sequals
12.78629773	46.22693128	-8.4652324	Maniago-Sequals
12.80818628	46.25027498	-10.197176	Maniago-Sequals
12.92317933	46.21490682	-4.6794033	Maniago-Sequals
12.86625433	46.1866238	-3.695809	Maniago-Sequals
12.9241479	46.26550801	-8.9740598	Maniago-Sequals
12.77919774	46.25523832	-11.0850859	Maniago-Sequals
12.78027625	46.16972398	-3.5022273	Maniago-Sequals
12.97180192	46.27154216	-8.2055539	Maniago-Sequals
12.95123982	46.20153073	-2.8321694	Maniago-Sequals
12.9695634	46.22513098	-4.3348093	Maniago-Sequals
12.72372543	46.14451072	-1	Maniago-Sequals
12.773786	46.18823882	-5.2444659	Maniago-Sequals
12.87547916	46.16025666	-1.2150908	Maniago-Sequals
12.76375793	46.26517764	-12.2143159	Maniago-Sequals
12.88833505	46.1877907	-3.2422133	Maniago-Sequals
12.92493625	46.17229346	-1.0000024	Maniago-Sequals
12.87193334	46.17039304	-2.1686479	Maniago-Sequals
12.84492458	46.25072583	-9.704039	Maniago-Sequals
12.83454331	46.15440624	-1.2768256	Maniago-Sequals
12.77176177	46.20776188	-7.0040681	Maniago-Sequals
12.74610802	46.1875232	-5.1292464	Maniago-Sequals
12.96968488	46.27759393	-8.7755457	Maniago-Sequals
12.69933627	46.15422175	-1.8675341	Maniago-Sequals
12.75621464	46.26670651	-12.4715283	Maniago-Sequals
12.90144749	46.26527337	-9.5247797	Maniago-Sequals
12.97512631	46.22311816	-4.0139648	Maniago-Sequals
12.96770084	46.28326468	-9.3096887	Maniago-Sequals
12.84918478	46.22691498	-7.5302567	Maniago-Sequals
12.71784956	46.147816	-1.3005673	Maniago-Sequals
12.78875396	46.14552649	-1.2258457	Maniago-Sequals
12.84110987	46.26362783	-10.9014897	Maniago-Sequals
12.78991157	46.2218354	-7.9559589	Maniago-Sequals
12.82102288	46.16346035	-2.2901152	Maniago-Sequals
12.96607622	46.28790756	-9.7470405	Maniago-Sequals
12.68885642	46.25348631	-11.265226	Maniago-Sequals
12.78768859	46.1453721	-1.2222607	Maniago-Sequals
12.83006589	46.22182777	-7.3489968	Maniago-Sequals
12.8075682	46.23620967	-8.9514279	Maniago-Sequals
12.74467754	46.19207527	-5.5580282	Maniago-Sequals
12.73575386	46.17128907	-3.5664287	Maniago-Sequals
12.82822967	46.21400939	-6.6781808	Maniago-Sequals
12.87577247	46.22751387	-6.9472715	Maniago-Sequals
12.80840748	46.1750867	-3.5219438	Maniago-Sequals
12.91435182	46.2314246	-6.3109592	Maniago-Sequals
12.94435916	46.20077684	-2.9412182	Maniago-Sequals
12.93491141	46.21425238	-4.3285395	Maniago-Sequals
12.96414518	46.2934254	-10.2668444	Maniago-Sequals
12.85530557	46.26944415	-11.0409502	Maniago-Sequals
12.87973461	46.29017509	-12.1970742	Maniago-Sequals
12.96250703	46.29810573	-10.707781	Maniago-Sequals
12.82294443	46.23499534	-8.624436	Maniago-Sequals
12.81072153	46.20253292	-5.9121544	Maniago-Sequals
12.94355755	46.23242867	-5.6562205	Maniago-Sequals
12.7694453	46.15136616	-1.7505786	Maniago-Sequals
12.75208302	46.22725161	-8.9126662	Maniago-Sequals
12.72706886	46.25587311	-11.5753154	Maniago-Sequals
12.92604485	46.29252511	-11.2203945	Maniago-Sequals
12.87947023	46.18704622	-3.4016281	Maniago-Sequals
12.74419262	46.25918451	-11.9271914	Maniago-Sequals
12.82796951	46.22948829	-8.0618239	Maniago-Sequals
12.93855426	46.244929	-6.8502615	Maniago-Sequals
12.96065566	46.30339459	-11.2060756	Maniago-Sequals
12.76854379	46.21533032	-7.7256319	Maniago-Sequals
12.76514808	46.19969296	-6.325747	Maniago-Sequals
12.9270639	46.29702227	-11.5739492	Maniago-Sequals
12.87126865	46.18647481	-3.5591196	Maniago-Sequals
12.91853227	46.24872931	-7.6828359	Maniago-Sequals
12.97880059	46.21306954	-3.0637548	Maniago-Sequals
12.95861766	46.30921573	-11.7545581	Maniago-Sequals
12.91267294	46.30094502	-12.2886753	Maniago-Sequals
12.82984772	46.18089523	-3.7038894	Maniago-Sequals
12.95146229	46.18414204	-1.3434902	Maniago-Sequals
12.85077554	46.16435809	-1.9322856	Maniago-Sequals
12.77004604	46.19890391	-6.2482244	Maniago-Sequals
12.91560526	46.30395938	-12.4720175	Maniago-Sequals
12.83108672	46.16929392	-2.6524553	Maniago-Sequals
12.71727328	46.19374037	-5.6559942	Maniago-Sequals
12.87710645	46.23758364	-7.7731305	Maniago-Sequals
12.77804623	46.17608654	-4.1008977	Maniago-Sequals
12.95679267	46.31442778	-12.2456836	Maniago-Sequals
12.76905	46.26904888	-12.4715278	Maniago-Sequals
12.86375048	46.17837911	-2.9967624	Maniago-Sequals
12.95595339	46.31682445	-12.4715283	Maniago-Sequals
12.99679688	46.19444016	-1	Maniago-Sequals
12.93140926	46.25872949	-8.2121713	Maniago-Sequals
12.66913977	46.24017799	-9.9585471	Maniago-Sequals
12.68581016	46.20531072	-6.6851283	Maniago-Sequals
12.99381467	46.19753448	-1.3425766	Maniago-Sequals
12.77179587	46.19391434	-5.7786086	Maniago-Sequals
12.83742655	46.26046183	-10.6891855	Maniago-Sequals
12.92114743	46.2887852	-11.0361416	Maniago-Sequals
12.95630776	46.23500993	-5.5297867	Maniago-Sequals
12.85016223	46.16005755	-1.5578925	Maniago-Sequals
12.76175694	46.18543363	-4.9652951	Maniago-Sequals
12.85870758	46.21358367	-6.1878041	Maniago-Sequals
12.85698658	46.21309668	-6.187296	Maniago-Sequals
12.85395281	46.27734006	-11.7491245	Maniago-Sequals
12.81678503	46.23997408	-9.1561186	Maniago-Sequals
12.94127907	46.22697661	-5.2547531	Maniago-Sequals
12.98277235	46.18996095	-1	Maniago-Sequals
12.86405294	46.19611959	-4.5633623	Maniago-Sequals
12.65975418	46.26685674	-12.4715283	Maniago-Sequals
12.70099943	46.15998714	-2.4180327	Maniago-Sequals
12.78536762	46.16590602	-3.0823518	Maniago-Sequals
12.81222627	46.21351572	-6.8617677	Maniago-Sequals
12.70672873	46.19441904	-5.6972772	Maniago-Sequals
12.92033794	46.29872729	-11.900623	Maniago-Sequals
12.96109138	46.28418074	-9.5659497	Maniago-Sequals
12.94788719	46.21152142	-3.7687929	Maniago-Sequals
12.89702913	46.29489603	-12.1653613	Maniago-Sequals
12.79755641	46.24715794	-10.0729983	Maniago-Sequals
12.73525016	46.23202975	-9.3294052	Maniago-Sequals
12.81546453	46.19334909	-5.0229775	Maniago-Sequals
12.8680958	46.21371997	-5.9632122	Maniago-Sequals
12.93642597	46.1879397	-2.0455444	Maniago-Sequals
12.89341327	46.16299842	-1	Maniago-Sequals
12.90504155	46.18539596	-2.6178935	Maniago-Sequals
12.87165351	46.17607484	-2.6625725	Maniago-Sequals
12.84327122	46.23883141	-8.6769625	Maniago-Sequals
12.91539991	46.21003781	-4.4596066	Maniago-Sequals
12.9053621	46.21110959	-4.8035417	Maniago-Sequals
12.91027926	46.30238084	-12.4715361	Maniago-Sequals
12.92549229	46.27044259	-9.3618354	Maniago-Sequals
12.84935447	46.15366579	-0.9999985	Maniago-Sequals
12.91331921	46.18978229	-2.7839177	Maniago-Sequals
12.78527029	46.24624871	-10.1913449	Maniago-Sequals
12.85221206	46.21147706	-6.1108789	Maniago-Sequals
12.71341041	46.22160435	-8.292039	Maniago-Sequals
12.6951563	46.25688395	-11.6016425	Maniago-Sequals
12.76839444	46.1668371	-3.2156635	Maniago-Sequals
12.76272709	46.22802854	-8.9431374	Maniago-Sequals
12.83954597	46.1838288	-3.8271047	Maniago-Sequals
12.91213963	46.28143192	-10.6356386	Maniago-Sequals
12.89902579	46.20646403	-4.5664912	Maniago-Sequals
12.91591635	46.29778492	-11.937601	Maniago-Sequals
12.98995411	46.20796978	-2.3304282	Maniago-Sequals
12.77605702	46.14606734	-1.2625903	Maniago-Sequals
12.81419168	46.27306059	-12.1438505	Maniago-Sequals
12.92708963	46.18919644	-2.3875615	Maniago-Sequals
12.74690359	46.26164541	-12.1668169	Maniago-Sequals
12.7035093	46.19012638	-5.2828908	Maniago-Sequals
12.77726521	46.18569776	-4.9635028	Maniago-Sequals
12.75478805	46.26400115	-12.2550932	Maniago-Sequals
12.68025369	46.24328083	-10.2773889	Maniago-Sequals
12.93397288	46.27057923	-9.146571	Maniago-Sequals
12.79446867	46.18859739	-4.9419936	Maniago-Sequals
12.85729715	46.28328447	-12.172642	Maniago-Sequals
12.72237294	46.26541856	-12.4715273	Maniago-Sequals
12.88043528	46.28329468	-11.5919087	Maniago-Sequals
12.80735301	46.26345684	-11.384645	Maniago-Sequals
12.87194174	46.29109479	-12.4715385	Maniago-Sequals
12.90338614	46.23970755	-7.2936558	Maniago-Sequals
12.69384435	46.2369292	-9.7040224	Maniago-Sequals
12.86289422	46.19622358	-4.5991965	Maniago-Sequals
12.83735943	46.27280065	-11.7788022	Maniago-Sequals
12.67112091	46.23454427	-9.4279887	Maniago-Sequals
12.90286797	46.21844097	-5.491833	Maniago-Sequals
12.845109	46.23078491	-7.9333271	Maniago-Sequals
12.98069011	46.23897933	-5.2068247	Maniago-Sequals
12.69461572	46.16767144	-3.1329875	Maniago-Sequals
12.71177605	46.23018964	-9.1034553	Maniago-Sequals
12.7867516	46.15124307	-1.7635737	Maniago-Sequals
12.90301435	46.19586903	-3.5622732	Maniago-Sequals
12.6892082	46.26297212	-12.1668164	Maniago-Sequals
12.88113187	46.20487026	-4.8803791	Maniago-Sequals
12.83396516	46.23795829	-8.7316309	Maniago-Sequals
12.7974405	46.25122846	-10.4358466	Maniago-Sequals
12.8982176	46.18701335	-2.9274184	Maniago-Sequals
12.76163233	46.21969482	-8.2163086	Maniago-Sequals
12.7405928	46.22731127	-8.8931735	Maniago-Sequals
12.96718343	46.18498102	-0.9999614	Maniago-Sequals
12.91106708	46.21679712	-5.1453209	Maniago-Sequals
12.86821882	46.28612272	-12.140498	Maniago-Sequals
12.78959491	46.1431254	-1	Maniago-Sequals
12.95954523	46.19392244	-1.9634253	Maniago-Sequals
12.72170895	46.15990462	-2.4556181	Maniago-Sequals
12.80457996	46.21790409	-7.371113	Maniago-Sequals
12.95897613	46.27843525	-9.1362714	Maniago-Sequals
12.92787038	46.17617205	-1.2569882	Maniago-Sequals
12.78633731	46.21079238	-7.0366675	Maniago-Sequals
12.80278415	46.19066201	-4.9902736	Maniago-Sequals
12.96979884	46.20134533	-2.3145205	Maniago-Sequals
12.74853458	46.25700221	-11.7294643	Maniago-Sequals
12.94338866	46.24006416	-6.3071124	Maniago-Sequals
12.8603975	46.23039285	-7.5795573	Maniago-Sequals
12.90509712	46.22312066	-5.8350697	Maniago-Sequals
12.88722049	46.21810542	-5.8565784	Maniago-Sequals
12.95964901	46.22504258	-4.5953835	Maniago-Sequals
12.86153209	46.2880311	-12.4715283	Maniago-Sequals
12.97021823	46.25623764	-6.9517517	Maniago-Sequals
12.80578931	46.20837251	-6.5082621	Maniago-Sequals
12.79441395	46.19678763	-5.6673118	Maniago-Sequals
12.85912162	46.22584238	-7.2233044	Maniago-Sequals
12.77962796	46.22005725	-7.9647526	Maniago-Sequals
12.94414543	46.27880469	-9.5684702	Maniago-Sequals
12.77584856	46.21390404	-7.4814136	Maniago-Sequals
12.76575149	46.14671726	-1.3015752	Maniago-Sequals
12.79089973	46.25748504	-11.0949028	Maniago-Sequals
12.94325336	46.21168471	-3.899726	Maniago-Sequals
12.77628624	46.17791323	-4.2837251	Maniago-Sequals
12.81472034	46.16738709	-2.7391015	Maniago-Sequals
12.82023075	46.18439924	-4.1545109	Maniago-Sequals
12.92400284	46.27659578	-9.9246045	Maniago-Sequals
12.73674577	46.18694156	-5.0535737	Maniago-Sequals
12.87802783	46.25176566	-8.9605019	Maniago-Sequals
12.95712576	46.20856425	-3.2683681	Maniago-Sequals
12.89704704	46.20051202	-4.1084028	Maniago-Sequals
12.95541163	46.24835947	-6.6846817	Maniago-Sequals
12.95189319	46.18024251	-1	Maniago-Sequals
12.93443056	46.20095468	-3.2060278	Maniago-Sequals
12.95901423	46.18959085	-1.6113774	Maniago-Sequals
12.77710271	46.22529054	-8.4685925	Maniago-Sequals
12.9031174	46.16585986	-0.9999995	Maniago-Sequals
12.86639598	46.19212392	-4.1637888	Maniago-Sequals
12.87410234	46.1686003	-1.96352	Maniago-Sequals
12.75213709	46.24674437	-10.7633464	Maniago-Sequals
12.73533396	46.20482943	-6.7478631	Maniago-Sequals
12.86346206	46.15772224	-1.1604213	Maniago-Sequals
12.86930473	46.25927277	-9.820642	Maniago-Sequals
12.7168272	46.15449076	-1.9313891	Maniago-Sequals
12.83765199	46.17932696	-3.4529353	Maniago-Sequals
12.94854892	46.29061925	-10.4505676	Maniago-Sequals
12.89894478	46.18072009	-2.3723261	Maniago-Sequals
12.86347057	46.24221402	-8.5111629	Maniago-Sequals
12.78107115	46.19004992	-5.2869238	Maniago-Sequals
12.93662974	46.23671695	-6.2025954	Maniago-Sequals
12.66683719	46.24672479	-10.5751418	Maniago-Sequals
12.95963664	46.19866546	-2.3624853	Maniago-Sequals
12.88317739	46.26718488	-10.1474382	Maniago-Sequals
12.76889503	46.2220996	-8.3188689	Maniago-Sequals
12.96434862	46.2394511	-5.6885393	Maniago-Sequals
12.94429967	46.31310906	-12.4715283	Maniago-Sequals
12.92337173	46.19465857	-2.9470217	Maniago-Sequals
12.823321	46.18524319	-4.1841101	Maniago-Sequals
12.95923317	46.18244009	-1.0000561	Maniago-Sequals
12.7716251	46.19120795	-5.5348385	Maniago-Sequals
12.73384687	46.14427611	-1	Maniago-Sequals
12.8388099	46.28134195	-12.4714936	Maniago-Sequals
12.78254023	46.25981958	-11.4366367	Maniago-Sequals
12.67708903	46.22801139	-8.8208044	Maniago-Sequals
12.77360809	46.20122133	-6.3956516	Maniago-Sequals
12.85099037	46.21553463	-6.4899737	Maniago-Sequals
12.6910234	46.24175869	-10.1563862	Maniago-Sequals
12.81138631	46.24261806	-9.4687649	Maniago-Sequals
12.83018984	46.15190771	-1.1201084	Maniago-Sequals
12.96932195	46.2295808	-4.7181643	Maniago-Sequals
12.76988865	46.19615959	-6.0008697	Maniago-Sequals
12.84420854	46.27202588	-11.5403471	Maniago-Sequals
12.92061798	46.30555666	-12.4715166	Maniago-Sequals
12.81984266	46.15203651	-1.2991518	Maniago-Sequals
12.86603391	46.22269376	-6.7807882	Maniago-Sequals
12.95693919	46.29578301	-10.6614023	Maniago-Sequals
12.81525935	46.18056276	-3.8955302	Maniago-Sequals
12.71855549	46.20062381	-6.3120264	Maniago-Sequals
12.91997799	46.18845478	-2.5031723	Maniago-Sequals
12.95697028	46.30039414	-11.0513667	Maniago-Sequals
12.77293097	46.17328871	-3.8376347	Maniago-Sequals
12.88367576	46.17728768	-2.4635151	Maniago-Sequals
12.9074744	46.19988583	-3.7928359	Maniago-Sequals
12.80805724	46.21276458	-6.8603397	Maniago-Sequals
12.85493779	46.20289619	-5.3072019	Maniago-Sequals
12.79658415	46.16145111	-2.5072065	Maniago-Sequals
12.84792595	46.18695844	-3.9866301	Maniago-Sequals
12.84353492	46.2094901	-6.057331	Maniago-Sequals
12.77343714	46.22972345	-8.92006	Maniago-Sequals
12.67287436	46.22955735	-8.958373	Maniago-Sequals
12.82193497	46.25791539	-10.6826872	Maniago-Sequals
12.88527634	46.25295643	-8.879965	Maniago-Sequals
12.78815234	46.1610315	-2.6063501	Maniago-Sequals
12.97440984	46.19766514	-1.8782885	Maniago-Sequals
12.81958887	46.18977337	-4.6408576	Maniago-Sequals
12.91484654	46.17312434	-1.3246699	Maniago-Sequals
12.92265132	46.28436767	-10.6210629	Maniago-Sequals
12.85511787	46.24202811	-8.7052844	Maniago-Sequals
12.83827662	46.16609891	-2.2654912	Maniago-Sequals
12.92706983	46.28675874	-10.704091	Maniago-Sequals
12.93142096	46.25520468	-7.91165	Maniago-Sequals
12.70896037	46.147092	-1.2124028	Maniago-Sequals
12.93504008	46.19398172	-2.5958188	Maniago-Sequals
12.74035251	46.15969875	-2.4770815	Maniago-Sequals
12.69319073	46.21419159	-7.5441486	Maniago-Sequals
12.93323842	46.21854865	-4.7372074	Maniago-Sequals
12.83520766	46.24326748	-9.1873552	Maniago-Sequals
12.9673852	46.26943245	-8.14618	Maniago-Sequals
12.66500398	46.26075831	-11.9037778	Maniago-Sequals
12.92694029	46.24651794	-7.2826999	Maniago-Sequals
12.79931371	46.24032871	-9.4404074	Maniago-Sequals
12.79776137	46.17716532	-3.8777407	Maniago-Sequals
12.81116065	46.19087055	-4.8734305	Maniago-Sequals
12.75973177	46.22830191	-9.0157307	Maniago-Sequals
12.68878981	46.19981329	-6.1699177	Maniago-Sequals
12.80643306	46.2455904	-9.804415	Maniago-Sequals
12.94067536	46.21716913	-4.4325029	Maniago-Sequals
12.74252237	46.14407476	-1.0000014	Maniago-Sequals
12.78689997	46.20478888	-6.4964754	Maniago-Sequals
12.78129372	46.16362568	-2.9394052	Maniago-Sequals
12.81198282	46.25929776	-10.9477412	Maniago-Sequals
12.95791311	46.21910635	-4.1396538	Maniago-Sequals
12.90319431	46.28897897	-11.5050097	Maniago-Sequals
12.77211961	46.1568965	-2.2809682	Maniago-Sequals
12.86949725	46.15688621	-1.0000004	Maniago-Sequals
12.83011916	46.1878906	-4.3234292	Maniago-Sequals
12.80391192	46.26645162	-11.7007841	Maniago-Sequals
12.7335705	46.26516112	-12.4715283	Maniago-Sequals
12.92591015	46.27374255	-9.6325969	Maniago-Sequals
12.68780753	46.18706103	-4.9576773	Maniago-Sequals
12.84799537	46.23876153	-8.6034854	Maniago-Sequals
12.93409811	46.24405463	-6.8929206	Maniago-Sequals
12.78785983	46.23626559	-9.2659995	Maniago-Sequals
12.69739866	46.26435007	-12.3155922	Maniago-Sequals
12.69732475	46.26599374	-12.4715288	Maniago-Sequals
12.68602861	46.22043942	-8.121534	Maniago-Sequals
12.93762847	46.22273023	-4.9836728	Maniago-Sequals
12.81025274	46.23115256	-8.4624005	Maniago-Sequals
12.88761727	46.24247476	-7.9263907	Maniago-Sequals
12.70014433	46.26076925	-11.9815273	Maniago-Sequals
12.68347295	46.19940094	-6.1191699	Maniago-Sequals
12.93408682	46.18114434	-1.5247329	Maniago-Sequals
12.74212135	46.14733721	-1.3085283	Maniago-Sequals
12.74679908	46.20099584	-6.40915	Maniago-Sequals
12.81852791	46.26288787	-11.1747085	Maniago-Sequals
12.76603139	46.24981286	-10.8175673	Maniago-Sequals
12.85668627	46.17452946	-2.7543371	Maniago-Sequals
12.84040261	46.26042202	-10.6432436	Maniago-Sequals
12.90350139	46.27713582	-10.4859638	Maniago-Sequals
12.77838507	46.27075204	-12.4715317	Maniago-Sequals
12.92778569	46.30249225	-12.0180449	Maniago-Sequals
12.82614697	46.17277021	-3.0325451	Maniago-Sequals
12.89446331	46.27451749	-10.489666	Maniago-Sequals
12.84245475	46.25916845	-10.4870019	Maniago-Sequals
12.93686573	46.29548251	-11.178521	Maniago-Sequals
12.77483579	46.23496677	-9.361445	Maniago-Sequals
12.74668388	46.17204174	-3.6617534	Maniago-Sequals
12.88184316	46.29400996	-12.4715273	Maniago-Sequals
12.84591837	46.28343477	-12.4715268	Maniago-Sequals
12.72562413	46.26262831	-12.213643	Maniago-Sequals
12.88432715	46.19856759	-4.2623288	Maniago-Sequals
12.70684725	46.22383296	-8.4892055	Maniago-Sequals
12.86390131	46.27977623	-11.707059	Maniago-Sequals
12.89048563	46.28171262	-11.2040581	Maniago-Sequals
12.9415415	46.19204667	-2.2672451	Maniago-Sequals
12.80978183	46.21684823	-7.1940065	Maniago-Sequals
12.86587648	46.17346858	-2.5289394	Maniago-Sequals
12.69484149	46.20939573	-7.0925692	Maniago-Sequals
12.83426389	46.26602841	-11.2307212	Maniago-Sequals
12.83264053	46.15098092	-0.9994951	Maniago-Sequals
12.93715855	46.25024824	-7.3383543	Maniago-Sequals
12.6608924	46.26362226	-12.1668164	Maniago-Sequals
12.92832047	46.27034074	-9.2792378	Maniago-Sequals
12.73353052	46.25089205	-11.1164545	Maniago-Sequals
12.94756815	46.29878503	-11.1691074	Maniago-Sequals
12.87599445	46.20845078	-5.3150428	Maniago-Sequals
12.92877187	46.27752934	-9.8761977	Maniago-Sequals
12.84954615	46.16874478	-2.3406225	Maniago-Sequals
12.74981151	46.24012077	-10.1293877	Maniago-Sequals
12.8686758	46.16673403	-1.8890463	Maniago-Sequals
12.78280144	46.14314184	-1	Maniago-Sequals
12.69291717	46.17250974	-3.5882634	Maniago-Sequals
12.7473424	46.17936688	-4.358111	Maniago-Sequals
12.79206212	46.24037432	-9.5617651	Maniago-Sequals
12.79790854	46.27122465	-12.212101	Maniago-Sequals
12.88933272	46.29621512	-12.4715283	Maniago-Sequals
12.72354701	46.23970963	-10.0329326	Maniago-Sequals
12.67937853	46.2110536	-7.2161347	Maniago-Sequals
12.67358963	46.2643732	-12.265792	Maniago-Sequals
12.80619709	46.16123106	-2.3324448	Maniago-Sequals
12.84128693	46.22417584	-7.3985139	Maniago-Sequals
12.95662027	46.25995341	-7.634106	Maniago-Sequals
12.79811579	46.23615998	-9.0910078	Maniago-Sequals
12.8254941	46.16977542	-2.7759565	Maniago-Sequals
12.91973474	46.19978182	-3.4755634	Maniago-Sequals
12.98519658	46.21155265	-2.762403	Maniago-Sequals
12.71160543	46.19917252	-6.159051	Maniago-Sequals
12.94069922	46.29143349	-10.7317539	Maniago-Sequals
12.98194715	46.20224394	-2.0621245	Maniago-Sequals
12.93843781	46.26164561	-8.2689848	Maniago-Sequals
12.79722769	46.15258009	-1.7124887	Maniago-Sequals
12.88504774	46.24682606	-8.3623971	Maniago-Sequals
12.70444543	46.23921939	-9.9446574	Maniago-Sequals
12.70722755	46.26364749	-12.2703349	Maniago-Sequals
12.759433	46.15076403	-1.6714873	Maniago-Sequals
12.97373082	46.25088369	-6.4032692	Maniago-Sequals
12.92719603	46.30765474	-12.4715293	Maniago-Sequals
12.71737881	46.20841401	-7.0487719	Maniago-Sequals
12.91723278	46.28520604	-10.8298889	Maniago-Sequals
12.76626847	46.20648089	-6.9723646	Maniago-Sequals
12.88250425	46.22577944	-6.6300113	Maniago-Sequals
12.76781813	46.20206307	-6.5565217	Maniago-Sequals
12.72454007	46.23369701	-9.4642844	Maniago-Sequals
12.9535945	46.21406228	-3.8293188	Maniago-Sequals
12.81345021	46.24687247	-9.818738	Maniago-Sequals
12.78290591	46.17286754	-3.7377072	Maniago-Sequals
12.82894127	46.20186032	-5.5851363	Maniago-Sequals
12.76878576	46.2443159	-10.286561	Maniago-Sequals
12.85170247	46.23138554	-7.8829311	Maniago-Sequals
12.79051732	46.26165829	-11.4702363	Maniago-Sequals
12.81932422	46.25328539	-10.3069492	Maniago-Sequals
12.702572	46.145	-1	Maniago-Sequals
12.68490479	46.25836439	-11.71983	Maniago-Sequals
12.8631384	46.18410452	-3.5156704	Maniago-Sequals
12.74515427	46.15333484	-1.8840122	Maniago-Sequals
12.93944129	46.23138077	-5.6766212	Maniago-Sequals
12.72817973	46.19468814	-5.769879	Maniago-Sequals
12.68556006	46.19345973	-5.5599326	Maniago-Sequals
12.97052739	46.26345991	-7.5552394	Maniago-Sequals
12.89629866	46.22096355	-5.8722748	Maniago-Sequals
12.84568838	46.17986744	-3.3866157	Maniago-Sequals
12.9483743	46.26665928	-8.4251259	Maniago-Sequals
12.80080747	46.24759663	-10.063299	Maniago-Sequals
12.79378725	46.16546314	-2.9071413	Maniago-Sequals
12.74597422	46.21162536	-7.4161021	Maniago-Sequals
12.81447963	46.20402656	-5.9840752	Maniago-Sequals
12.86832099	46.20651756	-5.343024	Maniago-Sequals
12.92071966	46.30253308	-12.2125068	Maniago-Sequals
12.91253006	46.22140451	-5.5016788	Maniago-Sequals
12.80612255	46.27239112	-12.1990791	Maniago-Sequals
12.95240134	46.23949957	-6.0156565	Maniago-Sequals
12.73643497	46.15133876	-1.6755205	Maniago-Sequals
12.92116511	46.2304551	-6.056883	Maniago-Sequals
12.70131519	46.14858213	-1.336976	Maniago-Sequals
12.96638625	46.27636196	-8.7603099	Maniago-Sequals
12.94584507	46.18802841	-1.8162011	Maniago-Sequals
12.93268596	46.28405708	-10.3232812	Maniago-Sequals
12.67814341	46.25480969	-11.3675063	Maniago-Sequals
12.83561163	46.19740476	-5.0930059	Maniago-Sequals
12.76426145	46.21539398	-7.8004655	Maniago-Sequals
12.95528549	46.1917469	-1.8946914	Maniago-Sequals
12.75165929	46.25129506	-11.1809814	Maniago-Sequals
12.68607117	46.2472976	-10.6714843	Maniago-Sequals
12.75633358	46.17724324	-4.1763476	Maniago-Sequals
12.97601082	46.18780103	-1	Maniago-Sequals
12.82060651	46.20425212	-5.9170795	Maniago-Sequals
12.88590495	46.21059139	-5.2484985	Maniago-Sequals
12.67417148	46.2665261	-12.4715283	Maniago-Sequals
12.92891144	46.222807	-5.2094019	Maniago-Sequals
12.69540528	46.17339469	-3.6776606	Maniago-Sequals
12.79065173	46.16993506	-3.3532319	Maniago-Sequals
12.74627277	46.25373685	-11.4144453	Maniago-Sequals
12.88323953	46.19336062	-3.845479	Maniago-Sequals
12.77594959	46.18206766	-4.6637192	Maniago-Sequals
12.87328628	46.2187103	-6.2585305	Maniago-Sequals
12.81493569	46.1714854	-3.0980424	Maniago-Sequals
12.76199002	46.22186724	-8.4098906	Maniago-Sequals
12.91698393	46.25835176	-8.5432025	Maniago-Sequals
12.80011849	46.15831868	-2.173143	Maniago-Sequals
12.73642019	46.26230921	-12.2069218	Maniago-Sequals
12.78418167	46.15857878	-2.4536577	Maniago-Sequals
12.8610401	46.2070606	-5.5727985	Maniago-Sequals
12.7822537	46.23258258	-9.0306301	Maniago-Sequals
12.73849363	46.17684209	-4.099229	Maniago-Sequals
12.94570385	46.20766487	-3.4950327	Maniago-Sequals
12.75838521	46.22894711	-9.0874277	Maniago-Sequals
12.72532325	46.20440719	-6.6859259	Maniago-Sequals
12.96528193	46.18790976	-1.2993286	Maniago-Sequals
12.67031956	46.24760289	-10.6661074	Maniago-Sequals
12.84761996	46.26530453	-10.8807387	Maniago-Sequals
12.75982982	46.23954146	-10.0087348	Maniago-Sequals
12.76112135	46.25970511	-11.7724824	Maniago-Sequals
12.83626228	46.27792456	-12.2440732	Maniago-Sequals
12.97360884	46.18907448	-1.1727441	Maniago-Sequals
12.7781946	46.24431439	-10.1344282	Maniago-Sequals
12.7488097	46.16773293	-3.2576728	Maniago-Sequals
12.76630557	46.20956761	-7.2519832	Maniago-Sequals
12.8142624	46.19890497	-5.5337716	Maniago-Sequals
12.79292108	46.17423389	-3.6967053	Maniago-Sequals
12.87383931	46.16494411	-1.6559814	Maniago-Sequals
12.86495215	46.23627402	-7.9669371	Maniago-Sequals
12.96327409	46.26434706	-7.8264556	Maniago-Sequals
12.89496472	46.24004527	-7.5342996	Maniago-Sequals
12.83361846	46.271371	-11.7164712	Maniago-Sequals
12.89665834	46.19270898	-3.4524875	Maniago-Sequals
12.66473098	46.26674268	-12.4715283	Maniago-Sequals
12.93827985	46.25658219	-7.8443774	Maniago-Sequals
12.83116501	46.15580386	-1.4495371	Maniago-Sequals
12.78314371	46.26596356	-11.9707949	Maniago-Sequals
12.85068148	46.23637123	-8.3343419	Maniago-Sequals
12.88692549	46.29250772	-12.215436	Maniago-Sequals
12.79516267	46.25842736	-11.1098486	Maniago-Sequals
12.69965133	46.16927113	-3.2957617	Maniago-Sequals
12.91026502	46.26889367	-9.6121606	Maniago-Sequals
12.85827189	46.19618402	-4.6614802	Maniago-Sequals
12.75623362	46.23507666	-9.6645891	Maniago-Sequals
12.95149825	46.28616632	-9.9934992	Maniago-Sequals
12.67323505	46.24028455	-9.9775915	Maniago-Sequals
12.85586803	46.23587905	-8.1616286	Maniago-Sequals
12.70447128	46.24444453	-10.4408252	Maniago-Sequals
12.7922047	46.27322264	-12.4714668	Maniago-Sequals
12.77552833	46.16687258	-3.2347075	Maniago-Sequals
12.94649583	46.19536396	-2.4256328	Maniago-Sequals
12.7457672	46.26488027	-12.4715283	Maniago-Sequals
12.77332136	46.1863703	-5.0795626	Maniago-Sequals
12.91142484	46.19513072	-3.2878225	Maniago-Sequals
12.85644485	46.21824727	-6.6426343	Maniago-Sequals
12.88196714	46.16995754	-1.8812846	Maniago-Sequals
12.80180359	46.23424184	-8.8613125	Maniago-Sequals
12.87646902	46.17648669	-2.5764287	Maniago-Sequals
12.75977497	46.22498741	-8.7146031	Maniago-Sequals
12.7451651	46.16359022	-2.8567295	Maniago-Sequals
12.70173511	46.16402454	-2.8026206	Maniago-Sequals
12.74306977	46.26370616	-12.354125	Maniago-Sequals
12.79962674	46.24368321	-9.7318999	Maniago-Sequals
12.99257552	46.20276786	-1.8191386	Maniago-Sequals
12.75820834	46.23264217	-9.424404	Maniago-Sequals
12.97830032	46.20796131	-2.6447746	Maniago-Sequals
12.68574824	46.23795036	-9.7832812	Maniago-Sequals
12.85101022	46.19788463	-4.9164516	Maniago-Sequals
12.82129169	46.21064575	-6.4772305	Maniago-Sequals
12.72974484	46.17365656	-3.7778137	Maniago-Sequals
12.80260788	46.202755	-6.0628194	Maniago-Sequals
12.78324305	46.1580624	-2.416017	Maniago-Sequals
12.73978059	46.23872836	-9.9752387	Maniago-Sequals
12.83642543	46.2717637	-11.7115581	Maniago-Sequals
12.71569927	46.23703904	-9.7622861	Maniago-Sequals
12.80399255	46.23073011	-8.5154018	Maniago-Sequals
12.71627947	46.26183787	-12.1181972	Maniago-Sequals
12.79585157	46.14646404	-1.1940297	Maniago-Sequals
12.94783788	46.2600058	-7.8759701	Maniago-Sequals
12.89707639	46.29849479	-12.4715283	Maniago-Sequals
12.84296468	46.25311361	-9.9549624	Maniago-Sequals
12.84705479	46.28191033	-12.3127866	Maniago-Sequals
12.78372289	46.19787774	-5.9364542	Maniago-Sequals
12.79656446	46.26186216	-11.395934	Maniago-Sequals
12.89136384	46.1834893	-2.7991479	Maniago-Sequals
12.8287767	46.16055129	-1.9075127	Maniago-Sequals
12.7974317	46.21195691	-6.9605003	Maniago-Sequals
12.86403469	46.20130298	-5.0062961	Maniago-Sequals
12.70375976	46.18285834	-4.5938147	Maniago-Sequals
12.92111052	46.22443472	-5.544473	Maniago-Sequals
12.7748172	46.18210378	-4.6780588	Maniago-Sequals
12.80016914	46.2525501	-10.5140236	Maniago-Sequals
12.80919253	46.22596402	-8.0150505	Maniago-Sequals
12.91825787	46.2899017	-11.2052631	Maniago-Sequals
12.9801508	46.19247975	-1.2840996	Maniago-Sequals
12.85954521	46.16169852	-1.5704384	Maniago-Sequals
12.95025664	46.19879538	-2.6241093	Maniago-Sequals
12.87044786	46.19708056	-4.4844641	Maniago-Sequals
12.67497567	46.22358026	-8.3955512	Maniago-Sequals
12.76351125	46.23367639	-9.4302295	Maniago-Sequals
12.71123258	46.16827031	-3.2261936	Maniago-Sequals
12.82976316	46.16456801	-2.2499462	Maniago-Sequals
12.93409943	46.25432688	-7.7666693	Maniago-Sequals
12.79784882	46.2741239	-12.4715327	Maniago-Sequals
12.91903696	46.29436277	-11.5657314	Maniago-Sequals
12.9492585	46.21720729	-4.2129765	Maniago-Sequals
12.79320816	46.26308699	-11.5536308	Maniago-Sequals
12.80595548	46.22675033	-8.1317805	Maniago-Sequals
12.79313727	46.24484135	-9.9397378	Maniago-Sequals
12.90177497	46.17400214	-1.7281728	Maniago-Sequals
12.93593663	46.30625119	-12.1162924	Maniago-Sequals
12.91929454	46.26964751	-9.4494821	Maniago-Sequals
12.83941771	46.15207645	-1.0000141	Maniago-Sequals
12.91106337	46.28805213	-11.2280249	Maniago-Sequals
12.7793271	46.18066313	-4.484925	Maniago-Sequals
12.95267104	46.19263677	-2.0379897	Maniago-Sequals
12.96814102	46.19452993	-1.7823862	Maniago-Sequals
12.90474862	46.19151083	-3.1468811	Maniago-Sequals
12.85514557	46.15606066	-1.1308471	Maniago-Sequals
12.85049583	46.22046461	-6.936515	Maniago-Sequals
12.84923805	46.24238812	-8.8841789	Maniago-Sequals
12.75903823	46.24473884	-10.4814873	Maniago-Sequals
12.72172854	46.18456595	-4.7952382	Maniago-Sequals
12.74684673	46.26499652	-12.4715283	Maniago-Sequals
12.78336006	46.1471158	-1.3780893	Maniago-Sequals
12.94538621	46.21727886	-4.3233117	Maniago-Sequals
12.82895893	46.27909147	-12.4715283	Maniago-Sequals
12.82727782	46.19507878	-5.0044752	Maniago-Sequals
12.70814336	46.26574508	-12.4715376	Maniago-Sequals
12.84665491	46.2548253	-10.0107297	Maniago-Sequals
12.85483773	46.17963387	-3.2354919	Maniago-Sequals
12.9776393	46.24574041	-5.8619564	Maniago-Sequals
12.72423742	46.18945478	-5.2646433	Maniago-Sequals
12.81899318	46.22704998	-7.9723265	Maniago-Sequals
12.77134748	46.2664715	-12.20625	Maniago-Sequals
12.80818549	46.22119896	-7.6047166	Maniago-Sequals
12.84118866	46.24913696	-9.6256027	Maniago-Sequals
12.84162249	46.27808959	-12.1231318	Maniago-Sequals
12.7204266	46.17293475	-3.6888637	Maniago-Sequals
12.79197214	46.27022075	-12.2066508	Maniago-Sequals
12.96006264	46.18439855	-1.1435835	Maniago-Sequals
12.93847145	46.2393435	-6.3794067	Maniago-Sequals
12.96300235	46.25703752	-7.2145664	Maniago-Sequals
12.90101567	46.16884467	-1.3074008	Maniago-Sequals
12.90380468	46.30047529	-12.4715283	Maniago-Sequals
12.77965538	46.15205551	-1.8384062	Maniago-Sequals
12.89207398	46.26231679	-9.5080871	Maniago-Sequals
12.95510777	46.30561457	-11.5441723	Maniago-Sequals
12.72913013	46.20878038	-7.1092647	Maniago-Sequals
12.84980627	46.24999331	-9.5187155	Maniago-Sequals
12.88899467	46.22439648	-6.3488238	Maniago-Sequals
12.742184	46.26496283	-12.4715283	Maniago-Sequals
12.69777176	46.15867981	-2.2869619	Maniago-Sequals
12.92962954	46.26261885	-8.5895639	Maniago-Sequals
12.92554916	46.20923757	-4.1360742	Maniago-Sequals
12.7450912	46.22256941	-8.4529088	Maniago-Sequals
12.66299643	46.26531036	-12.3317197	Maniago-Sequals
12.98990973	46.19224065	-1	Maniago-Sequals
12.95636621	46.18366173	-1.1793525	Maniago-Sequals
12.6967344	46.23319051	-9.3553955	Maniago-Sequals
12.86802734	46.18155686	-3.2190034	Maniago-Sequals
12.83298108	46.25382021	-10.1601406	Maniago-Sequals
12.87868717	46.23269518	-7.3161734	Maniago-Sequals
12.95671595	46.25275403	-7.0216564	Maniago-Sequals
12.87864487	46.21476204	-5.7868992	Maniago-Sequals
12.72700615	46.15477595	-1.9807929	Maniago-Sequals
12.8194452	46.19914031	-5.4777517	Maniago-Sequals
12.72386746	46.17907325	-4.2787983	Maniago-Sequals
12.86322775	46.2176657	-6.4222946	Maniago-Sequals
12.93189441	46.27435343	-9.5225441	Maniago-Sequals
12.78800667	46.18482988	-4.7131793	Maniago-Sequals
12.90630132	46.20505242	-4.2631225	Maniago-Sequals
12.72071019	46.21989219	-8.1455153	Maniago-Sequals
12.89331967	46.25663677	-8.991873	Maniago-Sequals
12.80528094	46.19739206	-5.5452813	Maniago-Sequals
12.79069425	46.26686384	-11.9282202	Maniago-Sequals
12.81623869	46.22083817	-7.457795	Maniago-Sequals
12.89011638	46.28752707	-11.7098593	Maniago-Sequals
12.75007189	46.25262518	-11.3172065	Maniago-Sequals
12.67796006	46.21508975	-7.5961289	Maniago-Sequals
12.82538706	46.24058581	-9.0880998	Maniago-Sequals
12.79525809	46.14416067	-1	Maniago-Sequals
12.75775571	46.16495038	-3.0133425	Maniago-Sequals
12.83517718	46.23455105	-8.4105626	Maniago-Sequals
12.76922967	46.23885758	-9.7963322	Maniago-Sequals
12.90624222	46.23067302	-6.4507677	Maniago-Sequals
12.8953146	46.25215231	-8.5588861	Maniago-Sequals
12.85773355	46.24823563	-9.1693632	Maniago-Sequals
12.92677905	46.20497635	-3.7415722	Maniago-Sequals
12.87012079	46.17557499	-2.6562141	Maniago-Sequals
12.85509252	46.21850438	-6.6963652	Maniago-Sequals
12.82473281	46.2485278	-9.8056303	Maniago-Sequals
12.86821754	46.25140553	-9.1763762	Maniago-Sequals
12.71093131	46.17429266	-3.7968571	Maniago-Sequals
12.9147026	46.20310948	-3.88603	Maniago-Sequals
12.78628629	46.27002218	-12.279247	Maniago-Sequals
12.82251731	46.18080615	-3.8003129	Maniago-Sequals
12.91886447	46.21962702	-5.1906928	Maniago-Sequals
12.91440765	46.16918832	-1.0000146	Maniago-Sequals
12.94333857	46.22083655	-4.6788523	Maniago-Sequals
12.98606178	46.19490237	-1.3293579	Maniago-Sequals
12.87224333	46.26527789	-10.2594504	Maniago-Sequals
12.89010878	46.16525819	-1.2758095	Maniago-Sequals
12.73905117	46.21680084	-7.8921594	Maniago-Sequals
12.9136218	46.26488043	-9.1851145	Maniago-Sequals
12.903273	46.28269672	-10.9665639	Maniago-Sequals
12.75392178	46.19665162	-6.0125203	Maniago-Sequals
12.78171832	46.165609	-3.1150629	Maniago-Sequals
12.72375425	46.2453568	-10.5695395	Maniago-Sequals
12.69864141	46.1974956	-5.9715185	Maniago-Sequals
12.82574303	46.15757202	-1.6932338	Maniago-Sequals
12.93521516	46.31021224	-12.4715278	Maniago-Sequals
12.91589834	46.25365429	-8.1694825	Maniago-Sequals
12.94768565	46.25323637	-7.3066455	Maniago-Sequals
12.92528846	46.18208288	-1.8260849	Maniago-Sequals
12.84464624	46.24831722	-9.5032707	Maniago-Sequals
12.90362174	46.27137079	-9.9906984	Maniago-Sequals
12.80210281	46.23773606	-9.1660351	Maniago-Sequals
12.84320198	46.15620432	-1.3137905	Maniago-Sequals
12.89903426	46.22524582	-6.1689229	Maniago-Sequals
12.94490579	46.30873109	-12.0840566	Maniago-Sequals
12.92895796	46.23334972	-6.1079561	Maniago-Sequals
12.95307124	46.31590564	-12.4715278	Maniago-Sequals
12.80775067	46.146444	-0.9999961	Maniago-Sequals
12.71252789	46.18636555	-4.9458018	Maniago-Sequals
12.70658086	46.14490739	-1	Maniago-Sequals
12.70866265	46.15782007	-2.229268	Maniago-Sequals
12.85741149	46.15495411	-0.9999995	Maniago-Sequals
12.83927107	46.17251239	-2.8226677	Maniago-Sequals
12.85046398	46.23171778	-7.9403075	Maniago-Sequals
12.75504827	46.22266065	-8.4833801	Maniago-Sequals
12.98638409	46.21751766	-3.2353798	Maniago-Sequals
12.82985356	46.27566909	-12.1534843	Maniago-Sequals
12.73547345	46.19425443	-5.7446671	Maniago-Sequals
12.8847234	46.25969353	-9.4690044	Maniago-Sequals
12.83969944	46.26799911	-11.3102089	Maniago-Sequals
12.95424435	46.31251846	-12.1527006	Maniago-Sequals
12.77779525	46.17360818	-3.8786369	Maniago-Sequals
12.73759078	46.22185477	-8.3686648	Maniago-Sequals
12.69636762	46.16268045	-2.6633715	Maniago-Sequals
12.89325956	46.17681256	-2.1819961	Maniago-Sequals
12.77174668	46.26173541	-11.7805463	Maniago-Sequals
12.91337884	46.27299624	-9.8841613	Maniago-Sequals
12.85290853	46.18438567	-3.6863991	Maniago-Sequals
12.75037165	46.14389301	-1.0000004	Maniago-Sequals
12.71356447	46.1623305	-2.6678525	Maniago-Sequals
12.87153888	46.28178298	-11.6864462	Maniago-Sequals
12.7145679	46.14472271	-1	Maniago-Sequals
12.98373189	46.22265602	-3.7421887	Maniago-Sequals
12.68976054	46.18149984	-4.434289	Maniago-Sequals
12.91375705	46.29415434	-11.6816088	Maniago-Sequals
12.9801714	46.22725546	-4.2279358	Maniago-Sequals
12.91194335	46.22609414	-5.9166253	Maniago-Sequals
12.82274195	46.16882677	-2.7368662	Maniago-Sequals
12.80698678	46.27558342	-12.4715278	Maniago-Sequals
12.86688819	46.22757429	-7.1758046	Maniago-Sequals
12.85530867	46.2238878	-7.1527269	Maniago-Sequals
12.79507571	46.2312654	-8.7070133	Maniago-Sequals
12.83359539	46.27983148	-12.4715283	Maniago-Sequals
12.8935159	46.26719381	-9.8881941	Maniago-Sequals
12.79441866	46.25478615	-10.7990993	Maniago-Sequals
12.75689396	46.20106907	-6.4382217	Maniago-Sequals
12.76631099	46.17700595	-4.1757312	Maniago-Sequals
12.85616237	46.20684222	-5.6414865	Maniago-Sequals
12.75868537	46.25482315	-11.3797172	Maniago-Sequals
12.66308838	46.25738126	-11.5789008	Maniago-Sequals
12.76895406	46.25532048	-11.257833	Maniago-Sequals
12.7879045	46.1796652	-4.258071	Maniago-Sequals
12.6651369	46.25155843	-11.0304179	Maniago-Sequals
12.81824473	46.14836154	-1	Maniago-Sequals
12.97793595	46.21782897	-3.4901284	Maniago-Sequals
12.84716305	46.17316056	-2.7680044	Maniago-Sequals
12.75306565	46.25919648	-11.8576225	Maniago-Sequals
12.9400025	46.23481695	-5.9546863	Maniago-Sequals
12.79273813	46.25061649	-10.4572375	Maniago-Sequals
12.84595389	46.24458646	-9.1519575	Maniago-Sequals
12.92985934	46.26654087	-8.9164504	Maniago-Sequals
12.87167362	46.16046959	-1.2882441	Maniago-Sequals
12.67599505	46.23379572	-9.3675505	Maniago-Sequals
12.96883988	46.24508538	-6.0443357	Maniago-Sequals
12.77430264	46.19553756	-5.8816732	Maniago-Sequals
12.92431415	46.27964285	-10.1757981	Maniago-Sequals
12.70297326	46.2147781	-7.621223	Maniago-Sequals
12.93772738	46.27788077	-9.6636906	Maniago-Sequals
12.79886524	46.18280502	-4.3586709	Maniago-Sequals
12.75772466	46.25013426	-10.9802299	Maniago-Sequals
12.82958047	46.26227513	-10.962642	Maniago-Sequals
12.76495363	46.16220915	-2.7691247	Maniago-Sequals
12.7228947	46.22932245	-9.0454179	Maniago-Sequals
12.90888086	46.16958722	-1.1729682	Maniago-Sequals
12.95336445	46.19549938	-2.2641587	Maniago-Sequals
12.67755913	46.22370971	-8.4134754	Maniago-Sequals
12.95234377	46.28052381	-9.4925163	Maniago-Sequals
12.73037609	46.20014603	-6.2925935	Maniago-Sequals
12.76846976	46.20339807	-6.671237	Maniago-Sequals
12.9617831	46.2299705	-4.9549882	Maniago-Sequals
12.92495308	46.25315861	-7.8994845	Maniago-Sequals
12.78210171	46.2404579	-9.7300124	Maniago-Sequals
12.83451593	46.27720592	-12.2241294	Maniago-Sequals
12.79596997	46.26522404	-11.7041919	Maniago-Sequals
12.71292027	46.24661323	-10.665218	Maniago-Sequals
12.89506926	46.24679355	-8.1076472	Maniago-Sequals
12.82967588	46.17567793	-3.241417	Maniago-Sequals
12.86059352	46.20279437	-5.2175473	Maniago-Sequals
12.73813946	46.1654431	-3.0171057	Maniago-Sequals
12.79049233	46.14982334	-1.5776093	Maniago-Sequals
12.83835499	46.19019808	-4.411656	Maniago-Sequals
12.84170727	46.19473125	-4.7679043	Maniago-Sequals
12.707803	46.20383578	-6.5932665	Maniago-Sequals
12.95995898	46.26871075	-8.2857651	Maniago-Sequals
12.80434447	46.24058436	-9.3874421	Maniago-Sequals
12.81128636	46.1557548	-1.7660322	Maniago-Sequals
12.77714963	46.16142404	-2.7214577	Maniago-Sequals
12.78660953	46.25351266	-10.8126467	Maniago-Sequals
12.69663765	46.2038024	-6.5656518	Maniago-Sequals
12.6877347	46.23159467	-9.1842187	Maniago-Sequals
12.98045275	46.23271853	-4.6829882	Maniago-Sequals
12.9411866	46.27112524	-8.9978064	Maniago-Sequals
12.68408761	46.21407778	-7.5134532	Maniago-Sequals
12.86012944	46.18990919	-4.0758046	Maniago-Sequals
12.93010026	46.24122531	-6.7514466	Maniago-Sequals
12.94092695	46.26683744	-8.6415617	Maniago-Sequals
12.88915155	46.2355818	-7.2994876	Maniago-Sequals
12.74679555	46.24543754	-10.6275703	Maniago-Sequals
12.88047426	46.24277037	-8.1311683	Maniago-Sequals
12.74911613	46.1457944	-1.1775683	Maniago-Sequals
12.74343483	46.2502634	-11.0784213	Maniago-Sequals
12.80258615	46.25938689	-11.0895659	Maniago-Sequals
12.85097617	46.25955064	-10.3051533	Maniago-Sequals
12.80658523	46.1490987	-1.2535107	Maniago-Sequals
12.70436087	46.23442834	-9.4896032	Maniago-Sequals
12.87464728	46.22298154	-6.5887854	Maniago-Sequals
12.81750297	46.18793519	-4.511332	Maniago-Sequals
12.6778657	46.26033573	-11.8916787	Maniago-Sequals
12.94384425	46.22438005	-4.9670028	Maniago-Sequals
12.96097437	46.29067725	-10.1196413	Maniago-Sequals
12.92820842	46.19973769	-3.2586814	Maniago-Sequals
12.76662101	46.14351704	-0.9999995	Maniago-Sequals
12.77618868	46.24999797	-10.6698586	Maniago-Sequals
12.89364448	46.16929056	-1.5307837	Maniago-Sequals
12.75815207	46.14371309	-0.9999995	Maniago-Sequals
12.84140185	46.16203181	-1.8585737	Maniago-Sequals
12.79265982	46.21744977	-7.5235401	Maniago-Sequals
12.81366043	46.1620624	-2.2853935	Maniago-Sequals
12.85846689	46.20886916	-5.7893837	Maniago-Sequals
12.7031018	46.17433417	-3.7836381	Maniago-Sequals
12.83950593	46.21561642	-6.6608186	Maniago-Sequals
12.70414126	46.21944614	-8.0668649	Maniago-Sequals
12.82700561	46.16561037	-2.3834589	Maniago-Sequals
12.75989556	46.17132192	-3.6224316	Maniago-Sequals
12.83325006	46.16055715	-1.8433173	Maniago-Sequals
12.75165401	46.15969397	-2.5013803	Maniago-Sequals
12.87627885	46.15797009	-1	Maniago-Sequals
12.80490019	46.17872268	-3.900146	Maniago-Sequals
12.77957125	46.16854088	-3.4018515	Maniago-Sequals
12.93558341	46.21009159	-3.9566071	Maniago-Sequals
12.8237436	46.17462279	-3.2329868	Maniago-Sequals
12.92133842	46.27380733	-9.7533222	Maniago-Sequals
12.91680028	46.17758047	-1.6555898	Maniago-Sequals
12.74519423	46.20669624	-6.9465982	Maniago-Sequals
12.93410945	46.3004196	-11.671435	Maniago-Sequals
12.69778371	46.17756479	-4.0784921	Maniago-Sequals
12.78533241	46.15209857	-1.8549868	Maniago-Sequals
12.92732501	46.25890663	-8.3305648	Maniago-Sequals
12.82460885	46.21856059	-7.1354755	Maniago-Sequals
12.72538037	46.21496918	-7.6884502	Maniago-Sequals
12.87343698	46.27013771	-10.644373	Maniago-Sequals
12.70589949	46.1526044	-1.7285092	Maniago-Sequals
12.75353061	46.2459661	-10.6791023	Maniago-Sequals
12.74883071	46.23372996	-9.5205227	Maniago-Sequals
12.88605614	46.16082869	-0.9999995	Maniago-Sequals
12.77834402	46.20522206	-6.6730295	Maniago-Sequals
12.69358307	46.1871995	-4.9834437	Maniago-Sequals
12.8734369	46.24353857	-8.3736495	Maniago-Sequals
12.80783772	46.18325306	-4.2533703	Maniago-Sequals
12.90766818	46.29764888	-12.132958	Maniago-Sequals
12.8353555	46.20480475	-5.7562031	Maniago-Sequals
12.88588671	46.22980029	-6.8881208	Maniago-Sequals
12.86485397	46.190624	-4.0721818	Maniago-Sequals
12.95658841	46.18162448	-1.0003623	Maniago-Sequals
12.87058175	46.18126355	-3.1324218	Maniago-Sequals
12.8705651	46.27672093	-11.2786684	Maniago-Sequals
12.87863565	46.15863957	-1.0001206	Maniago-Sequals
12.71296713	46.21560785	-7.7218819	Maniago-Sequals
12.75366381	46.21754314	-7.9946076	Maniago-Sequals
12.69615619	46.21859875	-7.9689538	Maniago-Sequals
12.92761563	46.22797141	-5.6827136	Maniago-Sequals
12.87914784	46.26226937	-9.8290434	Maniago-Sequals
12.91471976	46.1823809	-2.1173706	Maniago-Sequals
12.72869926	46.22080844	-8.2499165	Maniago-Sequals
12.82390829	46.27164441	-11.8791318	Maniago-Sequals
12.7980733	46.25574246	-10.8285012	Maniago-Sequals
12.84352274	46.24453999	-9.1824277	Maniago-Sequals
12.70573859	46.25416392	-11.3665019	Maniago-Sequals
12.73071336	46.16478675	-2.9385097	Maniago-Sequals
12.84224672	46.20199964	-5.4080246	Maniago-Sequals
12.86260702	46.27443066	-11.2831499	Maniago-Sequals
12.85817199	46.26440057	-10.5382856	Maniago-Sequals
12.75854693	46.14611856	-1.2289829	Maniago-Sequals
12.94754845	46.24529143	-6.6373878	Maniago-Sequals
12.76097851	46.15735825	-2.3002934	Maniago-Sequals
12.87288806	46.19315766	-4.0884482	Maniago-Sequals
12.86148667	46.25782739	-9.8937963	Maniago-Sequals
12.69994343	46.22847662	-8.914906	Maniago-Sequals
12.77931605	46.26966661	-12.3603989	Maniago-Sequals
12.93475385	46.22873566	-5.5684354	Maniago-Sequals
12.69137902	46.17689063	-4.0005217	Maniago-Sequals
12.73484272	46.21207436	-7.4343624	Maniago-Sequals
12.70675542	46.20949659	-7.1282218	Maniago-Sequals
12.95114408	46.27387275	-8.9613982	Maniago-Sequals
12.97288756	46.23997301	-5.5019027	Maniago-Sequals
12.81485758	46.26773762	-11.65956	Maniago-Sequals
12.90346051	46.25017937	-8.1856128	Maniago-Sequals
12.85891668	46.22118185	-6.8307624	Maniago-Sequals
12.90574423	46.2601131	-8.976185	Maniago-Sequals
12.86617695	46.27023872	-10.8354917	Maniago-Sequals
12.94014152	46.283765	-10.0970119	Maniago-Sequals
12.81772639	46.21649273	-7.0492556	Maniago-Sequals
12.94345694	46.17775527	-0.9999975	Maniago-Sequals
12.74107445	46.18153425	-4.5500119	Maniago-Sequals
12.93920048	46.20534386	-3.4605405	Maniago-Sequals
12.78798652	46.27250566	-12.4711381	Maniago-Sequals
12.97063394	46.21250726	-3.236948	Maniago-Sequals
12.70850042	46.25013461	-10.9899301	Maniago-Sequals
12.8673063	46.1868245	-3.6886643	Maniago-Sequals
12.69759934	46.25007492	-10.9604013	Maniago-Sequals
12.9121039	46.23994777	-7.094922	Maniago-Sequals
12.96670569	46.21825853	-3.8301289	Maniago-Sequals
12.95385546	46.1890465	-1.7018701	Maniago-Sequals
