16.023637	39.84099999	-1.0000011	Rimendiello-Mormanno
16.02502062	39.84149261	-1.2489826	Rimendiello-Mormanno
16.01934368	40.01529467	-15.9308195	Rimendiello-Mormanno
15.93421702	40.1048606	-11.2923512	Rimendiello-Mormanno
16.00730966	40.05956088	-18.0515656	Rimendiello-Mormanno
16.05894235	39.97328746	-18.0512286	Rimendiello-Mormanno
15.96274271	40.06647718	-12.0498007	Rimendiello-Mormanno
16.028209	39.84262775	-1.8227243	Rimendiello-Mormanno
15.92044988	40.08524988	-7.4924857	Rimendiello-Mormanno
15.95432483	40.07835934	-11.8763995	Rimendiello-Mormanno
15.94061891	40.05693078	-7.9226771	Rimendiello-Mormanno
15.9324974	40.05459297	-6.5113063	Rimendiello-Mormanno
16.08838268	39.91150092	-16.9267785	Rimendiello-Mormanno
16.0139909	40.00930631	-14.6077623	Rimendiello-Mormanno
15.90794323	40.10177725	-7.1214071	Rimendiello-Mormanno
16.03089588	39.94601362	-11.4488899	Rimendiello-Mormanno
16.00681996	39.93113695	-6.5532806	Rimendiello-Mormanno
15.88145463	40.2209632	-13.7738751	Rimendiello-Mormanno
15.90568087	40.20779685	-16.1662692	Rimendiello-Mormanno
15.9754604	40.03574557	-11.2231593	Rimendiello-Mormanno
15.88091747	40.23326492	-14.8022804	Rimendiello-Mormanno
16.03205917	39.84399841	-2.5155451	Rimendiello-Mormanno
15.96737672	40.09771467	-15.5478732	Rimendiello-Mormanno
15.98421189	39.92497873	-2.6533966	Rimendiello-Mormanno
16.03496269	39.90865332	-8.7458531	Rimendiello-Mormanno
16.03554843	39.84524052	-3.1434132	Rimendiello-Mormanno
16.05703608	39.92007216	-13.0313256	Rimendiello-Mormanno
16.0248913	40.01224026	-16.4846017	Rimendiello-Mormanno
15.92675366	40.02328978	-2.8951071	Rimendiello-Mormanno
16.03870688	39.84636478	-3.7117418	Rimendiello-Mormanno
15.92597861	40.07138044	-7.0598097	Rimendiello-Mormanno
15.99716548	39.8908058	-1.5578424	Rimendiello-Mormanno
15.85008806	40.17553861	-5.0512775	Rimendiello-Mormanno
15.97204474	39.93280197	-1.5595358	Rimendiello-Mormanno
16.08508358	39.93281579	-18.3205089	Rimendiello-Mormanno
15.96604521	39.97297766	-4.2841222	Rimendiello-Mormanno
16.09258899	39.9201919	-18.3204962	Rimendiello-Mormanno
15.98576846	40.06809278	-15.6081007	Rimendiello-Mormanno
16.00729624	40.03835241	-16.178111	Rimendiello-Mormanno
16.04357996	39.84809927	-4.5885924	Rimendiello-Mormanno
15.9522029	40.13333914	-16.4729308	Rimendiello-Mormanno
16.04483471	39.94593088	-13.5031329	Rimendiello-Mormanno
16.0053331	39.98189974	-10.9039473	Rimendiello-Mormanno
16.01791174	39.89621252	-5.1156495	Rimendiello-Mormanno
15.89205464	40.16279627	-10.1487466	Rimendiello-Mormanno
16.04253275	39.99838842	-17.8807267	Rimendiello-Mormanno
15.9386891	40.16221271	-17.0155524	Rimendiello-Mormanno
15.89471872	40.18153811	-12.1977824	Rimendiello-Mormanno
15.86228788	40.12906297	-2.7562609	Rimendiello-Mormanno
15.83854095	40.20250186	-5.7743034	Rimendiello-Mormanno
15.88862643	40.08668869	-2.9216403	Rimendiello-Mormanno
16.00903825	39.93290978	-7.0389635	Rimendiello-Mormanno
15.93869349	40.11493949	-12.8452658	Rimendiello-Mormanno
16.06228815	39.87428915	-9.715057	Rimendiello-Mormanno
16.04854341	39.84986578	-5.4816818	Rimendiello-Mormanno
16.02429967	40.03403324	-18.3205128	Rimendiello-Mormanno
16.05179226	39.85102198	-6.0662484	Rimendiello-Mormanno
15.88751037	40.1642385	-9.6018982	Rimendiello-Mormanno
16.03764505	39.96606203	-14.2525568	Rimendiello-Mormanno
16.00594861	39.88914375	-2.7151325	Rimendiello-Mormanno
16.00872572	39.86545289	-1.0000011	Rimendiello-Mormanno
15.86547094	40.13707402	-3.9353536	Rimendiello-Mormanno
15.89258893	40.12985956	-7.3216461	Rimendiello-Mormanno
16.05498099	39.85215672	-6.6399904	Rimendiello-Mormanno
15.91148714	40.21343697	-17.5314435	Rimendiello-Mormanno
15.87534013	40.19957358	-10.9450834	Rimendiello-Mormanno
15.96643712	40.11397426	-16.8741007	Rimendiello-Mormanno
15.97686339	40.08218484	-15.5509181	Rimendiello-Mormanno
16.00766712	39.97333698	-10.4775652	Rimendiello-Mormanno
16.03659442	40.00008951	-17.149338	Rimendiello-Mormanno
15.91322289	40.12090582	-9.5925958	Rimendiello-Mormanno
16.07818442	39.94441729	-18.3205089	Rimendiello-Mormanno
15.81694062	40.21056744	-3.3112057	Rimendiello-Mormanno
15.99362001	39.98371854	-9.3255219	Rimendiello-Mormanno
16.05931291	39.85369816	-7.419413	Rimendiello-Mormanno
16.05970429	39.96173895	-17.1236393	Rimendiello-Mormanno
15.95691494	40.14635675	-18.3205089	Rimendiello-Mormanno
16.03756098	39.99252104	-16.6245065	Rimendiello-Mormanno
16.09579329	39.91480911	-18.3207951	Rimendiello-Mormanno
15.84916059	40.1312314	-1.0000001	Rimendiello-Mormanno
15.86069402	40.15732863	-5.0141632	Rimendiello-Mormanno
15.83573752	40.21393752	-6.3903317	Rimendiello-Mormanno
15.90941264	40.09199536	-6.469841	Rimendiello-Mormanno
15.93179405	40.06538692	-7.3791569	Rimendiello-Mormanno
15.89143628	40.23699435	-16.6912975	Rimendiello-Mormanno
15.99174191	40.07703589	-17.2852169	Rimendiello-Mormanno
16.06822103	39.95509781	-17.7844879	Rimendiello-Mormanno
16.06466777	39.85560347	-8.382867	Rimendiello-Mormanno
15.95417331	39.97375127	-2.5902223	Rimendiello-Mormanno
15.87195994	40.20578698	-11.0053002	Rimendiello-Mormanno
15.99268136	40.00644859	-11.192713	Rimendiello-Mormanno
15.95525839	39.95411854	-1.0000011	Rimendiello-Mormanno
15.93066473	40.14389419	-14.2089166	Rimendiello-Mormanno
15.95664292	40.07963871	-12.3341076	Rimendiello-Mormanno
15.89815311	40.07184215	-2.990505	Rimendiello-Mormanno
15.9314022	40.1017138	-10.5939985	Rimendiello-Mormanno
16.06845836	39.85695207	-9.0648616	Rimendiello-Mormanno
15.84983613	40.19961995	-7.1827789	Rimendiello-Mormanno
15.97507066	40.01461694	-9.3003118	Rimendiello-Mormanno
16.04618503	39.99722734	-18.3205304	Rimendiello-Mormanno
16.07930126	39.87498653	-12.2931742	Rimendiello-Mormanno
16.07239943	39.85835413	-9.7739199	Rimendiello-Mormanno
16.01248462	40.05390574	-18.3205089	Rimendiello-Mormanno
15.89250642	40.15436376	-9.4717412	Rimendiello-Mormanno
15.98060097	39.92245705	-1.8942951	Rimendiello-Mormanno
15.95290457	40.01302355	-5.8700548	Rimendiello-Mormanno
15.93074482	40.18660124	-17.9883068	Rimendiello-Mormanno
15.89819713	40.1736251	-12.0154369	Rimendiello-Mormanno
16.0228568	39.98561886	-13.8294059	Rimendiello-Mormanno
15.91459509	40.12698917	-10.3330308	Rimendiello-Mormanno
15.95404845	40.15117645	-18.3205079	Rimendiello-Mormanno
15.89422077	40.07576635	-2.763174	Rimendiello-Mormanno
16.07688211	39.85994875	-10.5804063	Rimendiello-Mormanno
16.02792037	39.86318596	-3.6332589	Rimendiello-Mormanno
16.07166969	39.92211297	-15.3841398	Rimendiello-Mormanno
15.86736819	40.1297666	-3.572049	Rimendiello-Mormanno
16.0823577	39.86189638	-11.5655097	Rimendiello-Mormanno
15.93864538	40.10644679	-12.0892909	Rimendiello-Mormanno
15.96707048	40.03563706	-9.9684373	Rimendiello-Mormanno
15.99198276	40.00261486	-10.7505664	Rimendiello-Mormanno
15.91035503	40.03403453	-1.4103468	Rimendiello-Mormanno
15.81565846	40.20028806	-2.1958595	Rimendiello-Mormanno
15.9859558	40.03675963	-12.870299	Rimendiello-Mormanno
15.98144259	40.06345421	-14.5566808	Rimendiello-Mormanno
15.88269791	40.07509035	-0.9999982	Rimendiello-Mormanno
16.05478529	39.95626791	-15.9037575	Rimendiello-Mormanno
15.88575632	40.12695965	-6.0520409	Rimendiello-Mormanno
16.0223821	40.00580461	-15.5441525	Rimendiello-Mormanno
16.05819648	39.97750051	-18.3205089	Rimendiello-Mormanno
16.08669012	39.86343731	-12.3449325	Rimendiello-Mormanno
15.8459218	40.21837179	-8.2935574	Rimendiello-Mormanno
16.06600901	39.94504134	-16.5681593	Rimendiello-Mormanno
15.84465628	40.15248585	-2.2076998	Rimendiello-Mormanno
15.95977358	40.07333777	-12.2292416	Rimendiello-Mormanno
16.08981914	39.86455013	-12.907849	Rimendiello-Mormanno
15.92470544	40.02001213	-2.3017443	Rimendiello-Mormanno
16.04577731	39.90303128	-9.8550951	Rimendiello-Mormanno
16.02390174	39.89202878	-5.6360612	Rimendiello-Mormanno
15.88934041	40.1089473	-4.9938654	Rimendiello-Mormanno
15.99633044	40.03582405	-14.3274869	Rimendiello-Mormanno
15.91033909	40.02941475	-1.0000011	Rimendiello-Mormanno
16.07826858	39.90922725	-15.2267516	Rimendiello-Mormanno
15.89283391	40.05847215	-1.0000011	Rimendiello-Mormanno
16.00743201	39.89675457	-3.607549	Rimendiello-Mormanno
16.03546243	39.93828513	-11.4369647	Rimendiello-Mormanno
15.87302504	40.16977041	-7.9413987	Rimendiello-Mormanno
15.81227661	40.19573641	-1.2864474	Rimendiello-Mormanno
16.09478354	39.86631559	-13.8009381	Rimendiello-Mormanno
16.01366685	39.95093551	-9.3456434	Rimendiello-Mormanno
16.03492194	39.88861188	-6.9606903	Rimendiello-Mormanno
16.02565884	39.96173583	-12.0912145	Rimendiello-Mormanno
15.93164762	40.07742368	-8.4417293	Rimendiello-Mormanno
15.9571159	40.12700322	-16.642922	Rimendiello-Mormanno
15.98592527	39.98824018	-8.5824584	Rimendiello-Mormanno
16.01192727	40.03881718	-16.9064518	Rimendiello-Mormanno
15.88681846	40.09164086	-3.0925592	Rimendiello-Mormanno
16.09992857	39.86814511	-14.7265021	Rimendiello-Mormanno
15.98164464	39.97685192	-6.9417443	Rimendiello-Mormanno
16.03157369	39.88749805	-6.3652899	Rimendiello-Mormanno
15.9188705	40.13825982	-11.9619869	Rimendiello-Mormanno
16.05740678	39.87899268	-9.4173609	Rimendiello-Mormanno
15.94494981	39.97561043	-1.3853126	Rimendiello-Mormanno
16.03835196	39.88894627	-7.4979064	Rimendiello-Mormanno
16.10347901	39.86940752	-15.3651964	Rimendiello-Mormanno
16.08856039	39.92696812	-18.3205089	Rimendiello-Mormanno
16.06601168	39.8969979	-12.3124564	Rimendiello-Mormanno
16.01863834	39.88802081	-4.5000958	Rimendiello-Mormanno
16.05271241	39.86192161	-7.1846393	Rimendiello-Mormanno
15.90801055	40.11993587	-8.7336747	Rimendiello-Mormanno
15.89692385	40.06275548	-1.9901779	Rimendiello-Mormanno
16.10687905	39.87061637	-15.9768263	Rimendiello-Mormanno
15.94783919	40.01534765	-5.3233619	Rimendiello-Mormanno
15.91599237	40.16589794	-13.9734664	Rimendiello-Mormanno
16.03308568	39.94238724	-11.4462832	Rimendiello-Mormanno
15.8562811	40.15340779	-4.0134982	Rimendiello-Mormanno
15.87275247	40.10369313	-2.0690006	Rimendiello-Mormanno
15.83193135	40.20925562	-5.4065802	Rimendiello-Mormanno
15.98657629	40.01024923	-10.6221849	Rimendiello-Mormanno
15.99957777	40.04980633	-16.0433009	Rimendiello-Mormanno
15.88047504	40.17210246	-9.2522736	Rimendiello-Mormanno
15.96722794	40.07365764	-13.3594801	Rimendiello-Mormanno
16.1107004	39.87197496	-16.6642345	Rimendiello-Mormanno
16.05757284	39.9245604	-13.5073009	Rimendiello-Mormanno
16.02115391	39.9550497	-10.8229607	Rimendiello-Mormanno
15.88225893	40.16487197	-8.8788018	Rimendiello-Mormanno
16.06352491	39.95639417	-17.2068131	Rimendiello-Mormanno
15.87610324	40.08594489	-1.0001115	Rimendiello-Mormanno
16.11470234	39.87339763	-17.3841183	Rimendiello-Mormanno
15.97201791	39.99395314	-7.0225978	Rimendiello-Mormanno
15.83480106	40.18564194	-3.7036232	Rimendiello-Mormanno
15.95852708	39.94876005	-1.0000011	Rimendiello-Mormanno
15.88472133	40.19960912	-12.3337694	Rimendiello-Mormanno
16.05902709	39.95759233	-16.6500221	Rimendiello-Mormanno
15.84430215	40.20134149	-6.5205739	Rimendiello-Mormanno
15.95762421	40.11323942	-15.504693	Rimendiello-Mormanno
15.89660626	40.05228577	-1.0000021	Rimendiello-Mormanno
16.11870436	39.87482024	-18.1040011	Rimendiello-Mormanno
16.07239674	39.86939534	-10.768496	Rimendiello-Mormanno
16.02468145	39.99971053	-15.3476051	Rimendiello-Mormanno
15.91341695	40.05456909	-3.6893859	Rimendiello-Mormanno
16.11990798	39.87524807	-18.3205089	Rimendiello-Mormanno
15.87915625	40.08337963	-1.2248673	Rimendiello-Mormanno
16.10435958	39.9007615	-18.3205089	Rimendiello-Mormanno
15.83982989	40.19068183	-4.9001588	Rimendiello-Mormanno
16.00956455	39.9109784	-5.1804332	Rimendiello-Mormanno
15.83309023	40.17950696	-2.8984899	Rimendiello-Mormanno
15.85055615	40.14396519	-2.330838	Rimendiello-Mormanno
15.82552592	40.17082982	-1.0000265	Rimendiello-Mormanno
15.98273084	40.10331449	-18.3205089	Rimendiello-Mormanno
15.90113659	40.19570156	-14.406485	Rimendiello-Mormanno
16.05439183	39.89986701	-10.8538327	Rimendiello-Mormanno
15.87072636	40.21511763	-11.663276	Rimendiello-Mormanno
15.82661911	40.21163762	-4.8367291	Rimendiello-Mormanno
15.98462678	40.02781216	-11.8835211	Rimendiello-Mormanno
15.87557396	40.18643625	-9.7969155	Rimendiello-Mormanno
15.8807948	40.23109184	-14.5884796	Rimendiello-Mormanno
16.01767834	40.00996995	-15.2136417	Rimendiello-Mormanno
15.9041601	40.08609681	-5.1623263	Rimendiello-Mormanno
16.03202513	39.84632115	-2.7198722	Rimendiello-Mormanno
15.94880964	40.1174494	-14.5676671	Rimendiello-Mormanno
16.09651664	39.91122202	-18.1040441	Rimendiello-Mormanno
15.97014474	39.96815426	-4.4655494	Rimendiello-Mormanno
16.02917827	39.93747414	-10.4323847	Rimendiello-Mormanno
16.01179531	39.88045343	-2.8064835	Rimendiello-Mormanno
15.92220944	40.1781563	-15.9771652	Rimendiello-Mormanno
15.89002474	40.20012641	-13.163599	Rimendiello-Mormanno
15.94846676	40.00000389	-4.0615353	Rimendiello-Mormanno
15.85497934	40.18743718	-6.8454367	Rimendiello-Mormanno
15.94682809	40.16331793	-18.3205089	Rimendiello-Mormanno
15.96690398	39.98763414	-5.7056305	Rimendiello-Mormanno
15.82294384	40.20985274	-4.1332531	Rimendiello-Mormanno
15.88231347	40.18381995	-10.5585847	Rimendiello-Mormanno
15.82135436	40.20690402	-3.6329201	Rimendiello-Mormanno
15.93326028	40.01341706	-2.9891515	Rimendiello-Mormanno
16.03084105	39.99506463	-15.8520216	Rimendiello-Mormanno
15.95528562	39.98534917	-3.7794005	Rimendiello-Mormanno
15.9990747	39.93518868	-5.769889	Rimendiello-Mormanno
15.87437982	40.14177445	-5.6718004	Rimendiello-Mormanno
16.06887053	39.91757789	-14.5681818	Rimendiello-Mormanno
16.0534968	39.96265279	-16.2883898	Rimendiello-Mormanno
16.07146679	39.95369374	-18.141673	Rimendiello-Mormanno
16.02696386	39.90733374	-7.4417406	Rimendiello-Mormanno
15.91115611	40.04813234	-2.7752492	Rimendiello-Mormanno
15.84623717	40.17916958	-4.8098424	Rimendiello-Mormanno
16.039315	39.87510163	-6.3920228	Rimendiello-Mormanno
15.96723523	40.06600878	-12.6736398	Rimendiello-Mormanno
15.96505342	39.95702651	-2.7097252	Rimendiello-Mormanno
16.02741008	39.97938687	-13.9404796	Rimendiello-Mormanno
15.91005348	40.22455511	-18.3205089	Rimendiello-Mormanno
16.01220385	40.01430383	-14.783674	Rimendiello-Mormanno
15.93990676	40.17157353	-18.021797	Rimendiello-Mormanno
15.85747725	40.19532874	-7.9248207	Rimendiello-Mormanno
15.91170155	40.07104691	-4.9204562	Rimendiello-Mormanno
15.8959067	40.21586533	-15.4490924	Rimendiello-Mormanno
15.94388425	39.99620576	-3.045985	Rimendiello-Mormanno
15.84044801	40.14587601	-1.0000011	Rimendiello-Mormanno
16.0495837	39.85275348	-5.8957499	Rimendiello-Mormanno
15.93467814	40.18375316	-18.3205089	Rimendiello-Mormanno
15.86565968	40.16578443	-6.4970624	Rimendiello-Mormanno
16.02019069	39.9836109	-13.2542636	Rimendiello-Mormanno
15.85578622	40.14297043	-3.018922	Rimendiello-Mormanno
15.87162575	40.13189542	-4.3915519	Rimendiello-Mormanno
15.86584012	40.19307838	-8.9572847	Rimendiello-Mormanno
15.86268329	40.1131162	-1.406964	Rimendiello-Mormanno
16.04074713	39.85717515	-4.9877765	Rimendiello-Mormanno
16.05327096	39.8541289	-6.5648898	Rimendiello-Mormanno
15.82995927	40.18416843	-2.8558654	Rimendiello-Mormanno
15.925229	40.12187351	-11.4592865	Rimendiello-Mormanno
16.08181126	39.91189199	-15.9885573	Rimendiello-Mormanno
16.02210439	39.9501899	-10.5256031	Rimendiello-Mormanno
15.86353447	40.17826362	-7.2831654	Rimendiello-Mormanno
16.06418521	39.8896636	-11.3813102	Rimendiello-Mormanno
15.92549621	40.09704078	-9.3003201	Rimendiello-Mormanno
15.83449673	40.16561104	-1.8592081	Rimendiello-Mormanno
16.01284618	39.92663156	-7.0503612	Rimendiello-Mormanno
16.01670698	40.04091259	-17.8007243	Rimendiello-Mormanno
15.98785304	39.91438827	-2.2584435	Rimendiello-Mormanno
15.8367691	40.17456986	-2.9972736	Rimendiello-Mormanno
15.95993222	40.04083566	-9.3679705	Rimendiello-Mormanno
15.94817009	40.14716559	-17.0945407	Rimendiello-Mormanno
15.90948427	40.12567297	-9.4586326	Rimendiello-Mormanno
16.03474164	39.85749193	-4.1284323	Rimendiello-Mormanno
16.03231601	39.86337741	-4.3003683	Rimendiello-Mormanno
15.96231635	39.96243672	-2.7929357	Rimendiello-Mormanno
15.94437172	39.98438548	-2.0744127	Rimendiello-Mormanno
15.82574359	40.18881636	-2.6518756	Rimendiello-Mormanno
16.04752688	39.99247859	-18.0932013	Rimendiello-Mormanno
15.99849099	40.01353413	-12.6805177	Rimendiello-Mormanno
15.89457795	40.13567673	-8.1302562	Rimendiello-Mormanno
15.99266691	39.91228419	-2.787192	Rimendiello-Mormanno
16.04556654	39.99667053	-18.1799288	Rimendiello-Mormanno
15.90730302	40.19146491	-14.9402877	Rimendiello-Mormanno
16.01099055	39.93517809	-7.5302313	Rimendiello-Mormanno
16.04851739	39.9557972	-14.9348961	Rimendiello-Mormanno
16.0178676	40.03461428	-17.4172824	Rimendiello-Mormanno
16.03105133	39.98661249	-15.1297496	Rimendiello-Mormanno
16.06184284	39.9227559	-13.9819235	Rimendiello-Mormanno
15.99855645	39.947917	-6.8402589	Rimendiello-Mormanno
16.05163107	39.90287245	-10.7103141	Rimendiello-Mormanno
15.99133311	40.03889059	-13.8564171	Rimendiello-Mormanno
15.97904361	40.10080607	-17.5498805	Rimendiello-Mormanno
15.90420612	40.10882127	-7.1883576	Rimendiello-Mormanno
16.04038334	39.89710967	-8.5318214	Rimendiello-Mormanno
16.00456297	39.94390776	-7.3668119	Rimendiello-Mormanno
15.95984922	40.02639669	-8.0811108	Rimendiello-Mormanno
15.95062338	40.00494827	-4.8182936	Rimendiello-Mormanno
15.89966476	40.2399113	-18.1689542	Rimendiello-Mormanno
16.04997304	39.89564027	-9.8192588	Rimendiello-Mormanno
16.03469425	39.98762037	-15.7589855	Rimendiello-Mormanno
16.02667362	39.96650847	-12.6712147	Rimendiello-Mormanno
15.97592591	40.02650309	-10.4765504	Rimendiello-Mormanno
15.98793069	40.01842059	-11.5447062	Rimendiello-Mormanno
15.92044758	40.0577012	-5.0104459	Rimendiello-Mormanno
15.84292738	40.15836885	-2.4705509	Rimendiello-Mormanno
15.96109763	40.05721232	-10.9866973	Rimendiello-Mormanno
16.03403161	39.97269177	-14.315817	Rimendiello-Mormanno
16.02061113	39.99775548	-14.5708883	Rimendiello-Mormanno
15.94378141	40.04703088	-7.518193	Rimendiello-Mormanno
15.91929953	40.11953697	-10.3733717	Rimendiello-Mormanno
15.98736757	39.97302726	-7.4498981	Rimendiello-Mormanno
16.04967225	39.94376445	-14.0303136	Rimendiello-Mormanno
15.95131097	40.06401432	-10.138835	Rimendiello-Mormanno
15.92736437	40.00079835	-1.0000158	Rimendiello-Mormanno
16.06779387	39.87219794	-10.3405573	Rimendiello-Mormanno
15.92675776	40.05674165	-5.8561058	Rimendiello-Mormanno
15.9007164	40.10487101	-6.3219984	Rimendiello-Mormanno
15.89273887	40.10132498	-4.8253971	Rimendiello-Mormanno
15.95575757	39.95708585	-1.3413517	Rimendiello-Mormanno
16.02892993	39.89097243	-6.2883944	Rimendiello-Mormanno
15.91808748	40.11017316	-9.367294	Rimendiello-Mormanno
15.95035911	40.03717811	-7.6244177	Rimendiello-Mormanno
15.90415907	40.14957847	-10.7783074	Rimendiello-Mormanno
15.90468961	40.14486271	-10.4410378	Rimendiello-Mormanno
15.91730016	40.14563056	-12.3796256	Rimendiello-Mormanno
15.83487547	40.19224775	-4.3095021	Rimendiello-Mormanno
15.86675965	40.18519504	-8.3833757	Rimendiello-Mormanno
15.87017196	40.18112439	-8.520755	Rimendiello-Mormanno
15.93377187	40.17031295	-17.0004962	Rimendiello-Mormanno
16.05837391	39.95310271	-16.148505	Rimendiello-Mormanno
16.10578011	39.8762011	-16.317486	Rimendiello-Mormanno
15.90631429	40.13980895	-10.2360266	Rimendiello-Mormanno
15.96822986	39.95056544	-2.5967345	Rimendiello-Mormanno
16.00000075	39.96102192	-8.234695	Rimendiello-Mormanno
16.06462066	39.90990352	-13.2596637	Rimendiello-Mormanno
15.86120174	40.19079759	-8.0669021	Rimendiello-Mormanno
16.06418568	39.96235093	-17.841152	Rimendiello-Mormanno
16.09957684	39.90364062	-17.8729503	Rimendiello-Mormanno
15.99498074	39.96594703	-7.9366598	Rimendiello-Mormanno
15.92678459	40.17876911	-16.7099039	Rimendiello-Mormanno
16.09165871	39.86822395	-13.5108536	Rimendiello-Mormanno
15.93006112	40.06993835	-7.5330792	Rimendiello-Mormanno
16.07212819	39.92901332	-16.0614	Rimendiello-Mormanno
15.99133384	40.04457802	-14.3584415	Rimendiello-Mormanno
15.91995273	40.12541593	-10.9890615	Rimendiello-Mormanno
15.99720937	39.98012247	-9.5412918	Rimendiello-Mormanno
16.00805446	39.92431591	-6.1344237	Rimendiello-Mormanno
16.04446114	39.91707917	-10.9000912	Rimendiello-Mormanno
15.9822421	39.96989128	-6.4100634	Rimendiello-Mormanno
16.09306993	39.91586504	-18.0108351	Rimendiello-Mormanno
15.98528781	40.01706029	-11.0323629	Rimendiello-Mormanno
15.93683856	40.15651103	-16.2381705	Rimendiello-Mormanno
15.96618408	40.05546638	-11.5873336	Rimendiello-Mormanno
16.09835365	39.87058704	-14.7136476	Rimendiello-Mormanno
15.95506635	40.06658373	-10.9254513	Rimendiello-Mormanno
15.94032067	40.05247868	-7.4857245	Rimendiello-Mormanno
16.08182284	39.93478935	-18.0106329	Rimendiello-Mormanno
15.88512052	40.12267069	-5.579109	Rimendiello-Mormanno
16.10432024	39.87198084	-15.7214166	Rimendiello-Mormanno
15.81226461	40.20665094	-2.2679152	Rimendiello-Mormanno
15.84915079	40.19482143	-6.6494628	Rimendiello-Mormanno
15.94467522	40.1460485	-16.4774977	Rimendiello-Mormanno
15.94585467	40.02531053	-5.9082667	Rimendiello-Mormanno
16.08075198	39.8825429	-13.1886312	Rimendiello-Mormanno
16.03977806	39.91471645	-9.996177	Rimendiello-Mormanno
15.82572026	40.19519103	-3.2225734	Rimendiello-Mormanno
16.05203026	39.98761633	-18.3205021	Rimendiello-Mormanno
15.88844855	40.07641097	-1.9685226	Rimendiello-Mormanno
15.9444255	40.08832109	-11.311115	Rimendiello-Mormanno
15.95350664	40.10856772	-14.4765109	Rimendiello-Mormanno
15.89284998	40.1241665	-6.8578502	Rimendiello-Mormanno
15.81651257	40.20554995	-2.7959879	Rimendiello-Mormanno
16.03389023	40.00665425	-17.3272853	Rimendiello-Mormanno
15.83872639	40.21829931	-7.2245582	Rimendiello-Mormanno
16.00252332	39.96848779	-9.2803533	Rimendiello-Mormanno
15.96031331	40.0937582	-14.1480245	Rimendiello-Mormanno
16.01563225	39.9175227	-6.6592731	Rimendiello-Mormanno
15.85778337	40.2047825	-8.8212917	Rimendiello-Mormanno
16.00001871	39.97500228	-9.4975968	Rimendiello-Mormanno
15.88540027	40.15822638	-8.75837	Rimendiello-Mormanno
15.88597312	40.15091421	-8.1981594	Rimendiello-Mormanno
15.92702415	40.08198691	-8.1697433	Rimendiello-Mormanno
15.8808359	40.18171042	-10.1533838	Rimendiello-Mormanno
16.00199258	39.90333584	-3.3812316	Rimendiello-Mormanno
15.92885931	40.08494811	-8.7076263	Rimendiello-Mormanno
16.03228387	39.97988919	-14.7060358	Rimendiello-Mormanno
16.08754581	39.87340151	-13.369278	Rimendiello-Mormanno
15.81297964	40.19140393	-1.0000011	Rimendiello-Mormanno
15.93302951	40.1649188	-16.4145744	Rimendiello-Mormanno
16.06888927	39.90975878	-13.8807926	Rimendiello-Mormanno
16.02835384	39.88279866	-5.465608	Rimendiello-Mormanno
15.99564534	40.04906125	-15.3939508	Rimendiello-Mormanno
15.94399051	40.02071506	-5.2259332	Rimendiello-Mormanno
15.92282731	40.16451045	-14.8650328	Rimendiello-Mormanno
16.09981585	39.89189312	-16.8496178	Rimendiello-Mormanno
15.83432689	40.21673813	-6.4343095	Rimendiello-Mormanno
15.88459897	40.14364881	-7.3532804	Rimendiello-Mormanno
15.94183716	40.14268089	-15.7593058	Rimendiello-Mormanno
16.03442066	39.92129457	-9.7817006	Rimendiello-Mormanno
15.99256886	39.93127584	-4.4554923	Rimendiello-Mormanno
15.95482008	40.04379422	-8.8705133	Rimendiello-Mormanno
15.9009734	40.06434915	-2.7320509	Rimendiello-Mormanno
15.86727447	40.17510528	-7.5590739	Rimendiello-Mormanno
15.91963118	40.19684699	-17.2436647	Rimendiello-Mormanno
15.88984777	40.18852698	-12.0931022	Rimendiello-Mormanno
15.85466346	40.14893226	-3.3785255	Rimendiello-Mormanno
15.93676812	39.99017686	-1.4573693	Rimendiello-Mormanno
15.88458713	40.17425626	-10.0523405	Rimendiello-Mormanno
15.90751812	40.05178273	-2.5669743	Rimendiello-Mormanno
15.89278979	40.23386554	-16.6094313	Rimendiello-Mormanno
15.95223198	40.12347925	-15.6074127	Rimendiello-Mormanno
15.85560193	40.22428652	-10.2556464	Rimendiello-Mormanno
15.90253409	40.04593831	-1.3036954	Rimendiello-Mormanno
16.01389477	39.88804836	-3.7983712	Rimendiello-Mormanno
15.99422518	40.02840219	-13.3601622	Rimendiello-Mormanno
15.84588031	40.18945579	-5.6833034	Rimendiello-Mormanno
16.02988679	40.00092381	-16.2273312	Rimendiello-Mormanno
16.10796542	39.89484593	-18.3205089	Rimendiello-Mormanno
15.99391572	39.97751871	-8.8221693	Rimendiello-Mormanno
15.91473773	40.19714522	-16.5450407	Rimendiello-Mormanno
15.92300061	40.19927593	-17.9576857	Rimendiello-Mormanno
15.96671283	40.12191496	-17.6180436	Rimendiello-Mormanno
15.96852823	40.102106	-16.1134967	Rimendiello-Mormanno
15.96534812	40.13217435	-18.3205089	Rimendiello-Mormanno
16.02561426	40.01786209	-17.0881134	Rimendiello-Mormanno
16.00927941	39.98335832	-11.6184695	Rimendiello-Mormanno
16.023299	40.02992155	-17.8090109	Rimendiello-Mormanno
16.01241288	39.89330699	-4.0425836	Rimendiello-Mormanno
16.05026108	39.9875218	-18.0505519	Rimendiello-Mormanno
15.86839278	40.156135	-6.0508566	Rimendiello-Mormanno
16.00865632	40.02635459	-15.3210519	Rimendiello-Mormanno
16.03465989	39.99108322	-16.0663019	Rimendiello-Mormanno
16.0034417	39.931847	-6.1148705	Rimendiello-Mormanno
15.92332631	40.13951323	-12.7336281	Rimendiello-Mormanno
16.02601644	39.8764725	-4.5496881	Rimendiello-Mormanno
15.93803187	39.9854486	-1.2273322	Rimendiello-Mormanno
16.00614654	39.96424653	-9.4335991	Rimendiello-Mormanno
15.99427826	39.90408471	-2.3020831	Rimendiello-Mormanno
15.92460885	40.10109821	-9.5344844	Rimendiello-Mormanno
15.94200987	39.98087755	-1.4140685	Rimendiello-Mormanno
16.06765555	39.88086628	-11.1013742	Rimendiello-Mormanno
15.93029885	40.01841865	-2.9911818	Rimendiello-Mormanno
15.95724632	40.13436905	-17.3120621	Rimendiello-Mormanno
16.06205629	39.9009616	-12.0851342	Rimendiello-Mormanno
15.89602534	40.09407305	-4.673192	Rimendiello-Mormanno
15.97524397	40.11559049	-18.3206388	Rimendiello-Mormanno
15.91357291	40.19323985	-16.0268771	Rimendiello-Mormanno
15.86133709	40.16668067	-5.9349918	Rimendiello-Mormanno
15.82062326	40.18412228	-1.4729308	Rimendiello-Mormanno
15.98952467	40.03645785	-13.373338	Rimendiello-Mormanno
16.05852665	39.87404088	-9.1365792	Rimendiello-Mormanno
15.85801949	40.12576071	-1.8315353	Rimendiello-Mormanno
16.02908063	39.90159868	-7.2495936	Rimendiello-Mormanno
15.94926786	39.97424796	-1.905944	Rimendiello-Mormanno
15.9909862	40.05384832	-15.1250094	Rimendiello-Mormanno
16.05378846	39.97977354	-17.8737941	Rimendiello-Mormanno
16.01601275	39.94439857	-9.1034262	Rimendiello-Mormanno
15.94755271	39.9891101	-2.9637804	Rimendiello-Mormanno
16.02451346	39.90480328	-6.8544669	Rimendiello-Mormanno
16.02808429	39.98961827	-14.9621085	Rimendiello-Mormanno
15.87834676	40.11492411	-3.8903595	Rimendiello-Mormanno
15.94956305	40.04930527	-8.5769623	Rimendiello-Mormanno
16.04637851	39.93954075	-13.1683468	Rimendiello-Mormanno
15.83622904	40.15296582	-1.0000011	Rimendiello-Mormanno
16.02062079	39.90921772	-6.6663773	Rimendiello-Mormanno
15.93127748	40.03869751	-4.9268839	Rimendiello-Mormanno
15.93574251	40.03510889	-5.2726173	Rimendiello-Mormanno
15.89968047	40.09308672	-5.128549	Rimendiello-Mormanno
16.02295471	39.97750176	-13.1121762	Rimendiello-Mormanno
15.9336165	40.08091682	-9.0472705	Rimendiello-Mormanno
16.06369529	39.93630387	-15.453152	Rimendiello-Mormanno
16.04212988	39.94453396	-12.9780372	Rimendiello-Mormanno
15.86524334	40.1533312	-5.3362164	Rimendiello-Mormanno
15.93113261	40.00875877	-2.2621715	Rimendiello-Mormanno
15.97180604	39.97437969	-5.263171	Rimendiello-Mormanno
15.92793477	40.0322777	-3.8639733	Rimendiello-Mormanno
15.87917707	40.12676868	-5.0591578	Rimendiello-Mormanno
16.00744786	39.91739495	-5.4329674	Rimendiello-Mormanno
15.88955768	40.14193796	-7.9380204	Rimendiello-Mormanno
15.97192727	40.05524891	-12.4203754	Rimendiello-Mormanno
15.89502845	40.14245058	-8.7949185	Rimendiello-Mormanno
16.04772065	39.87604624	-7.7198158	Rimendiello-Mormanno
16.02837821	39.9168617	-8.4931497	Rimendiello-Mormanno
15.86597573	40.21901227	-11.312468	Rimendiello-Mormanno
15.94729845	40.10400039	-13.1479498	Rimendiello-Mormanno
15.9595071	40.0207552	-7.5324044	Rimendiello-Mormanno
15.87864283	40.08173681	-1.0000031	Rimendiello-Mormanno
15.90570273	40.22626579	-17.8320158	Rimendiello-Mormanno
15.97674925	40.04958782	-12.6362013	Rimendiello-Mormanno
15.9836205	40.09560021	-17.7572531	Rimendiello-Mormanno
15.87134902	40.21941243	-12.1419577	Rimendiello-Mormanno
16.07720006	39.94143628	-17.9111759	Rimendiello-Mormanno
15.85435248	40.21063405	-8.8415895	Rimendiello-Mormanno
15.99955384	39.93108268	-5.4706862	Rimendiello-Mormanno
16.03782299	39.89428353	-7.9012127	Rimendiello-Mormanno
15.95406256	39.9637415	-1.6902477	Rimendiello-Mormanno
15.93864579	40.17708089	-18.3205089	Rimendiello-Mormanno
15.88699526	40.0976035	-3.6447614	Rimendiello-Mormanno
15.87540035	40.22079327	-12.8645475	Rimendiello-Mormanno
15.96163006	40.08231577	-13.3120214	Rimendiello-Mormanno
15.95112606	40.02604974	-6.7558551	Rimendiello-Mormanno
15.9187592	40.08049369	-6.8142111	Rimendiello-Mormanno
15.85661961	40.15799017	-4.4681613	Rimendiello-Mormanno
16.07256584	39.8632824	-10.2426221	Rimendiello-Mormanno
15.91835547	40.18600849	-16.098278	Rimendiello-Mormanno
15.87892985	40.1860279	-10.2555797	Rimendiello-Mormanno
15.87180619	40.19199375	-9.7407681	Rimendiello-Mormanno
15.87711712	40.18322441	-9.7359068	Rimendiello-Mormanno
15.99482975	40.06146789	-16.3678912	Rimendiello-Mormanno
15.97472871	40.07230908	-14.346254	Rimendiello-Mormanno
15.88211711	40.08158148	-1.4993527	Rimendiello-Mormanno
16.0775994	39.86492871	-11.1352034	Rimendiello-Mormanno
16.02437967	39.93798525	-9.765069	Rimendiello-Mormanno
16.03454731	40.01680327	-18.3205089	Rimendiello-Mormanno
15.94379181	40.059104	-8.5859987	Rimendiello-Mormanno
15.89737863	40.20851646	-15.0049152	Rimendiello-Mormanno
16.01258522	40.00587138	-14.0959279	Rimendiello-Mormanno
16.01014613	39.9051155	-4.748943	Rimendiello-Mormanno
15.94136536	40.01853533	-4.643903	Rimendiello-Mormanno
15.87456084	40.13656562	-5.2391491	Rimendiello-Mormanno
15.8698547	40.14499851	-5.284964	Rimendiello-Mormanno
16.016748	39.98553458	-12.918807	Rimendiello-Mormanno
16.04347378	39.96226703	-14.7721701	Rimendiello-Mormanno
15.90703775	40.21769472	-17.2575968	Rimendiello-Mormanno
16.05833107	39.91254163	-12.5587328	Rimendiello-Mormanno
15.95133696	39.96216777	-1.1463566	Rimendiello-Mormanno
16.01525538	39.91176562	-6.0948344	Rimendiello-Mormanno
16.01060814	39.86574326	-1.304463	Rimendiello-Mormanno
16.07607903	39.90750729	-14.7482086	Rimendiello-Mormanno
15.97507147	39.95106469	-3.6528795	Rimendiello-Mormanno
15.98045433	40.01122917	-9.8001369	Rimendiello-Mormanno
15.9134323	40.09045752	-6.9249967	Rimendiello-Mormanno
16.11221888	39.88786694	-18.3205089	Rimendiello-Mormanno
16.03000994	40.02443308	-18.3205089	Rimendiello-Mormanno
16.04133716	39.97490448	-15.5948956	Rimendiello-Mormanno
16.0833189	39.92069252	-16.9883092	Rimendiello-Mormanno
15.96028811	39.99182049	-5.0933234	Rimendiello-Mormanno
15.87831799	40.17887043	-9.5296806	Rimendiello-Mormanno
15.94392314	40.06216251	-8.8808171	Rimendiello-Mormanno
15.95014745	40.0910897	-12.4058251	Rimendiello-Mormanno
15.86791778	40.19729778	-9.6440162	Rimendiello-Mormanno
15.97799327	40.04033864	-12.0044428	Rimendiello-Mormanno
15.92101826	40.04451726	-3.9184396	Rimendiello-Mormanno
15.93654925	40.05565345	-7.2062213	Rimendiello-Mormanno
15.97012827	40.01684281	-8.7634609	Rimendiello-Mormanno
16.01252899	39.98372639	-12.132702	Rimendiello-Mormanno
15.97143084	39.92760044	-0.9999952	Rimendiello-Mormanno
16.00956177	40.05882119	-18.3205089	Rimendiello-Mormanno
16.04505152	39.96677576	-15.4115411	Rimendiello-Mormanno
16.0941564	39.88607156	-15.4883336	Rimendiello-Mormanno
15.91026956	40.19505572	-15.6972511	Rimendiello-Mormanno
16.00192083	39.8816779	-1.457504	Rimendiello-Mormanno
15.95938296	40.00931571	-6.5039972	Rimendiello-Mormanno
15.88694121	40.20907459	-13.5137289	Rimendiello-Mormanno
16.00737137	40.01365481	-14.0091564	Rimendiello-Mormanno
16.03416973	39.87620277	-5.7306637	Rimendiello-Mormanno
15.89233529	40.17286729	-11.0790471	Rimendiello-Mormanno
15.93843773	40.12457612	-13.6575026	Rimendiello-Mormanno
15.9104825	40.14445271	-11.2642789	Rimendiello-Mormanno
15.94417227	40.16514657	-18.0877638	Rimendiello-Mormanno
16.06893124	39.89230023	-12.3205753	Rimendiello-Mormanno
15.90578871	40.04032231	-1.2878185	Rimendiello-Mormanno
15.97446035	39.93775519	-2.3629757	Rimendiello-Mormanno
16.03808274	39.94885703	-12.7670497	Rimendiello-Mormanno
16.07184058	39.87446686	-11.1433224	Rimendiello-Mormanno
16.04212348	39.94836798	-13.3205631	Rimendiello-Mormanno
15.84441989	40.18437108	-5.0097658	Rimendiello-Mormanno
15.8239589	40.17686428	-1.3119044	Rimendiello-Mormanno
16.03143729	39.99142743	-15.6196886	Rimendiello-Mormanno
16.03591217	39.93304813	-11.0411582	Rimendiello-Mormanno
15.98328545	39.97331835	-6.8729074	Rimendiello-Mormanno
15.8858388	40.08210374	-2.096067	Rimendiello-Mormanno
15.98174935	39.96202607	-5.6278234	Rimendiello-Mormanno
15.88210538	40.18834701	-10.9335686	Rimendiello-Mormanno
15.98929556	39.95453163	-6.0676017	Rimendiello-Mormanno
15.81570255	40.18908804	-1.1935031	Rimendiello-Mormanno
15.96988341	39.97116675	-4.6941744	Rimendiello-Mormanno
15.90688582	40.13124818	-9.5651943	Rimendiello-Mormanno
15.89330892	40.19148015	-12.8702719	Rimendiello-Mormanno
15.95776367	40.10849617	-15.098984	Rimendiello-Mormanno
16.01581659	39.9358823	-8.3078529	Rimendiello-Mormanno
15.96068757	40.0486977	-10.1741184	Rimendiello-Mormanno
16.01017389	39.94978154	-8.7253861	Rimendiello-Mormanno
16.08428557	39.89213259	-14.5752863	Rimendiello-Mormanno
15.80870293	40.1984147	-1.0000011	Rimendiello-Mormanno
15.90224795	40.05399796	-1.9878102	Rimendiello-Mormanno
16.01439549	40.01695372	-15.3428688	Rimendiello-Mormanno
16.04887714	39.95112991	-14.5674581	Rimendiello-Mormanno
15.93880438	40.01323172	-3.7956378	Rimendiello-Mormanno
16.01189359	39.92263809	-6.5560944	Rimendiello-Mormanno
15.97001222	39.97999464	-5.4925094	Rimendiello-Mormanno
15.95537934	40.08505456	-12.6351867	Rimendiello-Mormanno
15.9501161	40.08472998	-11.8283622	Rimendiello-Mormanno
15.98727004	39.96458275	-6.6741586	Rimendiello-Mormanno
15.81353583	40.2093588	-2.6995753	Rimendiello-Mormanno
15.90868279	40.22142602	-17.8364132	Rimendiello-Mormanno
15.95244051	39.95873774	-0.9999943	Rimendiello-Mormanno
15.97259209	40.03463537	-10.6994845	Rimendiello-Mormanno
16.07384451	39.91327024	-14.9264298	Rimendiello-Mormanno
15.9333527	40.07158498	-8.1677134	Rimendiello-Mormanno
15.87190289	40.11457911	-2.9039025	Rimendiello-Mormanno
15.86706609	40.16975441	-7.0560905	Rimendiello-Mormanno
15.99837794	39.97213582	-8.9965302	Rimendiello-Mormanno
15.8240818	40.21310219	-4.594005	Rimendiello-Mormanno
15.97929814	40.10894534	-18.3205089	Rimendiello-Mormanno
16.06073878	39.88726752	-10.6558457	Rimendiello-Mormanno
15.96425586	40.09282762	-14.6466657	Rimendiello-Mormanno
15.90316613	40.04147221	-0.9998263	Rimendiello-Mormanno
16.00813112	39.87255762	-1.5527687	Rimendiello-Mormanno
15.91393822	40.15367165	-12.5901932	Rimendiello-Mormanno
15.93631634	40.10983075	-12.0418146	Rimendiello-Mormanno
15.85703916	40.16991287	-5.5828439	Rimendiello-Mormanno
15.95854061	40.14130716	-18.1161808	Rimendiello-Mormanno
15.89183617	40.09734213	-4.3399401	Rimendiello-Mormanno
15.88829616	40.10366156	-4.3724254	Rimendiello-Mormanno
15.90316491	40.1278361	-8.7120241	Rimendiello-Mormanno
15.9138724	40.13736987	-11.1419695	Rimendiello-Mormanno
15.95222067	40.05984104	-9.9009541	Rimendiello-Mormanno
16.0135826	39.86043117	-1.2652199	Rimendiello-Mormanno
15.89270267	40.20379017	-13.8888937	Rimendiello-Mormanno
15.92773356	40.09152538	-9.1338726	Rimendiello-Mormanno
15.90393055	40.06651112	-3.3637247	Rimendiello-Mormanno
15.8514193	40.17895745	-5.5561095	Rimendiello-Mormanno
16.06690921	39.92887318	-15.2741959	Rimendiello-Mormanno
16.03572078	39.95591487	-13.0539913	Rimendiello-Mormanno
15.92344596	40.00738481	-1.0000021	Rimendiello-Mormanno
15.94283855	40.1264046	-14.4717697	Rimendiello-Mormanno
15.96134375	40.13648568	-18.1067072	Rimendiello-Mormanno
16.0181112	39.92015447	-7.2597387	Rimendiello-Mormanno
15.97302769	40.11753363	-18.1679249	Rimendiello-Mormanno
15.9018435	40.23802147	-18.3205089	Rimendiello-Mormanno
15.89837965	40.14791649	-9.7742579	Rimendiello-Mormanno
16.01500952	39.96063463	-10.4180265	Rimendiello-Mormanno
15.93506492	40.1367805	-14.2339503	Rimendiello-Mormanno
15.86650178	40.11716614	-2.331007	Rimendiello-Mormanno
15.95017219	40.12971217	-15.8516593	Rimendiello-Mormanno
15.86265359	40.2245985	-11.3249852	Rimendiello-Mormanno
15.87811043	40.1698287	-8.7008596	Rimendiello-Mormanno
15.99851136	40.06260637	-17.0147042	Rimendiello-Mormanno
16.04356575	40.00163472	-18.320504	Rimendiello-Mormanno
15.88448333	40.18572602	-11.0491447	Rimendiello-Mormanno
16.00258707	39.8786667	-1.2841642	Rimendiello-Mormanno
15.97827143	40.02039111	-10.2852596	Rimendiello-Mormanno
15.9899189	39.93913212	-4.7719464	Rimendiello-Mormanno
15.87327626	40.18135638	-9.0011975	Rimendiello-Mormanno
15.9187444	40.05191935	-4.2377145	Rimendiello-Mormanno
16.00229596	39.92301973	-5.1650416	Rimendiello-Mormanno
15.97267299	39.94508346	-2.7592833	Rimendiello-Mormanno
15.97381824	40.10885343	-17.5026847	Rimendiello-Mormanno
16.08540698	39.91424178	-16.7292531	Rimendiello-Mormanno
15.95168591	40.11127222	-14.4498908	Rimendiello-Mormanno
15.89217035	40.21508024	-14.8266369	Rimendiello-Mormanno
15.93390185	40.04705588	-6.0544179	Rimendiello-Mormanno
15.90607173	40.0940094	-6.1577623	Rimendiello-Mormanno
15.98440178	40.05858694	-14.5661525	Rimendiello-Mormanno
16.01602687	39.85348143	-1.0000011	Rimendiello-Mormanno
16.04915932	39.92682975	-12.4585985	Rimendiello-Mormanno
15.88137404	40.15684453	-8.0391625	Rimendiello-Mormanno
16.07573374	39.88172855	-12.3733493	Rimendiello-Mormanno
16.01929157	39.88080795	-3.9465153	Rimendiello-Mormanno
15.91567391	40.05833944	-4.3626193	Rimendiello-Mormanno
15.92139209	40.20301107	-18.0559572	Rimendiello-Mormanno
15.95015161	40.05666623	-9.3141671	Rimendiello-Mormanno
16.01305324	39.97307344	-11.2497964	Rimendiello-Mormanno
15.9279246	40.13150309	-12.7089337	Rimendiello-Mormanno
16.02732716	39.93241688	-9.7110065	Rimendiello-Mormanno
15.9843684	39.90599931	-1.0000011	Rimendiello-Mormanno
16.08669241	39.90130672	-15.7579537	Rimendiello-Mormanno
15.93690296	40.00156645	-2.4834132	Rimendiello-Mormanno
15.8948258	40.07025427	-2.3558712	Rimendiello-Mormanno
15.87675831	40.23179011	-14.0553336	Rimendiello-Mormanno
15.95439899	40.09152	-13.0726818	Rimendiello-Mormanno
15.86774641	40.10469925	-1.4150831	Rimendiello-Mormanno
15.97519955	40.09430651	-16.3966461	Rimendiello-Mormanno
16.00041813	39.98368651	-10.331757	Rimendiello-Mormanno
15.90156082	40.18498864	-13.5169923	Rimendiello-Mormanno
16.05995666	39.85904976	-7.9968766	Rimendiello-Mormanno
16.00645871	39.94717123	-7.9410582	Rimendiello-Mormanno
16.0007597	39.95205919	-7.5391683	Rimendiello-Mormanno
15.97756454	39.97183232	-5.8931759	Rimendiello-Mormanno
16.01326771	39.99658305	-13.3773973	Rimendiello-Mormanno
15.98829562	39.96832682	-7.1631442	Rimendiello-Mormanno
15.88984903	40.12068675	-6.1054904	Rimendiello-Mormanno
15.89728822	40.10353931	-5.6958202	Rimendiello-Mormanno
15.8604316	40.18268961	-7.2232106	Rimendiello-Mormanno
16.02212762	39.88496682	-4.7408429	Rimendiello-Mormanno
15.94055736	40.02687956	-5.260608	Rimendiello-Mormanno
15.94861957	39.96802751	-1.2604894	Rimendiello-Mormanno
15.95475652	39.99170137	-4.2618038	Rimendiello-Mormanno
15.92847798	40.19417763	-18.3205128	Rimendiello-Mormanno
15.91012727	40.06213628	-3.8851159	Rimendiello-Mormanno
15.85058272	40.18791948	-6.2394535	Rimendiello-Mormanno
15.87636172	40.0998568	-2.2658864	Rimendiello-Mormanno
15.99349822	39.9912934	-9.9760467	Rimendiello-Mormanno
16.04080409	39.93970607	-12.3554293	Rimendiello-Mormanno
16.08004891	39.93033475	-17.3540104	Rimendiello-Mormanno
15.9365932	40.03881703	-5.726266	Rimendiello-Mormanno
15.99326591	40.05754307	-15.7894132	Rimendiello-Mormanno
15.85627532	40.11927394	-1.0000011	Rimendiello-Mormanno
15.9947991	39.99608257	-10.5919075	Rimendiello-Mormanno
16.07670696	39.93677475	-17.4264044	Rimendiello-Mormanno
15.90223953	40.09195335	-5.4067037	Rimendiello-Mormanno
15.95992433	40.0647568	-11.4788087	Rimendiello-Mormanno
15.98597073	39.95974346	-6.0459511	Rimendiello-Mormanno
16.00179211	40.02903579	-14.5391066	Rimendiello-Mormanno
15.99836094	39.92340525	-4.6149874	Rimendiello-Mormanno
15.87902142	40.1388618	-6.1034689	Rimendiello-Mormanno
15.90050872	40.24021046	-18.3205089	Rimendiello-Mormanno
16.05745453	39.895389	-10.9024496	Rimendiello-Mormanno
16.05201669	39.93828424	-13.8943063	Rimendiello-Mormanno
16.04139616	39.92748801	-11.3642262	Rimendiello-Mormanno
16.01709907	39.97523481	-12.0424977	Rimendiello-Mormanno
15.92917609	40.15419419	-14.8970133	Rimendiello-Mormanno
15.8960009	40.18887253	-13.0349457	Rimendiello-Mormanno
15.84452014	40.14531389	-1.5544591	Rimendiello-Mormanno
15.9128696	40.18940678	-15.5844137	Rimendiello-Mormanno
15.97965269	40.03536342	-11.8116168	Rimendiello-Mormanno
16.02449492	39.85237498	-2.1522203	Rimendiello-Mormanno
15.89672733	40.16509468	-11.0447106	Rimendiello-Mormanno
16.01823143	39.99216382	-13.7241388	Rimendiello-Mormanno
16.05480348	39.88991923	-10.01749	Rimendiello-Mormanno
16.00699781	40.00836029	-13.486327	Rimendiello-Mormanno
15.89061791	40.21067136	-14.2004601	Rimendiello-Mormanno
15.8846336	40.23318216	-15.3435465	Rimendiello-Mormanno
15.98678747	39.93796915	-4.2042936	Rimendiello-Mormanno
15.96771552	39.937327	-1.327466	Rimendiello-Mormanno
16.01420902	39.8733533	-2.5229879	Rimendiello-Mormanno
15.97639184	40.06644148	-14.0708815	Rimendiello-Mormanno
16.06565705	39.96525857	-18.3205089	Rimendiello-Mormanno
16.0183117	40.00307534	-14.6991007	Rimendiello-Mormanno
16.06188494	39.93238246	-14.8381388	Rimendiello-Mormanno
15.99007028	39.9498603	-5.76111	Rimendiello-Mormanno
15.91805769	40.13166182	-11.2591028	Rimendiello-Mormanno
16.05492264	39.94456934	-14.8807711	Rimendiello-Mormanno
15.88685853	40.17923577	-10.8287207	Rimendiello-Mormanno
16.07046956	39.94072594	-16.8492785	Rimendiello-Mormanno
16.03378836	39.89857048	-7.6812712	Rimendiello-Mormanno
15.93522546	40.10115519	-11.1081209	Rimendiello-Mormanno
16.05033642	39.95915539	-15.5062736	Rimendiello-Mormanno
15.89743395	40.19940942	-14.1933644	Rimendiello-Mormanno
15.96149624	40.11740638	-16.4463849	Rimendiello-Mormanno
15.94237684	40.00140537	-3.2815206	Rimendiello-Mormanno
15.84686265	40.22118617	-8.6859753	Rimendiello-Mormanno
16.05091936	39.8894587	-9.4017976	Rimendiello-Mormanno
15.96489095	40.00457973	-6.903181	Rimendiello-Mormanno
16.09158771	39.88282457	-14.8159806	Rimendiello-Mormanno
15.88149795	40.12099462	-4.8937316	Rimendiello-Mormanno
16.00978332	39.95532354	-9.1670256	Rimendiello-Mormanno
15.87274764	40.19568371	-10.2120062	Rimendiello-Mormanno
16.03136402	39.91935024	-9.1562002	Rimendiello-Mormanno
15.95925486	39.94987103	-1.2077111	Rimendiello-Mormanno
15.9007352	40.14188041	-9.5912544	Rimendiello-Mormanno
16.02305681	39.99178673	-14.407152	Rimendiello-Mormanno
15.91470899	40.02567988	-1.3186701	Rimendiello-Mormanno
15.8792651	40.1037609	-3.0412492	Rimendiello-Mormanno
15.86358353	40.14978101	-4.7766823	Rimendiello-Mormanno
16.06007771	39.94293726	-15.5018659	Rimendiello-Mormanno
15.89207409	40.14874591	-8.9119534	Rimendiello-Mormanno
15.82052625	40.21184019	-3.9553117	Rimendiello-Mormanno
16.00347799	39.92709138	-5.7002194	Rimendiello-Mormanno
15.91894863	40.01494511	-1.0000011	Rimendiello-Mormanno
16.02161925	39.84981116	-1.4959347	Rimendiello-Mormanno
16.05774955	39.86720474	-8.4055321	Rimendiello-Mormanno
16.10522888	39.89679018	-18.0911466	Rimendiello-Mormanno
16.01235889	40.03336748	-16.4896871	Rimendiello-Mormanno
15.84345214	40.21452574	-7.5824696	Rimendiello-Mormanno
15.95736883	39.96105293	-1.9370675	Rimendiello-Mormanno
16.01653311	39.90079051	-5.3152423	Rimendiello-Mormanno
15.90272305	40.230755	-17.7961569	Rimendiello-Mormanno
15.97191293	40.08408434	-14.9905382	Rimendiello-Mormanno
15.9677937	40.09084795	-14.991046	Rimendiello-Mormanno
15.99957976	40.07560645	-18.3204474	Rimendiello-Mormanno
15.98735103	39.90098691	-1.0000011	Rimendiello-Mormanno
15.92236031	40.18838963	-16.9023912	Rimendiello-Mormanno
16.10372608	39.88280446	-16.6087545	Rimendiello-Mormanno
15.94467176	40.15544917	-17.3065836	Rimendiello-Mormanno
16.03930006	39.93408737	-11.635874	Rimendiello-Mormanno
15.85001101	40.21888299	-8.9434151	Rimendiello-Mormanno
15.97454088	39.9812745	-6.277674	Rimendiello-Mormanno
15.87423599	40.15252846	-6.5993961	Rimendiello-Mormanno
15.90048784	40.22523024	-16.9686964	Rimendiello-Mormanno
15.84262816	40.16341225	-2.8714391	Rimendiello-Mormanno
15.8907128	40.22660904	-15.6493605	Rimendiello-Mormanno
16.011889	39.88488805	-3.2207335	Rimendiello-Mormanno
16.10479981	39.88716995	-17.1608458	Rimendiello-Mormanno
16.01686776	39.86173068	-1.8680553	Rimendiello-Mormanno
15.80518563	40.20417976	-1.0000011	Rimendiello-Mormanno
15.99950445	39.88056475	-1.0003009	Rimendiello-Mormanno
15.98847331	40.09164654	-18.1182101	Rimendiello-Mormanno
15.9845653	40.00106425	-9.5127591	Rimendiello-Mormanno
15.92152934	40.14598522	-13.0382653	Rimendiello-Mormanno
15.86020534	40.13675288	-3.1258214	Rimendiello-Mormanno
15.98535393	40.03254698	-12.4092077	Rimendiello-Mormanno
15.89723447	40.08511044	-4.0503615	Rimendiello-Mormanno
15.92447424	40.01404405	-1.7405197	Rimendiello-Mormanno
16.01384299	39.98623029	-12.549316	Rimendiello-Mormanno
15.98149225	40.06779433	-14.9470294	Rimendiello-Mormanno
16.05615625	39.93846604	-14.524881	Rimendiello-Mormanno
16.07888274	39.91191248	-15.55463	Rimendiello-Mormanno
15.93588728	39.99690796	-1.9211661	Rimendiello-Mormanno
16.00198748	39.8764986	-1.0000001	Rimendiello-Mormanno
15.90107708	40.22038761	-16.6197492	Rimendiello-Mormanno
15.97685786	40.06989929	-14.4449244	Rimendiello-Mormanno
15.89563544	40.08082873	-3.4282243	Rimendiello-Mormanno
16.07426508	39.95100627	-18.3205206	Rimendiello-Mormanno
16.09472431	39.89541816	-16.4145758	Rimendiello-Mormanno
16.03866469	39.98878312	-16.4504308	Rimendiello-Mormanno
15.97019688	40.02631808	-9.6099345	Rimendiello-Mormanno
16.02954523	39.85608193	-3.2330602	Rimendiello-Mormanno
15.84978013	40.15014489	-2.7611437	Rimendiello-Mormanno
16.00181696	39.91291065	-4.2009113	Rimendiello-Mormanno
15.99132844	39.95891526	-6.7631285	Rimendiello-Mormanno
15.89996908	40.10950094	-6.619693	Rimendiello-Mormanno
15.96855647	40.04083442	-10.647726	Rimendiello-Mormanno
15.9216033	40.03162042	-2.8663527	Rimendiello-Mormanno
15.97563548	39.96527979	-5.0175328	Rimendiello-Mormanno
15.82085686	40.17848805	-1.0000011	Rimendiello-Mormanno
15.9720771	40.09092434	-15.630755	Rimendiello-Mormanno
15.89457976	40.22750341	-16.3009103	Rimendiello-Mormanno
15.93750002	40.09193506	-10.6135593	Rimendiello-Mormanno
16.00648848	39.93763901	-7.0865133	Rimendiello-Mormanno
15.83756884	40.16908725	-2.6218175	Rimendiello-Mormanno
15.98046383	39.96781515	-5.9596903	Rimendiello-Mormanno
16.06869728	39.96026896	-18.3205089	Rimendiello-Mormanno
15.89692725	40.15737014	-10.3928237	Rimendiello-Mormanno
16.08904675	39.92049326	-17.8211862	Rimendiello-Mormanno
15.9940192	39.97152079	-8.2969428	Rimendiello-Mormanno
15.98565421	39.93011292	-3.3287804	Rimendiello-Mormanno
15.96621454	40.04881083	-11.0042847	Rimendiello-Mormanno
15.85031065	40.16398908	-4.061882	Rimendiello-Mormanno
15.96944308	40.06858621	-13.22984	Rimendiello-Mormanno
15.95561102	40.05315726	-9.8145151	Rimendiello-Mormanno
15.97241771	40.10383372	-16.8436979	Rimendiello-Mormanno
15.92098609	40.07393922	-6.5527116	Rimendiello-Mormanno
15.93455992	40.15253365	-15.5492355	Rimendiello-Mormanno
15.965135	40.07022945	-12.7413807	Rimendiello-Mormanno
15.93007846	40.13970467	-13.7522235	Rimendiello-Mormanno
15.99885477	40.02237136	-13.5147431	Rimendiello-Mormanno
15.99958433	40.00451507	-12.0465597	Rimendiello-Mormanno
15.96357739	40.02090939	-8.1501233	Rimendiello-Mormanno
16.04194045	39.85068381	-4.5791212	Rimendiello-Mormanno
16.00611226	39.98577328	-11.3611764	Rimendiello-Mormanno
16.00833397	40.02123513	-14.8212243	Rimendiello-Mormanno
16.00832004	39.98972577	-12.037765	Rimendiello-Mormanno
16.03096118	40.01876711	-17.9615802	Rimendiello-Mormanno
16.06205359	39.97117185	-18.3205089	Rimendiello-Mormanno
16.06144255	39.96787803	-17.9335031	Rimendiello-Mormanno
16.01914681	39.93897063	-9.0772366	Rimendiello-Mormanno
15.92018778	40.02471656	-2.046673	Rimendiello-Mormanno
15.95170946	40.15124819	-17.9798478	Rimendiello-Mormanno
15.86712072	40.22595506	-12.1067753	Rimendiello-Mormanno
15.96689329	40.00951969	-7.6365956	Rimendiello-Mormanno
15.86780959	40.12001691	-2.7767052	Rimendiello-Mormanno
16.00369572	40.0321589	-15.0972799	Rimendiello-Mormanno
15.87260581	40.14935372	-6.0774122	Rimendiello-Mormanno
15.97798274	40.08788827	-16.2298683	Rimendiello-Mormanno
15.90738714	40.20029748	-15.7433307	Rimendiello-Mormanno
15.94046509	40.10989294	-12.6629218	Rimendiello-Mormanno
15.95678547	40.05849955	-10.46026	Rimendiello-Mormanno
16.03192808	39.89504069	-7.0932975	Rimendiello-Mormanno
15.86278248	40.18449195	-7.7326737	Rimendiello-Mormanno
15.98881479	39.90935653	-1.9566871	Rimendiello-Mormanno
15.85937769	40.17786829	-6.633057	Rimendiello-Mormanno
15.86225016	40.19883544	-8.945445	Rimendiello-Mormanno
15.93178486	40.18861807	-18.3205089	Rimendiello-Mormanno
16.06565026	39.91621886	-13.9700836	Rimendiello-Mormanno
16.10012895	39.89816853	-17.4614176	Rimendiello-Mormanno
16.02174185	39.96726737	-12.0107013	Rimendiello-Mormanno
15.99635648	39.94326629	-6.0960202	Rimendiello-Mormanno
15.97114155	40.01161239	-8.4518777	Rimendiello-Mormanno
15.9126953	40.15949336	-12.9193514	Rimendiello-Mormanno
15.93862051	40.16821008	-17.5343195	Rimendiello-Mormanno
16.05382222	39.91472334	-12.0819113	Rimendiello-Mormanno
15.87748028	40.08854736	-1.4336847	Rimendiello-Mormanno
16.07332233	39.87781296	-11.6639529	Rimendiello-Mormanno
16.00867083	39.99557499	-12.6060934	Rimendiello-Mormanno
15.86848022	40.12393255	-3.2218961	Rimendiello-Mormanno
16.09500391	39.89048489	-16.0113322	Rimendiello-Mormanno
15.95594824	40.03656934	-8.4001194	Rimendiello-Mormanno
15.89821787	40.19185398	-13.6285812	Rimendiello-Mormanno
15.94488683	40.05299683	-8.2089774	Rimendiello-Mormanno
15.91915495	40.06512822	-5.4884469	Rimendiello-Mormanno
15.91833518	40.20875687	-18.1215929	Rimendiello-Mormanno
16.04086203	39.90806275	-9.5695913	Rimendiello-Mormanno
15.91542889	40.07842613	-6.1359367	Rimendiello-Mormanno
15.98982867	40.03045691	-12.8889049	Rimendiello-Mormanno
15.89452081	40.11309455	-6.1284945	Rimendiello-Mormanno
15.94772167	40.07579338	-10.6697155	Rimendiello-Mormanno
15.89325509	40.22084805	-15.5060939	Rimendiello-Mormanno
15.92350151	40.17098706	-15.5363712	Rimendiello-Mormanno
16.07728456	39.91634832	-15.7088937	Rimendiello-Mormanno
15.93168336	40.00253436	-1.7943219	Rimendiello-Mormanno
15.94723836	39.9673992	-1.0000119	Rimendiello-Mormanno
15.8762579	40.15770128	-7.3558143	Rimendiello-Mormanno
15.84428063	40.13943451	-1.0000011	Rimendiello-Mormanno
15.83585503	40.19751923	-4.9289137	Rimendiello-Mormanno
16.06982004	39.86027012	-9.5651943	Rimendiello-Mormanno
15.98160691	40.07603547	-15.698066	Rimendiello-Mormanno
15.93878603	40.14797891	-15.774194	Rimendiello-Mormanno
16.0114076	39.91775614	-6.0527169	Rimendiello-Mormanno
16.02380706	39.89546275	-5.9248676	Rimendiello-Mormanno
16.0175407	39.87598744	-3.2530192	Rimendiello-Mormanno
15.9155586	40.09681752	-7.812678	Rimendiello-Mormanno
15.87136938	40.09883575	-1.4350431	Rimendiello-Mormanno
15.90030095	40.05113792	-1.4424835	Rimendiello-Mormanno
15.88272329	40.08660561	-2.0408053	Rimendiello-Mormanno
15.9138689	40.10032331	-7.8722001	Rimendiello-Mormanno
15.83943081	40.21540942	-7.0682667	Rimendiello-Mormanno
15.91882329	40.17477741	-15.1767677	Rimendiello-Mormanno
15.86314688	40.12240294	-2.2956554	Rimendiello-Mormanno
15.88896856	40.06985589	-1.4546642	Rimendiello-Mormanno
16.02183587	39.91348768	-7.223881	Rimendiello-Mormanno
15.90469216	40.09844673	-6.3449938	Rimendiello-Mormanno
15.97720745	39.92174159	-1.3273136	Rimendiello-Mormanno
15.92371387	40.15952367	-14.5566808	Rimendiello-Mormanno
15.96578225	39.97887795	-4.7660231	Rimendiello-Mormanno
15.96934374	40.12545322	-18.3205079	Rimendiello-Mormanno
15.96365332	39.94333131	-1.2682658	Rimendiello-Mormanno
15.99662951	40.07655985	-17.9666447	Rimendiello-Mormanno
15.97638228	39.98891895	-7.2259108	Rimendiello-Mormanno
15.88417251	40.23441906	-15.3868468	Rimendiello-Mormanno
15.85324084	40.12437183	-1.0000167	Rimendiello-Mormanno
15.92629378	40.07764199	-7.6704253	Rimendiello-Mormanno
15.98557386	40.08949115	-17.495754	Rimendiello-Mormanno
15.97824848	39.92645564	-1.904587	Rimendiello-Mormanno
16.02135168	39.86898714	-3.1851915	Rimendiello-Mormanno
15.84249313	40.21963587	-7.9011403	Rimendiello-Mormanno
16.08330145	39.89762022	-14.9244025	Rimendiello-Mormanno
15.97018087	40.11704971	-17.7035353	Rimendiello-Mormanno
15.94756509	40.06081643	-9.297458	Rimendiello-Mormanno
15.98746494	40.06161207	-15.2877267	Rimendiello-Mormanno
15.91845691	40.15085374	-13.0120477	Rimendiello-Mormanno
16.01981103	39.96061293	-11.1257312	Rimendiello-Mormanno
16.04742217	39.96995729	-16.0485446	Rimendiello-Mormanno
15.84591383	40.13883577	-1.1894435	Rimendiello-Mormanno
15.88099993	40.14380933	-6.8334957	Rimendiello-Mormanno
15.97465811	39.92575454	-1.3104992	Rimendiello-Mormanno
15.8238018	40.18557363	-2.0730597	Rimendiello-Mormanno
16.02097395	39.97375266	-12.4816022	Rimendiello-Mormanno
15.99430635	39.95142285	-6.5280162	Rimendiello-Mormanno
15.88778625	40.13496774	-7.0601627	Rimendiello-Mormanno
16.00232041	39.97831439	-10.1368254	Rimendiello-Mormanno
15.9224981	40.15598822	-14.0644669	Rimendiello-Mormanno
15.94242577	40.07601851	-9.9075449	Rimendiello-Mormanno
15.82756396	40.17812692	-1.9580402	Rimendiello-Mormanno
15.92253358	40.13375044	-12.1074523	Rimendiello-Mormanno
15.83034934	40.21532658	-5.7198388	Rimendiello-Mormanno
16.06317141	39.90321369	-12.4533236	Rimendiello-Mormanno
16.07775613	39.88937883	-13.3618358	Rimendiello-Mormanno
15.9874012	40.09565232	-18.3205089	Rimendiello-Mormanno
15.99829108	39.95740866	-7.6563862	Rimendiello-Mormanno
15.99904311	39.96730687	-8.6595886	Rimendiello-Mormanno
15.85900788	40.11881304	-1.3646769	Rimendiello-Mormanno
15.85922681	40.1143148	-1.0000011	Rimendiello-Mormanno
16.04648171	39.9485045	-13.9765509	Rimendiello-Mormanno
15.97097967	40.04928868	-11.7535997	Rimendiello-Mormanno
16.04809136	39.97745665	-16.8230621	Rimendiello-Mormanno
15.97733198	39.94179159	-3.151194	Rimendiello-Mormanno
15.92411849	40.05275306	-5.1065714	Rimendiello-Mormanno
15.88905912	40.12893948	-6.7167824	Rimendiello-Mormanno
16.07126366	39.88484187	-11.9931098	Rimendiello-Mormanno
15.9630071	39.94141475	-1.0000011	Rimendiello-Mormanno
16.07189123	39.94792871	-17.6963717	Rimendiello-Mormanno
15.9157796	40.04896113	-3.5336334	Rimendiello-Mormanno
16.07310643	39.90982413	-14.5127179	Rimendiello-Mormanno
15.92115764	40.09942351	-8.8742068	Rimendiello-Mormanno
15.97746256	40.06055627	-13.710278	Rimendiello-Mormanno
15.81689025	40.18499233	-1.0000011	Rimendiello-Mormanno
15.85268734	40.17303817	-5.2130377	Rimendiello-Mormanno
15.87510453	40.20743547	-11.618114	Rimendiello-Mormanno
16.05031179	39.86796864	-7.3747592	Rimendiello-Mormanno
15.90510731	40.18822446	-14.3286583	Rimendiello-Mormanno
15.88239578	40.10459235	-3.579132	Rimendiello-Mormanno
15.94570385	40.09815186	-12.3855277	Rimendiello-Mormanno
15.94221566	40.15242961	-16.6757438	Rimendiello-Mormanno
15.82961573	40.16726604	-1.282507	Rimendiello-Mormanno
15.94317814	40.10712963	-12.8213226	Rimendiello-Mormanno
15.98864704	40.08280188	-17.3476022	Rimendiello-Mormanno
16.07111672	39.95629508	-18.3203175	Rimendiello-Mormanno
16.05301143	39.88259823	-9.0926019	Rimendiello-Mormanno
15.87693573	40.11019427	-3.263506	Rimendiello-Mormanno
15.90276806	40.15724026	-11.2478544	Rimendiello-Mormanno
15.87161021	40.09350225	-0.9999962	Rimendiello-Mormanno
16.02025962	40.04082759	-18.3205099	Rimendiello-Mormanno
15.93983315	40.1373973	-14.9957824	Rimendiello-Mormanno
16.04301001	39.90046558	-9.2177785	Rimendiello-Mormanno
16.06197615	39.86686624	-8.9999099	Rimendiello-Mormanno
15.84160581	40.20873374	-6.7881625	Rimendiello-Mormanno
15.9139893	40.21809799	-18.3205089	Rimendiello-Mormanno
15.85388866	40.21914377	-9.539484	Rimendiello-Mormanno
15.88575691	40.21495139	-13.8679196	Rimendiello-Mormanno
16.04317529	39.87068871	-6.5648895	Rimendiello-Mormanno
15.96882839	39.94205909	-1.9184611	Rimendiello-Mormanno
15.9492639	40.03305664	-7.0980368	Rimendiello-Mormanno
15.9644555	40.03309297	-9.355792	Rimendiello-Mormanno
16.11758446	39.87906165	-18.3205089	Rimendiello-Mormanno
16.02228417	39.84321904	-1.0000011	Rimendiello-Mormanno
16.03323585	39.9296792	-10.3463074	Rimendiello-Mormanno
15.82643673	40.20076186	-3.8301437	Rimendiello-Mormanno
15.93667633	40.08799096	-10.136568	Rimendiello-Mormanno
15.8213434	40.19764213	-2.7970026	Rimendiello-Mormanno
15.94972976	40.070831	-10.519523	Rimendiello-Mormanno
16.06527647	39.92486358	-14.6777887	Rimendiello-Mormanno
15.92354839	40.20241522	-18.3203976	Rimendiello-Mormanno
15.90710142	40.05931621	-3.1840079	Rimendiello-Mormanno
15.98082042	40.10366114	-18.0694962	Rimendiello-Mormanno
15.97963449	40.03027484	-11.3598279	Rimendiello-Mormanno
15.86713918	40.14046273	-4.4818605	Rimendiello-Mormanno
15.96027594	39.96993184	-3.1590099	Rimendiello-Mormanno
16.0132207	40.05013742	-18.0972365	Rimendiello-Mormanno
16.02874785	39.91216451	-8.1332077	Rimendiello-Mormanno
15.98844883	40.05093948	-14.4917282	Rimendiello-Mormanno
15.97618437	40.1115736	-18.0972345	Rimendiello-Mormanno
15.9269067	40.19443394	-18.1101066	Rimendiello-Mormanno
16.00446817	40.02184415	-14.3012711	Rimendiello-Mormanno
15.91805013	40.09944284	-8.4154627	Rimendiello-Mormanno
15.99174827	39.92062413	-3.3876735	Rimendiello-Mormanno
15.96765577	39.93379169	-1.0000011	Rimendiello-Mormanno
15.90669615	40.03553588	-1.0000011	Rimendiello-Mormanno
15.96425349	40.08734178	-14.1522531	Rimendiello-Mormanno
15.98244175	40.02347562	-11.1764869	Rimendiello-Mormanno
15.96206763	40.0142768	-7.3406046	Rimendiello-Mormanno
15.90098597	40.20954682	-15.6304166	Rimendiello-Mormanno
15.88754818	40.2356159	-15.9930641	Rimendiello-Mormanno
16.07912815	39.90453229	-14.9304826	Rimendiello-Mormanno
15.90762841	40.17509152	-13.5438363	Rimendiello-Mormanno
16.04318597	39.89407519	-8.6750183	Rimendiello-Mormanno
15.98947179	39.9813063	-8.4968905	Rimendiello-Mormanno
15.93102528	40.02479773	-3.6621827	Rimendiello-Mormanno
16.06156306	39.94620179	-16.0106603	Rimendiello-Mormanno
15.80552121	40.20651349	-1.2598087	Rimendiello-Mormanno
15.87461888	40.0936799	-1.4621056	Rimendiello-Mormanno
15.98990374	39.99054278	-9.3762582	Rimendiello-Mormanno
15.90108511	40.08495874	-4.6054904	Rimendiello-Mormanno
16.08469678	39.8715588	-12.782005	Rimendiello-Mormanno
16.00415048	39.91608143	-4.8274254	Rimendiello-Mormanno
15.89025444	40.18196801	-11.5734381	Rimendiello-Mormanno
15.90976164	40.07996139	-5.437028	Rimendiello-Mormanno
15.86317104	40.10768677	-1.0000011	Rimendiello-Mormanno
15.9073536	40.07037607	-4.2176564	Rimendiello-Mormanno
16.07654859	39.92685985	-16.5275646	Rimendiello-Mormanno
15.87503062	40.10605723	-2.6156784	Rimendiello-Mormanno
16.01573467	39.93024857	-7.7986609	Rimendiello-Mormanno
15.84553698	40.17042236	-3.9213961	Rimendiello-Mormanno
16.04526189	39.85368019	-5.3402755	Rimendiello-Mormanno
15.92382262	40.11682354	-10.8050313	Rimendiello-Mormanno
15.87201715	40.22567239	-12.8043322	Rimendiello-Mormanno
15.84171196	40.19654721	-5.706307	Rimendiello-Mormanno
15.96447795	39.94701195	-1.7219132	Rimendiello-Mormanno
15.90374564	40.13755701	-9.6561943	Rimendiello-Mormanno
16.00553547	39.8838221	-2.1841452	Rimendiello-Mormanno
15.99366271	39.92616557	-4.1608351	Rimendiello-Mormanno
15.96434121	39.99979761	-6.3992965	Rimendiello-Mormanno
15.87179228	40.18586229	-9.1866162	Rimendiello-Mormanno
15.95357898	40.07332117	-11.3124677	Rimendiello-Mormanno
15.97812842	40.07263857	-14.8779806	Rimendiello-Mormanno
15.8797583	40.1956849	-11.2475162	Rimendiello-Mormanno
15.87404374	40.1253455	-4.1719884	Rimendiello-Mormanno
16.00675537	39.9692579	-9.9752032	Rimendiello-Mormanno
15.92932045	40.10406253	-10.4952467	Rimendiello-Mormanno
15.91072149	40.13672504	-10.617618	Rimendiello-Mormanno
16.05966779	39.89850267	-11.5103718	Rimendiello-Mormanno
15.85412116	40.18069519	-6.1115722	Rimendiello-Mormanno
15.98820028	39.99621006	-9.6237187	Rimendiello-Mormanno
16.05686979	39.85574702	-7.2428251	Rimendiello-Mormanno
15.93541525	40.0170137	-3.6264933	Rimendiello-Mormanno
15.99477159	40.08355777	-18.3205109	Rimendiello-Mormanno
15.89729631	40.23626236	-17.4906798	Rimendiello-Mormanno
15.91058929	40.09602812	-7.0068976	Rimendiello-Mormanno
15.89002216	40.16891971	-10.3875802	Rimendiello-Mormanno
15.89685911	40.05639211	-1.4073029	Rimendiello-Mormanno
15.804075	40.20600001	-1.0000011	Rimendiello-Mormanno
16.02870355	39.97456042	-13.696744	Rimendiello-Mormanno
15.99534151	40.04372635	-14.8780568	Rimendiello-Mormanno
16.07494161	39.93270441	-16.804963	Rimendiello-Mormanno
15.89725745	40.23057001	-16.9724171	Rimendiello-Mormanno
15.93133998	39.99411948	-1.0000011	Rimendiello-Mormanno
16.0480807	39.88803428	-8.8537676	Rimendiello-Mormanno
15.98476929	39.9943041	-8.9462059	Rimendiello-Mormanno
16.05195147	39.94834057	-14.7724323	Rimendiello-Mormanno
15.97579099	40.00841847	-8.8598571	Rimendiello-Mormanno
15.92298818	40.19285507	-17.3895353	Rimendiello-Mormanno
16.04105858	39.98018621	-16.0296002	Rimendiello-Mormanno
15.8964095	40.23875738	-17.5843859	Rimendiello-Mormanno
15.92847933	40.12296415	-12.0377643	Rimendiello-Mormanno
16.10992905	39.88458062	-17.6858737	Rimendiello-Mormanno
15.95100627	40.00971667	-5.2963073	Rimendiello-Mormanno
16.06710552	39.90051819	-12.7914718	Rimendiello-Mormanno
15.92387643	40.088857	-8.3236657	Rimendiello-Mormanno
16.01848132	39.85516745	-1.5148795	Rimendiello-Mormanno
16.04391921	39.86492769	-6.155557	Rimendiello-Mormanno
15.9608792	40.12180444	-16.7427174	Rimendiello-Mormanno
15.8559612	40.16265335	-4.7820949	Rimendiello-Mormanno
15.96623448	40.10883407	-16.3806652	Rimendiello-Mormanno
16.07777867	39.92188247	-16.2708009	Rimendiello-Mormanno
15.98990485	39.92860639	-3.8213263	Rimendiello-Mormanno
15.99688767	39.9200416	-4.0990846	Rimendiello-Mormanno
15.8438908	40.16652305	-3.3331603	Rimendiello-Mormanno
16.1085965	39.88932778	-17.916588	Rimendiello-Mormanno
15.86167454	40.21006221	-9.8713479	Rimendiello-Mormanno
15.96716433	39.99400857	-6.3071119	Rimendiello-Mormanno
16.01767308	39.94759927	-9.6372637	Rimendiello-Mormanno
15.99839418	39.89692534	-2.2807706	Rimendiello-Mormanno
15.93601417	40.05089242	-6.7066437	Rimendiello-Mormanno
15.91661826	40.10495279	-8.6886814	Rimendiello-Mormanno
15.90620829	40.04735672	-1.9745856	Rimendiello-Mormanno
16.0674146	39.95798676	-17.9253888	Rimendiello-Mormanno
16.03569118	39.99512982	-16.577631	Rimendiello-Mormanno
15.93936773	40.0988009	-11.5080017	Rimendiello-Mormanno
15.95676104	40.00586924	-5.8105001	Rimendiello-Mormanno
15.94585674	40.03118927	-6.4275436	Rimendiello-Mormanno
16.09266016	39.90187816	-16.6916354	Rimendiello-Mormanno
15.92684943	40.00645261	-1.4228722	Rimendiello-Mormanno
15.99121716	39.89448896	-1.0000001	Rimendiello-Mormanno
16.05680596	39.90251768	-11.4479461	Rimendiello-Mormanno
15.99416208	40.01714402	-12.3567731	Rimendiello-Mormanno
15.9381946	40.07708852	-9.3787958	Rimendiello-Mormanno
15.95210972	40.10345772	-13.8097096	Rimendiello-Mormanno
15.97483094	39.975947	-5.850411	Rimendiello-Mormanno
16.08842104	39.88107306	-14.1899728	Rimendiello-Mormanno
15.97737057	39.95364702	-4.2254401	Rimendiello-Mormanno
15.9258334	40.19862547	-18.3204523	Rimendiello-Mormanno
16.05544771	39.9723517	-17.450423	Rimendiello-Mormanno
15.91458706	40.06419496	-4.7294913	Rimendiello-Mormanno
16.00630646	39.87888664	-1.8538629	Rimendiello-Mormanno
15.87819326	40.15175846	-7.1185035	Rimendiello-Mormanno
16.01645498	40.04722775	-18.3205089	Rimendiello-Mormanno
16.09028532	39.89724919	-15.9233761	Rimendiello-Mormanno
16.02145837	39.90241611	-6.1900626	Rimendiello-Mormanno
15.94903989	39.99395399	-3.6122843	Rimendiello-Mormanno
15.92626833	40.11050224	-10.6101756	Rimendiello-Mormanno
15.9427431	40.09445824	-11.6154072	Rimendiello-Mormanno
15.97144062	40.11439529	-17.6507096	Rimendiello-Mormanno
15.83965439	40.15305983	-1.5164015	Rimendiello-Mormanno
15.92848492	40.16399058	-15.6584938	Rimendiello-Mormanno
15.83254853	40.16320022	-1.3575665	Rimendiello-Mormanno
15.96120103	40.03112209	-8.6988306	Rimendiello-Mormanno
15.86113389	40.2053437	-9.3666173	Rimendiello-Mormanno
15.96066074	39.97400679	-3.5757477	Rimendiello-Mormanno
15.93833762	39.9823607	-1.0000011	Rimendiello-Mormanno
15.95587895	40.09769519	-13.8475372	Rimendiello-Mormanno
16.01301069	39.85842733	-1.0000011	Rimendiello-Mormanno
15.98612677	39.94897789	-5.0987355	Rimendiello-Mormanno
16.00286035	39.88947895	-2.2861735	Rimendiello-Mormanno
15.91925991	40.20944933	-18.3205167	Rimendiello-Mormanno
15.88663873	40.18766192	-11.540945	Rimendiello-Mormanno
15.86741834	40.1005484	-1.0000011	Rimendiello-Mormanno
15.83290222	40.20439642	-5.1122677	Rimendiello-Mormanno
15.8774518	40.1919981	-10.5749999	Rimendiello-Mormanno
15.9159655	40.07302522	-5.7286339	Rimendiello-Mormanno
15.94656262	40.11246435	-13.7945016	Rimendiello-Mormanno
15.99893951	39.98854536	-10.5411665	Rimendiello-Mormanno
16.04495613	39.89724237	-9.221905	Rimendiello-Mormanno
15.98294533	40.05469649	-14.0066193	Rimendiello-Mormanno
15.94302327	40.13183771	-14.9785294	Rimendiello-Mormanno
15.95340664	39.99770875	-4.5919757	Rimendiello-Mormanno
16.03454687	39.96148708	-13.3824718	Rimendiello-Mormanno
15.95018923	40.15766404	-18.3205275	Rimendiello-Mormanno
16.01959894	39.9233262	-7.7607474	Rimendiello-Mormanno
15.91130616	40.08420602	-6.0476427	Rimendiello-Mormanno
16.02280223	39.88982566	-5.2781281	Rimendiello-Mormanno
15.9055868	40.16720555	-12.5452011	Rimendiello-Mormanno
15.90741943	40.15293849	-11.5584049	Rimendiello-Mormanno
16.0549527	39.86440972	-7.7401135	Rimendiello-Mormanno
15.86108896	40.17326213	-6.4791347	Rimendiello-Mormanno
16.08673012	39.8778708	-13.651413	Rimendiello-Mormanno
15.98222061	39.94969329	-4.5858869	Rimendiello-Mormanno
16.0703302	39.90372071	-13.5575363	Rimendiello-Mormanno
15.95319514	40.14553354	-17.6960226	Rimendiello-Mormanno
16.06436749	39.89362971	-11.7657785	Rimendiello-Mormanno
16.05829149	39.95027726	-15.8847789	Rimendiello-Mormanno
16.01567393	40.02094347	-15.8848117	Rimendiello-Mormanno
15.96242951	40.06248034	-11.6493983	Rimendiello-Mormanno
15.97923542	39.97440055	-6.3680951	Rimendiello-Mormanno
15.996894	40.01965945	-12.9843009	Rimendiello-Mormanno
15.97609046	40.07713753	-14.9822526	Rimendiello-Mormanno
16.08912823	39.89224806	-15.3015973	Rimendiello-Mormanno
15.90966814	40.04458412	-2.2397272	Rimendiello-Mormanno
15.98040147	39.9447641	-3.8727687	Rimendiello-Mormanno
15.93506403	40.09650782	-10.6656568	Rimendiello-Mormanno
16.01734627	40.02960896	-16.8979928	Rimendiello-Mormanno
15.99238409	40.08324561	-17.9395763	Rimendiello-Mormanno
15.82137628	40.19338927	-2.4187931	Rimendiello-Mormanno
16.00303738	39.99197537	-11.452183	Rimendiello-Mormanno
15.9535851	40.14073306	-17.3303292	Rimendiello-Mormanno
15.94582554	40.10874304	-13.3571815	Rimendiello-Mormanno
15.92757553	40.10032697	-9.9039211	Rimendiello-Mormanno
15.97338745	40.01939145	-9.4721742	Rimendiello-Mormanno
16.03188498	39.96920686	-13.6845658	Rimendiello-Mormanno
16.11509689	39.87816689	-17.8721036	Rimendiello-Mormanno
15.9427014	40.12153543	-14.0218419	Rimendiello-Mormanno
15.8573902	40.22207586	-10.3205988	Rimendiello-Mormanno
15.96220136	40.09779013	-14.7901017	Rimendiello-Mormanno
15.9793898	40.00473344	-9.0685828	Rimendiello-Mormanno
16.01846214	39.89145217	-4.7770255	Rimendiello-Mormanno
16.01668116	39.98109075	-12.508724	Rimendiello-Mormanno
16.02750547	39.89748144	-6.6521747	Rimendiello-Mormanno
16.02744205	39.92667044	-9.2204784	Rimendiello-Mormanno
15.90601894	40.23117324	-18.3205089	Rimendiello-Mormanno
15.91696509	40.09218961	-7.6029298	Rimendiello-Mormanno
15.83952997	40.18506916	-4.3504357	Rimendiello-Mormanno
15.96002367	39.98498775	-4.4507394	Rimendiello-Mormanno
15.94782042	40.13942802	-16.3599415	Rimendiello-Mormanno
15.98593714	40.04810634	-13.8689347	Rimendiello-Mormanno
15.89175937	40.08815984	-3.5171364	Rimendiello-Mormanno
15.99804698	39.9119894	-3.5598488	Rimendiello-Mormanno
15.95052528	39.96187904	-1.000091	Rimendiello-Mormanno
16.00250217	40.07069146	-18.3205079	Rimendiello-Mormanno
15.96220868	39.97738158	-4.1034835	Rimendiello-Mormanno
15.87871288	40.20700445	-12.1121886	Rimendiello-Mormanno
15.94204716	40.11757016	-13.5749625	Rimendiello-Mormanno
15.91013084	40.05355043	-3.1123165	Rimendiello-Mormanno
16.04365472	39.93385397	-12.2617123	Rimendiello-Mormanno
15.89753908	40.12096848	-7.2712413	Rimendiello-Mormanno
15.84840286	40.18431896	-5.593317	Rimendiello-Mormanno
15.91747929	40.03803131	-2.8205187	Rimendiello-Mormanno
15.99724975	39.9054689	-2.865507	Rimendiello-Mormanno
15.86808689	40.21032455	-10.8419052	Rimendiello-Mormanno
15.86090871	40.14177687	-3.6735153	Rimendiello-Mormanno
15.90101643	40.23694316	-18.1012951	Rimendiello-Mormanno
15.90681281	40.08835535	-5.7577221	Rimendiello-Mormanno
15.88584537	40.08561622	-2.4142164	Rimendiello-Mormanno
15.85576466	40.19175067	-7.3497255	Rimendiello-Mormanno
15.99460348	39.93507426	-5.098736	Rimendiello-Mormanno
15.99902016	39.99869223	-11.4487994	Rimendiello-Mormanno
16.08803237	39.90693472	-16.4632877	Rimendiello-Mormanno
15.82715528	40.21419302	-5.1460968	Rimendiello-Mormanno
15.87641005	40.14548437	-6.3003466	Rimendiello-Mormanno
15.88167308	40.12989717	-5.7056351	Rimendiello-Mormanno
16.08144095	39.93894155	-18.3205089	Rimendiello-Mormanno
16.04535906	39.85868629	-5.8058495	Rimendiello-Mormanno
16.09016116	39.9134822	-17.367922	Rimendiello-Mormanno
15.96874827	40.07716312	-13.8997184	Rimendiello-Mormanno
15.9918008	39.89753692	-1.3558829	Rimendiello-Mormanno
15.89328825	40.18705453	-12.4720238	Rimendiello-Mormanno
16.03282101	39.88222619	-6.0743688	Rimendiello-Mormanno
15.89450819	40.11930971	-6.675173	Rimendiello-Mormanno
15.87062733	40.11020436	-2.3284699	Rimendiello-Mormanno
16.04620385	39.88236128	-8.0648713	Rimendiello-Mormanno
15.89840057	40.18234553	-12.8151657	Rimendiello-Mormanno
15.9244995	40.12746671	-11.8446002	Rimendiello-Mormanno
15.94034325	40.10291603	-12.0228932	Rimendiello-Mormanno
15.91541008	40.04403551	-3.0435851	Rimendiello-Mormanno
15.94288863	40.16994478	-18.3205089	Rimendiello-Mormanno
15.90644923	40.04392791	-1.7042277	Rimendiello-Mormanno
15.9367361	40.14164969	-14.911548	Rimendiello-Mormanno
15.9386227	40.06176802	-8.0621644	Rimendiello-Mormanno
15.93692585	40.02248109	-4.3333517	Rimendiello-Mormanno
15.94800989	40.15817119	-18.0419425	Rimendiello-Mormanno
15.89538522	40.09028329	-4.2437155	Rimendiello-Mormanno
15.98257195	39.98551687	-7.8443073	Rimendiello-Mormanno
15.90158293	40.19083865	-14.0362081	Rimendiello-Mormanno
15.83026085	40.19612962	-3.9776398	Rimendiello-Mormanno
15.92268489	40.18359555	-16.5275646	Rimendiello-Mormanno
15.95612234	40.10403812	-14.4548576	Rimendiello-Mormanno
15.97113354	39.98830179	-6.3923615	Rimendiello-Mormanno
16.00834399	39.97838264	-11.03237	Rimendiello-Mormanno
16.06545465	39.86776616	-9.5953019	Rimendiello-Mormanno
15.91264738	40.1489815	-11.9849972	Rimendiello-Mormanno
15.92967895	40.0467244	-5.3984552	Rimendiello-Mormanno
15.88031445	40.09320473	-2.2651896	Rimendiello-Mormanno
15.94552527	40.03945607	-7.1081857	Rimendiello-Mormanno
16.01537206	39.86706455	-2.1278629	Rimendiello-Mormanno
16.10415275	39.89221866	-17.520111	Rimendiello-Mormanno
15.91004605	40.18537381	-14.8097233	Rimendiello-Mormanno
15.86101217	40.14718047	-4.1657286	Rimendiello-Mormanno
15.94204781	39.99215974	-2.416087	Rimendiello-Mormanno
15.94648877	40.07010817	-9.9755458	Rimendiello-Mormanno
16.05235792	39.93328993	-13.5039174	Rimendiello-Mormanno
16.07816178	39.89472814	-13.9039479	Rimendiello-Mormanno
16.03594197	40.01032183	-17.9554923	Rimendiello-Mormanno
15.94385779	40.08167328	-10.6284432	Rimendiello-Mormanno
15.9193482	40.15475482	-13.4883571	Rimendiello-Mormanno
16.04778679	39.93399462	-12.8875516	Rimendiello-Mormanno
15.92973561	40.15837365	-15.3486202	Rimendiello-Mormanno
15.92848815	40.17377993	-16.5224904	Rimendiello-Mormanno
15.99259857	39.96239513	-7.264476	Rimendiello-Mormanno
16.09178656	39.87458257	-14.1026935	Rimendiello-Mormanno
15.87245153	40.11870773	-3.3497711	Rimendiello-Mormanno
15.99610448	39.88627306	-1.000007	Rimendiello-Mormanno
16.02896379	40.00718532	-16.642922	Rimendiello-Mormanno
15.91002842	40.20663538	-16.7038136	Rimendiello-Mormanno
15.95713601	40.11727122	-15.787589	Rimendiello-Mormanno
15.9763773	39.93113148	-2.049379	Rimendiello-Mormanno
15.99458702	40.06684309	-16.806318	Rimendiello-Mormanno
16.00325084	39.99807426	-12.022203	Rimendiello-Mormanno
15.88701222	40.220069	-14.5140558	Rimendiello-Mormanno
15.99153665	40.08886664	-18.3205089	Rimendiello-Mormanno
16.02312896	39.91801714	-7.8158904	Rimendiello-Mormanno
16.06119556	39.90754722	-12.5431852	Rimendiello-Mormanno
16.02339685	40.0239282	-17.2944708	Rimendiello-Mormanno
15.95123465	39.9832167	-2.9898287	Rimendiello-Mormanno
15.9666094	40.11645605	-17.1217394	Rimendiello-Mormanno
15.96121238	39.96537116	-2.8945499	Rimendiello-Mormanno
15.98856404	39.9765998	-7.9474971	Rimendiello-Mormanno
16.05976674	39.93844922	-15.059381	Rimendiello-Mormanno
16.03975801	39.96975629	-14.8976779	Rimendiello-Mormanno
15.97274108	40.06148772	-13.0918785	Rimendiello-Mormanno
16.0337422	39.95146683	-12.3608317	Rimendiello-Mormanno
16.09962663	39.90852518	-18.320504	Rimendiello-Mormanno
16.03016017	40.01280869	-17.316798	Rimendiello-Mormanno
16.02131699	39.93454917	-9.0069752	Rimendiello-Mormanno
15.96092973	40.05329124	-10.6155883	Rimendiello-Mormanno
15.94150594	40.03889155	-6.4618795	Rimendiello-Mormanno
15.93819594	40.06619032	-8.3974171	Rimendiello-Mormanno
15.92745911	40.03766874	-4.2694147	Rimendiello-Mormanno
15.97412472	40.00436716	-8.2548234	Rimendiello-Mormanno
15.88423714	40.07476684	-1.1982394	Rimendiello-Mormanno
16.05382726	39.9514731	-15.3298717	Rimendiello-Mormanno
15.89963762	40.11435907	-6.9992555	Rimendiello-Mormanno
16.0062285	40.00116904	-12.7373505	Rimendiello-Mormanno
16.02768165	40.02464562	-17.9937189	Rimendiello-Mormanno
15.8555824	40.17529354	-5.8414403	Rimendiello-Mormanno
16.08390467	39.90698566	-15.857754	Rimendiello-Mormanno
15.86889225	40.22900054	-12.642629	Rimendiello-Mormanno
15.93317602	40.12740635	-13.1265546	Rimendiello-Mormanno
16.03878348	39.90258948	-8.7776315	Rimendiello-Mormanno
15.99265734	40.07372852	-17.1276735	Rimendiello-Mormanno
16.01169221	40.04634783	-17.5360109	Rimendiello-Mormanno
16.08204618	39.86434484	-11.7400678	Rimendiello-Mormanno
15.96081486	40.11205624	-15.8706998	Rimendiello-Mormanno
15.99933063	40.04037556	-15.1744	Rimendiello-Mormanno
15.96539241	39.96942925	-3.8741657	Rimendiello-Mormanno
16.06457	39.95322464	-17.0768229	Rimendiello-Mormanno
15.93761066	40.08260559	-9.7894812	Rimendiello-Mormanno
15.8285893	40.16580011	-0.9998087	Rimendiello-Mormanno
16.0311944	39.95898718	-12.6617428	Rimendiello-Mormanno
15.97966364	39.95854763	-5.0060441	Rimendiello-Mormanno
16.01007046	39.88931685	-3.3427413	Rimendiello-Mormanno
16.0534537	39.87568831	-8.5350979	Rimendiello-Mormanno
16.0804098	39.86966156	-11.9772101	Rimendiello-Mormanno
15.92604941	40.02815931	-3.2205436	Rimendiello-Mormanno
15.91344911	40.21640606	-18.0884396	Rimendiello-Mormanno
15.95429853	40.1130362	-14.9936159	Rimendiello-Mormanno
16.08614546	39.86668514	-12.5570414	Rimendiello-Mormanno
16.05831859	39.93116062	-14.200798	Rimendiello-Mormanno
15.85602577	40.13539553	-2.3859796	Rimendiello-Mormanno
16.02833376	39.94134442	-10.6492694	Rimendiello-Mormanno
15.96081842	39.99652234	-5.5872284	Rimendiello-Mormanno
15.94153014	40.06882258	-9.1271074	Rimendiello-Mormanno
15.96802355	40.06166233	-12.4071449	Rimendiello-Mormanno
15.83266582	40.17468775	-2.4018878	Rimendiello-Mormanno
15.97080305	39.95489756	-3.3675309	Rimendiello-Mormanno
16.00508886	39.87141496	-1.0000011	Rimendiello-Mormanno
15.96180624	40.07624261	-12.791139	Rimendiello-Mormanno
15.86260531	40.21455778	-10.4136279	Rimendiello-Mormanno
15.90091086	40.07942476	-4.0811578	Rimendiello-Mormanno
15.98244407	39.9375346	-3.5231461	Rimendiello-Mormanno
15.85548125	40.20031177	-8.0787422	Rimendiello-Mormanno
15.929586	40.12669699	-12.5313309	Rimendiello-Mormanno
16.01088136	40.00195288	-13.4971525	Rimendiello-Mormanno
15.9068054	40.16147551	-12.2204413	Rimendiello-Mormanno
15.94632736	40.13389067	-15.6498683	Rimendiello-Mormanno
15.98908466	40.07328525	-16.5578322	Rimendiello-Mormanno
16.02315975	39.9883464	-14.1190324	Rimendiello-Mormanno
16.02654291	39.99330609	-15.0586969	Rimendiello-Mormanno
15.94120832	40.03325925	-5.9204452	Rimendiello-Mormanno
15.83338608	40.1686682	-1.9661012	Rimendiello-Mormanno
16.00406792	39.96126637	-8.8578275	Rimendiello-Mormanno
15.90886967	40.13388906	-10.0925902	Rimendiello-Mormanno
15.86964604	40.16047012	-6.6193549	Rimendiello-Mormanno
16.02107171	40.03635568	-18.046506	Rimendiello-Mormanno
16.01256446	40.02678398	-15.9389367	Rimendiello-Mormanno
16.02430608	39.86132295	-2.9309664	Rimendiello-Mormanno
16.04760843	39.89869171	-9.7442533	Rimendiello-Mormanno
15.94675083	40.12634756	-15.0472037	Rimendiello-Mormanno
15.9891956	39.92616837	-3.4980875	Rimendiello-Mormanno
15.90412319	40.17399697	-12.9272997	Rimendiello-Mormanno
15.98507255	40.04423614	-13.399048	Rimendiello-Mormanno
15.99619474	40.07079363	-17.3935924	Rimendiello-Mormanno
15.85062271	40.13797525	-1.8120675	Rimendiello-Mormanno
15.92554364	40.10540075	-10.0527078	Rimendiello-Mormanno
16.00724256	40.03348864	-15.7410558	Rimendiello-Mormanno
15.91491979	40.03190709	-1.8998536	Rimendiello-Mormanno
15.96597756	40.02592849	-8.9493378	Rimendiello-Mormanno
15.92316647	40.01046038	-1.2300382	Rimendiello-Mormanno
16.0616971	39.88029723	-10.1692126	Rimendiello-Mormanno
16.04384168	39.98978261	-17.3056549	Rimendiello-Mormanno
15.92820893	40.1495858	-14.3469547	Rimendiello-Mormanno
15.90043487	40.04600674	-0.9999874	Rimendiello-Mormanno
16.09528402	39.87575935	-14.7258258	Rimendiello-Mormanno
16.03942454	39.96070175	-14.0326676	Rimendiello-Mormanno
15.96530403	40.12872789	-18.0099572	Rimendiello-Mormanno
16.05278073	39.90721565	-11.2644287	Rimendiello-Mormanno
16.11105574	39.87649489	-17.1239718	Rimendiello-Mormanno
15.91928163	40.01916892	-1.4223566	Rimendiello-Mormanno
16.01339865	39.94149457	-8.4554415	Rimendiello-Mormanno
16.00586663	40.06503471	-18.3205089	Rimendiello-Mormanno
15.87247866	40.23027245	-13.2867357	Rimendiello-Mormanno
15.89809451	40.08953317	-4.5765499	Rimendiello-Mormanno
16.08514151	39.90998356	-16.3111495	Rimendiello-Mormanno
16.01402401	39.90658293	-5.4542799	Rimendiello-Mormanno
16.04881347	39.86244333	-6.655213	Rimendiello-Mormanno
16.00524899	39.90716916	-4.2032799	Rimendiello-Mormanno
15.98710674	39.91978815	-2.6248375	Rimendiello-Mormanno
16.03677354	39.98111543	-15.4800455	Rimendiello-Mormanno
15.93606349	40.05862618	-7.4007181	Rimendiello-Mormanno
15.94973189	40.07955724	-11.3057022	Rimendiello-Mormanno
15.92984463	40.11548072	-11.5800571	Rimendiello-Mormanno
16.02310131	39.84421678	-1.210756	Rimendiello-Mormanno
15.89392701	40.19790252	-13.539788	Rimendiello-Mormanno
15.93383256	40.0303956	-4.5730314	Rimendiello-Mormanno
15.97731768	40.05573272	-13.2629703	Rimendiello-Mormanno
15.93941041	40.04502842	-6.6927626	Rimendiello-Mormanno
15.91878933	40.16018954	-13.8848341	Rimendiello-Mormanno
15.85066106	40.1589052	-3.6650568	Rimendiello-Mormanno
15.99522583	40.01030589	-11.9109052	Rimendiello-Mormanno
15.90529121	40.19361261	-14.8319318	Rimendiello-Mormanno
16.02894071	39.87822141	-5.1396696	Rimendiello-Mormanno
16.03395045	39.91340849	-9.0154711	Rimendiello-Mormanno
15.95721124	39.96439774	-2.2153629	Rimendiello-Mormanno
15.83899616	40.16315377	-2.3098688	Rimendiello-Mormanno
15.91537853	40.18132842	-15.2437487	Rimendiello-Mormanno
15.88791285	40.11565502	-5.3741051	Rimendiello-Mormanno
15.95624239	40.04824907	-9.4748705	Rimendiello-Mormanno
15.92959683	40.05236173	-5.8838275	Rimendiello-Mormanno
15.87627725	40.12016491	-4.0459738	Rimendiello-Mormanno
15.93323421	40.11706553	-12.2228104	Rimendiello-Mormanno
15.87662062	40.21251026	-12.2989254	Rimendiello-Mormanno
15.90265046	40.0947313	-5.7144994	Rimendiello-Mormanno
15.94334718	39.97394082	-1.0000011	Rimendiello-Mormanno
15.83597921	40.15849364	-1.4509435	Rimendiello-Mormanno
16.00949814	39.93960171	-7.7083171	Rimendiello-Mormanno
15.97403302	39.96990223	-5.19765	Rimendiello-Mormanno
15.9918173	39.9439675	-5.4882785	Rimendiello-Mormanno
15.88020655	40.19956787	-11.663276	Rimendiello-Mormanno
15.9100384	40.16689466	-13.1781442	Rimendiello-Mormanno
15.91475442	40.02199469	-1.0000011	Rimendiello-Mormanno
16.0307225	39.87005442	-4.6667379	Rimendiello-Mormanno
16.0582373	39.96697828	-17.3787052	Rimendiello-Mormanno
15.83192694	40.16019412	-1.0000031	Rimendiello-Mormanno
16.03679119	39.84994458	-3.751153	Rimendiello-Mormanno
16.04377309	39.88797308	-8.2114219	Rimendiello-Mormanno
16.00118417	39.94028012	-6.5405387	Rimendiello-Mormanno
15.85364281	40.1678214	-4.8944113	Rimendiello-Mormanno
15.92155631	40.09486957	-8.5227819	Rimendiello-Mormanno
15.94135889	40.00812039	-3.7235963	Rimendiello-Mormanno
15.80924705	40.20369998	-1.5564889	Rimendiello-Mormanno
16.03775476	39.86360777	-5.1252072	Rimendiello-Mormanno
16.03436709	39.8933354	-7.3045455	Rimendiello-Mormanno
15.94571589	40.01180453	-4.6954992	Rimendiello-Mormanno
15.84096795	40.17168317	-3.3570509	Rimendiello-Mormanno
15.89959249	40.13575284	-8.8808309	Rimendiello-Mormanno
15.95356835	39.96783085	-1.9776495	Rimendiello-Mormanno
16.01381416	39.99033629	-12.9071688	Rimendiello-Mormanno
16.03733074	39.97596079	-15.0979464	Rimendiello-Mormanno
15.85528179	40.12327224	-1.2056925	Rimendiello-Mormanno
16.03767583	39.94403287	-12.2730599	Rimendiello-Mormanno
16.05719156	39.88391103	-9.8288924	Rimendiello-Mormanno
15.99211926	39.97582652	-8.4046827	Rimendiello-Mormanno
15.99974692	39.88522115	-1.4478947	Rimendiello-Mormanno
15.85198564	40.22300365	-9.6061274	Rimendiello-Mormanno
15.95412119	40.02823422	-7.3931957	Rimendiello-Mormanno
16.04044397	39.95273503	-13.4656952	Rimendiello-Mormanno
15.98478215	40.00542403	-9.9298722	Rimendiello-Mormanno
16.01640119	39.88525636	-3.9209376	Rimendiello-Mormanno
15.99036339	40.02371601	-12.3733685	Rimendiello-Mormanno
16.09276475	39.90935105	-17.3807706	Rimendiello-Mormanno
15.89161056	40.09269768	-3.8966085	Rimendiello-Mormanno
15.88315932	40.10994336	-4.164714	Rimendiello-Mormanno
16.04997839	39.91320034	-11.3767435	Rimendiello-Mormanno
16.02180686	40.00996853	-15.8262872	Rimendiello-Mormanno
16.05984848	39.90460461	-12.0839201	Rimendiello-Mormanno
15.9296278	40.11099932	-11.1524413	Rimendiello-Mormanno
15.91260558	40.03838105	-2.1282091	Rimendiello-Mormanno
16.01156615	39.89948034	-4.462069	Rimendiello-Mormanno
16.09827213	39.88260011	-15.7840001	Rimendiello-Mormanno
16.00028886	40.02591079	-14.0401188	Rimendiello-Mormanno
16.07621493	39.90145842	-14.2227809	Rimendiello-Mormanno
15.88227044	40.151473	-7.6981647	Rimendiello-Mormanno
16.02393789	39.873359	-3.9616969	Rimendiello-Mormanno
15.92203699	40.11182461	-10.099018	Rimendiello-Mormanno
16.03091623	39.92676021	-9.7441503	Rimendiello-Mormanno
16.07185722	39.90700448	-14.0783922	Rimendiello-Mormanno
15.88877973	40.06511976	-1.0000011	Rimendiello-Mormanno
16.02166873	39.9279628	-8.4775973	Rimendiello-Mormanno
15.98004232	39.99225879	-8.0640274	Rimendiello-Mormanno
15.93769648	40.13006316	-14.0316525	Rimendiello-Mormanno
15.98195779	40.08885171	-16.9039127	Rimendiello-Mormanno
16.02723774	39.88745291	-5.72058	Rimendiello-Mormanno
15.97764152	39.98362901	-6.9458065	Rimendiello-Mormanno
15.97803016	40.09584974	-16.9538117	Rimendiello-Mormanno
15.87235585	40.16290711	-7.2363973	Rimendiello-Mormanno
15.84138842	40.17786553	-3.9762916	Rimendiello-Mormanno
15.99078279	40.01246015	-11.4416954	Rimendiello-Mormanno
15.9166284	40.11499214	-9.5760195	Rimendiello-Mormanno
15.81780728	40.19141363	-1.7137955	Rimendiello-Mormanno
15.95708431	40.01744312	-6.8805304	Rimendiello-Mormanno
15.82778881	40.20621436	-4.5209347	Rimendiello-Mormanno
15.84668701	40.15762726	-2.9627638	Rimendiello-Mormanno
16.06536168	39.8611995	-8.9897611	Rimendiello-Mormanno
15.96111081	39.9544893	-1.8983331	Rimendiello-Mormanno
15.85930868	40.22560141	-10.9214037	Rimendiello-Mormanno
16.00649803	40.0553328	-17.5580001	Rimendiello-Mormanno
15.92447597	40.14828226	-13.6781578	Rimendiello-Mormanno
15.90760197	40.18034254	-14.0032355	Rimendiello-Mormanno
15.91129452	40.10794348	-8.162637	Rimendiello-Mormanno
15.90028088	40.07446572	-3.5412433	Rimendiello-Mormanno
15.91788812	40.20016274	-17.2818966	Rimendiello-Mormanno
15.99748274	39.92872269	-4.9537579	Rimendiello-Mormanno
16.05350948	39.96812625	-16.7833131	Rimendiello-Mormanno
15.91517533	40.20624814	-17.4291076	Rimendiello-Mormanno
16.04348038	39.95593587	-14.2028273	Rimendiello-Mormanno
16.08535312	39.92760282	-17.9003517	Rimendiello-Mormanno
15.92814062	40.16932904	-16.0783141	Rimendiello-Mormanno
15.97256744	40.12002958	-18.3205167	Rimendiello-Mormanno
15.88588431	40.22697224	-14.9690573	Rimendiello-Mormanno
15.8313396	40.21342169	-5.6944667	Rimendiello-Mormanno
16.00147376	40.06642192	-17.7910875	Rimendiello-Mormanno
16.04862447	39.98423636	-17.5126696	Rimendiello-Mormanno
16.02130034	40.01895296	-16.5441412	Rimendiello-Mormanno
15.95745316	39.96818666	-2.5859533	Rimendiello-Mormanno
15.96671379	40.01530639	-8.1210392	Rimendiello-Mormanno
16.00671755	40.04445179	-16.6304054	Rimendiello-Mormanno
16.04677991	39.90925692	-10.5536807	Rimendiello-Mormanno
16.04482821	39.8745602	-7.1582521	Rimendiello-Mormanno
15.9637669	39.9855687	-5.0576339	Rimendiello-Mormanno
16.0432835	39.98364221	-16.669819	Rimendiello-Mormanno
16.01188875	39.96715526	-10.5443779	Rimendiello-Mormanno
15.86222336	40.16048849	-5.5199078	Rimendiello-Mormanno
16.0242522	39.94461546	-10.3409036	Rimendiello-Mormanno
15.9366362	40.12187726	-13.1520956	Rimendiello-Mormanno
15.9731771	40.04123292	-11.3686244	Rimendiello-Mormanno
16.07283622	39.8958115	-13.2143417	Rimendiello-Mormanno
15.98996452	39.90293632	-1.5602111	Rimendiello-Mormanno
15.90740965	40.07682668	-4.807131	Rimendiello-Mormanno
16.01943391	39.98665744	-13.4168329	Rimendiello-Mormanno
15.99006675	40.06530862	-16.0001896	Rimendiello-Mormanno
15.96234915	40.10469906	-15.4341984	Rimendiello-Mormanno
15.98110472	40.04840874	-13.1784821	Rimendiello-Mormanno
15.95741819	40.0692196	-11.5103709	Rimendiello-Mormanno
15.98498335	39.97928931	-7.6524926	Rimendiello-Mormanno
15.88408931	40.13489177	-6.5050289	Rimendiello-Mormanno
16.04007114	39.99476799	-17.1961364	Rimendiello-Mormanno
16.00308735	39.89724033	-3.0053917	Rimendiello-Mormanno
15.90172986	40.16711276	-11.9648629	Rimendiello-Mormanno
16.03879056	39.88198782	-6.9353192	Rimendiello-Mormanno
15.90891297	40.15664294	-12.1067758	Rimendiello-Mormanno
16.00257014	40.01598039	-13.5018886	Rimendiello-Mormanno
15.98044651	39.91258932	-1.0000011	Rimendiello-Mormanno
15.93484007	40.17889431	-17.9159113	Rimendiello-Mormanno
15.9428429	40.11231594	-13.2295829	Rimendiello-Mormanno
15.90250827	40.20009592	-15.0045817	Rimendiello-Mormanno
15.87545834	40.22838443	-13.5566913	Rimendiello-Mormanno
15.90800684	40.11293085	-8.1149398	Rimendiello-Mormanno
15.95704163	40.00050422	-5.3783336	Rimendiello-Mormanno
15.95550366	40.0316872	-7.9031697	Rimendiello-Mormanno
16.03320078	39.90403068	-8.0760248	Rimendiello-Mormanno
16.04727533	39.92159198	-11.7163878	Rimendiello-Mormanno
15.92675417	40.04490208	-4.8035851	Rimendiello-Mormanno
15.90083343	40.21503209	-16.1016564	Rimendiello-Mormanno
16.06809699	39.93435119	-15.9342018	Rimendiello-Mormanno
16.01475753	39.95500153	-9.8732082	Rimendiello-Mormanno
15.98385208	39.9093023	-1.2151515	Rimendiello-Mormanno
15.95622313	39.97853413	-3.3167863	Rimendiello-Mormanno
15.9362751	40.07400246	-8.8172324	Rimendiello-Mormanno
16.0055544	40.05036442	-16.9795216	Rimendiello-Mormanno
15.99730417	40.07940314	-18.3204533	Rimendiello-Mormanno
15.85662436	40.21403472	-9.4833276	Rimendiello-Mormanno
15.87978557	40.21527896	-13.0155951	Rimendiello-Mormanno
15.94619636	40.06468298	-9.4437507	Rimendiello-Mormanno
15.93092127	40.13527844	-13.4866652	Rimendiello-Mormanno
15.80946823	40.20791479	-1.9688663	Rimendiello-Mormanno
15.82831902	40.17231283	-1.546005	Rimendiello-Mormanno
15.96171345	40.11452225	-16.2245607	Rimendiello-Mormanno
15.90234964	40.11988194	-7.8890463	Rimendiello-Mormanno
15.86980547	40.17756442	-8.1513677	Rimendiello-Mormanno
15.96590453	39.96644968	-3.6855211	Rimendiello-Mormanno
16.00335284	40.03702238	-15.4754791	Rimendiello-Mormanno
16.03909528	40.00304946	-17.7817799	Rimendiello-Mormanno
15.89783328	40.097716	-5.2628043	Rimendiello-Mormanno
15.91758949	40.19328979	-16.6269923	Rimendiello-Mormanno
16.03907047	40.00919607	-18.3205099	Rimendiello-Mormanno
15.85327682	40.20587288	-8.2539775	Rimendiello-Mormanno
16.06502816	39.94120425	-16.0837267	Rimendiello-Mormanno
15.95676626	40.06323506	-10.875562	Rimendiello-Mormanno
15.95940314	40.0897223	-13.6500602	Rimendiello-Mormanno
16.02320155	39.94083385	-9.8444999	Rimendiello-Mormanno
16.09883812	39.87720929	-15.381942	Rimendiello-Mormanno
15.98228426	39.91578258	-1.5549723	Rimendiello-Mormanno
16.08349836	39.88682505	-13.9805704	Rimendiello-Mormanno
15.94998994	40.04274171	-8.0608134	Rimendiello-Mormanno
16.05346665	39.86991368	-8.0164972	Rimendiello-Mormanno
15.88276176	40.11567823	-4.6119347	Rimendiello-Mormanno
15.97195116	40.06639509	-13.4078209	Rimendiello-Mormanno
15.91374058	40.20184762	-16.8212096	Rimendiello-Mormanno
15.98174083	40.01626359	-10.4356173	Rimendiello-Mormanno
15.89811209	40.12793143	-7.9708278	Rimendiello-Mormanno
16.04786098	39.99445142	-18.3205997	Rimendiello-Mormanno
15.99887167	40.05625484	-16.5076056	Rimendiello-Mormanno
15.83827326	40.20715132	-6.1535282	Rimendiello-Mormanno
15.88187641	40.22624512	-14.3117575	Rimendiello-Mormanno
16.05114331	39.89955523	-10.3450404	Rimendiello-Mormanno
15.95139111	40.01961785	-6.227443	Rimendiello-Mormanno
15.93055798	40.09598866	-9.9532094	Rimendiello-Mormanno
16.01652143	39.99820955	-14.0039127	Rimendiello-Mormanno
16.00463124	39.93475784	-6.5523346	Rimendiello-Mormanno
15.87496411	40.17557234	-8.7411263	Rimendiello-Mormanno
15.88385348	40.20738159	-12.9053119	Rimendiello-Mormanno
16.0331822	39.87261015	-5.2607775	Rimendiello-Mormanno
15.95015811	39.97986205	-2.5338126	Rimendiello-Mormanno
15.91318314	40.11235475	-8.8321171	Rimendiello-Mormanno
16.02536554	39.92243912	-8.5384807	Rimendiello-Mormanno
16.00457213	39.95424907	-8.2999854	Rimendiello-Mormanno
16.02808247	39.86782821	-4.0757438	Rimendiello-Mormanno
16.02800509	39.85279116	-2.7087081	Rimendiello-Mormanno
16.06386392	39.94972784	-16.6635499	Rimendiello-Mormanno
16.02756996	39.98497533	-14.4677062	Rimendiello-Mormanno
16.08205494	39.87752997	-12.9294999	Rimendiello-Mormanno
15.98559928	40.07941181	-16.5917921	Rimendiello-Mormanno
16.03921264	39.86886389	-5.8145599	Rimendiello-Mormanno
15.92156077	40.04944291	-4.4335529	Rimendiello-Mormanno
16.02282909	39.85847668	-2.4560055	Rimendiello-Mormanno
16.02684262	39.8457773	-1.904591	Rimendiello-Mormanno
15.97193681	40.02962756	-10.1602485	Rimendiello-Mormanno
15.96382105	40.04217328	-10.0631588	Rimendiello-Mormanno
15.89277315	40.06329885	-1.4259083	Rimendiello-Mormanno
15.89645899	40.20514348	-14.5654752	Rimendiello-Mormanno
16.01885214	39.96547461	-11.4220745	Rimendiello-Mormanno
15.98557135	40.07304884	-16.0158307	Rimendiello-Mormanno
15.98091841	40.08182391	-16.1175582	Rimendiello-Mormanno
15.90243993	40.05948858	-2.5108053	Rimendiello-Mormanno
15.96896026	39.96011648	-3.5655846	Rimendiello-Mormanno
15.89006021	40.08169785	-2.6829752	Rimendiello-Mormanno
15.93202618	40.08803119	-9.4532198	Rimendiello-Mormanno
15.98020237	39.99933114	-8.7121931	Rimendiello-Mormanno
15.83136596	40.20153669	-4.6278346	Rimendiello-Mormanno
15.88944593	40.23126034	-15.88109	Rimendiello-Mormanno
15.84981188	40.17063538	-4.5743063	Rimendiello-Mormanno
16.06222548	39.91488194	-13.3435687	Rimendiello-Mormanno
15.91268974	40.17427965	-14.2229987	Rimendiello-Mormanno
16.01083753	39.96073775	-9.8107088	Rimendiello-Mormanno
15.97206026	40.0708491	-13.8196593	Rimendiello-Mormanno
15.98356293	39.95460108	-5.2266095	Rimendiello-Mormanno
15.98185915	40.04336873	-12.8456036	Rimendiello-Mormanno
15.91545209	40.14261032	-11.8388512	Rimendiello-Mormanno
16.05155921	39.92046544	-12.2529176	Rimendiello-Mormanno
15.83045776	40.19041292	-3.4918527	Rimendiello-Mormanno
15.82081827	40.20207078	-3.1183795	Rimendiello-Mormanno
16.05397499	39.89528156	-10.3784441	Rimendiello-Mormanno
16.06653951	39.90549351	-13.1556674	Rimendiello-Mormanno
15.96800104	40.08183406	-14.2099318	Rimendiello-Mormanno
16.05173523	39.92916496	-13.047225	Rimendiello-Mormanno
15.84880573	40.20554513	-7.564202	Rimendiello-Mormanno
15.96115927	40.13921946	-18.3205089	Rimendiello-Mormanno
15.96955872	40.00425101	-7.5669083	Rimendiello-Mormanno
16.03804375	39.92187298	-10.3706654	Rimendiello-Mormanno
16.01799115	40.02425216	-16.520799	Rimendiello-Mormanno
15.86373876	40.22717276	-11.7170639	Rimendiello-Mormanno
15.98870524	40.00149589	-10.1653227	Rimendiello-Mormanno
15.92684893	40.18480586	-17.2520148	Rimendiello-Mormanno
15.97143037	39.9990345	-7.3840621	Rimendiello-Mormanno
15.97696611	39.91843635	-1.0000119	Rimendiello-Mormanno
16.00231943	40.05780173	-17.1557716	Rimendiello-Mormanno
15.83701926	40.18093704	-3.6075485	Rimendiello-Mormanno
15.86666629	40.18122687	-8.0120064	Rimendiello-Mormanno
15.84912061	40.21236111	-8.2245463	Rimendiello-Mormanno
15.8456091	40.17379406	-4.2325729	Rimendiello-Mormanno
16.05540906	39.98207353	-18.3205089	Rimendiello-Mormanno
16.02755363	39.95443145	-11.713173	Rimendiello-Mormanno
16.01890193	39.84876641	-1.0000011	Rimendiello-Mormanno
15.87714717	40.16438692	-8.0777279	Rimendiello-Mormanno
15.93429374	39.98915638	-1.0000011	Rimendiello-Mormanno
15.94546618	40.00761909	-4.28888	Rimendiello-Mormanno
15.93309387	40.17535738	-17.3448766	Rimendiello-Mormanno
15.90665794	40.21350738	-16.8245846	Rimendiello-Mormanno
15.97142585	39.96309953	-4.1988644	Rimendiello-Mormanno
15.9747547	39.92214803	-0.9999249	Rimendiello-Mormanno
16.00271722	40.04309463	-15.9169494	Rimendiello-Mormanno
15.9305676	40.05809187	-6.5408617	Rimendiello-Mormanno
15.98015337	39.93226049	-2.7091979	Rimendiello-Mormanno
15.88186882	40.09716847	-2.8457145	Rimendiello-Mormanno
15.92152664	40.03834984	-3.4492296	Rimendiello-Mormanno
15.92854048	40.01482601	-2.4130416	Rimendiello-Mormanno
15.85079691	40.13190744	-1.3024367	Rimendiello-Mormanno
15.86773742	40.2034982	-10.1756408	Rimendiello-Mormanno
15.93109285	39.9976635	-1.2763888	Rimendiello-Mormanno
15.88661144	40.19295275	-12.0137496	Rimendiello-Mormanno
15.8515043	40.15352515	-3.3152648	Rimendiello-Mormanno
16.01225223	39.98007359	-11.7624252	Rimendiello-Mormanno
15.92097538	40.10408221	-9.2583574	Rimendiello-Mormanno
16.02727817	39.97020428	-13.0935714	Rimendiello-Mormanno
15.92738976	40.06311314	-6.5236178	Rimendiello-Mormanno
16.04332233	39.99455325	-17.6590231	Rimendiello-Mormanno
15.93713088	40.006986	-2.9959318	Rimendiello-Mormanno
15.94906609	40.10872852	-13.8356261	Rimendiello-Mormanno
15.98657808	39.94364316	-4.6846676	Rimendiello-Mormanno
15.98115621	40.07289394	-15.3479992	Rimendiello-Mormanno
16.05635025	39.90932823	-11.9809298	Rimendiello-Mormanno
15.91798845	40.17003436	-14.6344874	Rimendiello-Mormanno
16.07440484	39.88802203	-12.7441161	Rimendiello-Mormanno
15.98555309	39.97562791	-7.4140372	Rimendiello-Mormanno
16.0030743	40.00767582	-12.8435739	Rimendiello-Mormanno
16.05627178	39.94814733	-15.3969957	Rimendiello-Mormanno
15.92301944	40.06531301	-6.0760582	Rimendiello-Mormanno
15.93328432	40.14793156	-14.9538341	Rimendiello-Mormanno
