16.219328	38.74100001	-2.9999998	Serre
16.22093137	38.74014649	-3.1062498	Serre
16.14383962	38.59937766	-4.4578118	Serre
16.22103186	38.64596301	-6.4749998	Serre
16.29061187	38.64368729	-9.8578066	Serre
16.18539012	38.62088027	-5.6699182	Serre
16.22574137	38.73758588	-3.4249998	Serre
16.2267278	38.7083072	-4.5420959	Serre
16.21010412	38.59383987	-7.7988235	Serre
16.13331816	38.60521843	-3.75195	Serre
16.21189022	38.60796763	-7.3841796	Serre
16.3499377	38.65162886	-12.3820374	Serre
16.26771247	38.54154585	-12.3822166	Serre
16.28478206	38.63112098	-10.0253911	Serre
16.23206017	38.73422172	-3.8437493	Serre
16.13156399	38.5497002	-5.6452781	Serre
16.22449903	38.52486726	-10.9207021	Serre
16.2061243	38.72411282	-3.0000007	Serre
16.22751378	38.58169128	-9.0546876	Serre
16.23463064	38.62150545	-7.9849608	Serre
16.2088429	38.49544006	-11.2742178	Serre
16.23074318	38.59947111	-8.579394	Serre
16.26393805	38.62782043	-9.1527279	Serre
16.10772723	38.55728363	-4.2623403	Serre
16.25111513	38.63053042	-8.4483414	Serre
16.16116367	38.6580073	-3.2078069	Serre
16.16137464	38.54347223	-7.2664156	Serre
16.18626681	38.49863786	-10.1180195	Serre
16.09215816	38.49750138	-5.7817383	Serre
16.10859143	38.47610628	-7.3390625	Serre
16.22141523	38.63810132	-6.7710942	Serre
16.16828773	38.53791474	-7.7909574	Serre
16.23984046	38.73007896	-4.359375	Serre
16.1283162	38.58089617	-4.3742166	Serre
16.30185192	38.59492611	-12.1152346	Serre
16.11047627	38.59581709	-2.9999939	Serre
16.25584964	38.61774617	-9.1250001	Serre
16.13796742	38.56142875	-5.5205054	Serre
16.14947841	38.60473894	-4.5359314	Serre
16.0639585	38.51008114	-4.0023435	Serre
16.24762037	38.72593584	-4.8750002	Serre
16.06838589	38.53913923	-3.133594	Serre
16.25201527	38.56062539	-10.9625002	Serre
16.16903742	38.56947926	-6.7107411	Serre
16.16146612	38.53292307	-7.660527	Serre
16.16715851	38.61961685	-4.849209	Serre
16.12529837	38.50688406	-6.9787112	Serre
16.22481583	38.47352549	-12.850218	Serre
16.13886187	38.55094832	-5.9331243	Serre
16.1928421	38.69358652	-3.4538987	Serre
16.12557252	38.50144884	-7.1925746	Serre
16.25422121	38.72242019	-5.3125002	Serre
16.2963955	38.59695895	-11.7843748	Serre
16.26082179	38.71890429	-5.75	Serre
16.08085369	38.51452876	-4.6249985	Serre
16.11406247	38.5961962	-3.1568259	Serre
16.25116432	38.6963404	-6.1238569	Serre
16.24804238	38.67108569	-6.8689434	Serre
16.26852198	38.69453691	-7.0019368	Serre
16.15605339	38.6004172	-5.0007764	Serre
16.27340626	38.65302905	-8.710975	Serre
16.07632679	38.53958457	-3.4871101	Serre
16.25365348	38.60521683	-9.4636622	Serre
16.26544203	38.716443	-6.05625	Serre
16.21199952	38.71984024	-3.4313054	Serre
16.28372791	38.6783466	-8.3058337	Serre
16.1467197	38.46592202	-9.492578	Serre
16.07026442	38.54511624	-2.9999939	Serre
16.30440351	38.67429096	-9.4218719	Serre
16.19919046	38.68133827	-4.1880859	Serre
16.24820633	38.61683746	-8.7943344	Serre
16.27100501	38.71347924	-6.425	Serre
16.30472757	38.61205482	-11.6460872	Serre
16.24130353	38.50424503	-12.4477234	Serre
16.11371594	38.53306899	-5.4703101	Serre
16.23856866	38.58830107	-9.3456918	Serre
16.12338333	38.5716976	-4.4652317	Serre
16.15264549	38.64900014	-3.1218748	Serre
16.08265575	38.50307342	-5.1328125	Serre
16.27930198	38.70905838	-6.9749999	Serre
16.19465998	38.7088728	-3.0000007	Serre
16.10498207	38.50695889	-6.0292883	Serre
16.12852923	38.55357383	-5.3569917	Serre
16.1113996	38.4884479	-7.0132814	Serre
16.1477656	38.57578964	-5.4779204	Serre
16.28670289	38.70511443	-7.4656248	Serre
16.20378224	38.70213337	-3.6710935	Serre
16.297954	38.66587795	-9.4219711	Serre
16.22735696	38.65493667	-6.4580054	Serre
16.18854932	38.66363826	-4.3085938	Serre
16.22388984	38.5649372	-9.4749972	Serre
16.15266613	38.53220848	-7.2855547	Serre
16.11622455	38.56139875	-4.4919673	Serre
16.18644248	38.53070326	-8.9078194	Serre
16.31038657	38.58135939	-12.9999978	Serre
16.29250082	38.70202435	-7.85	Serre
16.17523527	38.65964103	-3.8179685	Serre
16.15904463	38.66104185	-2.9999851	Serre
16.19818563	38.67093628	-4.5080044	Serre
16.31281879	38.61264508	-12.0092761	Serre
16.11207934	38.54957951	-4.7585908	Serre
16.13163803	38.55899	-5.3062356	Serre
16.24896884	38.68710087	-6.3468555	Serre
16.29740298	38.69941144	-8.1750001	Serre
16.35619451	38.64274401	-13.0000183	Serre
16.18370006	38.50411911	-9.7890935	Serre
16.0456258	38.51408473	-2.9999998	Serre
16.24501969	38.49362572	-12.9994304	Serre
16.29131879	38.55808265	-12.9179573	Serre
16.23770487	38.6534593	-7.0013675	Serre
16.15606464	38.50491255	-8.4851576	Serre
16.30305913	38.69639639	-8.5499999	Serre
16.20505137	38.47473523	-11.8843767	Serre
16.1863668	38.69773461	-2.9999954	Serre
16.10008927	38.48064376	-6.775	Serre
16.19766506	38.48012576	-11.3407297	Serre
16.2422246	38.60539738	-8.9148444	Serre
16.23413005	38.57764704	-9.5117189	Serre
16.18587966	38.64417067	-4.8699114	Serre
16.30796097	38.69378318	-8.8749999	Serre
16.19846655	38.61343637	-6.5537114	Serre
16.20076381	38.69093591	-3.9235259	Serre
16.22478279	38.48677307	-12.3378904	Serre
16.16969495	38.44347661	-11.3937505	Serre
16.28705043	38.61864672	-10.5740132	Serre
16.09280567	38.52913764	-4.6414053	Serre
16.25791976	38.63156357	-8.7347543	Serre
16.31371101	38.6907175	-9.25625	Serre
16.1803437	38.47803738	-10.6109375	Serre
16.28025338	38.69381491	-7.5773456	Serre
16.07430799	38.5452727	-3.1826423	Serre
16.09556376	38.51114057	-5.4357312	Serre
16.19163219	38.54117369	-8.7839844	Serre
16.22518002	38.51169631	-11.4187524	Serre
16.11747164	38.58076078	-3.8642585	Serre
16.31927234	38.68775216	-9.625	Serre
16.10652614	38.59051279	-2.9999988	Serre
16.26222419	38.62126592	-9.303125	Serre
16.17443265	38.61564253	-5.3349568	Serre
16.19721542	38.43472599	-12.9999998	Serre
16.12848165	38.47879238	-8.1665045	Serre
16.26995685	38.67712085	-7.6956996	Serre
16.10726163	38.51209983	-5.9453101	Serre
16.22026913	38.58351658	-8.6462895	Serre
16.08970695	38.51805483	-4.9070283	Serre
16.30194182	38.680099	-9.0941259	Serre
16.07898506	38.49190393	-5.375	Serre
16.32648292	38.68390699	-10.103125	Serre
16.24894489	38.52264852	-12.1595579	Serre
16.1465512	38.64426413	-2.9999998	Serre
16.179197	38.63494343	-4.8789067	Serre
16.14576941	38.53677762	-6.7937527	Serre
16.19281053	38.66814418	-4.3515559	Serre
16.17585538	38.64199385	-4.4710901	Serre
16.2452374	38.58076383	-9.9286993	Serre
16.33491843	38.679408	-10.6625	Serre
16.14722412	38.61073829	-4.2168884	Serre
16.10579372	38.56901577	-3.7248596	Serre
16.20276425	38.44894669	-12.7322268	Serre
16.1592773	38.46116082	-10.253906	Serre
16.15904002	38.50869973	-8.4837379	Serre
16.27760421	38.62738415	-9.8167926	Serre
16.1847203	38.67934176	-3.5718743	Serre
16.34113875	38.67609005	-11.075	Serre
16.1736816	38.57652784	-6.6820313	Serre
16.34585574	38.63549146	-12.7695168	Serre
16.18787861	38.49453651	-10.3502363	Serre
16.29559802	38.58476206	-12.1777244	Serre
16.25128758	38.5307184	-11.9854495	Serre
16.18440945	38.45859426	-11.5199229	Serre
16.10561948	38.48995253	-6.6882814	Serre
16.19789242	38.57721182	-7.8070222	Serre
16.26326884	38.63993402	-8.6927721	Serre
16.20841836	38.52088832	-10.2980618	Serre
16.25790035	38.67431589	-7.2226567	Serre
16.34792428	38.67247019	-11.5250002	Serre
16.18686838	38.60628907	-6.2558575	Serre
16.26765302	38.70098953	-6.7251965	Serre
16.23495253	38.51699454	-11.6953125	Serre
16.23007514	38.61059347	-8.1544924	Serre
16.29506682	38.56516674	-12.8454099	Serre
16.08964015	38.52293355	-4.7234375	Serre
16.16203484	38.58524908	-5.8208989	Serre
16.35428073	38.64027441	-13.0000154	Serre
16.26231945	38.52302262	-12.7812488	Serre
16.1283307	38.61053365	-3.3273367	Serre
16.17433671	38.45252527	-11.2751956	Serre
16.35715968	38.66754273	-12.1374998	Serre
16.15158174	38.47166398	-9.5066412	Serre
16.27891819	38.65934851	-8.7492189	Serre
16.20973443	38.7287307	-2.9999993	Serre
16.31752959	38.63089813	-11.5874917	Serre
16.24975358	38.58724192	-9.914061	Serre
16.10760429	38.48203188	-7.0738282	Serre
16.21417	38.73440381	-2.9999998	Serre
16.36601764	38.66281592	-12.7249998	Serre
16.13119499	38.4715971	-8.5591798	Serre
16.33347455	38.64448138	-11.8640361	Serre
16.15210713	38.53912122	-6.9932581	Serre
16.29824155	38.61065047	-11.3878828	Serre
16.37016375	38.66060321	-12.9999998	Serre
16.21788372	38.73915311	-2.9999998	Serre
16.13799252	38.53695567	-6.4311196	Serre
16.14934613	38.64297762	-3.1781248	Serre
16.18207201	38.67272861	-3.6798728	Serre
16.16673502	38.59188566	-5.8093677	Serre
16.04623984	38.50936708	-3.2031248	Serre
16.1177349	38.56862121	-4.3058962	Serre
16.17147119	38.60953947	-5.4101572	Serre
16.23124614	38.49150052	-12.4511892	Serre
16.27730196	38.56217576	-12.1079016	Serre
16.19252904	38.44707465	-12.3246091	Serre
16.1765845	38.55764027	-7.4874961	Serre
16.22929494	38.73165719	-3.8082034	Serre
16.18355593	38.58675794	-6.7890547	Serre
16.18084903	38.56266509	-7.5123039	Serre
16.19897256	38.7146643	-3.0000002	Serre
16.09958873	38.58119631	-2.9999963	Serre
16.24788534	38.66274677	-7.1562473	Serre
16.20179884	38.60535684	-6.997451	Serre
16.3304239	38.66373581	-11.0257815	Serre
16.0828925	38.54852908	-3.4623645	Serre
16.28182219	38.58049382	-11.6748054	Serre
16.20228838	38.58371129	-7.7859375	Serre
16.15804617	38.47305806	-9.7562501	Serre
16.23660291	38.48362847	-12.9999939	Serre
16.20249826	38.6503299	-5.4410159	Serre
16.15709358	38.65341478	-3.1769509	Serre
16.15453719	38.49379503	-8.8253901	Serre
16.24546921	38.55578664	-10.8228474	Serre
16.25813369	38.57391988	-10.782804	Serre
16.24510045	38.70697723	-5.4507822	Serre
16.14907066	38.45449394	-10.025	Serre
16.28057656	38.67136604	-8.4031171	Serre
16.20097151	38.46261635	-12.1427727	Serre
16.20661953	38.49036884	-11.3681755	Serre
16.12467628	38.52714489	-6.2001472	Serre
16.20397621	38.58956858	-7.6589844	Serre
16.30102244	38.56878962	-12.9999998	Serre
16.2415933	38.56976292	-10.1447263	Serre
16.24585724	38.72400163	-4.8632813	Serre
16.08149107	38.53514715	-3.8918953	Serre
16.13267606	38.49640585	-7.7101465	Serre
16.28879189	38.66281464	-9.0953135	Serre
16.22350876	38.70461602	-4.519512	Serre
16.11589903	38.57427822	-4.0187505	Serre
16.27790472	38.68033027	-7.95959	Serre
16.13201564	38.6247442	-2.9999998	Serre
16.20587229	38.61566188	-6.8265626	Serre
16.14692083	38.56605333	-5.782031	Serre
16.33721929	38.66382175	-11.3406201	Serre
16.34644334	38.64417713	-12.4904016	Serre
16.22435855	38.68092143	-5.3972559	Serre
16.1688097	38.6434078	-4.086719	Serre
16.29024622	38.5804782	-12.0751941	Serre
16.1386304	38.59369773	-4.4113284	Serre
16.19632456	38.66300459	-4.6999966	Serre
16.15856885	38.51244809	-8.3180908	Serre
16.31923903	38.65359082	-10.8664382	Serre
16.20868632	38.48353269	-11.726614	Serre
16.19016375	38.61286813	-6.179682	Serre
16.18992038	38.47847098	-11.0411135	Serre
16.20497457	38.62363944	-6.5019528	Serre
16.14067676	38.60343519	-4.1642571	Serre
16.26548045	38.71431989	-6.1357419	Serre
16.33197689	38.62772621	-12.3853474	Serre
16.21675516	38.71272358	-3.9125559	Serre
16.15752544	38.54052585	-7.1876464	Serre
16.2383933	38.51337273	-11.9867188	Serre
16.31050061	38.61865105	-11.6869143	Serre
16.17099907	38.55403628	-7.3498052	Serre
16.29316399	38.61543505	-10.9777258	Serre
16.35478619	38.65703281	-12.4111326	Serre
16.22585543	38.50361396	-11.737271	Serre
16.1886458	38.57668632	-7.3867164	Serre
16.23431768	38.56533701	-9.9558596	Serre
16.28560641	38.55493323	-12.7582029	Serre
16.12342492	38.56495725	-4.7055044	Serre
16.19100669	38.54668642	-8.5593743	Serre
16.2354807	38.57272925	-9.7497069	Serre
16.19489363	38.51939445	-9.7116084	Serre
16.24038655	38.53591941	-11.2840823	Serre
16.33769172	38.65687951	-11.6167786	Serre
16.21706924	38.57385614	-8.8359371	Serre
16.28564358	38.56193123	-12.5124905	Serre
16.22778384	38.64802499	-6.7225466	Serre
16.26722961	38.64524651	-8.6929686	Serre
16.21587013	38.53970533	-9.9864148	Serre
16.2348196	38.69188607	-5.506252	Serre
16.24294158	38.66639732	-6.7925721	Serre
16.24982928	38.65428417	-7.5476562	Serre
16.19432157	38.62483957	-5.9539063	Serre
16.09795786	38.55978806	-3.7187498	Serre
16.09405978	38.48386122	-6.3749999	Serre
16.05687055	38.52473124	-3.1300784	Serre
16.23178311	38.50266106	-12.0512114	Serre
16.15162823	38.65108237	-2.9999968	Serre
16.30480817	38.57387103	-12.9999983	Serre
16.18978224	38.51153867	-9.7810681	Serre
16.11398598	38.53818058	-5.285595	Serre
16.18234069	38.61339228	-5.789833	Serre
16.19252054	38.4903408	-10.7234707	Serre
16.12247469	38.57687588	-4.2390623	Serre
16.20086585	38.50385031	-10.5847659	Serre
16.32092497	38.67323633	-10.2335942	Serre
16.15447862	38.47836143	-9.3937461	Serre
16.32425248	38.62879719	-11.9808523	Serre
16.06980786	38.53154286	-3.4808572	Serre
16.28603741	38.68855082	-8.0406227	Serre
16.17826409	38.4388979	-11.9625	Serre
16.2987043	38.578945	-12.5308547	Serre
16.22340994	38.72631973	-3.7281257	Serre
16.043177	38.511	-2.9999998	Serre
16.14969775	38.55119618	-6.4390872	Serre
16.12066517	38.60950129	-3.0000002	Serre
16.33143634	38.60961678	-13.0000002	Serre
16.1597879	38.56119218	-6.5646487	Serre
16.13329971	38.55332305	-5.5854458	Serre
16.11161387	38.56334233	-4.2059338	Serre
16.14408153	38.51370278	-7.6015787	Serre
16.15903949	38.59289042	-5.4085935	Serre
16.19045741	38.69907179	-3.1468665	Serre
16.29147927	38.65835038	-9.38066	Serre
16.10266407	38.56909512	-3.5749954	Serre
16.1609551	38.56633899	-6.4380804	Serre
16.26945401	38.61590659	-9.8357429	Serre
16.2898093	38.66787108	-8.9648277	Serre
16.26591174	38.54922586	-12.0251941	Serre
16.3447489	38.62748733	-13.0000032	Serre
16.19175346	38.67421882	-4.0867141	Serre
16.2420161	38.51763927	-12.0078125	Serre
16.1210097	38.51688664	-6.4087869	Serre
16.09549012	38.52031288	-5.092969	Serre
16.07489268	38.55094507	-3.0000491	Serre
16.25157968	38.67606258	-6.860938	Serre
16.06406331	38.52560666	-3.4328088	Serre
16.12379106	38.55720843	-4.9998079	Serre
16.18409474	38.62920891	-5.3140623	Serre
16.10747504	38.54037677	-4.9029319	Serre
16.24958228	38.7173611	-5.2805667	Serre
16.1417588	38.61977501	-3.6380852	Serre
16.05985993	38.53201144	-2.9999949	Serre
16.25002988	38.68154096	-6.5937349	Serre
16.20137122	38.52845178	-9.6960939	Serre
16.19124178	38.62894818	-5.6625007	Serre
16.23329571	38.7059062	-4.9376067	Serre
16.11590253	38.5579108	-4.6121482	Serre
16.26825117	38.6589276	-8.2578012	Serre
16.23914334	38.59852046	-9.0117192	Serre
16.20419324	38.69634579	-3.8951155	Serre
16.24395452	38.71342821	-5.1611313	Serre
16.25393164	38.51040957	-12.8291018	Serre
16.18285189	38.52682434	-8.8745583	Serre
16.19403099	38.50115219	-10.3761704	Serre
16.32988813	38.67943408	-10.4261724	Serre
16.13452518	38.48766587	-8.1197233	Serre
16.22744043	38.63573741	-7.1406252	Serre
16.18644507	38.49149779	-10.3970483	Serre
16.27499759	38.66610796	-8.3242193	Serre
16.17807184	38.60700925	-5.8128918	Serre
16.14894897	38.55832085	-6.1516724	Serre
16.10391201	38.57858103	-3.2976541	Serre
16.18808684	38.68649379	-3.4789065	Serre
16.36445189	38.65330156	-12.9999998	Serre
16.2544206	38.64840349	-7.9734375	Serre
16.29666441	38.62118477	-10.9406255	Serre
16.27063519	38.52799956	-13.0000002	Serre
16.17493965	38.67434155	-3.284364	Serre
16.26335604	38.68864489	-6.9751536	Serre
16.0863641	38.50722608	-5.1519534	Serre
16.10164555	38.55258699	-4.1652202	Serre
16.23718773	38.70887344	-5.0111426	Serre
16.26327405	38.65101354	-8.3013671	Serre
16.21304191	38.61331001	-7.2500001	Serre
16.21029909	38.56432469	-8.8515624	Serre
16.26209842	38.55413226	-11.6707036	Serre
16.32916066	38.65801187	-11.1762798	Serre
16.21875247	38.59579354	-8.1402225	Serre
16.34701428	38.66858023	-11.6248057	Serre
16.21513072	38.66794513	-5.4179688	Serre
16.21730667	38.5681971	-9.0472587	Serre
16.22642542	38.71890169	-4.1406248	Serre
16.35722976	38.66438815	-12.2562498	Serre
16.14293451	38.63940638	-2.9999958	Serre
16.17612919	38.62701085	-5.0136721	Serre
16.28342469	38.60515492	-10.8789556	Serre
16.19161327	38.52214781	-9.455804	Serre
16.26638757	38.66518924	-7.9480446	Serre
16.19565644	38.63419034	-5.6867126	Serre
16.19557118	38.65454442	-4.9632813	Serre
16.3504675	38.64537978	-12.6356233	Serre
16.25863631	38.64511278	-8.2898437	Serre
16.18892551	38.55239932	-8.2585831	Serre
16.17262344	38.56322207	-7.1021361	Serre
16.11145586	38.56596648	-4.101436	Serre
16.12130113	38.55314411	-5.0429893	Serre
16.27309374	38.59587122	-10.7167837	Serre
16.31682938	38.59474224	-12.8326145	Serre
16.36391922	38.65826602	-12.7933591	Serre
16.20251068	38.64424044	-5.6568364	Serre
16.16987685	38.4644999	-10.624219	Serre
16.2188313	38.52859842	-10.5197236	Serre
16.27621878	38.6997896	-7.1699243	Serre
16.30188539	38.58483948	-12.4734348	Serre
16.1668731	38.56433495	-6.7898368	Serre
16.2510178	38.59387835	-9.7394531	Serre
16.24954928	38.61059033	-9.0788961	Serre
16.26283747	38.70623266	-6.3080077	Serre
16.19518685	38.58274627	-7.4829536	Serre
16.12024611	38.60480246	-3.1461912	Serre
16.24411647	38.52812524	-11.7367163	Serre
16.25744292	38.62510066	-8.9406252	Serre
16.22736266	38.47550716	-12.8906716	Serre
16.21495665	38.59047693	-8.148047	Serre
16.22378367	38.54958206	-10.0128905	Serre
16.20853569	38.46008099	-12.5890618	Serre
16.12623809	38.5963213	-3.7303708	Serre
16.16481433	38.59902574	-5.4658142	Serre
16.23153661	38.66019029	-6.4707031	Serre
16.10210697	38.51754418	-5.5037107	Serre
16.26537091	38.67137244	-7.68125	Serre
16.24435422	38.70151825	-5.6157566	Serre
16.14556742	38.48965177	-8.5607314	Serre
16.14449878	38.50436863	-7.9664074	Serre
16.14341459	38.54943145	-6.2030121	Serre
16.25577408	38.66106645	-7.5900333	Serre
16.23548679	38.54315934	-10.7955083	Serre
16.26586466	38.56869885	-11.3343674	Serre
16.25366159	38.54011091	-11.7660156	Serre
16.21409635	38.69541142	-4.3981431	Serre
16.11948317	38.52972783	-5.8627231	Serre
16.33328002	38.61643045	-12.8465818	Serre
16.1752812	38.54194177	-7.9806709	Serre
16.07964018	38.55225873	-3.1717371	Serre
16.21108021	38.58495791	-8.15918	Serre
16.2380031	38.50814295	-12.1531223	Serre
16.18171568	38.66076715	-4.0857424	Serre
16.30252681	38.61746466	-11.3503906	Serre
16.33864104	38.61928733	-12.99999	Serre
16.2073148	38.54881619	-9.2582021	Serre
16.15761419	38.60822435	-4.798925	Serre
16.17216728	38.67866493	-2.999991	Serre
16.15027548	38.58964249	-5.1074219	Serre
16.11870353	38.49097855	-7.2599615	Serre
16.18666431	38.51923593	-9.341392	Serre
16.28834004	38.67383301	-8.6844382	Serre
16.1417781	38.50905022	-7.6664067	Serre
16.31974044	38.66778274	-10.3777129	Serre
16.12758558	38.52092874	-6.5656897	Serre
16.19144651	38.43185288	-12.8374998	Serre
16.21374465	38.63512818	-6.5121097	Serre
16.13648852	38.46715752	-8.9701175	Serre
16.22151174	38.49172239	-11.9972659	Serre
16.32139284	38.65921019	-10.7692148	Serre
16.21008902	38.57178737	-8.577727	Serre
16.18123441	38.59384594	-6.4283208	Serre
16.25935126	38.55927129	-11.3585938	Serre
16.1544092	38.62968299	-3.8882722	Serre
16.10503721	38.58453499	-3.1406252	Serre
16.1670797	38.44843295	-11.0884768	Serre
16.33663565	38.63741146	-12.2640647	Serre
16.21597668	38.55459586	-9.4650392	Serre
16.26392657	38.60973959	-9.7914063	Serre
16.30147801	38.58961255	-12.2853523	Serre
16.07585202	38.52569252	-3.9789021	Serre
16.28250291	38.66418384	-8.7484375	Serre
16.26938335	38.53072106	-12.8443362	Serre
16.24949516	38.64264049	-7.9433497	Serre
16.26143169	38.61519654	-9.4800781	Serre
16.31625032	38.68546826	-9.5671874	Serre
16.19562211	38.45215058	-12.2808596	Serre
16.05564862	38.52670825	-3.0000002	Serre
16.17539029	38.50192283	-9.4942294	Serre
16.21577094	38.64247973	-6.3484376	Serre
16.20796695	38.63258557	-6.3277288	Serre
16.28165819	38.69913395	-7.4484374	Serre
16.29227288	38.62565326	-10.574219	Serre
16.33119692	38.6693352	-10.857031	Serre
16.09766959	38.53618655	-4.6072336	Serre
16.23645108	38.60719268	-8.5773444	Serre
16.23816152	38.58333476	-9.5019424	Serre
16.20802293	38.57925086	-8.21582	Serre
16.16031958	38.6257283	-4.3085793	Serre
16.16725522	38.45345165	-10.9109375	Serre
16.27943233	38.55505246	-12.4609382	Serre
16.27426699	38.6379209	-9.2859373	Serre
16.24238241	38.49547124	-12.8092458	Serre
16.05792522	38.50313635	-3.9781248	Serre
16.2344094	38.62767882	-7.75625	Serre
16.31288513	38.62627691	-11.5304692	Serre
16.20301534	38.70922225	-3.3841697	Serre
16.3403241	38.67247665	-11.1691406	Serre
16.25690342	38.71757688	-5.6152344	Serre
16.30274943	38.66207727	-9.783783	Serre
16.17008401	38.63506465	-4.4420903	Serre
16.09864901	38.50237337	-5.9039063	Serre
16.23760113	38.72560217	-4.4184087	Serre
16.24643392	38.51087758	-12.4566409	Serre
16.21057761	38.64867938	-5.8828125	Serre
16.16744079	38.48445967	-9.7720717	Serre
16.21048344	38.45142934	-12.9999875	Serre
16.21525913	38.46270924	-12.8050779	Serre
16.12141048	38.53253524	-5.8429458	Serre
16.20869508	38.72334367	-3.1484397	Serre
16.14183163	38.51939668	-7.2846824	Serre
16.21651578	38.57893604	-8.6300784	Serre
16.29736399	38.69697076	-8.2624999	Serre
16.25761466	38.61083391	-9.4531252	Serre
16.2603355	38.58663255	-10.4378904	Serre
16.11660108	38.5635037	-4.4325569	Serre
16.20864548	38.50084745	-11.0565444	Serre
16.15169696	38.48624885	-8.9722523	Serre
16.15334152	38.63734024	-3.5669919	Serre
16.11168552	38.51898842	-5.8965828	Serre
16.33285105	38.6534556	-11.5157825	Serre
16.32092859	38.62109852	-12.0953086	Serre
16.14634603	38.5458039	-6.4718756	Serre
16.12974402	38.51435614	-6.9093723	Serre
16.22040355	38.70917859	-4.2110017	Serre
16.15444116	38.57964907	-5.6583984	Serre
16.26116202	38.60150262	-9.9513579	Serre
16.17396759	38.47851821	-10.2960439	Serre
16.3102535	38.68970192	-9.1316405	Serre
16.18237509	38.54542823	-8.1941409	Serre
16.18144988	38.57833665	-6.986816	Serre
16.21958192	38.72099634	-3.7437312	Serre
16.17429805	38.53434929	-8.2021828	Serre
16.30252945	38.64366554	-10.4242175	Serre
16.33632942	38.62122209	-12.8218694	Serre
16.13614649	38.54988705	-5.8473799	Serre
16.12238547	38.47243761	-8.1175784	Serre
16.11754545	38.54458921	-5.2011721	Serre
16.25016967	38.69179757	-6.2379967	Serre
16.23436644	38.71848815	-4.5273442	Serre
16.21528999	38.51087779	-10.9779558	Serre
16.10310713	38.58592153	-2.9999998	Serre
16.10784654	38.53568443	-5.1003208	Serre
16.23082404	38.64263402	-7.057422	Serre
16.25877609	38.52951169	-12.3835935	Serre
16.1528092	38.51485073	-7.9617096	Serre
16.18015935	38.47099908	-10.8627856	Serre
16.15505329	38.55674111	-6.4972638	Serre
16.08727633	38.48748061	-5.9249998	Serre
16.19193921	38.59137922	-7.0236299	Serre
16.08966423	38.48958027	-5.9585938	Serre
16.19292994	38.46940633	-11.5167964	Serre
16.13588482	38.46153568	-9.1499999	Serre
16.18966686	38.65211967	-4.7687505	Serre
16.18522912	38.44506627	-12.0587891	Serre
16.25706945	38.56620588	-11.0050784	Serre
16.26747577	38.60414015	-10.157811	Serre
16.06374743	38.50304961	-4.2526365	Serre
16.28377706	38.59889775	-11.116895	Serre
16.19053263	38.56913194	-7.74336	Serre
16.14351178	38.55956408	-5.8496094	Serre
16.23653457	38.69765034	-5.383842	Serre
16.29282682	38.6915218	-8.2496096	Serre
16.18048312	38.45218414	-11.5742188	Serre
16.26999938	38.6870973	-7.3436077	Serre
16.32679256	38.60958095	-12.7808601	Serre
16.23204439	38.50831833	-11.8640879	Serre
16.23007944	38.673396	-5.9347578	Serre
16.16417994	38.64565653	-3.7874998	Serre
16.30019605	38.65317984	-9.977147	Serre
16.27594276	38.58483935	-11.2420906	Serre
16.21414161	38.68121099	-4.9021453	Serre
16.10765036	38.53023636	-5.2923352	Serre
16.17380901	38.52430793	-8.5576318	Serre
16.20460642	38.48116181	-11.6257676	Serre
16.08251846	38.52675066	-4.2503892	Serre
16.28044135	38.54717214	-12.7875002	Serre
16.27511925	38.5340181	-12.9999963	Serre
16.13127746	38.57310963	-4.7900396	Serre
16.23741272	38.49895248	-12.4498123	Serre
16.17616111	38.5837574	-6.5441399	Serre
16.05451623	38.50975028	-3.5746091	Serre
16.20380237	38.5608064	-8.6675781	Serre
16.29053243	38.63107339	-10.3	Serre
16.14491579	38.52702435	-7.1309226	Serre
16.11420418	38.53034402	-5.5937185	Serre
16.12976317	38.52549238	-6.497098	Serre
16.18880521	38.44099295	-12.3761726	Serre
16.14912658	38.50886522	-8.0156113	Serre
16.10211601	38.48379828	-6.7527344	Serre
16.12944246	38.53889208	-5.9652344	Serre
16.15322157	38.51143461	-8.1114881	Serre
16.24574262	38.54111855	-11.3544917	Serre
16.2907981	38.59458186	-11.6027346	Serre
16.22489392	38.53506325	-10.5789001	Serre
16.18836058	38.6573671	-4.5212898	Serre
16.22850182	38.71326555	-4.4440173	Serre
16.11591564	38.47219691	-7.8249999	Serre
16.30441661	38.62410109	-11.2054685	Serre
16.29644115	38.64106029	-10.2273403	Serre
16.18266528	38.64918243	-4.5402319	Serre
16.17657956	38.68459112	-2.9999998	Serre
16.11482379	38.60165651	-3.0000002	Serre
16.26425996	38.59457466	-10.3433582	Serre
16.18861024	38.45458978	-11.8638682	Serre
16.23851741	38.67096104	-6.4212811	Serre
16.28847005	38.55193944	-12.9999983	Serre
16.29186453	38.60356253	-11.3358403	Serre
16.36803035	38.65787615	-12.9999998	Serre
16.16150829	38.63907373	-3.8933591	Serre
16.16321208	38.50417904	-8.8453265	Serre
16.34282593	38.64757179	-12.1980383	Serre
16.20356354	38.5967405	-7.3858384	Serre
16.21197761	38.6624229	-5.4634702	Serre
16.26722894	38.63419503	-9.0835945	Serre
16.15931317	38.63310822	-4.0000002	Serre
16.10319529	38.53797765	-4.7987322	Serre
16.17267645	38.47004017	-10.5496003	Serre
16.0815821	38.52050815	-4.4376873	Serre
16.32273823	38.59793973	-12.9999958	Serre
16.11569831	38.52418133	-5.8914023	Serre
16.16603452	38.47492188	-10.0594622	Serre
16.13963821	38.49396164	-8.1249955	Serre
16.1822512	38.51497553	-9.303907	Serre
16.25032765	38.54554432	-11.4156182	Serre
16.27998911	38.68729573	-7.803502	Serre
16.19057989	38.70339284	-2.9999993	Serre
16.27203492	38.57878393	-11.2707029	Serre
16.2319675	38.55154543	-10.3319341	Serre
16.26376008	38.69145858	-6.8919272	Serre
16.25504084	38.51660913	-12.6624919	Serre
16.25777083	38.65657027	-7.8437503	Serre
16.28189671	38.59254719	-11.2521384	Serre
16.19885183	38.45710262	-12.2480403	Serre
16.19443236	38.48431751	-11.0349543	Serre
16.28273314	38.63948196	-9.632569	Serre
16.20085888	38.62960019	-6.0958966	Serre
16.21909664	38.47664392	-12.4683005	Serre
16.13473539	38.57857575	-4.7609299	Serre
16.27191444	38.67259933	-7.9484376	Serre
16.07700002	38.55356464	-3.0001287	Serre
16.17436771	38.59963216	-5.8978508	Serre
16.20143107	38.57208513	-8.1562421	Serre
16.05331505	38.51954609	-3.1562498	Serre
16.2430624	38.63534617	-7.8958964	Serre
16.23379401	38.6656085	-6.3863284	Serre
16.18995274	38.48798199	-10.6906228	Serre
16.24460141	38.64804352	-7.5201172	Serre
16.09659619	38.56842074	-3.3234392	Serre
16.31762469	38.59107614	-12.9999993	Serre
16.193176	38.53038056	-9.2388651	Serre
16.24296262	38.56190651	-10.4874998	Serre
16.1546122	38.54880063	-6.7570419	Serre
16.06336941	38.53239023	-3.1494978	Serre
16.19309769	38.55722828	-8.2859375	Serre
16.09182428	38.50454761	-5.5054685	Serre
16.32676286	38.63673683	-11.8193381	Serre
16.15439829	38.56360728	-6.2234377	Serre
16.21436525	38.50621395	-11.1111372	Serre
16.05231823	38.50612619	-3.6062498	Serre
16.15655786	38.45049479	-10.5218752	Serre
16.31397878	38.67244524	-9.9375029	Serre
16.1869584	38.48256581	-10.7515635	Serre
16.10734226	38.57291541	-3.6607683	Serre
16.14863695	38.63193361	-3.5347546	Serre
16.24632664	38.55027031	-11.0585881	Serre
16.15700878	38.52548141	-7.7437502	Serre
16.22634683	38.62075867	-7.6181574	Serre
16.30535374	38.64995774	-10.3358354	Serre
16.2191752	38.6251081	-7.1240161	Serre
16.20814819	38.51307069	-10.5621919	Serre
16.22832407	38.58897672	-8.8355356	Serre
16.1937648	38.5358143	-9.0747063	Serre
16.06452143	38.49961865	-4.415625	Serre
16.28561126	38.62610153	-10.242188	Serre
16.09942141	38.52473614	-5.1125015	Serre
16.24398888	38.67670043	-6.478124	Serre
16.17870044	38.530162	-8.559264	Serre
16.0916598	38.56238439	-3.3304714	Serre
16.20528012	38.71909826	-3.1431731	Serre
16.10620391	38.52309972	-5.4890623	Serre
16.16159972	38.61384965	-4.7892573	Serre
16.24892508	38.56604428	-10.6242195	Serre
16.10047664	38.54561624	-4.3807322	Serre
16.08790879	38.54607326	-3.7870608	Serre
16.25681274	38.59147128	-10.0996096	Serre
16.20934696	38.47948035	-11.9093159	Serre
16.13685987	38.52964415	-6.6612972	Serre
16.23392142	38.6150885	-8.1781186	Serre
16.21247643	38.67344371	-5.0976563	Serre
16.13662139	38.61358285	-3.6130793	Serre
16.18244005	38.59942643	-6.2882813	Serre
16.22111733	38.60768804	-7.8320314	Serre
16.23634805	38.53020157	-11.2945286	Serre
16.24915493	38.57474856	-10.3273325	Serre
16.22937359	38.70161663	-4.904	Serre
16.13227633	38.59911171	-3.9183591	Serre
16.1950761	38.60106039	-6.8302723	Serre
16.2910245	38.60887311	-11.1082031	Serre
16.2779292	38.64953335	-9.0492134	Serre
16.19965422	38.54781127	-8.9300691	Serre
16.17759748	38.51759238	-8.9900452	Serre
16.24285483	38.59432151	-9.3363284	Serre
16.25585751	38.63779245	-8.4166879	Serre
16.24424839	38.69614275	-5.8034985	Serre
16.26763015	38.6827725	-7.3856816	Serre
16.19676067	38.52064658	-9.7529897	Serre
16.25351968	38.55511035	-11.2289028	Serre
16.12821621	38.5314532	-6.196098	Serre
16.16704919	38.5742299	-6.4484376	Serre
16.21504474	38.45717242	-12.9999998	Serre
16.29436118	38.68581952	-8.5300801	Serre
16.28054078	38.62133763	-10.1699141	Serre
16.14848453	38.59608074	-4.7948169	Serre
16.26376026	38.51877039	-12.9999949	Serre
16.14116679	38.46193792	-9.3812501	Serre
16.30866201	38.63165606	-11.1398401	Serre
16.08466094	38.56265076	-3.0000002	Serre
16.18423162	38.55734493	-7.860933	Serre
16.1758244	38.65402137	-4.0445308	Serre
16.1161594	38.48474526	-7.3720703	Serre
16.27031649	38.62927908	-9.4038995	Serre
16.13762454	38.63227595	-2.9999983	Serre
16.22750969	38.62681267	-7.4593749	Serre
16.13762267	38.47810749	-8.6177736	Serre
16.13897224	38.62605688	-3.2837893	Serre
16.22540727	38.59568469	-8.4599552	Serre
16.22735558	38.51691496	-11.3374985	Serre
16.21865209	38.65770871	-5.9468687	Serre
16.18841765	38.59708756	-6.6546877	Serre
16.25203809	38.71265773	-5.5675784	Serre
16.21897937	38.4621262	-12.9999998	Serre
16.19583843	38.52503374	-9.5543196	Serre
16.34570129	38.66119186	-11.8337905	Serre
16.215702	38.73064831	-3.2090764	Serre
16.22730368	38.47260195	-12.9999998	Serre
16.20477613	38.51638287	-10.2842231	Serre
16.21388745	38.48002014	-12.1001345	Serre
16.35025967	38.6348846	-12.9999895	Serre
16.21757702	38.70214428	-4.325385	Serre
16.1536998	38.46209687	-9.9593751	Serre
16.16445939	38.50629074	-8.8251106	Serre
16.17691691	38.49279932	-9.904989	Serre
16.31053362	38.63760487	-11.0183513	Serre
16.09437365	38.54286842	-4.2067585	Serre
16.08774564	38.5325844	-4.2781245	Serre
16.34175363	38.62765371	-12.8519553	Serre
16.25632959	38.54790095	-11.6171812	Serre
16.16042158	38.51837569	-8.1740325	Serre
16.31919493	38.60873933	-12.4499998	Serre
16.29127151	38.65174492	-9.6042969	Serre
16.29968381	38.62915265	-10.8022461	Serre
16.22065701	38.73703062	-3.2074216	Serre
16.24891107	38.50421703	-12.8097644	Serre
16.24564668	38.49825482	-12.8656208	Serre
16.24212485	38.49017486	-12.9999993	Serre
16.25810307	38.68832075	-6.7374723	Serre
16.21821355	38.51652578	-10.9173	Serre
16.21357076	38.61948435	-7.0568359	Serre
16.17138875	38.49850327	-9.4363612	Serre
16.30106939	38.60329387	-11.7822253	Serre
16.24413983	38.65780645	-7.1531252	Serre
16.15846039	38.45263735	-10.5312502	Serre
16.0903154	38.55422254	-3.5837878	Serre
16.22158219	38.58918475	-8.5082028	Serre
16.10813085	38.56618119	-3.9374941	Serre
16.33456632	38.67442212	-10.8285159	Serre
16.19257052	38.5059101	-10.1257771	Serre
16.17045173	38.52833016	-8.2488195	Serre
16.18865587	38.52646838	-9.162205	Serre
16.16788685	38.67291714	-2.9999998	Serre
16.31306781	38.64717341	-10.8003914	Serre
16.17852438	38.68267653	-3.1599602	Serre
16.25699598	38.69359878	-6.497302	Serre
16.07234231	38.49544733	-4.934375	Serre
16.19955152	38.49723986	-10.7796848	Serre
16.25607885	38.59787745	-9.8382819	Serre
16.32758525	38.60444691	-13.0000002	Serre
16.2834133	38.65447671	-9.1347634	Serre
16.1976672	38.69937011	-3.4785139	Serre
16.16125998	38.4887586	-9.3249998	Serre
16.21166841	38.70773308	-3.8474495	Serre
16.20581445	38.50870527	-10.6238484	Serre
16.16194513	38.47877951	-9.726161	Serre
16.1932596	38.49409171	-10.6132878	Serre
16.20325365	38.72041032	-3.0005154	Serre
16.21996402	38.50601171	-11.3748279	Serre
16.2072083	38.55545745	-9.0183602	Serre
16.1786753	38.58882348	-6.484371	Serre
16.26058436	38.69727131	-6.5304734	Serre
16.23006813	38.48152424	-12.7822229	Serre
16.19997759	38.54253368	-9.1320269	Serre
16.22132208	38.50780822	-11.3729722	Serre
16.12489994	38.55955375	-4.9662244	Serre
16.2834882	38.5452527	-12.9999998	Serre
16.20209131	38.52178138	-9.9661218	Serre
16.21331897	38.4679609	-12.5203123	Serre
16.08500027	38.54246182	-3.7847556	Serre
16.25500711	38.70158265	-6.1116685	Serre
16.12568323	38.60399487	-3.4328123	Serre
16.34422455	38.65324363	-12.0555332	Serre
16.11789786	38.59110736	-3.5187395	Serre
16.27207677	38.53574448	-12.7945266	Serre
16.09426961	38.57406762	-2.9996555	Serre
16.35199809	38.64107235	-12.8639446	Serre
16.1534823	38.45523586	-10.2031248	Serre
16.27204877	38.58871264	-10.9203125	Serre
16.23863038	38.52395822	-11.623626	Serre
16.17016963	38.62709753	-4.7277344	Serre
16.15594401	38.46761961	-9.8595704	Serre
16.09691424	38.57215961	-3.1937595	Serre
16.11779968	38.50294609	-6.7749879	Serre
16.14408573	38.63556425	-3.1904177	Serre
16.1433734	38.54298804	-6.4445287	Serre
16.20155428	38.56650274	-8.3594721	Serre
16.13203751	38.54443001	-5.8703159	Serre
16.25289865	38.50419044	-13.0000002	Serre
16.21642791	38.54741795	-9.7402345	Serre
16.07395852	38.51818231	-4.1685537	Serre
16.18567916	38.69256711	-3.1500002	Serre
16.24012182	38.71752925	-4.8317361	Serre
16.17513606	38.66579681	-3.5957029	Serre
16.2718664	38.60101868	-10.476554	Serre
16.16578414	38.65089382	-3.678509	Serre
16.06921648	38.52277348	-3.7777263	Serre
16.30360521	38.63888845	-10.6441348	Serre
16.2491904	38.6241315	-8.5832031	Serre
16.09620311	38.57664926	-3.0000261	Serre
16.14194466	38.48315326	-8.6324219	Serre
16.32278566	38.68125082	-10.0273433	Serre
16.18684651	38.52339754	-9.1887596	Serre
16.11076848	38.58764506	-3.3027327	Serre
16.30807729	38.60501134	-12.0540964	Serre
16.27406532	38.55094146	-12.3515632	Serre
16.19271081	38.68195431	-3.8587888	Serre
16.14304298	38.45771315	-9.6249999	Serre
16.12500424	38.4902295	-7.5812499	Serre
16.05115905	38.52105417	-2.9999998	Serre
16.19713965	38.58847775	-7.3730469	Serre
16.28678309	38.61296808	-10.7621094	Serre
16.22542758	38.57460934	-9.2060551	Serre
16.04910984	38.51290184	-3.2061033	Serre
16.27591148	38.6082261	-10.4137703	Serre
16.15886454	38.53812776	-7.3403366	Serre
16.22459845	38.69550513	-4.8932712	Serre
16.18062424	38.50799415	-9.4988271	Serre
16.33630093	38.63201226	-12.4390627	Serre
16.17437232	38.4858616	-10.0431628	Serre
16.13877008	38.56702073	-5.3609377	Serre
16.27946981	38.5398584	-12.9999983	Serre
16.30697086	38.58155758	-12.8308469	Serre
16.2822364	38.57263692	-11.9722659	Serre
16.12351986	38.58834078	-3.883386	Serre
16.21686513	38.56170475	-9.2558582	Serre
16.23908773	38.68046949	-6.112303	Serre
16.23042723	38.47630645	-13.0000515	Serre
16.19775808	38.4408766	-12.797656	Serre
16.17822121	38.62092312	-5.3281123	Serre
16.17373697	38.50770095	-9.1949666	Serre
16.20648766	38.46950353	-12.1449216	Serre
16.17336469	38.45815692	-11.0214841	Serre
16.20778358	38.54311436	-9.4820225	Serre
16.13250692	38.50905191	-7.234375	Serre
16.16580724	38.45892759	-10.6408201	Serre
16.23838602	38.70166948	-5.3300857	Serre
16.16427016	38.66806026	-2.9999998	Serre
16.10428507	38.56411185	-3.841407	Serre
16.32306037	38.6143374	-12.4355466	Serre
16.16335394	38.52323505	-8.1207021	Serre
16.14113864	38.57619542	-5.1490117	Serre
16.13653582	38.51665271	-7.1407793	Serre
16.12782362	38.556181	-5.2246206	Serre
16.29673886	38.56303928	-12.9999998	Serre
16.16919557	38.50326321	-9.1581143	Serre
16.30308099	38.66771587	-9.600251	Serre
16.2126555	38.47462967	-12.2425813	Serre
16.27307314	38.5735845	-11.5038064	Serre
16.32898909	38.62019644	-12.50976	Serre
16.13484433	38.50422792	-7.5217772	Serre
16.21118522	38.70056301	-4.0779297	Serre
16.15040698	38.49987923	-8.4078143	Serre
16.2042845	38.44362599	-13.0000002	Serre
16.24771712	38.49723434	-12.9999993	Serre
16.11456173	38.50975758	-6.372115	Serre
16.22236041	38.6020197	-8.091407	Serre
16.27215482	38.70871561	-6.653125	Serre
16.18676447	38.4657226	-11.365811	Serre
16.26317379	38.57739707	-10.8991194	Serre
16.29667888	38.64624172	-10.0554673	Serre
16.28102765	38.70531938	-7.192578	Serre
16.22465873	38.66044803	-6.1351559	Serre
16.15813473	38.48351397	-9.373436	Serre
16.24168514	38.62445264	-8.2156251	Serre
16.20999753	38.51446734	-10.5999304	Serre
16.15280717	38.54279372	-6.8838859	Serre
16.15228307	38.62289436	-4.0273433	Serre
16.2684076	38.58378042	-10.9218752	Serre
16.3004315	38.63465031	-10.6433591	Serre
16.14695749	38.51666171	-7.6244849	Serre
16.21457165	38.49085349	-11.7132805	Serre
16.10734604	38.50001118	-6.3965299	Serre
16.09162986	38.53840488	-4.2437476	Serre
16.30987982	38.66444013	-10.0385822	Serre
16.13862971	38.58467303	-4.7302712	Serre
16.2001225	38.46962228	-11.8439453	Serre
16.21368957	38.62768259	-6.7726451	Serre
16.06445308	38.53779703	-2.9999998	Serre
16.22150866	38.73087061	-3.472656	Serre
16.1605521	38.57184801	-6.2242179	Serre
16.19116157	38.43549463	-12.6894529	Serre
16.23088914	38.72315862	-4.1937502	Serre
16.12086187	38.56026625	-4.7492407	Serre
16.16918449	38.54627711	-7.5379958	Serre
16.22604168	38.55944344	-9.7713781	Serre
16.26582192	38.58939638	-10.6005862	Serre
16.21521452	38.48418452	-11.9999878	Serre
16.20943111	38.53040677	-10.0095688	Serre
16.10026857	38.54097316	-4.5504661	Serre
16.28202009	38.56696589	-12.1625007	Serre
16.29107927	38.57365911	-12.3558596	Serre
16.30290591	38.69150425	-8.7218748	Serre
16.17706255	38.4994378	-9.6659852	Serre
16.13196876	38.61866868	-3.2124988	Serre
16.20917893	38.45473179	-12.8169817	Serre
16.16244743	38.57848221	-6.0796875	Serre
16.16368119	38.53680533	-7.6123079	Serre
16.2196121	38.6505599	-6.2451135	Serre
16.32461343	38.64604939	-11.3880784	Serre
16.12466198	38.48486892	-7.7636722	Serre
16.28874296	38.63755458	-9.9859381	Serre
16.19443392	38.7046615	-3.1380857	Serre
16.29523997	38.63612794	-10.3447268	Serre
16.11321294	38.49513334	-6.8503911	Serre
16.08704614	38.51257159	-4.9859341	Serre
16.07904191	38.50821437	-4.7742192	Serre
16.22895781	38.56883604	-9.5777347	Serre
16.15680512	38.58749249	-5.4933594	Serre
16.18624172	38.58168999	-7.0957018	Serre
16.28499053	38.58813539	-11.5549712	Serre
16.33991302	38.64383223	-12.1925525	Serre
16.22233969	38.63061214	-7.0796878	Serre
16.17438622	38.44459176	-11.5710935	Serre
16.17787823	38.52855886	-8.5795188	Serre
16.21889793	38.68967054	-4.8289014	Serre
16.29553677	38.6700579	-9.1594474	Serre
16.30818506	38.6424852	-10.734375	Serre
16.11022277	38.57822607	-3.6097659	Serre
16.31231897	38.65765984	-10.3942041	Serre
16.20224167	38.53364191	-9.5539066	Serre
16.29296643	38.58904043	-11.9015581	Serre
16.19380572	38.60918296	-6.4828076	Serre
16.23252193	38.63320321	-7.4713871	Serre
16.27398104	38.64326084	-9.0835944	Serre
16.18372851	38.54011905	-8.4460952	Serre
16.0987686	38.57378741	-3.2226453	Serre
16.18140558	38.53425984	-8.5429755	Serre
16.0798031	38.49723178	-5.2160154	Serre
16.21259852	38.68830658	-4.5781194	Serre
16.20232267	38.48638536	-11.3256279	Serre
16.31641242	38.6797412	-9.7843745	Serre
16.20380824	38.71499028	-3.2179832	Serre
16.32660566	38.65469266	-11.1770762	Serre
16.19376041	38.64689614	-5.1476563	Serre
16.22392436	38.46835079	-12.9999475	Serre
16.24173568	38.61759161	-8.4605461	Serre
16.2747006	38.68306559	-7.7107724	Serre
16.16890835	38.53426561	-7.9495294	Serre
16.23096121	38.68725192	-5.4869138	Serre
16.09094233	38.5701	-2.9999714	Serre
16.23665074	38.49659891	-12.5012644	Serre
16.22114098	38.47969064	-12.4445056	Serre
16.07232373	38.50020719	-4.7574224	Serre
16.23201142	38.49695255	-12.2757756	Serre
16.08601427	38.55072608	-3.521907	Serre
16.18231093	38.44016212	-12.1042966	Serre
16.18095875	38.6904725	-2.9999998	Serre
16.23553632	38.64818194	-7.0849545	Serre
16.12058414	38.47934862	-7.7779297	Serre
16.18742528	38.63810253	-5.1577507	Serre
16.16376574	38.55633751	-6.9250981	Serre
16.25987792	38.53515532	-12.2363279	Serre
16.11404851	38.47762118	-7.5373045	Serre
16.2080766	38.67990293	-4.6605479	Serre
16.14338183	38.58934762	-4.790625	Serre
16.34533409	38.64046417	-12.5689221	Serre
16.06980155	38.51361789	-4.1437502	Serre
16.22725698	38.50573311	-11.7279329	Serre
16.09767555	38.48924147	-6.3444338	Serre
16.12783151	38.46583566	-8.6156249	Serre
16.27715332	38.63322126	-9.5890625	Serre
16.30917407	38.67825651	-9.5000006	Serre
16.13109304	38.5882389	-4.2464773	Serre
16.29256426	38.67441396	-8.8635132	Serre
16.21441391	38.50947515	-10.9874736	Serre
16.19820306	38.48718099	-11.1048882	Serre
16.18008695	38.52443682	-8.8398644	Serre
16.15274103	38.61619914	-4.2857437	Serre
16.17352943	38.53130083	-8.2749999	Serre
16.2444572	38.63011939	-8.1468748	Serre
16.12972553	38.56515773	-4.9974648	Serre
16.22666171	38.54413793	-10.3419932	Serre
16.22868239	38.53113993	-10.8974541	Serre
16.05844821	38.5060549	-3.894531	Serre
16.23604641	38.55745998	-10.3163982	Serre
16.16440496	38.46868283	-10.2144524	Serre
16.1263076	38.61707818	-2.9999895	Serre
16.28808856	38.56848422	-12.3968757	Serre
16.24014422	38.4932858	-12.7890071	Serre
16.25814705	38.51123524	-12.9999973	Serre
16.19744833	38.55380498	-8.6134708	Serre
16.27332994	38.56604893	-11.7824077	Serre
16.16376221	38.44664625	-10.9999998	Serre
16.20799523	38.46460424	-12.3964841	Serre
16.23644434	38.48682158	-12.86953	Serre
16.21265356	38.60135074	-7.6542909	Serre
16.14801889	38.54664101	-6.5201373	Serre
16.12162467	38.54093116	-5.5288982	Serre
16.23179533	38.68136989	-5.7343728	Serre
16.18185822	38.49622173	-10.0089315	Serre
16.25568575	38.52476636	-12.4046877	Serre
16.13723592	38.52471373	-6.868788	Serre
16.14221744	38.55365971	-5.9968683	Serre
16.19782275	38.51267381	-10.1050491	Serre
16.19899842	38.63851773	-5.692376	Serre
16.27043271	38.62274468	-9.640424	Serre
16.16477039	38.49925607	-9.1000925	Serre
16.17867531	38.46302733	-11.0886719	Serre
16.17393242	38.59138364	-6.168745	Serre
16.1348384	38.52150534	-6.8823914	Serre
16.22129961	38.71217077	-4.1470283	Serre
16.18612659	38.43469617	-12.4843748	Serre
16.21810411	38.49950863	-11.5409058	Serre
16.35812852	38.65024644	-12.8159075	Serre
16.32677179	38.67305919	-10.513676	Serre
16.23356601	38.59286594	-8.9468759	Serre
16.31885003	38.60309143	-12.6332913	Serre
16.25594349	38.58177981	-10.4009775	Serre
16.20294419	38.51466337	-10.2621909	Serre
16.22023316	38.46870169	-12.8150125	Serre
16.25083576	38.70506669	-5.7890535	Serre
16.06071731	38.51706961	-3.5927737	Serre
16.1958195	38.56169794	-8.2571289	Serre
16.18916985	38.561037	-7.9648439	Serre
16.2082425	38.64207647	-6.0053716	Serre
16.1801049	38.55177136	-7.8621081	Serre
16.16743134	38.49184228	-9.4984349	Serre
16.19900694	38.62164924	-6.2890625	Serre
16.14296083	38.49912779	-8.0886714	Serre
16.25968055	38.5430037	-11.9494087	Serre
16.36018552	38.64784694	-12.9999949	Serre
16.29563197	38.6788084	-8.8460776	Serre
16.14358757	38.47321496	-9.0767579	Serre
16.20762895	38.5376593	-9.667577	Serre
16.24010134	38.55041996	-10.7578115	Serre
16.28865024	38.68077396	-8.4474633	Serre
16.28484604	38.64761495	-9.4453026	Serre
16.16922589	38.58281593	-6.2482415	Serre
16.08386559	38.49256074	-5.5781252	Serre
16.10152038	38.53145442	-4.9616934	Serre
16.3179799	38.6370664	-11.3908179	Serre
16.33495563	38.61434074	-12.9999998	Serre
16.29909552	38.6718272	-9.2639292	Serre
16.14854126	38.51378821	-7.8066394	Serre
16.09211686	38.54862768	-3.8820994	Serre
16.28112419	38.68269443	-8.0250091	Serre
16.1229997	38.5253094	-6.1898466	Serre
16.2121597	38.65410769	-5.7660127	Serre
16.20571164	38.68632587	-4.3212813	Serre
16.14585743	38.47844259	-8.9890629	Serre
16.2609549	38.68181012	-7.1027482	Serre
16.23830178	38.65946335	-6.8174805	Serre
16.31621889	38.66198583	-10.4253079	Serre
16.22024417	38.71530995	-3.9829265	Serre
16.18191194	38.48422893	-10.4548833	Serre
16.23078025	38.52378787	-11.2570291	Serre
16.30733106	38.66968722	-9.7273638	Serre
16.07157328	38.50624656	-4.4990237	Serre
16.16882929	38.65584562	-3.6480466	Serre
16.08005022	38.55718179	-2.9999949	Serre
16.18436687	38.66772559	-3.9656213	Serre
16.24764029	38.5991995	-9.3910156	Serre
16.18018448	38.56972339	-7.2312507	Serre
16.14866187	38.45815965	-9.8703124	Serre
16.1496739	38.58475961	-5.2514656	Serre
16.19844679	38.49111062	-10.9656465	Serre
16.12166174	38.46912953	-8.20625	Serre
16.23829253	38.64211923	-7.430069	Serre
16.15385046	38.57001493	-5.9708879	Serre
16.16216628	38.53929615	-7.4514341	Serre
16.15800922	38.64521711	-3.5101565	Serre
16.14051273	38.54730875	-6.1466241	Serre
16.21877201	38.67643752	-5.2906245	Serre
16.21233453	38.71658671	-3.5659197	Serre
16.20451921	38.67454016	-4.6812505	Serre
16.29292042	38.55791271	-12.9999978	Serre
16.16680187	38.66289821	-3.3025886	Serre
16.30878007	38.59118453	-12.5763665	Serre
16.27876938	38.61549058	-10.2925784	Serre
16.27481263	38.68936547	-7.4855311	Serre
16.29994847	38.57235779	-12.8228508	Serre
16.08469248	38.55892044	-3.1452585	Serre
16.14750191	38.62645349	-3.6746096	Serre
16.22896967	38.60428615	-8.3249999	Serre
16.19197948	38.61823545	-6.0761721	Serre
16.28820645	38.69860182	-7.7743162	Serre
16.2558721	38.66688113	-7.3891534	Serre
16.12198081	38.49683598	-7.1958942	Serre
16.16488497	38.6062985	-5.2121096	Serre
16.33143047	38.65018023	-11.5657996	Serre
16.30956721	38.59929492	-12.3269529	Serre
16.23306234	38.49951472	-12.2250588	Serre
16.20325509	38.65754577	-5.2218718	Serre
16.20539702	38.66607514	-5.0220603	Serre
16.22348823	38.61423873	-7.7129881	Serre
16.27580212	38.5402594	-12.8117175	Serre
16.16193576	38.54875618	-7.1062491	Serre
16.26705014	38.56072952	-11.6724614	Serre
16.22128645	38.67178753	-5.5743169	Serre
16.1651587	38.50896213	-8.7539029	Serre
16.19389455	38.4305444	-12.9999998	Serre
16.24170165	38.68861608	-5.9484395	Serre
16.17447048	38.64768218	-4.2042896	Serre
16.19976174	38.51779767	-9.9964342	Serre
16.21161496	38.71295655	-3.6604553	Serre
16.22290021	38.66636465	-5.8425791	Serre
16.31283753	38.66692964	-10.0859626	Serre
16.1360833	38.55580985	-5.6297034	Serre
16.19090363	38.4608381	-11.7394438	Serre
16.24196013	38.61233439	-8.6570242	Serre
16.30484518	38.68520997	-9.042968	Serre
16.15098474	38.52304076	-7.5623023	Serre
16.12443292	38.54682345	-5.4300767	Serre
16.22590258	38.49764669	-11.9695212	Serre
16.16945917	38.51596826	-8.6803615	Serre
16.33755916	38.6496504	-11.8751465	Serre
16.25729671	38.7103937	-5.8964849	Serre
16.32448689	38.66489639	-10.7054307	Serre
