13.42874299	46.277	-1	Stol
13.49183555	46.28960921	-5.9167086	Stol
13.49606872	46.29226202	-6.6045997	Stol
13.55339463	46.29342094	-9.4339238	Stol
13.45851888	46.28516591	-3.759142	Stol
13.48324192	46.30372963	-8.3852878	Stol
13.57391593	46.28363184	-8.5598842	Stol
13.5197968	46.29982135	-9.012218	Stol
13.42996612	46.27939756	-1.5218486	Stol
13.53465059	46.25784719	-1.6618737	Stol
13.60896006	46.27713173	-9.0702019	Stol
13.58019764	46.27643737	-7.4842282	Stol
13.44475491	46.30326392	-6.8174243	Stol
13.58288361	46.26525076	-5.4645765	Stol
13.432326	46.28402295	-2.5286469	Stol
13.50478443	46.30001882	-8.4757099	Stol
13.47734488	46.31016259	-9.433914	Stol
13.46597206	46.29842932	-6.6727956	Stol
13.46315464	46.30562817	-7.9912539	Stol
13.51467566	46.30294055	-9.4339126	Stol
13.5805373	46.24738003	-1.9209746	Stol
13.47566868	46.26986157	-1.3847978	Stol
13.57227265	46.24477266	-0.999791	Stol
13.4689088	46.31179486	-9.433914	Stol
13.50770286	46.28440853	-5.4946842	Stol
13.59687543	46.25299628	-3.8293148	Stol
13.51930482	46.25833684	-1	Stol
13.56009787	46.26090763	-3.5044774	Stol
13.43455009	46.2883817	-3.4774624	Stol
13.58727021	46.28302258	-9.1005063	Stol
13.59832978	46.27532959	-8.1833222	Stol
13.57452166	46.25031046	-2.1758884	Stol
13.47077842	46.29203027	-5.589249	Stol
13.47642031	46.27647156	-2.7230219	Stol
13.56410165	46.26729366	-4.9309948	Stol
13.60567934	46.27166425	-7.8551911	Stol
13.50148928	46.29516715	-7.3880312	Stol
13.47254051	46.28828547	-4.9148649	Stol
13.56578621	46.26268227	-4.1263151	Stol
13.57724925	46.28023442	-8.0699926	Stol
13.53555342	46.28950501	-7.8008317	Stol
13.55369794	46.26401176	-3.7867319	Stol
13.55640851	46.25575775	-2.3314736	Stol
13.55699223	46.27657753	-6.3680546	Stol
13.48833893	46.2849148	-4.8525858	Stol
13.43695967	46.29310342	-4.5053458	Stol
13.51507039	46.26024891	-1.1594616	Stol
13.45895837	46.30264526	-7.2392849	Stol
13.50329293	46.28266872	-4.9809064	Stol
13.45061364	46.29455569	-5.3164511	Stol
13.50303789	46.26701258	-1.8697504	Stol
13.53524159	46.27605139	-5.1952131	Stol
13.43877622	46.29666268	-5.2802116	Stol
13.52184735	46.29528127	-8.2375898	Stol
13.47166219	46.29526638	-6.26428	Stol
13.54884949	46.27622733	-5.8995807	Stol
13.49573239	46.28602175	-5.3553261	Stol
13.52470112	46.29893321	-9.0815043	Stol
13.56991396	46.2810265	-7.8611213	Stol
13.50151694	46.26403369	-1.2213942	Stol
13.44014796	46.29935018	-5.8653145	Stol
13.53642533	46.26082971	-2.3234111	Stol
13.44587542	46.27952567	-2.1570278	Stol
13.49375931	46.26441779	-1	Stol
13.5895267	46.25269238	-3.3967452	Stol
13.61067798	46.27166956	-8.1108442	Stol
13.51357315	46.26403935	-1.8153059	Stol
13.4629596	46.31091847	-9.0321506	Stol
13.44081534	46.29141731	-4.3190419	Stol
13.44176691	46.30252179	-6.5558413	Stol
13.45290883	46.31012009	-8.4886406	Stol
13.59186825	46.24235847	-1.5360146	Stol
13.44365784	46.30622588	-7.3623342	Stol
13.58718704	46.2766723	-7.8735554	Stol
13.53071267	46.29413204	-8.4533068	Stol
13.57483898	46.24521609	-1.2161113	Stol
13.52005073	46.2643357	-2.1914545	Stol
13.57330737	46.24779977	-1.6329257	Stol
13.45953024	46.28056166	-2.8857705	Stol
13.47250039	46.30564369	-8.3526601	Stol
13.57408623	46.25952168	-3.9268149	Stol
13.48443068	46.27530414	-2.7987959	Stol
13.50544931	46.26364303	-1.3386042	Stol
13.54761668	46.28866468	-8.2334038	Stol
13.45183291	46.31334748	-9.0870036	Stol
13.56329276	46.29088891	-9.4339155	Stol
13.53638739	46.28272279	-6.5360738	Stol
13.45072598	46.28348948	-3.1282456	Stol
13.60151493	46.27878712	-9.0082712	Stol
13.52760747	46.29191608	-7.8736396	Stol
13.44598146	46.31077707	-8.3533193	Stol
13.4552416	46.27187223	-1	Stol
13.56077825	46.28276838	-7.7464721	Stol
13.52765221	46.26210686	-2.1369311	Stol
13.44762538	46.31399664	-9.0543881	Stol
13.54252276	46.29426282	-9.0603178	Stol
13.55699722	46.28805422	-8.5780063	Stol
13.495177	46.30045105	-8.1930415	Stol
13.56959683	46.2548512	-2.8066955	Stol
13.44376621	46.28608165	-3.3750035	Stol
13.44851535	46.31573951	-9.433914	Stol
13.4343218	46.27592068	-1	Stol
13.43394788	46.27800362	-1.3983049	Stol
13.55416425	46.25133323	-1.3693151	Stol
13.46039385	46.28963871	-4.7171806	Stol
13.51553942	46.28588804	-6.1182657	Stol
13.57371947	46.27066447	-6.0537771	Stol
13.54507394	46.26172705	-2.9221857	Stol
13.47576763	46.30836975	-9.0181486	Stol
13.5696407	46.27631533	-6.9406385	Stol
13.49992524	46.28862256	-6.031357	Stol
13.60292972	46.26848604	-7.1060208	Stol
13.5567536	46.24875161	-1.0000019	Stol
13.50706927	46.27490731	-3.5881589	Stol
13.61275836	46.27573717	-8.9964052	Stol
13.57902254	46.28575935	-9.2210903	Stol
13.48274261	46.30765502	-9.1440058	Stol
13.57950492	46.26495377	-5.2392686	Stol
13.61074807	46.27855417	-9.433914	Stol
13.58734721	46.27426826	-7.4202055	Stol
13.58644586	46.27922331	-8.32775	Stol
13.52009283	46.29177602	-7.4762465	Stol
13.59916357	46.24914863	-3.2086314	Stol
13.51616611	46.29948318	-8.8059836	Stol
13.52793984	46.27012501	-3.6945697	Stol
13.4787099	46.29750888	-6.9788667	Stol
13.45724656	46.29867611	-6.3871628	Stol
13.50099766	46.26301652	-1	Stol
13.49020096	46.29753897	-7.4252587	Stol
13.50604064	46.30461133	-9.433914	Stol
13.55293022	46.26804724	-4.5257766	Stol
13.57863273	46.2611186	-4.4577569	Stol
13.55401903	46.28523316	-7.8881406	Stol
13.55427357	46.25998491	-3.0399531	Stol
13.58644336	46.27196395	-6.9326597	Stol
13.56632808	46.27423502	-6.3769499	Stol
13.55370983	46.28151542	-7.1570907	Stol
13.51257271	46.28568247	-5.9338518	Stol
13.56537086	46.24907601	-1.4869055	Stol
13.56250017	46.2576022	-2.986582	Stol
13.48708116	46.27037402	-1.9237773	Stol
13.58653101	46.2450241	-1.7748659	Stol
13.5966974	46.24946042	-3.1427414	Stol
13.53179847	46.27272105	-4.3844375	Stol
13.57146036	46.25737989	-3.3852045	Stol
13.47264116	46.26850481	-0.9999995	Stol
13.58940333	46.26502244	-5.7533129	Stol
13.4956805	46.30549501	-9.2118657	Stol
13.49203828	46.27265111	-2.5648864	Stol
13.53803098	46.2917541	-8.355955	Stol
13.50515242	46.27115376	-2.7711267	Stol
13.4786145	46.27285397	-2.0904785	Stol
13.49826543	46.26902759	-2.0858654	Stol
13.52357081	46.30105151	-9.4338842	Stol
13.46309486	46.27227623	-1.3811831	Stol
13.596305	46.27197325	-7.4369694	Stol
13.45152468	46.28873057	-4.1972279	Stol
13.51357984	46.26893084	-2.7572961	Stol
13.51207633	46.29580457	-7.920257	Stol
13.52078648	46.30175797	-9.433914	Stol
13.50410503	46.26222761	-0.9999335	Stol
13.45356175	46.2736701	-1.2917282	Stol
13.48976798	46.304637	-8.8152099	Stol
13.58933027	46.24023554	-1	Stol
13.52555363	46.27842962	-5.1757759	Stol
13.54250521	46.27780399	-5.8905177	Stol
13.59231879	46.28227483	-9.2077067	Stol
13.57589235	46.25330588	-2.8196801	Stol
13.5323694	46.29880057	-9.433914	Stol
13.52522711	46.28416166	-6.2632882	Stol
13.58238632	46.25182122	-2.8661806	Stol
13.54382028	46.29587101	-9.433913	Stol
13.53987253	46.25307198	-1.0000043	Stol
13.51084422	46.30227207	-9.154541	Stol
13.593977	46.239	-1	Stol
13.58484546	46.25662412	-3.9117751	Stol
13.58958974	46.28065613	-8.7591984	Stol
13.54599587	46.2829708	-7.0572691	Stol
13.51403503	46.27793127	-4.5122006	Stol
13.45096371	46.30632067	-7.6611455	Stol
13.58160054	46.28620512	-9.4339091	Stol
13.54050317	46.26724212	-3.7586583	Stol
13.59340041	46.27883867	-8.6046245	Stol
13.50965495	46.27631878	-3.9860933	Stol
13.59295001	46.2472921	-2.5363891	Stol
13.59889775	46.26511691	-6.2549711	Stol
13.53343677	46.29720334	-9.1789199	Stol
13.51082912	46.28226871	-5.1905861	Stol
13.51740312	46.29513694	-7.9922424	Stol
13.60311275	46.25687427	-4.890143	Stol
13.55404882	46.29174023	-9.1425278	Stol
13.4705216	46.30248365	-7.6506027	Stol
13.48344345	46.2929735	-6.261653	Stol
13.48089127	46.28361198	-4.3089939	Stol
13.44262696	46.27578715	-1.2918925	Stol
13.51476205	46.28996791	-6.8668558	Stol
13.59533856	46.24166444	-1.5798315	Stol
13.46878448	46.28602089	-4.3221817	Stol
13.56303301	46.27929971	-7.1897025	Stol
13.5656245	46.28859946	-9.1079243	Stol
13.48273551	46.26655146	-1	Stol
13.5278681	46.28816734	-7.1646677	Stol
13.55779908	46.2701412	-5.1686929	Stol
13.53705518	46.28625733	-7.2494964	Stol
13.44441657	46.27396734	-1	Stol
13.50885004	46.27839424	-4.3472171	Stol
13.58370689	46.27075937	-6.5636148	Stol
13.44989221	46.30013879	-6.3950695	Stol
13.46394128	46.27018814	-1.0000034	Stol
13.60700488	46.27457797	-8.4811457	Stol
13.58207657	46.24353277	-1.2622436	Stol
13.6073595	46.26518031	-6.6981635	Stol
13.48074937	46.30046612	-7.6430334	Stol
13.60904347	46.26847343	-7.4150461	Stol
13.58651698	46.26853161	-6.2787579	Stol
13.54924981	46.27969446	-6.5868181	Stol
13.59381229	46.26917639	-6.7739415	Stol
13.56664915	46.24621881	-0.9999682	Stol
13.54546536	46.28617296	-7.6476406	Stol
13.56414074	46.27125233	-5.6949888	Stol
13.48938345	46.29440007	-6.7719598	Stol
13.54052588	46.25432884	-1.2741093	Stol
13.58057572	46.24256301	-1.0000029	Stol
13.45622114	46.3142492	-9.433914	Stol
13.60147855	46.25367754	-4.194345	Stol
13.57074655	46.24629357	-1.2159321	Stol
13.48130491	46.27931229	-3.4730144	Stol
13.43729625	46.28809658	-3.5262209	Stol
13.46874401	46.27741781	-2.6162907	Stol
13.58892371	46.26094593	-4.9476347	Stol
13.5461147	46.27318802	-5.1797416	Stol
13.49707331	46.3063461	-9.433914	Stol
13.58194514	46.26781377	-5.9099771	Stol
13.4940615	46.28124495	-4.3449036	Stol
13.45803748	46.27728834	-2.1800905	Stol
13.54698539	46.25608885	-1.9310278	Stol
13.44297699	46.29466962	-5.0463022	Stol
13.5972572	46.24541873	-2.3968671	Stol
13.52165983	46.26830088	-3.0340229	Stol
13.4836807	46.28831112	-5.3469244	Stol
13.43580099	46.28270383	-2.4004912	Stol
13.49821348	46.27613422	-3.4916282	Stol
13.51902109	46.28157088	-5.4587777	Stol
13.47308036	46.28120852	-3.5334753	Stol
13.57813032	46.2573813	-3.7145839	Stol
13.46521039	46.28269178	-3.5255617	Stol
13.51277776	46.29288291	-7.3682636	Stol
13.581583	46.25988035	-4.3696357	Stol
13.54776343	46.25105267	-1	Stol
13.48681996	46.26676224	-1.1983286	Stol
13.53160906	46.27989352	-5.7559364	Stol
13.57306135	46.28838993	-9.433914	Stol
13.48564798	46.30855593	-9.4339223	Stol
13.51329352	46.28208214	-5.2748855	Stol
13.57223235	46.26734352	-5.3411611	Stol
13.50674269	46.26767108	-2.1777106	Stol
13.59699824	46.25603949	-4.4186993	Stol
13.50090969	46.27248238	-2.8716042	Stol
13.44308036	46.29822767	-5.7552782	Stol
13.59072062	46.28386904	-9.4337446	Stol
13.58392095	46.27350324	-7.1026833	Stol
13.51121974	46.26040612	-0.999998	Stol
13.4903003	46.27795669	-3.5492824	Stol
13.50855519	46.27210669	-3.1209384	Stol
13.61378621	46.27774669	-9.433914	Stol
13.58089265	46.282478	-8.6814516	Stol
13.46993594	46.27383783	-1.9527763	Stol
13.46149389	46.29427284	-5.6775286	Stol
13.52297602	46.25908137	-1.3241784	Stol
13.52090131	46.27377875	-4.0511988	Stol
13.56426408	46.28539286	-8.4234917	Stol
13.53017082	46.25555536	-1.0000004	Stol
13.52155109	46.27654986	-4.6166992	Stol
13.5068607	46.29002865	-6.5758542	Stol
13.51999423	46.28845118	-6.8311855	Stol
13.5782928	46.27293045	-6.7153093	Stol
13.59189457	46.27561664	-7.9105197	Stol
13.5320944	46.26519722	-2.950674	Stol
13.55578965	46.2738666	-5.786905	Stol
13.57191966	46.26450004	-4.7784859	Stol
13.60056895	46.25965833	-5.2940475	Stol
13.50208716	46.30319497	-9.0016762	Stol
13.6051494	46.26085789	-5.7572547	Stol
13.58246138	46.26252899	-4.9217241	Stol
13.5408635	46.27108363	-4.5158926	Stol
13.59977017	46.28147114	-9.4339433	Stol
13.56681554	46.25164653	-2.0528193	Stol
13.51524607	46.2723277	-3.4932785	Stol
13.49659409	46.265687	-1.3600881	Stol
13.50491231	46.27892705	-4.3017454	Stol
