14.055551	45.745	-1.0000001	Vipava
14.06587054	45.80008598	-12.4724688	Vipava
13.94066861	45.94551746	-12.3911563	Vipava
14.05717548	45.7457121	-1.3738521	Vipava
14.00615599	45.81472578	-6.2162261	Vipava
13.96189919	45.86560267	-5.4579026	Vipava
13.96562856	45.9225697	-14.5946172	Vipava
13.92737248	45.87139149	-1.0000001	Vipava
14.05728211	45.7606713	-4.5459293	Vipava
14.0525636	45.7798322	-6.9618058	Vipava
13.87057491	45.9759166	-4.8691553	Vipava
13.99923185	45.83254184	-7.5367446	Vipava
14.06007991	45.74698522	-2.042254	Vipava
13.98118771	45.89404198	-13.2408194	Vipava
14.05344693	45.81935152	-14.5946685	Vipava
14.00515192	45.80232202	-4.31369	Vipava
14.0635505	45.74850642	-2.8409376	Vipava
14.06111533	45.809476	-13.6911412	Vipava
13.98163747	45.89073992	-12.7586358	Vipava
13.97273662	45.89124951	-11.4338685	Vipava
13.93580036	45.92362279	-9.2162465	Vipava
13.84800968	45.97583953	-1.0000001	Vipava
13.99157628	45.87327777	-11.3941949	Vipava
13.86820247	45.98092901	-5.1385696	Vipava
13.95034576	45.93723652	-13.3148111	Vipava
14.01022014	45.82483132	-8.314541	Vipava
13.94878443	45.90933729	-9.9044739	Vipava
14.05072372	45.74814761	-1.0000001	Vipava
14.00391344	45.8643086	-12.4495704	Vipava
14.04123413	45.78339694	-5.7594412	Vipava
13.90186028	45.95702826	-7.6486605	Vipava
13.93541348	45.94636	-11.6363716	Vipava
13.88842231	45.98884418	-9.66232	Vipava
14.0737136	45.80225579	-14.0225098	Vipava
13.945375	45.94847835	-13.5976783	Vipava
13.99949921	45.8509145	-10.0391797	Vipava
14.06800577	45.75045909	-3.8661985	Vipava
13.93754182	45.93481264	-10.7011221	Vipava
13.89269039	45.95995937	-6.5026336	Vipava
13.98169341	45.90101562	-14.3078555	Vipava
14.03551353	45.80405839	-8.969132	Vipava
14.04655632	45.82270169	-14.152792	Vipava
13.96898233	45.85930788	-5.6678397	Vipava
13.89950755	46.00119863	-13.221879	Vipava
13.99744518	45.84529545	-8.9934191	Vipava
14.06681256	45.76056142	-5.8342316	Vipava
14.00713922	45.8476306	-10.9807151	Vipava
13.91668256	45.90470492	-3.7224639	Vipava
14.08307646	45.7931467	-13.9736544	Vipava
13.9887866	45.89180675	-14.0577349	Vipava
14.07345808	45.75284852	-5.1208682	Vipava
13.97277086	45.8873545	-10.8022852	Vipava
13.93321863	45.86806764	-1.3749141	Vipava
13.89682468	45.91374898	-1.0000001	Vipava
14.04734144	45.82079961	-14.0196788	Vipava
13.98149004	45.82710408	-3.781232	Vipava
14.07827054	45.75495735	-6.228263	Vipava
13.90386844	46.00585411	-14.5946172	Vipava
14.01600921	45.80707851	-6.8116988	Vipava
13.97456301	45.8344954	-3.6340464	Vipava
13.93367944	45.90859269	-7.2478595	Vipava
13.90290381	45.92899809	-3.7075919	Vipava
13.92128505	45.98373763	-14.5946172	Vipava
13.95695567	45.84143469	-1.3664175	Vipava
13.90888448	45.97091786	-10.7477654	Vipava
13.89431966	45.94634242	-4.8280838	Vipava
13.93387208	45.93958712	-10.520834	Vipava
14.08243077	45.75678023	-7.1855505	Vipava
14.03312408	45.83414234	-13.4829737	Vipava
13.9767034	45.8727526	-8.9749775	Vipava
14.00033841	45.81500656	-5.2730997	Vipava
13.9573265	45.91983625	-12.7933301	Vipava
14.06354634	45.78501818	-9.5504472	Vipava
13.99133578	45.87226971	-11.1959368	Vipava
14.00162212	45.83647636	-8.4902292	Vipava
14.04277734	45.8159039	-12.3869551	Vipava
13.95397726	45.85591424	-2.6030323	Vipava
14.01501563	45.79886985	-5.0171312	Vipava
13.98099955	45.8516404	-6.858077	Vipava
14.01128896	45.84944706	-11.9351641	Vipava
13.98781379	45.87072814	-10.3859371	Vipava
13.92150188	45.93713481	-7.9842345	Vipava
14.04686894	45.75229538	-1.3449991	Vipava
14.08734194	45.75893196	-8.3156031	Vipava
13.87700834	45.95733052	-3.4665025	Vipava
13.87367749	45.98131256	-6.1264808	Vipava
14.01658249	45.80550351	-6.5766606	Vipava
13.91985184	45.93731616	-7.7293352	Vipava
14.02374751	45.81424831	-9.1201285	Vipava
13.96375308	45.82863034	-1.0000001	Vipava
14.08405668	45.76113796	-8.3290563	Vipava
13.97208767	45.81856335	-1.0000001	Vipava
13.96846781	45.87632553	-8.2819706	Vipava
13.92760373	45.891303	-3.8123863	Vipava
13.98728039	45.86177184	-9.2013773	Vipava
14.02284026	45.77563757	-1.5765323	Vipava
14.05021135	45.81777948	-13.8189883	Vipava
14.09277023	45.76131005	-9.5646089	Vipava
13.90157437	45.95299816	-7.0085777	Vipava
13.9988098	45.85858508	-10.8509639	Vipava
13.9169874	45.96597239	-11.4678502	Vipava
14.09910952	45.77899445	-14.1697852	Vipava
13.86072152	45.98699324	-4.676211	Vipava
14.09658614	45.76298161	-10.442594	Vipava
13.91554086	45.93543031	-6.7380611	Vipava
14.02093418	45.806248	-7.3436546	Vipava
13.94727019	45.88010365	-5.5768543	Vipava
13.93103571	45.94130484	-10.1763663	Vipava
14.1008822	45.76486339	-11.4310359	Vipava
13.9824254	45.87385324	-10.0561895	Vipava
14.01561087	45.85133889	-12.9292764	Vipava
13.8714606	45.94605895	-1.0000001	Vipava
14.08905651	45.77655207	-12.1866211	Vipava
13.98906929	45.87981708	-12.095544	Vipava
13.99226829	45.85769202	-9.586204	Vipava
13.8921809	45.97336403	-8.22037	Vipava
13.84985841	45.9776254	-1.5567061	Vipava
13.90604533	45.89739502	-1.0000001	Vipava
13.99360613	45.79399793	-1.0000186	Vipava
13.92334997	45.93884633	-8.5336836	Vipava
13.99948009	45.84427758	-9.219105	Vipava
13.92478645	45.96790973	-13.0454249	Vipava
14.10510453	45.76671271	-12.4024849	Vipava
14.0672369	45.77074926	-7.7838278	Vipava
14.04557293	45.82705315	-14.5946172	Vipava
13.86515434	45.97943696	-4.4163555	Vipava
14.03597247	45.77398647	-3.3787042	Vipava
14.01386723	45.83468018	-10.306648	Vipava
14.00072672	45.82174521	-6.280305	Vipava
14.02649874	45.78653167	-4.158731	Vipava
13.99457593	45.85068832	-9.1415474	Vipava
13.91545154	45.88585867	-1.000001	Vipava
13.92028039	45.90362652	-4.2740367	Vipava
13.9745549	45.83905073	-4.1865889	Vipava
14.1094993	45.76863743	-13.413584	Vipava
13.94710219	45.91862887	-10.7817515	Vipava
13.98147056	45.86127111	-8.1137195	Vipava
13.86674522	45.98673712	-5.6717332	Vipava
13.89726311	45.91623877	-1.3398658	Vipava
13.95319044	45.92789848	-12.8685606	Vipava
13.94092106	45.91176143	-8.9131998	Vipava
14.04534208	45.78894214	-7.3215001	Vipava
14.07596798	45.76885794	-8.8451786	Vipava
14.06195343	45.81336903	-14.5946172	Vipava
13.90572524	45.91125248	-2.3821192	Vipava
14.1135987	45.77043264	-14.356711	Vipava
13.89366599	46.00139562	-12.2495455	Vipava
13.91380305	45.90079122	-2.7842935	Vipava
13.91618576	45.99021431	-14.5946172	Vipava
13.89156088	45.99525252	-11.0621404	Vipava
14.1146328	45.77088548	-14.5946172	Vipava
13.99131667	45.82414932	-5.0274053	Vipava
13.98503032	45.8957231	-14.1244698	Vipava
14.03947404	45.81735505	-12.2098921	Vipava
13.90578719	46.00341822	-14.5946172	Vipava
13.94170422	45.92408215	-10.3530254	Vipava
13.9947382	45.80683078	-3.1850518	Vipava
14.02764655	45.80106291	-7.2499803	Vipava
14.06691004	45.79838859	-12.2835333	Vipava
13.98282066	45.87828848	-10.8603643	Vipava
13.97042392	45.88933227	-10.7654664	Vipava
13.94459216	45.9422376	-12.7736817	Vipava
13.93696539	45.86991678	-2.2716631	Vipava
13.89558555	45.94136354	-4.3055457	Vipava
13.93395921	45.88638142	-4.2011075	Vipava
13.91247149	45.96597687	-10.6960774	Vipava
13.90172849	45.91033169	-1.5490943	Vipava
14.02545573	45.80874363	-8.4877876	Vipava
14.05535532	45.77016001	-5.8101578	Vipava
14.0668087	45.76484578	-6.7380626	Vipava
13.98190107	45.82270679	-3.2360313	Vipava
13.95830151	45.91395395	-12.1560826	Vipava
13.94615264	45.89182151	-7.0198663	Vipava
13.95042251	45.8814836	-6.3019006	Vipava
13.94987866	45.89534967	-8.1410681	Vipava
13.98528718	45.81584457	-2.8487266	Vipava
13.93964124	45.96171743	-14.5946172	Vipava
13.91566849	45.91540935	-4.6485967	Vipava
14.00864404	45.85859839	-12.5904517	Vipava
13.96159459	45.83168978	-1.0000001	Vipava
14.01536529	45.83764547	-10.9739883	Vipava
13.89684494	46.00278492	-12.9802559	Vipava
13.95663035	45.85797983	-3.3564009	Vipava
14.08920607	45.78827496	-14.1396959	Vipava
13.90702118	45.90589719	-2.0642042	Vipava
13.97086749	45.91077213	-13.8367344	Vipava
13.93226336	45.91284675	-7.4432819	Vipava
14.03281814	45.79417888	-6.5958897	Vipava
13.86456513	45.988674	-5.5598611	Vipava
14.01369623	45.7907721	-3.1979727	Vipava
13.93065754	45.89242386	-4.4846827	Vipava
14.02357653	45.84511117	-13.4036622	Vipava
13.98670061	45.83868169	-6.279243	Vipava
14.03235247	45.79086958	-5.8629197	Vipava
13.97480078	45.897956	-12.7166836	Vipava
13.95611958	45.91841058	-12.4081495	Vipava
13.96681169	45.8379719	-2.6867579	Vipava
14.04302307	45.78958952	-7.1170629	Vipava
13.93050378	45.97046568	-14.368063	Vipava
13.92845685	45.87028509	-1.0001075	Vipava
14.04120064	45.75452425	-1.0000001	Vipava
13.89550394	45.96165468	-7.2121023	Vipava
14.06309373	45.79671707	-11.4055508	Vipava
13.94195035	45.94698092	-12.8103233	Vipava
13.86860595	45.99044087	-6.4888266	Vipava
14.09722594	45.78222539	-14.4105235	Vipava
14.03896389	45.83504105	-14.5946172	Vipava
13.93159755	45.9707739	-14.594668	Vipava
14.05916176	45.79588375	-10.6748282	Vipava
13.87835777	45.94907682	-2.5860416	Vipava
14.01309008	45.78029176	-1.0000215	Vipava
13.87592652	45.97341912	-5.4479886	Vipava
13.92757188	45.92005758	-7.3276923	Vipava
13.9893931	45.88523842	-13.0535386	Vipava
14.03392111	45.77887327	-3.8594717	Vipava
13.91177507	45.9459406	-7.6597681	Vipava
14.00787118	45.83158363	-8.8615119	Vipava
13.97052469	45.88567595	-10.1692857	Vipava
13.9551634	45.88355881	-7.3923022	Vipava
13.89834957	45.9806337	-10.254252	Vipava
14.08240642	45.75836614	-7.5169191	Vipava
14.00155588	45.79188283	-1.7006187	Vipava
13.99702966	45.82820324	-6.5585698	Vipava
13.93344756	45.94417764	-10.9894896	Vipava
14.00659619	45.78486111	-0.9999986	Vipava
13.91447318	45.97027632	-11.6172547	Vipava
13.95237836	45.90240448	-9.5461993	Vipava
13.90439613	45.90376957	-1.3586163	Vipava
13.96323486	45.82930804	-1.0000001	Vipava
14.09394243	45.77819764	-13.2296431	Vipava
13.89625893	45.93625971	-3.6665254	Vipava
13.88184608	45.98616697	-8.1771788	Vipava
14.03055361	45.84166313	-14.0998643	Vipava
13.88629156	45.94984554	-4.014033	Vipava
13.92342254	45.91189199	-5.7131544	Vipava
14.09196153	45.77676508	-12.6800494	Vipava
14.01982676	45.85199626	-13.7337754	Vipava
14.07956091	45.7704326	-9.6722331	Vipava
13.88731016	45.97929469	-8.1860295	Vipava
13.94120573	45.88791443	-5.6395171	Vipava
13.92557189	45.90184455	-4.9374825	Vipava
13.90381833	45.94257158	-5.846621	Vipava
14.00195681	45.8826789	-14.5946172	Vipava
14.0627627	45.79333829	-10.7967979	Vipava
13.91218095	45.90280409	-2.6943707	Vipava
13.96382386	45.85629812	-4.3898038	Vipava
13.95919932	45.85267923	-3.1319473	Vipava
14.0693479	45.78038454	-9.7038304	Vipava
13.92475367	45.9385572	-8.7319383	Vipava
13.98653591	45.86686554	-9.6899344	Vipava
13.95503389	45.9064157	-10.5537588	Vipava
14.01711284	45.77746172	-1.0000001	Vipava
13.94889764	45.94911558	-14.2830733	Vipava
13.94502946	45.9474243	-13.3937593	Vipava
14.05650962	45.75530966	-3.3079004	Vipava
14.02391238	45.79510473	-5.5196797	Vipava
13.89829297	45.97203988	-9.0873812	Vipava
14.04106723	45.80725907	-10.4017046	Vipava
14.01930836	45.80852362	-7.5707331	Vipava
13.97656448	45.81315488	-1.0000001	Vipava
14.05999734	45.77579851	-7.4717836	Vipava
13.92048615	45.96750207	-12.2721993	Vipava
14.0396969	45.79659742	-8.0585796	Vipava
14.0512177	45.75545053	-2.6094044	Vipava
14.08340155	45.77211495	-10.5558816	Vipava
13.89033865	45.95795877	-5.831044	Vipava
13.98168874	45.83739137	-5.2454849	Vipava
13.97333956	45.87089704	-8.1371739	Vipava
13.90482545	45.93074219	-4.2740367	Vipava
13.93039874	45.93726749	-9.6389542	Vipava
13.91828819	45.92998236	-6.647519	Vipava
13.85640694	45.98130074	-3.1715987	Vipava
14.01060616	45.78710264	-2.0203047	Vipava
14.01790046	45.85324529	-13.5750181	Vipava
13.95774721	45.83727576	-1.0000001	Vipava
13.89750431	45.99090282	-11.4926368	Vipava
14.05245134	45.76353659	-4.2609349	Vipava
14.10518897	45.76862689	-12.8181114	Vipava
13.98928876	45.81770394	-3.7842413	Vipava
14.01786867	45.77690443	-1.0000001	Vipava
13.89568498	45.92245877	-1.6958389	Vipava
13.99650176	45.84297312	-8.533658	Vipava
13.96892153	45.91857448	-14.5946172	Vipava
13.90015978	45.95861388	-7.5990538	Vipava
14.05523082	45.76067333	-4.2287342	Vipava
14.02046048	45.78644244	-3.2845474	Vipava
13.95407012	45.88217489	-7.0042891	Vipava
13.96337825	45.88178909	-8.3986224	Vipava
14.02567481	45.85109737	-14.5946211	Vipava
14.05778851	45.78108121	-7.9927309	Vipava
13.91727566	45.90231131	-3.5829776	Vipava
13.98013176	45.8407358	-5.3773599	Vipava
14.0378327	45.76471531	-2.1458956	Vipava
13.99075046	45.79601153	-1.0000001	Vipava
14.08666142	45.77472611	-11.5075936	Vipava
13.92625692	45.94011782	-9.2020855	Vipava
13.88942759	45.96981883	-7.2721102	Vipava
13.9732629	45.84891929	-5.1595462	Vipava
13.95249764	45.92374586	-12.309022	Vipava
14.07999415	45.79987402	-14.5946172	Vipava
13.95774547	45.9005479	-10.1947757	Vipava
14.09155076	45.77568423	-12.4308082	Vipava
14.02622607	45.78210913	-3.2281373	Vipava
13.95351178	45.84342419	-1.0000001	Vipava
13.88262058	45.99391653	-9.3534317	Vipava
14.06875814	45.77571004	-8.840969	Vipava
14.07124921	45.79815268	-12.9299844	Vipava
13.88496855	45.97681668	-7.4518671	Vipava
13.93598411	45.9149587	-8.3492356	Vipava
13.99394991	45.83867888	-7.5027624	Vipava
13.91042681	45.8947439	-1.388544	Vipava
13.90004954	45.94091042	-4.9781954	Vipava
13.96321146	45.85995785	-4.7271907	Vipava
14.071351	45.76683568	-7.7831392	Vipava
13.94909875	45.95106832	-14.5944747	Vipava
13.9442418	45.95653571	-14.5946172	Vipava
13.9420706	45.88328692	-5.1412249	Vipava
13.96794248	45.8499928	-4.3499756	Vipava
13.90100696	45.90633203	-1.0000001	Vipava
14.09542451	45.7850723	-14.5946099	Vipava
13.97489974	45.8561827	-6.333055	Vipava
14.0578897	45.7506376	-2.5116934	Vipava
13.92356535	45.9728836	-13.5233326	Vipava
13.87765894	45.99237106	-8.2968397	Vipava
13.98490204	45.83879861	-5.9846928	Vipava
13.89498447	45.95325968	-5.95569	Vipava
14.00065698	45.84194507	-9.0916292	Vipava
13.95303571	45.87733429	-6.0319554	Vipava
13.91560273	45.98749349	-14.1285411	Vipava
13.98445949	45.84423191	-6.5677751	Vipava
13.9167457	45.92557593	-5.9046828	Vipava
13.95781363	45.88381345	-7.8652815	Vipava
13.97377368	45.89079806	-11.5358279	Vipava
14.08719787	45.78227094	-12.8338477	Vipava
14.07463135	45.76999353	-8.8283611	Vipava
13.95478812	45.85205676	-2.2766197	Vipava
14.03824317	45.83397115	-14.3234327	Vipava
13.92754905	45.8721467	-1.1361504	Vipava
14.00754506	45.87665806	-14.5946172	Vipava
14.03791571	45.8188726	-12.1587374	Vipava
14.03263816	45.82979252	-12.7931534	Vipava
13.88659039	45.96273073	-5.8324615	Vipava
14.01607268	45.86427741	-14.5946197	Vipava
14.0050008	45.87982958	-14.5945191	Vipava
14.00835415	45.83761577	-9.7860464	Vipava
14.02908351	45.76807516	-1.3172081	Vipava
14.07658538	45.79334224	-12.9806104	Vipava
13.91417628	45.93834959	-6.9412725	Vipava
14.02946477	45.78930358	-5.1378741	Vipava
13.94897771	45.85000505	-1.0000001	Vipava
13.95296646	45.91703128	-11.6831031	Vipava
14.0198812	45.81208731	-8.1653186	Vipava
14.04388475	45.75260639	-1.0000001	Vipava
14.00110492	45.84589332	-9.7118836	Vipava
14.00559893	45.81978728	-6.8294001	Vipava
13.91950756	45.93431328	-7.322913	Vipava
13.90387028	45.98810316	-12.2042305	Vipava
13.95303548	45.88811837	-7.6675577	Vipava
13.93980505	45.87934225	-4.208896	Vipava
13.9347718	45.86437324	-0.9999957	Vipava
13.87767648	45.94725631	-2.206545	Vipava
13.95062223	45.88066562	-6.2112698	Vipava
13.97717331	45.88150223	-10.5128685	Vipava
14.07814649	45.75752751	-6.7536384	Vipava
14.09230515	45.78255874	-13.6879249	Vipava
14.01514788	45.80241659	-5.7510784	Vipava
13.95045502	45.88415668	-6.6796468	Vipava
14.03945526	45.81458069	-11.6491497	Vipava
13.96476998	45.84914415	-3.6859991	Vipava
13.98218411	45.80838511	-1.282336	Vipava
13.92212843	45.98036816	-14.2851978	Vipava
13.98322747	45.80510383	-1.0000001	Vipava
13.91176402	45.96050268	-9.7997338	Vipava
13.89058565	46.00004934	-11.541492	Vipava
14.0115109	45.87090088	-14.5946172	Vipava
14.0266336	45.83402478	-12.3706226	Vipava
13.94276869	45.85688285	-1.0000113	Vipava
14.07028875	45.80750465	-14.5946172	Vipava
13.85849076	45.97052859	-2.0769483	Vipava
13.89025549	45.94055063	-3.3032969	Vipava
14.0744999	45.77385672	-9.4428148	Vipava
14.05770186	45.80142812	-11.5852234	Vipava
13.96696503	45.86643601	-6.3914765	Vipava
14.04187322	45.75391772	-1.0000001	Vipava
13.88845139	45.92692002	-0.9999752	Vipava
13.94865543	45.91604315	-10.7994529	Vipava
13.99721955	45.81261633	-4.4124615	Vipava
13.94721502	45.87598153	-4.8932293	Vipava
13.97680075	45.89302779	-12.3684981	Vipava
14.00377377	45.87771194	-14.0564966	Vipava
14.06489637	45.80386457	-13.096377	Vipava
13.96534187	45.90460775	-12.04421	Vipava
14.03261237	45.8427161	-14.5946172	Vipava
13.97335483	45.83283667	-3.2091426	Vipava
14.05630551	45.79463282	-10.0177632	Vipava
14.04103329	45.82866818	-14.0536641	Vipava
14.03635138	45.78203938	-4.7647178	Vipava
13.9344355	45.9427917	-10.9580567	Vipava
14.09111099	45.76489463	-10.092816	Vipava
14.01428318	45.82886886	-9.5647858	Vipava
14.08347004	45.77954011	-11.7955079	Vipava
14.00284581	45.7995407	-3.4272349	Vipava
13.96140361	45.91609658	-12.9788399	Vipava
13.87126509	45.98767641	-6.5711381	Vipava
13.98599708	45.83592233	-5.7747551	Vipava
14.03826436	45.76899966	-2.9195313	Vipava
13.96815225	45.82753909	-1.5901627	Vipava
14.03068717	45.77226107	-2.2598028	Vipava
14.04282493	45.77848373	-5.2015862	Vipava
13.93639494	45.96317431	-14.2712085	Vipava
14.0955286	45.76561698	-10.8532654	Vipava
13.94078768	45.89391968	-6.4052763	Vipava
13.98661704	45.82451756	-4.2853658	Vipava
13.95534094	45.93116744	-13.6051124	Vipava
13.93827841	45.95562243	-13.4727066	Vipava
13.90124333	45.96564368	-8.7307862	Vipava
13.97091556	45.83685784	-3.2763731	Vipava
13.98807379	45.84476663	-7.2715667	Vipava
13.91366826	45.93370791	-6.1829477	Vipava
13.90949229	45.89890404	-1.7930538	Vipava
13.90838573	45.89752072	-1.4304781	Vipava
13.91105151	45.92800486	-5.1070613	Vipava
14.05602604	45.78847526	-8.9319622	Vipava
13.9986887	45.86940257	-12.1463467	Vipava
13.90888748	45.9000879	-1.8043482	Vipava
14.04288897	45.81038014	-11.2890701	Vipava
13.95824871	45.8619434	-4.2733289	Vipava
13.93864198	45.90646552	-7.7902278	Vipava
13.87639057	45.96312906	-4.1416314	Vipava
13.98294903	45.90155074	-14.5946172	Vipava
14.01049378	45.797244	-4.0483384	Vipava
14.06851985	45.79506909	-11.9911075	Vipava
13.87065451	45.97020859	-4.1140167	Vipava
13.96214257	45.92194276	-13.9007247	Vipava
13.8724764	45.96189048	-3.305421	Vipava
13.88966142	45.93578626	-2.5042554	Vipava
13.97781318	45.89256555	-12.4647935	Vipava
13.93414436	45.87435689	-2.5577154	Vipava
13.91307696	45.89957529	-2.5095684	Vipava
13.91163989	45.91024645	-3.3685254	Vipava
14.01497229	45.853014	-13.0299073	Vipava
13.97974515	45.81770197	-2.1725362	Vipava
13.87848651	45.9381417	-1.0000001	Vipava
13.9237919	45.95175029	-10.5041949	Vipava
13.9404836	45.93906058	-11.6854927	Vipava
14.05389752	45.79268966	-9.2898906	Vipava
13.99195868	45.81193168	-3.4284449	Vipava
13.90704548	45.96527587	-9.6736479	Vipava
14.09930212	45.77560134	-13.4800552	Vipava
13.97014863	45.82212143	-1.1699327	Vipava
13.96736718	45.8888999	-10.199024	Vipava
14.05058186	45.77686987	-6.160998	Vipava
14.11086182	45.77334453	-14.5946172	Vipava
13.96735345	45.89167629	-10.5833199	Vipava
13.91522716	45.95091135	-8.9624067	Vipava
14.06362082	45.77729041	-8.2897589	Vipava
13.94131492	45.91283162	-9.1114546	Vipava
13.94742914	45.85428841	-1.2958702	Vipava
13.92229686	45.92120455	-6.4739573	Vipava
13.94873639	45.86005984	-2.4669869	Vipava
14.10336979	45.77822949	-14.5946172	Vipava
13.91725473	45.95850329	-10.4146202	Vipava
14.00607225	45.78657173	-1.2704761	Vipava
13.85769103	45.98566797	-3.9794869	Vipava
13.98821697	45.80883866	-2.364418	Vipava
14.0997153	45.78095227	-14.5947032	Vipava
13.91780673	45.93551838	-7.1345709	Vipava
13.96374781	45.91832517	-13.6854766	Vipava
13.90071442	45.97474536	-9.8657964	Vipava
13.97972955	45.86809295	-8.6696296	Vipava
13.95860327	45.90807645	-11.388376	Vipava
14.07511127	45.76509858	-7.9339631	Vipava
13.97004874	45.86921635	-7.3400839	Vipava
13.88294347	45.93312267	-1.0000005	Vipava
13.93946598	45.90006532	-7.0379215	Vipava
13.94727888	45.90299058	-8.7659249	Vipava
13.94339143	45.87840559	-4.6847076	Vipava
14.04229849	45.75598792	-1.415024	Vipava
14.06272464	45.7594142	-5.0295294	Vipava
13.95759623	45.92259963	-13.1303633	Vipava
13.98907257	45.80093707	-1.4048296	Vipava
14.01049727	45.81918345	-7.5721476	Vipava
14.01068042	45.80749377	-5.9698241	Vipava
13.91870369	45.91817538	-5.4961363	Vipava
13.84655507	45.98079745	-1.419167	Vipava
14.04430967	45.79651034	-8.6951232	Vipava
13.96359935	45.92603266	-14.5946172	Vipava
13.98199579	45.86558958	-8.7322923	Vipava
13.91038178	45.93647184	-6.0367354	Vipava
13.92120057	45.88123084	-1.3271246	Vipava
13.99398575	45.81880668	-4.7314393	Vipava
14.0266392	45.76849332	-1.0000001	Vipava
13.98648115	45.89726295	-14.5946172	Vipava
13.91969472	45.94282779	-8.5136811	Vipava
14.02963961	45.81569144	-10.3167374	Vipava
13.90118486	45.91633985	-2.0737627	Vipava
13.94235017	45.92969281	-11.0555911	Vipava
14.07021869	45.75396279	-4.9102222	Vipava
13.89265717	45.92451399	-1.3511944	Vipava
13.96777959	45.86195792	-5.7779377	Vipava
13.92700285	45.9740152	-14.2636016	Vipava
13.89787926	45.92770267	-2.6766695	Vipava
13.92766397	45.9460238	-10.3034622	Vipava
14.07038188	45.79990884	-13.0822154	Vipava
14.01827826	45.85029656	-13.2339161	Vipava
13.9680424	45.91754946	-14.303253	Vipava
14.07695636	45.80278739	-14.5946172	Vipava
13.86829488	45.95958757	-2.2801602	Vipava
14.01797833	45.79271235	-4.1961509	Vipava
13.93744116	45.94410613	-11.6491163	Vipava
13.92935467	45.96715652	-13.6911768	Vipava
14.0676654	45.80737466	-14.1964249	Vipava
14.01917322	45.83271026	-10.9272564	Vipava
13.97067037	45.83256527	-2.7106573	Vipava
14.08740193	45.77049643	-10.7647579	Vipava
13.93091591	45.89616914	-5.050063	Vipava
13.93774247	45.87502685	-3.2487764	Vipava
13.92909903	45.87124202	-1.2605635	Vipava
13.91039061	45.99757347	-14.5946172	Vipava
13.87352984	45.94696439	-1.4758072	Vipava
14.04930572	45.79067852	-8.2334749	Vipava
14.00648779	45.79486884	-3.0016602	Vipava
13.95306481	45.91797208	-11.8133848	Vipava
13.89475068	45.93022927	-2.5300167	Vipava
13.99929024	45.88107439	-13.9081666	Vipava
13.99279369	45.79690704	-1.4701436	Vipava
13.90912142	45.89353864	-1.0000001	Vipava
13.94250526	45.8739089	-3.8081382	Vipava
13.98364538	45.86980693	-9.570273	Vipava
14.03159965	45.8197133	-11.2095921	Vipava
13.92535143	45.931694	-8.1283232	Vipava
13.96016128	45.89464945	-9.7816268	Vipava
13.97363175	45.87933081	-9.5943469	Vipava
13.99222938	45.83569916	-6.7957674	Vipava
13.95025276	45.94970805	-14.5946172	Vipava
13.95246186	45.89766952	-8.9008089	Vipava
14.00713469	45.8534002	-11.6911541	Vipava
13.94550818	45.88820105	-6.4066924	Vipava
13.85981861	45.98359676	-4.0642757	Vipava
13.90093848	45.92473702	-2.9018301	Vipava
14.06618544	45.76547384	-6.7493908	Vipava
13.92658256	45.97700801	-14.5946172	Vipava
13.94700885	45.85286236	-1.0000001	Vipava
13.93595812	45.92951516	-9.8580965	Vipava
13.98946971	45.84079866	-7.0354546	Vipava
13.9136865	45.96305666	-10.4936077	Vipava
14.02618174	45.82197809	-10.6111109	Vipava
14.00107367	45.80638113	-4.1920801	Vipava
13.95221627	45.94381223	-14.3436119	Vipava
13.94179909	45.91795192	-9.7331253	Vipava
13.91744369	45.95353229	-9.7148877	Vipava
14.08789399	45.77408307	-11.5896612	Vipava
13.96300771	45.88699208	-9.1964211	Vipava
13.99135882	45.86643406	-10.4896807	Vipava
14.01834405	45.77892457	-1.4685865	Vipava
14.03508638	45.78593237	-5.2549278	Vipava
13.88109051	45.96720287	-5.4940123	Vipava
14.02938065	45.77921839	-3.1992129	Vipava
13.8909583	45.92562095	-1.2236231	Vipava
13.99341697	45.86977156	-11.2596878	Vipava
13.96687718	45.88778019	-9.9497894	Vipava
13.95187196	45.92008186	-11.8126768	Vipava
13.94630825	45.9333078	-12.1615694	Vipava
13.90350141	46.00365221	-14.2352803	Vipava
13.90795395	45.95860817	-8.8900401	Vipava
13.99181115	45.84749845	-8.2646145	Vipava
13.9265574	45.93603277	-8.8020355	Vipava
13.87456139	45.9890046	-7.3137082	Vipava
14.04984091	45.82189382	-14.5946172	Vipava
13.97837784	45.83503683	-4.3646744	Vipava
13.85042302	45.98248927	-2.3084825	Vipava
13.92942435	45.9609623	-12.7915528	Vipava
13.9096287	45.9190205	-3.9100977	Vipava
13.90423236	45.90061267	-0.9999654	Vipava
13.98451051	45.88542622	-12.3196426	Vipava
13.87484291	45.95300043	-2.5131089	Vipava
14.03470086	45.82412831	-12.3500889	Vipava
13.99003499	45.89384543	-14.5946172	Vipava
13.86579743	45.95325283	-1.0000001	Vipava
13.99930363	45.87327198	-12.726065	Vipava
14.0951464	45.77725843	-13.2577813	Vipava
13.90478382	45.91754597	-2.863064	Vipava
14.00231865	45.87472333	-13.4355342	Vipava
13.9847076	45.89648708	-14.1867784	Vipava
14.05017024	45.80652794	-11.5450328	Vipava
13.90668296	45.89836699	-1.2197037	Vipava
14.05236855	45.7597368	-3.6226998	Vipava
13.89339876	45.92653322	-1.7616895	Vipava
14.04017137	45.82397027	-13.251795	Vipava
14.0197346	45.78233735	-2.3543414	Vipava
14.02171898	45.85401213	-14.3340337	Vipava
14.08300609	45.77570084	-11.0901006	Vipava
13.98839705	45.85546554	-8.6310418	Vipava
14.10782772	45.77239609	-13.9768404	Vipava
14.03883961	45.78782561	-6.1686739	Vipava
13.8515195	45.98084522	-2.2744952	Vipava
13.89825801	45.9639936	-7.9980408	Vipava
14.02287069	45.8203546	-9.8251719	Vipava
14.01241468	45.80550397	-5.9846891	Vipava
14.04661548	45.75689762	-2.2461876	Vipava
13.93295281	45.87292961	-2.147046	Vipava
14.05587127	45.79773948	-10.5822627	Vipava
14.06711275	45.78707541	-10.4525066	Vipava
14.09177581	45.77212961	-11.7114236	Vipava
14.06900113	45.76693346	-7.4348554	Vipava
13.90340947	45.99274197	-12.7501387	Vipava
14.04981468	45.80271954	-10.7270538	Vipava
13.97227373	45.86392552	-6.8116996	Vipava
13.97172578	45.86458926	-6.8286911	Vipava
13.93924275	45.91597019	-9.0555184	Vipava
13.90648942	45.93214827	-4.7553277	Vipava
13.99041868	45.84030987	-7.1345759	Vipava
14.03219787	45.80214371	-8.1130931	Vipava
13.96406212	45.833958	-1.7122129	Vipava
14.00689144	45.80135475	-4.366472	Vipava
13.88591184	45.96753384	-6.363147	Vipava
13.99993767	45.87693688	-13.3172886	Vipava
13.9945152	45.80186511	-2.4535889	Vipava
13.91743875	45.97245976	-12.418417	Vipava
14.08110413	45.7866104	-12.5858707	Vipava
13.85744036	45.96700479	-1.4227076	Vipava
13.95565148	45.93598948	-14.1637667	Vipava
13.97750989	45.9060376	-14.3000665	Vipava
13.89394849	45.98787869	-10.4772891	Vipava
13.89113008	45.92384564	-1.0000001	Vipava
13.95131056	45.94783215	-14.5946172	Vipava
14.01062691	45.86329749	-13.5128799	Vipava
13.95653185	45.87186339	-5.6642986	Vipava
13.94142209	45.94995035	-13.1593936	Vipava
14.03885121	45.75677799	-1.0000176	Vipava
14.00004042	45.7973354	-2.5850093	Vipava
14.0621793	45.75105112	-3.1892999	Vipava
13.90744653	45.9441021	-6.6725665	Vipava
14.03540969	45.81327239	-10.8118804	Vipava
14.08813486	45.7920656	-14.5946187	Vipava
14.00425672	45.84727294	-10.4369466	Vipava
14.06310759	45.75350703	-3.835398	Vipava
13.92916279	45.90228346	-5.6055303	Vipava
14.00350628	45.84565154	-10.0911063	Vipava
14.02447315	45.85000838	-14.2395298	Vipava
14.03115139	45.81371051	-10.2953226	Vipava
13.9065137	45.89670197	-1.0000001	Vipava
13.99612051	45.84087969	-8.1768248	Vipava
14.00611371	45.87873573	-14.5946172	Vipava
13.9601596	45.92017772	-13.3371148	Vipava
13.94638691	45.85349378	-1.0000001	Vipava
13.93832168	45.94830437	-12.4039009	Vipava
13.90955615	45.9883449	-13.2091343	Vipava
13.96045193	45.93161712	-14.5946172	Vipava
14.06995051	45.76229271	-6.6314994	Vipava
13.89285366	45.98025734	-9.2636856	Vipava
13.99976222	45.78966846	-1.0000001	Vipava
14.04839526	45.79841345	-9.6579885	Vipava
14.10095614	45.77980308	-14.5946172	Vipava
14.0086468	45.84351279	-10.6595982	Vipava
13.94828232	45.9497495	-14.2660801	Vipava
13.92245856	45.9658248	-12.3533028	Vipava
13.92614571	45.95859956	-11.9011827	Vipava
14.02210264	45.77875999	-1.9742813	Vipava
13.87249901	45.99214301	-7.3838054	Vipava
13.8795837	45.95168465	-3.1468174	Vipava
13.95993634	45.85852377	-3.9738226	Vipava
13.86281903	45.97577044	-3.5231465	Vipava
13.95919018	45.8853213	-8.3184354	Vipava
13.96050404	45.84422537	-2.3332637	Vipava
13.91971827	45.97838896	-13.6065289	Vipava
13.90721429	45.93088333	-4.6989007	Vipava
14.07416321	45.7566661	-6.0236359	Vipava
14.0138911	45.81241231	-7.1991807	Vipava
13.90157653	46.00485261	-14.0678252	Vipava
13.92501488	45.88122799	-1.9714483	Vipava
13.90801599	45.98148155	-12.0215523	Vipava
14.00123398	45.86211999	-11.7096565	Vipava
14.00901717	45.80401565	-5.2029961	Vipava
13.98707482	45.89661752	-14.5946172	Vipava
13.92356248	45.94343958	-9.244215	Vipava
13.88244705	45.95086593	-3.5263311	Vipava
13.98347911	45.8688306	-9.3890129	Vipava
14.01207284	45.8510453	-12.2779898	Vipava
13.97736742	45.83549859	-4.2513836	Vipava
13.90333802	45.97652493	-10.5541126	Vipava
13.93030274	45.87267449	-1.6740709	Vipava
14.01973224	45.77511739	-1.0000001	Vipava
13.97993462	45.89688372	-13.4351802	Vipava
13.90125033	45.9320154	-3.8692291	Vipava
13.92788289	45.91154611	-6.4999784	Vipava
14.04775091	45.81586395	-13.0840294	Vipava
14.02174463	45.79323518	-4.8355223	Vipava
13.96555037	45.82941773	-1.413503	Vipava
13.98599107	45.85088496	-7.6482639	Vipava
13.90337608	45.98152201	-11.2334896	Vipava
14.08820533	45.76280813	-9.252534	Vipava
13.94692405	45.88262875	-5.8699883	Vipava
14.00401405	45.87872048	-14.2547515	Vipava
13.90360886	45.96012228	-8.392077	Vipava
13.99536877	45.87493762	-12.2665386	Vipava
13.93127618	45.92297498	-8.314364	Vipava
13.91900006	45.9021681	-3.8718628	Vipava
14.08525043	45.78697607	-13.301004	Vipava
14.06016219	45.76193341	-5.2086668	Vipava
13.91467476	45.89441488	-2.0606631	Vipava
13.96564767	45.83036507	-1.5551133	Vipava
14.0192225	45.77749714	-1.3115611	Vipava
13.91070462	45.96322529	-10.0234217	Vipava
13.88572271	45.98548743	-8.7485776	Vipava
13.92510343	45.92674546	-7.5678993	Vipava
13.97629881	45.88876234	-11.590879	Vipava
13.93684575	45.88820088	-4.942439	Vipava
13.89598231	45.92596922	-2.1158917	Vipava
14.04599208	45.76336465	-3.2123067	Vipava
14.0181161	45.84515411	-12.4878062	Vipava
13.95246299	45.86777215	-4.3418331	Vipava
13.95196691	45.8500251	-1.5306861	Vipava
13.91468538	45.98341459	-13.4224346	Vipava
13.94978875	45.91564115	-10.9523921	Vipava
14.02094319	45.8273855	-10.4820684	Vipava
13.99749519	45.88518276	-14.3142271	Vipava
13.87548968	45.9698177	-4.888273	Vipava
13.96967644	45.84290251	-3.7932693	Vipava
13.99532453	45.7960495	-1.6572891	Vipava
13.85451278	45.984278	-3.2487764	Vipava
13.92437613	45.8887385	-2.9096187	Vipava
13.86415055	45.96675397	-2.5364747	Vipava
13.94247069	45.87709702	-4.3363458	Vipava
13.96675377	45.90871515	-12.8549307	Vipava
14.06150314	45.76606141	-6.1064788	Vipava
13.94426532	45.95286088	-14.0582794	Vipava
13.98355246	45.8557923	-7.8146562	Vipava
13.9386016	45.87630851	-3.5829776	Vipava
13.93058849	45.97191833	-14.5946172	Vipava
13.89077791	45.95158243	-5.0125962	Vipava
14.05863283	45.80512722	-12.4626685	Vipava
13.9446507	45.89772374	-7.5880788	Vipava
14.09746694	45.77243843	-12.5598506	Vipava
13.91407991	45.96470112	-10.7994559	Vipava
13.93539401	45.8791495	-3.4364102	Vipava
13.86288811	45.98635079	-4.9601404	Vipava
14.07763045	45.79828747	-13.9600245	Vipava
13.88325554	45.9388546	-1.8946251	Vipava
14.00480686	45.86845321	-13.1119542	Vipava
13.995161	45.8435717	-8.3794473	Vipava
14.03102157	45.78355678	-4.2003882	Vipava
14.02049301	45.83712233	-11.7666534	Vipava
14.0580964	45.75836933	-4.1720772	Vipava
13.96153452	45.8729498	-6.6302593	Vipava
13.92433777	45.87507662	-0.9999488	Vipava
13.9375219	45.9102741	-8.1315094	Vipava
13.9617523	45.86022265	-4.5346004	Vipava
13.94478808	45.91435121	-9.9101385	Vipava
13.94481294	45.91346425	-9.8081788	Vipava
13.97511489	45.86254395	-7.1455458	Vipava
13.99712635	45.79880575	-2.4670801	Vipava
14.00809872	45.84895504	-11.3205799	Vipava
14.02747696	45.82808902	-11.6836341	Vipava
13.9748029	45.83097684	-3.1935489	Vipava
14.0718473	45.76795435	-8.0522221	Vipava
13.9325763	45.96199872	-13.465981	Vipava
13.96770319	45.88347011	-9.3578571	Vipava
13.91599503	45.88832012	-1.4347447	Vipava
14.04988183	45.81010608	-12.2252891	Vipava
14.07630221	45.78765517	-11.9994253	Vipava
14.05542355	45.80997774	-12.9852129	Vipava
13.90455202	45.93576094	-4.9666932	Vipava
14.02318619	45.81022226	-8.4628757	Vipava
14.0471552	45.78539672	-7.0239369	Vipava
13.87136507	45.95050315	-1.5820186	Vipava
13.87013594	45.94774179	-1.0000001	Vipava
14.05469684	45.74823749	-1.5657344	Vipava
13.94692813	45.87904847	-5.3616063	Vipava
13.92903606	45.97123972	-14.2377623	Vipava
13.90937721	45.99678088	-14.3145821	Vipava
13.93603424	45.89319141	-5.5003848	Vipava
13.97719911	45.86608169	-7.9445833	Vipava
13.87373878	45.94348657	-1.0000279	Vipava
13.94641872	45.9248809	-11.3057107	Vipava
14.04001179	45.786607	-6.0951646	Vipava
14.05775011	45.76307511	-5.0225391	Vipava
13.93893414	45.86326081	-1.4662525	Vipava
13.94984593	45.85586944	-1.9386895	Vipava
14.07569123	45.78222738	-11.0092142	Vipava
13.913476	45.92106442	-4.8323367	Vipava
14.03739242	45.79446058	-7.3013462	Vipava
14.01254053	45.84405657	-11.3930669	Vipava
13.95370761	45.91400757	-11.3871368	Vipava
14.04866675	45.7568955	-2.5633809	Vipava
13.86492158	45.95749848	-1.4219112	Vipava
13.879078	45.99501922	-8.8962065	Vipava
14.02638765	45.83892537	-13.0138882	Vipava
13.96204176	45.88924387	-9.3467054	Vipava
13.88213349	45.99635491	-9.5985953	Vipava
13.9344636	45.89977866	-6.1525013	Vipava
13.89670883	45.99767924	-12.2692823	Vipava
13.91939459	45.8964891	-3.1473477	Vipava
14.02723646	45.81199612	-9.3946747	Vipava
13.96285601	45.90004526	-10.9885914	Vipava
13.88577744	45.95689675	-4.9079202	Vipava
13.97521041	45.90353461	-13.5628067	Vipava
13.96916118	45.89923521	-11.941542	Vipava
13.96695617	45.82476179	-1.0000001	Vipava
13.88175767	45.9485533	-3.0732154	Vipava
13.99571964	45.87418767	-12.204232	Vipava
13.98642838	45.871025	-10.2103528	Vipava
14.09819061	45.77949283	-14.1131617	Vipava
14.07464958	45.76261116	-7.3453947	Vipava
13.92778811	45.87501539	-1.5749351	Vipava
13.95335194	45.86164123	-3.4551734	Vipava
14.01817431	45.81841129	-8.7606142	Vipava
13.96392873	45.92182626	-14.2037715	Vipava
13.90533763	45.92634706	-3.8807125	Vipava
14.01794256	45.85615147	-13.936126	Vipava
13.93200425	45.90875753	-6.9703025	Vipava
14.07854369	45.77088792	-9.592934	Vipava
13.93218744	45.87616277	-2.4784146	Vipava
13.93669647	45.9108108	-8.0493752	Vipava
13.88684003	45.99841221	-10.6805001	Vipava
14.10354281	45.77664749	-14.2844903	Vipava
13.90517412	45.9955393	-13.4286309	Vipava
13.97459276	45.82244577	-1.9656075	Vipava
13.92897411	45.95120545	-11.2823497	Vipava
13.88180448	45.95527544	-4.0101099	Vipava
13.97298394	45.82823509	-2.5031963	Vipava
14.04553609	45.75999823	-2.5860357	Vipava
13.96902189	45.83093852	-2.2121871	Vipava
13.92346318	45.95658409	-11.1605599	Vipava
13.88497733	45.93328319	-1.360607	Vipava
14.07079496	45.78899579	-11.3503187	Vipava
13.92783307	45.9399041	-9.4399913	Vipava
14.06994623	45.80060626	-13.1558536	Vipava
13.94737676	45.94542663	-13.61892	Vipava
14.02100543	45.85482947	-14.3171856	Vipava
13.88530457	45.95211602	-4.183408	Vipava
13.92308337	45.89884726	-4.0993248	Vipava
13.844732	45.98	-1.0000001	Vipava
14.04337618	45.76991846	-3.8782349	Vipava
14.06339072	45.76890494	-6.8727641	Vipava
13.85826845	45.97498868	-2.6396739	Vipava
14.00022696	45.87616002	-13.2408194	Vipava
13.95815931	45.87995851	-7.2742342	Vipava
14.02284871	45.77997546	-2.319795	Vipava
13.95625857	45.89011666	-8.4906694	Vipava
13.98853784	45.87262463	-10.8077808	Vipava
13.96492692	45.84416172	-3.1071656	Vipava
14.03334305	45.76206285	-1.0000001	Vipava
14.05291493	45.79354865	-9.3181435	Vipava
13.92959077	45.9068034	-6.3075651	Vipava
13.89592231	45.95676051	-6.6247756	Vipava
13.90725508	45.9617168	-9.2304166	Vipava
13.91941144	45.96309524	-11.447365	Vipava
13.98520459	45.83150499	-5.023511	Vipava
14.07620062	45.80334465	-14.5946172	Vipava
13.98828438	45.87668928	-11.4491959	Vipava
13.87986617	45.98261938	-7.3607939	Vipava
14.04018181	45.77617947	-4.4046727	Vipava
13.96653837	45.86237466	-5.6447984	Vipava
14.02700767	45.77758597	-2.5555923	Vipava
14.03543578	45.81558665	-11.2809324	Vipava
13.89928583	45.94752173	-5.8239653	Vipava
13.93496805	45.96698042	-14.5946109	Vipava
13.91365464	45.93169007	-5.9705317	Vipava
13.97326921	45.89404536	-11.9132203	Vipava
14.03245383	45.81062447	-9.8590093	Vipava
14.01221551	45.7825025	-1.3214659	Vipava
14.00787803	45.87270372	-14.172086	Vipava
14.06443079	45.79819112	-11.8870191	Vipava
13.8846103	45.94206079	-2.5904542	Vipava
14.02258259	45.85484316	-14.5952481	Vipava
13.90922431	45.97559657	-11.4358155	Vipava
13.97861106	45.84847424	-6.0505418	Vipava
14.08282753	45.77276454	-10.5785406	Vipava
13.86886237	45.96738192	-3.4268516	Vipava
13.93047555	45.93175314	-9.0795923	Vipava
13.94287105	45.87034915	-3.2696641	Vipava
13.92471404	45.90466908	-5.1860091	Vipava
14.03571591	45.7847248	-5.106723	Vipava
14.0491996	45.77354744	-5.3955928	Vipava
13.93366541	45.90564161	-6.8343564	Vipava
13.96078606	45.92640162	-14.1140259	Vipava
14.05760386	45.81437721	-14.1811172	Vipava
13.99247556	45.82921631	-5.9312349	Vipava
14.06051635	45.78290221	-8.7234417	Vipava
14.08006886	45.7656158	-8.7253899	Vipava
13.89294436	45.92062914	-1.0000001	Vipava
13.97662123	45.81599313	-1.4062452	Vipava
13.98275021	45.81296675	-2.0181807	Vipava
13.92484916	45.9056262	-5.3247877	Vipava
13.97559216	45.86628186	-7.7180065	Vipava
13.94287642	45.90935371	-8.9082436	Vipava
13.92944089	45.88142565	-2.7471211	Vipava
13.9506119	45.91275943	-10.6900586	Vipava
14.02525367	45.78014105	-2.699316	Vipava
14.06043904	45.79023218	-9.9182811	Vipava
14.07454323	45.80173086	-14.039503	Vipava
13.92506898	45.96950553	-13.3257906	Vipava
13.88752819	45.99516266	-10.36046	Vipava
13.9214748	45.88622287	-2.0688057	Vipava
14.04551152	45.79195851	-7.9472392	Vipava
13.95584372	45.93979206	-14.5946172	Vipava
13.899209	45.92738128	-2.8579307	Vipava
14.06116671	45.79737029	-11.2581683	Vipava
14.02869987	45.78165077	-3.4923585	Vipava
14.00153303	45.80073652	-3.4810137	Vipava
13.92882691	45.90736706	-6.2395919	Vipava
14.04934558	45.79235884	-8.5717751	Vipava
13.88831482	45.94530697	-3.6813951	Vipava
14.02294782	45.80092021	-6.5550252	Vipava
14.05339416	45.75896649	-3.6509141	Vipava
13.97926265	45.83205884	-4.0977315	Vipava
13.995955	45.88830091	-14.5946172	Vipava
14.01488732	45.86310727	-14.2427164	Vipava
14.04991414	45.75834351	-3.0052061	Vipava
14.01536168	45.82402747	-9.0703876	Vipava
13.97598711	45.91000068	-14.5946172	Vipava
13.99626686	45.87831088	-12.9717588	Vipava
14.00370186	45.85041837	-10.7215669	Vipava
13.87570224	45.99354344	-8.1201808	Vipava
14.00537264	45.80829906	-5.1860101	Vipava
13.91078689	45.93335034	-5.6448148	Vipava
13.88004682	45.9638907	-4.8695093	Vipava
13.99364567	45.84172267	-7.8765632	Vipava
13.88821154	45.95338772	-4.851805	Vipava
13.98027838	45.88384974	-11.3924483	Vipava
14.08267288	45.76817312	-9.6235552	Vipava
13.9926046	45.84273353	-7.8257841	Vipava
13.89173412	45.95492855	-5.6618311	Vipava
14.0585632	45.79473333	-10.363292	Vipava
14.04294603	45.81887534	-13.0085723	Vipava
14.04423784	45.75495323	-1.54373	Vipava
13.91049057	45.93231765	-5.4522369	Vipava
14.03628853	45.7613124	-1.3416246	Vipava
13.87992132	45.97407771	-6.2198552	Vipava
13.95661204	45.85706806	-3.2091255	Vipava
14.02018743	45.85830298	-14.5945972	Vipava
13.94998844	45.85416636	-1.6854151	Vipava
13.91266267	45.98085922	-12.7324376	Vipava
13.96291182	45.8860448	-9.0378172	Vipava
13.93277988	45.95298288	-12.173961	Vipava
13.94312943	45.864985	-2.4123873	Vipava
13.91981276	45.91009069	-4.8599507	Vipava
13.87750139	45.94182028	-1.3781475	Vipava
14.05170595	45.78790133	-8.1551398	Vipava
14.0988214	45.76831817	-11.8765787	Vipava
13.93722065	45.94491268	-11.7227193	Vipava
13.8905885	45.92451197	-1.0000001	Vipava
13.85990188	45.96074044	-1.0000001	Vipava
14.07904799	45.77496108	-10.3431128	Vipava
14.06190207	45.76359703	-5.7637801	Vipava
13.93097507	45.94218124	-10.2868121	Vipava
13.91646258	45.94060673	-7.6518035	Vipava
13.96516038	45.92326263	-14.5946172	Vipava
13.95318298	45.85647017	-2.5633809	Vipava
13.99821539	45.81982683	-5.5881832	Vipava
13.85437015	45.96776463	-1.0000001	Vipava
14.0502014	45.76930967	-4.8560567	Vipava
14.00290489	45.82539872	-7.1586447	Vipava
14.03192485	45.78306414	-4.2343843	Vipava
14.06341158	45.76335726	-5.9563708	Vipava
13.90848147	45.95257249	-8.0895526	Vipava
13.9809635	45.89484907	-13.3257862	Vipava
13.98352422	45.83729063	-5.5485325	Vipava
13.90127844	45.92919014	-3.4583589	Vipava
14.00493071	45.82927932	-8.0430028	Vipava
14.05653381	45.77363729	-6.568836	Vipava
13.94392095	45.8583801	-1.4312217	Vipava
14.00009062	45.80228733	-3.4541119	Vipava
13.98896017	45.79817548	-0.9999996	Vipava
