16.147005	43.085	-2.0000004	Vis-West
16.14976089	43.08744263	-2.6928202	Vis-West
15.77730263	43.2866936	-3.8961234	Vis-West
16.06287888	43.15091236	-13.5604247	Vis-West
15.98625248	43.12677314	-2.9985941	Vis-West
16.15847457	43.12026766	-10.9708055	Vis-West
15.80594668	43.30201395	-9.7062709	Vis-West
15.93625895	43.17494668	-7.4052462	Vis-West
16.09581776	43.10195519	-4.2435487	Vis-West
15.85965298	43.26155814	-11.0063182	Vis-West
15.7508603	43.29755086	-2.0000004	Vis-West
15.80683778	43.24875972	-2.4357181	Vis-West
15.76389466	43.31131738	-5.5074022	Vis-West
16.11102878	43.13133344	-11.9227611	Vis-West
16.0114934	43.11522749	-2.5900092	Vis-West
15.79842221	43.37584872	-16.8907323	Vis-West
15.7984617	43.26932046	-4.2097733	Vis-West
16.08651544	43.14119812	-13.4207101	Vis-West
15.8333762	43.26719806	-8.4069375	Vis-West
16.1575123	43.09431205	-4.6413783	Vis-West
15.99672876	43.13111527	-4.6386605	Vis-West
16.05766924	43.11563068	-6.1677474	Vis-West
16.06028195	43.13784381	-10.7784848	Vis-West
15.9017849	43.26198488	-16.5918881	Vis-West
16.16405842	43.10011236	-6.286826	Vis-West
15.99651043	43.17792867	-14.0377533	Vis-West
16.05696182	43.11738935	-6.4816818	Vis-West
15.76588377	43.30390576	-4.814244	Vis-West
16.13507773	43.11518968	-8.8854228	Vis-West
15.99973031	43.18322165	-15.3151405	Vis-West
16.13185142	43.10380292	-6.0062167	Vis-West
15.83384875	43.23252152	-3.677809	Vis-West
16.17008815	43.10545431	-7.8023701	Vis-West
15.96835112	43.15540533	-7.423484	Vis-West
15.82109954	43.33036656	-15.588142	Vis-West
15.83982656	43.22314713	-3.1897792	Vis-West
15.83009783	43.23907506	-4.0831468	Vis-West
15.92193232	43.19339259	-9.0283351	Vis-West
15.85555197	43.25063787	-8.9850881	Vis-West
15.86126764	43.28910037	-15.0323456	Vis-West
16.05119865	43.17180002	-16.8072933	Vis-West
15.98048982	43.12390442	-1.999952	Vis-West
15.74965199	43.34736232	-5.7942748	Vis-West
15.83009868	43.26097108	-7.1217601	Vis-West
15.87863931	43.26299904	-13.6930782	Vis-West
15.95114825	43.15254289	-5.1755384	Vis-West
15.93741637	43.23491348	-17.5884574	Vis-West
15.75976654	43.30544527	-4.2408402	Vis-West
16.17209255	43.12909555	-13.6091383	Vis-West
15.87170778	43.24119996	-9.8236649	Vis-West
16.1777982	43.11228378	-9.7401027	Vis-West
15.97379889	43.1875	-13.3686158	Vis-West
15.92133958	43.22642564	-14.3294496	Vis-West
15.79233244	43.38514775	-16.527577	Vis-West
15.88611453	43.1894384	-4.6846761	Vis-West
16.04877633	43.09977999	-1.9999999	Vis-West
16.03594132	43.15273065	-11.8671522	Vis-West
15.78258316	43.33716239	-10.9467871	Vis-West
16.18443192	43.11815888	-11.407201	Vis-West
15.95684736	43.16977712	-8.6528345	Vis-West
15.81640373	43.24873039	-3.6623583	Vis-West
16.18955832	43.12269839	-12.6954139	Vis-West
15.80171119	43.33120094	-13.2096166	Vis-West
15.80017883	43.28876638	-7.1271652	Vis-West
15.9609491	43.14884072	-5.5615297	Vis-West
15.90051241	43.18413149	-5.273306	Vis-West
16.19584824	43.12826745	-14.27591	Vis-West
15.74884315	43.32932184	-4.212932	Vis-West
16.02941365	43.15511736	-11.8568295	Vis-West
15.75113539	43.33794013	-5.3134784	Vis-West
16.03684538	43.18090284	-17.5884838	Vis-West
16.04109755	43.10093465	-2.0000004	Vis-West
16.16582	43.13490565	-14.7894379	Vis-West
16.09623215	43.12862813	-10.726559	Vis-West
15.98473805	43.17796771	-12.8929764	Vis-West
16.10699738	43.11639042	-8.1518379	Vis-West
16.14711365	43.13089209	-13.1331813	Vis-West
16.03212079	43.12834649	-6.7550206	Vis-West
15.77814113	43.321727	-8.8632513	Vis-West
15.81677906	43.30475568	-11.4804911	Vis-West
15.83028431	43.3322104	-17.0255389	Vis-West
15.90557173	43.21531441	-10.7523502	Vis-West
16.20424985	43.13570489	-16.386847	Vis-West
16.04236282	43.11429289	-4.7570741	Vis-West
15.79162575	43.25972817	-2.0000604	Vis-West
15.92700473	43.15265736	-2.71414	Vis-West
15.84059564	43.29501732	-13.1937318	Vis-West
15.78637852	43.32137968	-9.8747422	Vis-West
15.85460503	43.29934676	-15.5962616	Vis-West
15.77164291	43.31596972	-7.2286285	Vis-West
16.20903265	43.13993814	-17.5884574	Vis-West
16.03750458	43.15765099	-12.9602408	Vis-West
15.86975868	43.29965569	-17.5884574	Vis-West
15.88516065	43.28536659	-17.5884574	Vis-West
16.09773695	43.15352386	-16.7332572	Vis-West
15.77960198	43.3252342	-9.4586436	Vis-West
15.79279644	43.29918206	-7.6215524	Vis-West
15.79155174	43.34109331	-12.8835038	Vis-West
15.88315471	43.28237794	-16.9170018	Vis-West
15.87963633	43.29049236	-17.5884584	Vis-West
16.0339057	43.16290028	-13.7522523	Vis-West
16.08399137	43.09448161	-2.0000077	Vis-West
16.01681095	43.16593695	-13.1115282	Vis-West
15.90503004	43.16805868	-3.0406195	Vis-West
15.75003575	43.30895286	-2.8091932	Vis-West
15.93343863	43.20687602	-12.4734943	Vis-West
15.8160831	43.29096224	-9.4781314	Vis-West
15.79730263	43.36292996	-15.6608744	Vis-West
15.9412117	43.21112304	-13.9849779	Vis-West
15.78532615	43.33030455	-10.8984111	Vis-West
15.89660099	43.16701962	-1.9999994	Vis-West
15.78479785	43.37848013	-14.6331459	Vis-West
16.166522	43.1131629	-9.5415251	Vis-West
16.02043601	43.14575884	-9.3174258	Vis-West
15.81828952	43.31386791	-12.9383048	Vis-West
16.0498162	43.11105336	-4.6846791	Vis-West
16.13013226	43.0951464	-3.8443632	Vis-West
15.99906972	43.11703105	-1.9999745	Vis-West
16.15830334	43.10615666	-7.542392	Vis-West
15.99763035	43.12156631	-2.786931	Vis-West
16.0724658	43.14194317	-12.5174725	Vis-West
15.84410808	43.3169497	-16.6878129	Vis-West
15.81695355	43.27795617	-7.7861499	Vis-West
15.86490962	43.25495243	-10.7980303	Vis-West
16.00813451	43.18822885	-16.9605887	Vis-West
16.04224074	43.10433506	-2.7794242	Vis-West
15.88826835	43.24450646	-12.4454581	Vis-West
15.97195302	43.21377164	-17.5884965	Vis-West
15.73710776	43.33624948	-2.6386947	Vis-West
16.04671203	43.1592141	-13.9699994	Vis-West
15.86065993	43.23853774	-8.0128155	Vis-West
16.08221602	43.14933693	-14.7224535	Vis-West
16.00877158	43.1912325	-17.5884574	Vis-West
15.96592896	43.16034081	-8.0026388	Vis-West
16.11070394	43.11074863	-6.9191193	Vis-West
16.04958267	43.16664572	-15.6568075	Vis-West
15.94993324	43.13906898	-2.7902484	Vis-West
15.93625053	43.18478148	-9.05475	Vis-West
15.91407114	43.2349524	-14.5329867	Vis-West
15.87101222	43.29244131	-16.749139	Vis-West
15.83941065	43.24847262	-6.5855944	Vis-West
15.82827457	43.31873146	-14.8975145	Vis-West
15.76559829	43.36148428	-9.805054	Vis-West
15.80439697	43.34497991	-15.4666947	Vis-West
16.01330211	43.18577045	-16.8442167	Vis-West
15.77396469	43.27611725	-2.0000087	Vis-West
15.92811843	43.22667522	-15.2501737	Vis-West
15.76884685	43.32206877	-7.2590746	Vis-West
16.07521578	43.12144254	-8.2171154	Vis-West
15.86545805	43.19660442	-2.9492416	Vis-West
15.87196506	43.21319833	-6.0557801	Vis-West
16.0640835	43.1213174	-7.7807197	Vis-West
16.10309537	43.15588555	-17.5884574	Vis-West
15.95230864	43.16167151	-6.8263983	Vis-West
15.85286797	43.28402258	-13.2475052	Vis-West
15.91545205	43.25612062	-17.5884686	Vis-West
16.01251703	43.1404979	-7.6804049	Vis-West
16.01882267	43.13622657	-7.2985028	Vis-West
16.09360245	43.15944233	-17.5884569	Vis-West
16.1225686	43.13745654	-13.8291139	Vis-West
15.92749485	43.19832407	-10.4275099	Vis-West
15.75451735	43.30079263	-2.9201527	Vis-West
15.95894219	43.13174658	-2.0000004	Vis-West
15.84169975	43.23488922	-5.0292718	Vis-West
16.04934633	43.12587276	-7.578421	Vis-West
16.18944059	43.12998425	-14.4582494	Vis-West
16.01063173	43.19044128	-17.5884574	Vis-West
16.09549707	43.14096835	-13.6926962	Vis-West
15.74321826	43.34166316	-4.175889	Vis-West
15.84572198	43.24890911	-7.4608944	Vis-West
15.79745036	43.26101915	-2.928306	Vis-West
15.9196739	43.15288901	-2.0000624	Vis-West
16.15421131	43.14819084	-17.5884926	Vis-West
16.00458897	43.14992356	-8.9961999	Vis-West
16.18912167	43.13547988	-15.7796151	Vis-West
15.75923307	43.3216946	-5.488121	Vis-West
15.97609131	43.15059239	-7.0449371	Vis-West
15.88516104	43.2326265	-10.4248275	Vis-West
16.0210243	43.14019209	-8.2515425	Vis-West
15.96836275	43.18065638	-11.6615946	Vis-West
16.01957307	43.1514652	-10.4031542	Vis-West
16.19949889	43.14137411	-17.5884574	Vis-West
16.14131284	43.08585694	-2.0000009	Vis-West
15.89141301	43.1801152	-3.6643925	Vis-West
16.13943264	43.1249653	-11.4153522	Vis-West
15.91280611	43.20665514	-10.3165499	Vis-West
15.87544453	43.17997335	-2.0000004	Vis-West
16.06268313	43.16062308	-15.4658529	Vis-West
15.87605533	43.20228305	-5.1103959	Vis-West
16.13381849	43.15126189	-17.5884574	Vis-West
16.02921091	43.14904716	-10.6258815	Vis-West
16.09222456	43.14864089	-15.3476166	Vis-West
15.84124306	43.28099235	-11.331759	Vis-West
15.98431915	43.16956292	-11.4396771	Vis-West
16.10389371	43.09638123	-3.1867401	Vis-West
15.7830372	43.37296443	-13.8757115	Vis-West
16.12555984	43.0882279	-2.0000004	Vis-West
16.05301078	43.175023	-17.5882001	Vis-West
15.80575882	43.32069654	-12.2732267	Vis-West
15.99100028	43.17304509	-12.6521124	Vis-West
15.84507259	43.20931273	-2.0000106	Vis-West
15.91950798	43.20995371	-11.5587562	Vis-West
15.79655204	43.38888134	-17.5884574	Vis-West
15.99319885	43.11927643	-2.0000004	Vis-West
16.10113928	43.15653739	-17.5884574	Vis-West
15.96619419	43.17345167	-10.229778	Vis-West
15.94922594	43.18815819	-10.9546061	Vis-West
15.89080333	43.20087872	-6.8552626	Vis-West
16.03914187	43.10158646	-2.0000004	Vis-West
15.8486197	43.25504199	-8.6817494	Vis-West
16.01968564	43.15820635	-11.7671595	Vis-West
15.8969343	43.24639556	-13.8388837	Vis-West
16.07255692	43.09968948	-2.8453895	Vis-West
15.7656615	43.31066957	-5.7239095	Vis-West
16.10717823	43.1495557	-16.2019711	Vis-West
16.17842302	43.12034427	-11.7177523	Vis-West
15.96302415	43.14824029	-5.6156561	Vis-West
16.06519267	43.09731066	-1.9999999	Vis-West
16.05772267	43.16936846	-16.8170443	Vis-West
15.94201687	43.14275643	-2.5953929	Vis-West
15.96901791	43.14159342	-4.7174926	Vis-West
15.82112293	43.34476497	-17.5884579	Vis-West
15.90513411	43.20630431	-9.4694687	Vis-West
16.14055777	43.13939327	-14.9559066	Vis-West
16.06145909	43.12736745	-8.7969462	Vis-West
15.98394088	43.16678749	-10.8767603	Vis-West
16.11223304	43.15451076	-17.5884579	Vis-West
16.06920663	43.12585879	-9.0689323	Vis-West
15.88085682	43.21853235	-7.9464983	Vis-West
16.02969269	43.10522923	-2.0000009	Vis-West
15.74995401	43.29896145	-2.0000004	Vis-West
16.01640463	43.11968929	-3.8456073	Vis-West
15.93672742	43.15320618	-3.8051224	Vis-West
16.04856005	43.10144214	-2.3951244	Vis-West
16.07814367	43.13616487	-11.8077374	Vis-West
15.81192884	43.35385962	-17.5884574	Vis-West
15.94332821	43.19802118	-12.0038209	Vis-West
16.07211581	43.13082276	-10.2921931	Vis-West
16.1376872	43.10839535	-7.3328212	Vis-West
15.80176896	43.34486544	-15.033683	Vis-West
16.03365328	43.13771027	-8.7232018	Vis-West
15.92423846	43.16529162	-4.5500819	Vis-West
15.91852019	43.24498617	-16.4790248	Vis-West
15.92606565	43.21562994	-13.1852626	Vis-West
15.91245014	43.2127901	-11.3097823	Vis-West
16.09078862	43.13530828	-12.1480585	Vis-West
16.15422802	43.14366161	-16.4903822	Vis-West
16.00542543	43.1757548	-14.2529066	Vis-West
15.81437273	43.3269331	-14.2464794	Vis-West
16.04825285	43.11976773	-6.2881788	Vis-West
15.93234654	43.23979645	-17.5885062	Vis-West
15.977088	43.16315229	-9.6210235	Vis-West
15.77072065	43.36601946	-11.0932668	Vis-West
15.82417908	43.22950518	-1.9995565	Vis-West
15.905552	43.22955069	-12.6820355	Vis-West
15.77735001	43.37188807	-12.7603656	Vis-West
15.87158472	43.27205396	-13.9966439	Vis-West
16.12176	43.12278486	-10.2414667	Vis-West
15.93440261	43.23224379	-16.8306937	Vis-West
15.88380502	43.2704989	-15.3890721	Vis-West
16.00465091	43.16059898	-11.1477314	Vis-West
15.89838823	43.25407762	-15.0726156	Vis-West
16.02834382	43.14394253	-9.5505337	Vis-West
15.7798127	43.34816418	-11.3197527	Vis-West
15.8073665	43.24512691	-1.9999965	Vis-West
15.98046958	43.20325447	-16.6980731	Vis-West
16.10137177	43.12273805	-9.4857054	Vis-West
16.00206398	43.18285007	-15.4342191	Vis-West
15.82795537	43.30485996	-12.9329208	Vis-West
16.10085584	43.15390198	-17.0255409	Vis-West
15.81283487	43.35244965	-17.5884574	Vis-West
15.78448099	43.27342355	-2.9796952	Vis-West
16.08657664	43.15950179	-17.0647841	Vis-West
15.91351858	43.21819988	-12.1867135	Vis-West
15.94596288	43.22503981	-16.8090306	Vis-West
16.04765236	43.13533074	-9.3192672	Vis-West
15.99183069	43.17622094	-13.3286947	Vis-West
16.14304709	43.09046531	-3.1806366	Vis-West
15.83225891	43.22169656	-2.0000297	Vis-West
15.82880666	43.27911887	-9.4720883	Vis-West
16.00476651	43.12779182	-4.561037	Vis-West
15.7836069	43.32656882	-10.2380674	Vis-West
15.85935648	43.19550849	-2.0000092	Vis-West
15.99499442	43.13802831	-5.9018654	Vis-West
16.00554246	43.18837159	-16.7765585	Vis-West
16.01366401	43.11140717	-1.9999974	Vis-West
15.95548404	43.14399319	-4.1867142	Vis-West
15.98865209	43.2035507	-17.5884574	Vis-West
15.96952212	43.20194538	-15.3537181	Vis-West
15.92211378	43.22135418	-13.7400375	Vis-West
16.09100703	43.09527857	-2.4492577	Vis-West
15.77607707	43.36516241	-11.9949828	Vis-West
16.08100199	43.12978413	-10.4511905	Vis-West
15.87899388	43.18312221	-2.8930848	Vis-West
15.75494488	43.30338543	-3.2557377	Vis-West
15.85357587	43.25587029	-9.4367386	Vis-West
16.07020101	43.11261864	-5.8944081	Vis-West
15.90775417	43.19988355	-8.6609517	Vis-West
15.73456899	43.334	-2.0000004	Vis-West
15.89088892	43.27985624	-17.5882758	Vis-West
15.97782891	43.16136887	-9.3395655	Vis-West
15.80882908	43.35111575	-16.8090345	Vis-West
15.98711648	43.15455841	-8.6494506	Vis-West
15.79027813	43.33247768	-11.9159908	Vis-West
15.89962599	43.20142039	-8.0838259	Vis-West
15.81033786	43.35023931	-16.9605892	Vis-West
15.99283976	43.18340922	-14.6385585	Vis-West
15.90284721	43.19364766	-7.1102289	Vis-West
15.98280299	43.13456943	-4.313913	Vis-West
16.09661768	43.10698044	-5.4911634	Vis-West
15.82504611	43.25723269	-5.9532909	Vis-West
15.79005887	43.37455888	-15.27387	Vis-West
16.09366382	43.14753127	-15.2177133	Vis-West
15.79898898	43.31217396	-10.2201311	Vis-West
15.99092045	43.19112209	-15.7356346	Vis-West
15.79591464	43.33968181	-13.5614393	Vis-West
15.83472551	43.2423456	-5.1337386	Vis-West
16.04109424	43.1447079	-10.6737958	Vis-West
16.12178117	43.09110693	-2.5602103	Vis-West
15.87254365	43.27997861	-15.2176014	Vis-West
16.18082811	43.14418532	-17.588455	Vis-West
16.19929053	43.13947539	-17.1202621	Vis-West
15.85078311	43.24054213	-6.9891437	Vis-West
15.84219237	43.25515561	-7.8714209	Vis-West
15.79933967	43.34963412	-14.9727899	Vis-West
15.8171565	43.26859707	-6.5141586	Vis-West
15.96299472	43.13522349	-2.9957679	Vis-West
15.73933175	43.33042069	-2.5778021	Vis-West
15.75663701	43.29219309	-2.0000004	Vis-West
15.84175558	43.32562701	-17.5884818	Vis-West
15.96417161	43.21183999	-16.4646796	Vis-West
15.77310618	43.3355857	-9.1051298	Vis-West
16.06393579	43.1235721	-8.2353832	Vis-West
15.75976519	43.34441657	-7.3913466	Vis-West
15.85812126	43.31044801	-17.5884852	Vis-West
15.82226836	43.23645944	-2.7150111	Vis-West
15.76917918	43.35627714	-10.0393213	Vis-West
15.78631089	43.35694183	-13.1943937	Vis-West
15.8829119	43.17540181	-2.0000004	Vis-West
15.87814601	43.2455357	-11.2569972	Vis-West
15.95370786	43.13997639	-3.271975	Vis-West
15.85217223	43.23009132	-5.7523246	Vis-West
15.87408626	43.18527616	-2.5440619	Vis-West
16.04380909	43.10333968	-2.681995	Vis-West
15.88379292	43.17723309	-2.3978314	Vis-West
15.79066327	43.33503146	-12.2407504	Vis-West
15.78281588	43.31571168	-8.6301681	Vis-West
16.11541744	43.10166427	-4.8881884	Vis-West
16.03486271	43.17805867	-16.8713324	Vis-West
15.76644842	43.28667232	-2.4966117	Vis-West
15.86544518	43.26684192	-12.4838295	Vis-West
16.07511125	43.10628823	-4.5385375	Vis-West
16.13020606	43.14778637	-16.6135052	Vis-West
16.07786063	43.13352888	-11.2448212	Vis-West
15.95032982	43.22701013	-17.588455	Vis-West
15.81799755	43.23526115	-2.0000072	Vis-West
16.01668602	43.18823877	-17.5884574	Vis-West
15.77133918	43.31791391	-7.3801832	Vis-West
15.90092487	43.27015658	-17.5884574	Vis-West
15.7592065	43.35582441	-8.197494	Vis-West
15.83136048	43.29002906	-11.3138335	Vis-West
15.81595701	43.34251527	-16.6118109	Vis-West
15.84041765	43.24337459	-6.0131854	Vis-West
16.01296032	43.17916837	-15.4910472	Vis-West
15.7793046	43.29627414	-5.482368	Vis-West
15.75895209	43.29638333	-2.8790502	Vis-West
15.8906683	43.22155913	-9.6445353	Vis-West
16.0432827	43.16363324	-14.5854227	Vis-West
16.10676148	43.09105575	-2.0000131	Vis-West
15.85803188	43.30463923	-16.7711468	Vis-West
15.74540982	43.30931362	-2.0000004	Vis-West
15.93937218	43.22072019	-15.4068187	Vis-West
15.8049253	43.33897932	-14.7021571	Vis-West
16.03220328	43.17027388	-15.1104462	Vis-West
16.03165138	43.10886913	-2.8687299	Vis-West
16.04992107	43.10876021	-4.2191908	Vis-West
16.05626791	43.10723933	-4.0818446	Vis-West
15.99621273	43.14471094	-7.3348678	Vis-West
15.93860049	43.14129993	-2.0000004	Vis-West
15.9550295	43.20786697	-14.8584676	Vis-West
15.80057329	43.37972541	-17.5884579	Vis-West
15.87916425	43.27714241	-15.6814618	Vis-West
15.86232412	43.2743472	-13.122317	Vis-West
15.85692121	43.21123736	-3.8159759	Vis-West
16.17562977	43.14127861	-16.6935057	Vis-West
15.79785383	43.33918647	-13.8212469	Vis-West
15.94908932	43.14642593	-3.9377323	Vis-West
16.01920028	43.1287972	-5.8599298	Vis-West
16.15181418	43.09737709	-5.1765541	Vis-West
15.82757209	43.23122885	-2.6790677	Vis-West
16.00192715	43.19542356	-17.5884574	Vis-West
15.92237752	43.17425761	-5.8633148	Vis-West
15.83900098	43.30859978	-14.8726849	Vis-West
15.73751805	43.32728594	-2.0000004	Vis-West
15.80907998	43.36035028	-17.5884574	Vis-West
15.88346497	43.19172334	-4.6495707	Vis-West
16.08625498	43.11390859	-6.7929088	Vis-West
15.86425463	43.22547285	-6.7107323	Vis-West
15.80573727	43.35773854	-16.7755433	Vis-West
16.07242585	43.16760205	-17.5884813	Vis-West
15.89248304	43.19508633	-6.2868068	Vis-West
15.99914359	43.16984692	-12.6047516	Vis-West
15.93755659	43.16673041	-6.1596227	Vis-West
16.04467023	43.15200392	-12.3889115	Vis-West
15.85247592	43.26005365	-9.8724721	Vis-West
15.90052347	43.20907639	-9.2432332	Vis-West
16.00880192	43.1324714	-5.7949701	Vis-West
15.93021695	43.23472614	-16.6210624	Vis-West
15.99938359	43.19410235	-17.1053778	Vis-West
15.96007927	43.19851624	-13.808087	Vis-West
15.77602227	43.30754305	-6.6230865	Vis-West
15.8699651	43.25937589	-12.062764	Vis-West
15.94679225	43.13628225	-2.0000004	Vis-West
15.79761516	43.2795212	-5.5154276	Vis-West
15.87143555	43.18383236	-2.0000585	Vis-West
15.89028155	43.27637241	-17.0364042	Vis-West
15.94865206	43.13549096	-2.0000004	Vis-West
15.83044525	43.24749483	-5.2976595	Vis-West
15.94622726	43.17783938	-8.9146672	Vis-West
16.16528308	43.12454863	-12.2576652	Vis-West
16.08537762	43.14257485	-13.626391	Vis-West
15.85009285	43.20909518	-2.6292552	Vis-West
15.99236555	43.16000698	-10.1294751	Vis-West
16.05854675	43.17294933	-17.588433	Vis-West
15.85268355	43.26921726	-11.1707313	Vis-West
15.81071653	43.25971545	-4.4539623	Vis-West
15.91813032	43.18543553	-7.3023729	Vis-West
16.02926359	43.12029648	-4.945847	Vis-West
15.85462521	43.22093761	-4.8315048	Vis-West
15.97107179	43.15537735	-7.6399901	Vis-West
15.87407113	43.23237961	-8.9363413	Vis-West
15.79371147	43.32830894	-11.7793218	Vis-West
